# Montmorillonite-001-NaCEC90_ACETALDEHYDE-AC
# h[nm],U(h)[kJ/mol]
0.149999999999999994,55.040769849392084723
0.150999999999999995,53.870186121068591945
0.151999999999999996,52.958236032956577333
0.152999999999999997,52.126075736245198300
0.153999999999999998,51.297694123549661072
0.154999999999999999,50.450352504141257270
0.156000000000000000,49.585885465127411464
0.157000000000000001,48.714948153290876576
0.158000000000000002,47.849067815806378690
0.159000000000000002,46.997216454481510084
0.160000000000000003,46.164854123317930146
0.161000000000000004,45.354198837429585467
0.162000000000000005,44.564997954554101511
0.163000000000000006,43.795402803036424189
0.164000000000000007,43.042748662365511336
0.165000000000000008,42.304160354067064986
0.166000000000000009,41.576969529812934923
0.167000000000000010,40.858963099996422841
0.168000000000000010,40.148496142271845599
0.169000000000000011,39.444505446751200850
0.170000000000000012,38.746456868766415482
0.171000000000000013,38.054254091744695643
0.172000000000000014,37.368130132387847198
0.173000000000000015,36.688536972603280617
0.174000000000000016,36.016043569625104226
0.175000000000000017,35.351248350403146503
0.176000000000000018,34.694709130586495860
0.177000000000000018,34.046891110883706233
0.178000000000000019,33.408132053340132472
0.179000000000000020,32.778622778358332823
0.180000000000000021,32.158400610849177781
0.181000000000000022,31.547353219346451425
0.182000000000000023,30.945230334654343807
0.183000000000000024,30.351661024577559544
0.184000000000000025,29.766174477112496533
0.185000000000000026,29.188222560781269976
0.186000000000000026,28.617202755386159652
0.187000000000000027,28.052480357684366652
0.188000000000000028,27.493409150781396022
0.189000000000000029,26.939349975940121595
0.190000000000000030,26.389686857929415709
0.191000000000000031,25.843840509971681030
0.192000000000000032,25.301279183796271610
0.193000000000000033,24.761526937489236389
0.194000000000000034,24.224169472622854471
0.195000000000000034,23.688857746650064939
0.196000000000000035,23.155309600804841352
0.197000000000000036,22.623309661563201445
0.198000000000000037,22.092707778545044306
0.199000000000000038,21.563416256620250522
0.200000000000000039,21.035406127548025523
0.201000000000000040,20.508702688933460934
0.202000000000000041,19.983380517451159619
0.203000000000000042,19.459558140629322764
0.204000000000000042,18.937392528162533267
0.205000000000000043,18.417073540614588012
0.206000000000000044,17.898818451135063867
0.207000000000000045,17.382866634911856352
0.208000000000000046,16.869474501820256762
0.209000000000000047,16.358910730290311619
0.210000000000000048,15.851451844877439967
0.211000000000000049,15.347378166396007160
0.212000000000000050,14.846970151706335272
0.213000000000000050,14.350505130245982954
0.214000000000000051,13.858254436042116708
0.215000000000000052,13.370480927101079160
0.216000000000000053,12.887436878595773138
0.217000000000000054,12.409362232014919059
0.218000000000000055,11.936483179253972509
0.219000000000000056,11.469011058376604950
0.220000000000000057,11.007141536323317155
0.221000000000000058,10.551054053072238759
0.222000000000000058,10.100911501548123894
0.223000000000000059,9.656860117834128232
0.224000000000000060,9.219029556872117226
0.225000000000000061,8.787533129763735573
0.226000000000000062,8.362468179935744317
0.227000000000000063,7.943916576748914160
0.228000000000000064,7.531945306559206799
0.229000000000000065,7.126607142737737988
0.230000000000000066,6.727941377688303248
0.231000000000000066,6.335974601434861242
0.232000000000000067,5.950721512864970641
0.233000000000000068,5.572185751186682801
0.234000000000000069,5.200360736572688936
0.235000000000000070,4.835230510313876628
0.236000000000000071,4.476770566077869162
0.237000000000000072,4.124948665059418929
0.238000000000000073,3.779725628917321334
0.239000000000000073,3.441056105414669108
0.240000000000000074,3.108889302614451289
0.241000000000000075,2.783169688335282110
0.242000000000000076,2.463837652341664075
0.243000000000000077,2.150830129434270876
0.244000000000000078,1.844081182222068183
0.245000000000000079,1.543522542902521888
0.246000000000000080,1.249084113855010392
0.247000000000000081,0.960694427267485218
0.248000000000000081,0.678281064375009457
0.249000000000000082,0.401771035193373927
0.250000000000000111,0.131091119886709684
0.251000000000000112,-0.133831826880352528
0.252000000000000113,-0.393070607085159895
0.253000000000000114,-0.646697444327749005
0.254000000000000115,-0.894783780892616121
0.255000000000000115,-1.137400105060736522
0.256000000000000116,-1.374615806794474704
0.257000000000000117,-1.606499059893661707
0.258000000000000118,-1.833116728716304822
0.259000000000000119,-2.054534297570249635
0.260000000000000120,-2.270815820909585447
0.261000000000000121,-2.482023892509082064
0.262000000000000122,-2.688219631840726542
0.263000000000000123,-2.889462685935066055
0.264000000000000123,-3.085811245076406362
0.265000000000000124,-3.277322070752188843
0.266000000000000125,-3.464050534352843158
0.267000000000000126,-3.646050665196918228
0.268000000000000127,-3.823375206537436011
0.269000000000000128,-3.996075678286835853
0.270000000000000129,-4.164202445280167808
0.271000000000000130,-4.327804789978011435
0.272000000000000131,-4.486930988591000258
0.273000000000000131,-4.641628389687231682
0.274000000000000132,-4.791943494420908500
0.275000000000000133,-4.937922037595589231
0.276000000000000134,-5.079609068847818598
0.277000000000000135,-5.217049033306180306
0.278000000000000136,-5.350285851147727811
0.279000000000000137,-5.479362995537004011
0.280000000000000138,-5.604323568492906915
0.281000000000000139,-5.725210374286009873
0.282000000000000139,-5.842065990022211608
0.283000000000000140,-5.954932833119213065
0.284000000000000141,-6.063853225429340021
0.285000000000000142,-6.168869453806157033
0.286000000000000143,-6.270023826953120327
0.287000000000000144,-6.367358728430069448
0.288000000000000145,-6.460916665728407615
0.289000000000000146,-6.550740315357205468
0.290000000000000147,-6.636872563912024070
0.291000000000000147,-6.719356545124311353
0.292000000000000148,-6.798235672913449434
0.293000000000000149,-6.873553670484743527
0.294000000000000150,-6.945354595536059605
0.295000000000000151,-7.013682861652775102
0.296000000000000152,-7.078583255985753553
0.297000000000000153,-7.140100953320062338
0.298000000000000154,-7.198281526653628859
0.299000000000000155,-7.253170954414416727
0.300000000000000155,-7.304815624452958289
0.301000000000000156,-7.353262334953527102
0.302000000000000157,-7.398558292412647397
0.303000000000000158,-7.440751106837479867
0.304000000000000159,-7.479888784319716599
0.305000000000000160,-7.516019717142183865
0.306000000000000161,-7.549192671576561153
0.307000000000000162,-7.579456773530361957
0.308000000000000163,-7.606861492200738262
0.309000000000000163,-7.631456621891141268
0.310000000000000164,-7.653292262144807623
0.311000000000000165,-7.672418796346359038
0.312000000000000166,-7.688886868939716734
0.313000000000000167,-7.702747361406933280
0.314000000000000168,-7.714051367148544891
0.315000000000000169,-7.722850165401861311
0.316000000000000170,-7.729195194329089524
0.317000000000000171,-7.733138023402259087
0.318000000000000171,-7.734730325207172186
0.319000000000000172,-7.734023846783403044
0.320000000000000173,-7.731070380612209192
0.321000000000000174,-7.725921735358869391
0.322000000000000175,-7.718629706470800045
0.323000000000000176,-7.709246046727327162
0.324000000000000177,-7.697822436831796900
0.325000000000000178,-7.684410456131184119
0.326000000000000179,-7.669061553543535581
0.327000000000000179,-7.651827018767953348
0.328000000000000180,-7.632757953846986076
0.329000000000000181,-7.611905245146419752
0.330000000000000182,-7.589319535812196094
0.331000000000000183,-7.565051198759926265
0.332000000000000184,-7.539150310247410225
0.333000000000000185,-7.511666624076376308
0.334000000000000186,-7.482649546465215629
0.335000000000000187,-7.452148111630256366
0.336000000000000187,-7.420210958109258570
0.337000000000000188,-7.386886305856647184
0.338000000000000189,-7.352221934136639270
0.339000000000000190,-7.316265160236622656
0.340000000000000191,-7.279062819019754826
0.341000000000000192,-7.240661243332739971
0.342000000000000193,-7.201106245281363449
0.343000000000000194,-7.160443098383781901
0.344000000000000195,-7.118716520608447063
0.345000000000000195,-7.075970658301353744
0.346000000000000196,-7.032249071004476271
0.347000000000000197,-6.987594717165198865
0.348000000000000198,-6.942049940734361435
0.349000000000000199,-6.895656458648386611
0.350000000000000200,-6.848455349189316976
0.351000000000000201,-6.800487041214610784
0.352000000000000202,-6.751791304247133141
0.353000000000000203,-6.702407239414159612
0.354000000000000203,-6.652373271222958628
0.355000000000000204,-6.601727140159122875
0.356000000000000205,-6.550505896092881031
0.357000000000000206,-6.498745892477428399
0.358000000000000207,-6.446482781322464106
0.359000000000000208,-6.393751508925284099
0.360000000000000209,-6.340586312341068620
0.361000000000000210,-6.287020716573316292
0.362000000000000210,-6.233087532464861802
0.363000000000000211,-6.178818855269374133
0.364000000000000212,-6.124246063882965885
0.365000000000000213,-6.069399820715004168
0.366000000000000214,-6.014310072177188715
0.367000000000000215,-5.959006049769551616
0.368000000000000216,-5.903516271742080157
0.369000000000000217,-5.847868545310432431
0.370000000000000218,-5.792089969404323746
0.371000000000000218,-5.736206937927045502
0.372000000000000219,-5.680245143504777161
0.373000000000000220,-5.624229581704381253
0.374000000000000221,-5.568184555698588056
0.375000000000000222,-5.512133681357532566
0.376000000000000223,-5.456099892746038904
0.377000000000000224,-5.400105448006117470
0.378000000000000225,-5.344171935604483892
0.379000000000000226,-5.288320280925248085
0.380000000000000226,-5.232570753188232615
0.381000000000000227,-5.176942972673666432
0.382000000000000228,-5.121455918234500082
0.383000000000000229,-5.066127935077877176
0.384000000000000230,-5.010976742797675243
0.385000000000000231,-4.956019443640593991
0.386000000000000232,-4.901272530988509679
0.387000000000000233,-4.846751898040400519
0.388000000000000234,-4.792472846677451770
0.389000000000000234,-4.738450096495570918
0.390000000000000235,-4.684697793989816006
0.391000000000000236,-4.631229521875862787
0.392000000000000237,-4.578058308533938359
0.393000000000000238,-4.525196637561273327
0.394000000000000239,-4.472656457419455833
0.395000000000000240,-4.420449191163603686
0.396000000000000241,-4.368585746240714940
0.397000000000000242,-4.317076524344994226
0.398000000000000242,-4.265931431318454869
0.399000000000000243,-4.215159887085511592
0.400000000000000244,-4.164770835610660527
0.401000000000000245,-4.114772754868994298
0.402000000000000246,-4.065173666819462461
0.403000000000000247,-4.015981147371401327
0.404000000000000248,-3.967202336335225343
0.405000000000000249,-3.918843947348597201
0.406000000000000250,-3.870912277769735788
0.407000000000000250,-3.823413218530059332
0.408000000000000251,-3.776352263938553389
0.409000000000000252,-3.729734521430874139
0.410000000000000253,-3.683564721256327168
0.411000000000000254,-3.637847226096430742
0.412000000000000255,-3.592586040608979570
0.413000000000000256,-3.547784820891989543
0.414000000000000257,-3.503446883862122441
0.415000000000000258,-3.459575216542641662
0.416000000000000258,-3.416172485256160574
0.417000000000000259,-3.373241044717824710
0.418000000000000260,-3.330782947024851559
0.419000000000000261,-3.288799950538609185
0.420000000000000262,-3.247293528655759154
0.421000000000000263,-3.206264878465211243
0.422000000000000264,-3.165714929287914536
0.423000000000000265,-3.125644351096744877
0.424000000000000266,-3.086053562814108364
0.425000000000000266,-3.046942740484879231
0.426000000000000267,-3.008311825322796729
0.427000000000000268,-2.970160531628452283
0.428000000000000269,-2.932488354577313938
0.429000000000000270,-2.895294577876441622
0.430000000000000271,-2.858578281288631562
0.431000000000000272,-2.822338348023092802
0.432000000000000273,-2.786573471991764528
0.433000000000000274,-2.751282164930675567
0.434000000000000274,-2.716462763385818047
0.435000000000000275,-2.682113435563260317
0.436000000000000276,-2.648232188043286861
0.437000000000000277,-2.614816872358518118
0.438000000000000278,-2.581865191436150564
0.439000000000000279,-2.549374705904514649
0.440000000000000280,-2.517342840264285009
0.441000000000000281,-2.485766888924836326
0.442000000000000282,-2.454644022106324375
0.443000000000000282,-2.423971291608097101
0.444000000000000283,-2.393745636444314595
0.445000000000000284,-2.363963888347564879
0.446000000000000285,-2.334622777141418304
0.447000000000000286,-2.305718935983056106
0.448000000000000287,-2.277248906476930124
0.449000000000000288,-2.249209143660780619
0.450000000000000289,-2.221596020865147292
0.451000000000000290,-2.194405834447737291
0.452000000000000290,-2.167634808404021562
0.453000000000000291,-2.141279098855427332
0.454000000000000292,-2.115334798416665940
0.455000000000000293,-2.089797940443633539
0.456000000000000294,-2.064664503163505582
0.457000000000000295,-2.039930413688578081
0.458000000000000296,-2.015591551915487223
0.459000000000000297,-1.991643754311477554
0.460000000000000298,-1.968082817589390299
0.461000000000000298,-1.944904502273092861
0.462000000000000299,-1.922104536155073706
0.463000000000000300,-1.899678617647939660
0.464000000000000301,-1.877622419031611090
0.465000000000000302,-1.855931589597985765
0.466000000000000303,-1.834601758694829332
0.467000000000000304,-1.813628538670727597
0.468000000000000305,-1.793007527722910055
0.469000000000000306,-1.772734312649712596
0.470000000000000306,-1.752804471509551876
0.471000000000000307,-1.733213576188153748
0.472000000000000308,-1.713957194875920909
0.473000000000000309,-1.695030894457179915
0.474000000000000310,-1.676430242813168103
0.475000000000000311,-1.658150811040496109
0.476000000000000312,-1.640188175586968056
0.477000000000000313,-1.622537920306417636
0.478000000000000314,-1.605195638434428362
0.479000000000000314,-1.588156934486667726
0.480000000000000315,-1.571417426081540780
0.481000000000000316,-1.554972745688970370
0.482000000000000317,-1.538818542306939818
0.483000000000000318,-1.522950483067559535
0.484000000000000319,-1.507364254774300694
0.485000000000000320,-1.492055565372109704
0.486000000000000321,-1.477020145351988223
0.487000000000000322,-1.462253749091734445
0.488000000000000322,-1.447752156134389789
0.489000000000000323,-1.433511172406053191
0.490000000000000324,-1.419526631374573356
0.491000000000000325,-1.405794395150696374
0.492000000000000326,-1.392310355533179500
0.493000000000000327,-1.379070434999402073
0.494000000000000328,-1.366070587642927991
0.495000000000000329,-1.353306800059499437
0.496000000000000330,-1.340775092182888706
0.497000000000000330,-1.328471518072035895
0.498000000000000331,-1.316392166650835360
0.499000000000000332,-1.304533162401989133
0.500000000000000333,-1.292890666016224266
0.501000000000000334,-1.281460874998213928
0.502000000000000335,-1.270240024230502529
0.503000000000000336,-1.259224386496715198
0.504000000000000337,-1.248410272965281287
0.505000000000000338,-1.237794033634916691
0.506000000000000338,-1.227372057743069123
0.507000000000000339,-1.217140774138482984
0.508000000000000340,-1.207096651619066874
0.509000000000000341,-1.197236199236195731
0.510000000000000342,-1.187555966566526955
0.511000000000000343,-1.178052543952455178
0.512000000000000344,-1.168722562712236845
0.513000000000000345,-1.159562695320844661
0.514000000000000346,-1.150569655562581506
0.515000000000000346,-1.141740198656401528
0.516000000000000347,-1.133071121354956912
0.517000000000000348,-1.124559262018325123
0.518000000000000349,-1.116201500663291935
0.519000000000000350,-1.107994758989160333
0.520000000000000351,-1.099936000380931533
0.521000000000000352,-1.092022229890743823
0.522000000000000353,-1.084250494198405246
0.523000000000000353,-1.076617881551828138
0.524000000000000354,-1.069121521688215504
0.525000000000000355,-1.061758585736724880
0.526000000000000356,-1.054526286103408150
0.527000000000000357,-1.047421876339180047
0.528000000000000358,-1.040442650991489693
0.529000000000000359,-1.033585945440474108
0.530000000000000360,-1.026849135720208750
0.531000000000000361,-1.020229638325780064
0.532000000000000361,-1.013724910006791990
0.533000000000000362,-1.007332447547971022
0.534000000000000363,-1.001049787537457991
0.535000000000000364,-0.994874506123401781
0.536000000000000365,-0.988804218759437581
0.537000000000000366,-0.982836579939606714
0.538000000000000367,-0.976969282923259241
0.539000000000000368,-0.971200059450515241
0.540000000000000369,-0.965526679448732716
0.541000000000000369,-0.959946950730555137
0.542000000000000370,-0.954458718683978247
0.543000000000000371,-0.949059865954924753
0.544000000000000372,-0.943748312122793420
0.545000000000000373,-0.938522013369415653
0.546000000000000374,-0.933378962141846125
0.547000000000000375,-0.928317186809416106
0.548000000000000376,-0.923334751315454505
0.549000000000000377,-0.918429754824056310
0.550000000000000377,-0.913600331362269480
0.551000000000000378,-0.908844649458101062
0.552000000000000379,-0.904160911774648746
0.553000000000000380,-0.899547354740747096
0.554000000000000381,-0.895002248178407234
0.555000000000000382,-0.890523894927429227
0.556000000000000383,-0.886110630467427440
0.557000000000000384,-0.881760822537633771
0.558000000000000385,-0.877472870754703704
0.559000000000000385,-0.873245206228855375
0.560000000000000386,-0.869076291178559002
0.561000000000000387,-0.864964618544076358
0.562000000000000388,-0.860908711600062992
0.563000000000000389,-0.856907123567498652
0.564000000000000390,-0.852958437225147192
0.565000000000000391,-0.849061264520792447
0.566000000000000392,-0.845214246182440787
0.567000000000000393,-0.841416051329708536
0.568000000000000393,-0.837665377085570872
0.569000000000000394,-0.833960948188683715
0.570000000000000395,-0.830301516606431589
0.571000000000000396,-0.826685861148889423
0.572000000000000397,-0.823112787083867148
0.573000000000000398,-0.819581125753167994
0.574000000000000399,-0.816089734190248550
0.575000000000000400,-0.812637494739385957
0.576000000000000401,-0.809223314676513761
0.577000000000000401,-0.805846125831861881
0.578000000000000402,-0.802504884214497949
0.579000000000000403,-0.799198569638905121
0.580000000000000404,-0.795926185353726501
0.581000000000000405,-0.792686757672744879
0.582000000000000406,-0.789479335608232358
0.583000000000000407,-0.786302990506751232
0.584000000000000408,-0.783156815687498509
0.585000000000000409,-0.780039926083279433
0.586000000000000409,-0.776951457884206276
0.587000000000000410,-0.773890568184170902
0.588000000000000411,-0.770856434630189158
0.589000000000000412,-0.767848255074678576
0.590000000000000413,-0.764865247230717915
0.591000000000000414,-0.761906648330366254
0.592000000000000415,-0.758971714786097928
0.593000000000000416,-0.756059721855383726
0.594000000000000417,-0.753169963308486845
0.595000000000000417,-0.750301751099523462
0.596000000000000418,-0.747454415040788023
0.597000000000000419,-0.744627302480444953
0.598000000000000420,-0.741819777983557249
0.599000000000000421,-0.739031223016526795
0.600000000000000422,-0.736261035634955929
0.601000000000000423,-0.733508630174959597
0.602000000000000424,-0.730773436947945498
0.603000000000000425,-0.728054901938897769
0.604000000000000425,-0.725352486508160199
0.605000000000000426,-0.722665667096739517
0.606000000000000427,-0.719993934935173274
0.607000000000000428,-0.717336795755891488
0.608000000000000429,-0.714693769509202492
0.609000000000000430,-0.712064390082761678
0.610000000000000431,-0.709448205024672873
0.611000000000000432,-0.706844775270111136
0.612000000000000433,-0.704253674871514690
0.613000000000000433,-0.701674490732359990
0.614000000000000434,-0.699106822344478851
0.615000000000000435,-0.696550281528922288
0.616000000000000436,-0.694004492180380517
0.617000000000000437,-0.691469090015145782
0.618000000000000438,-0.688943722322582830
0.619000000000000439,-0.686428047720123669
0.620000000000000440,-0.683921735911766637
0.621000000000000441,-0.681424467450058025
0.622000000000000441,-0.678935933501551458
0.623000000000000442,-0.676455835615707990
0.624000000000000443,-0.673983885497249413
0.625000000000000444,-0.671519804781929741
0.626000000000000445,-0.669063324815686977
0.627000000000000446,-0.666614186437194944
0.628000000000000447,-0.664172139763762548
0.629000000000000448,-0.661736943980562264
0.630000000000000449,-0.659308367133177531
0.631000000000000449,-0.656886185923429511
0.632000000000000450,-0.654470185508467917
0.633000000000000451,-0.652060159303105569
0.634000000000000452,-0.649655908785349623
0.635000000000000453,-0.647257243305128460
0.636000000000000454,-0.644863979896164730
0.637000000000000455,-0.642475943090989432
0.638000000000000456,-0.640092964739040093
0.639000000000000457,-0.637714883827843471
0.640000000000000457,-0.635341546307243155
0.641000000000000458,-0.632972804916621334
0.642000000000000459,-0.630608519015129598
0.643000000000000460,-0.628248554414846616
0.644000000000000461,-0.625892783216885240
0.645000000000000462,-0.623541083650370420
0.646000000000000463,-0.621193339914284159
0.647000000000000464,-0.618849442022145091
0.648000000000000465,-0.616509285649487482
0.649000000000000465,-0.614172771984091925
0.650000000000000466,-0.611839807578976158
0.651000000000000467,-0.609510304208066400
0.652000000000000468,-0.607184178724554879
0.653000000000000469,-0.604861352921886142
0.654000000000000470,-0.602541753397366042
0.655000000000000471,-0.600225311418330354
0.656000000000000472,-0.597911962790869445
0.657000000000000473,-0.595601647731050621
0.658000000000000473,-0.593294310738637476
0.659000000000000474,-0.590989900473241958
0.660000000000000475,-0.588688369632902719
0.661000000000000476,-0.586389674835032570
0.662000000000000477,-0.584093776499736705
0.663000000000000478,-0.581800638735429532
0.664000000000000479,-0.579510229226765650
0.665000000000000480,-0.577222519124791833
0.666000000000000481,-0.574937482939367861
0.667000000000000481,-0.572655098433732634
0.668000000000000482,-0.570375346521281079
0.669000000000000483,-0.568098211164433486
0.670000000000000484,-0.565823679275630487
0.671000000000000485,-0.563551740620382602
0.672000000000000486,-0.561282387722365383
0.673000000000000487,-0.559015615770534491
0.674000000000000488,-0.556751422528195983
0.675000000000000488,-0.554489808244041260
0.676000000000000489,-0.552230775565109466
0.677000000000000490,-0.549974329451613175
0.678000000000000491,-0.547720477093653679
0.679000000000000492,-0.545469227829751269
0.680000000000000493,-0.543220593067172741
0.681000000000000494,-0.540974586204058916
0.682000000000000495,-0.538731222553264333
0.683000000000000496,-0.536490519267942112
0.684000000000000496,-0.534252495268804806
0.685000000000000497,-0.532017171173048364
0.686000000000000498,-0.529784569224919233
0.687000000000000499,-0.527554713227880834
0.688000000000000500,-0.525327628478360009
0.689000000000000501,-0.523103341701057767
0.690000000000000502,-0.520881880985782697
0.691000000000000503,-0.518663275725784412
0.692000000000000504,-0.516447556557566023
0.693000000000000504,-0.514234755302155788
0.694000000000000505,-0.512024904907783074
0.695000000000000506,-0.509818039393985845
0.696000000000000507,-0.507614193797068847
0.697000000000000508,-0.505413404116927145
0.698000000000000509,-0.503215707265197487
0.699000000000000510,-0.501021141014710292
0.700000000000000511,-0.498829743950225057
0.701000000000000512,-0.496641555420424319
0.702000000000000512,-0.494456615491140838
0.703000000000000513,-0.492274964899801215
0.704000000000000514,-0.490096645011055099
0.705000000000000515,-0.487921697773575247
0.706000000000000516,-0.485750165678002610
0.707000000000000517,-0.483582091716023954
0.708000000000000518,-0.481417519340533340
0.709000000000000519,-0.479256492426907155
0.710000000000000520,-0.477099055235308156
0.711000000000000520,-0.474945252374060822
0.712000000000000521,-0.472795128764027517
0.713000000000000522,-0.470648729603994620
0.714000000000000523,-0.468506100337049758
0.715000000000000524,-0.466367286617898724
0.716000000000000525,-0.464232334281159731
0.717000000000000526,-0.462101289310553276
0.718000000000000527,-0.459974197809016050
0.719000000000000528,-0.457851105969695749
0.720000000000000528,-0.455732060047832177
0.721000000000000529,-0.453617106333459474
0.722000000000000530,-0.451506291124989911
0.723000000000000531,-0.449399660703573567
0.724000000000000532,-0.447297261308286287
0.725000000000000533,-0.445199139112101183
0.726000000000000534,-0.443105340198613973
0.727000000000000535,-0.441015910539540368
0.728000000000000536,-0.438930895972934387
0.729000000000000536,-0.436850342182141915
0.730000000000000537,-0.434774294675456585
0.731000000000000538,-0.432702798766457342
0.732000000000000539,-0.430635899555038448
0.733000000000000540,-0.428573641909089253
0.734000000000000541,-0.426516070446827933
0.735000000000000542,-0.424463229519760787
0.736000000000000543,-0.422415163196273202
0.737000000000000544,-0.420371915245810857
0.738000000000000544,-0.418333529123673387
0.739000000000000545,-0.416300047956360053
0.740000000000000546,-0.414271514527508877
0.741000000000000547,-0.412247971264361357
0.742000000000000548,-0.410229460224806108
0.743000000000000549,-0.408216023084903568
0.744000000000000550,-0.406207701126959198
0.745000000000000551,-0.404204535228093964
0.746000000000000552,-0.402206565849300535
0.747000000000000552,-0.400213833024989973
0.748000000000000553,-0.398226376352995293
0.749000000000000554,-0.396244234985043076
0.750000000000000555,-0.394267447617674294
0.751000000000000556,-0.392296052483584123
0.752000000000000557,-0.390330087343421339
0.753000000000000558,-0.388369589477959520
0.754000000000000559,-0.386414595680713180
0.755000000000000560,-0.384465142250924541
0.756000000000000560,-0.382521264986952603
0.757000000000000561,-0.380582999180022807
0.758000000000000562,-0.378650379608350462
0.759000000000000563,-0.376723440531625708
0.760000000000000564,-0.374802215685841877
0.761000000000000565,-0.372886738278463026
0.762000000000000566,-0.370977040983922479
0.763000000000000567,-0.369073155939445174
0.764000000000000568,-0.367175114741175423
0.765000000000000568,-0.365282948440628696
0.766000000000000569,-0.363396687541415631
0.767000000000000570,-0.361516361996279456
0.768000000000000571,-0.359642001204387052
0.769000000000000572,-0.357773634008926755
0.770000000000000573,-0.355911288694942263
0.771000000000000574,-0.354054992987447137
0.772000000000000575,-0.352204774049774738
0.773000000000000576,-0.350360658482184284
0.774000000000000576,-0.348522672320695504
0.775000000000000577,-0.346690841036166986
0.776000000000000578,-0.344865189533576755
0.777000000000000579,-0.343045742151550315
0.778000000000000580,-0.341232522662067828
0.779000000000000581,-0.339425554270403385
0.780000000000000582,-0.337624859615242801
0.781000000000000583,-0.335830460769010741
0.782000000000000584,-0.334042379238373544
0.783000000000000584,-0.332260635964923723
0.784000000000000585,-0.330485251326050222
0.785000000000000586,-0.328716245135963647
0.786000000000000587,-0.326953636646899581
0.787000000000000588,-0.325197444550477166
0.788000000000000589,-0.323447686979198124
0.789000000000000590,-0.321704381508126358
0.790000000000000591,-0.319967545156675137
0.791000000000000592,-0.318237194390561140
0.792000000000000592,-0.316513345123879464
0.793000000000000593,-0.314796012721311580
0.794000000000000594,-0.313085212000456414
0.795000000000000595,-0.311380957234297484
0.796000000000000596,-0.309683262153753414
0.797000000000000597,-0.307992139950379884
0.798000000000000598,-0.306307603279152074
0.799000000000000599,-0.304629664261362121
0.800000000000000600,-0.302958334487618719
0.801000000000000600,-0.301293625020934375
0.802000000000000601,-0.299635546399915076
0.803000000000000602,-0.297984108642027512
0.804000000000000603,-0.296339321246967102
0.805000000000000604,-0.294701193200096023
0.806000000000000605,-0.293069732975952013
0.807000000000000606,-0.291444948541859372
0.808000000000000607,-0.289826847361582374
0.809000000000000608,-0.288215436399058222
0.810000000000000608,-0.286610722122210171
0.811000000000000609,-0.285012710506789890
0.812000000000000610,-0.283421407040314599
0.813000000000000611,-0.281836816726030059
0.814000000000000612,-0.280258944086950401
0.815000000000000613,-0.278687793169939857
0.816000000000000614,-0.277123367549831967
0.817000000000000615,-0.275565670333613455
0.818000000000000616,-0.274014704164640299
0.819000000000000616,-0.272470471226889888
0.820000000000000617,-0.270932973249258913
0.821000000000000618,-0.269402211509895850
0.822000000000000619,-0.267878186840565524
0.823000000000000620,-0.266360899631042369
0.824000000000000621,-0.264850349833530507
0.825000000000000622,-0.263346536967118516
0.826000000000000623,-0.261849460122254962
0.827000000000000624,-0.260359117965240583
0.828000000000000624,-0.258875508742750837
0.829000000000000625,-0.257398630286365893
0.830000000000000626,-0.255928480017129534
0.831000000000000627,-0.254465054950108904
0.832000000000000628,-0.253008351698988943
0.833000000000000629,-0.251558366480646445
0.834000000000000630,-0.250115095119764097
0.835000000000000631,-0.248678533053437956
0.836000000000000631,-0.247248675335788703
0.837000000000000632,-0.245825516642590586
0.838000000000000633,-0.244409051275886829
0.839000000000000634,-0.242999273168622493
0.840000000000000635,-0.241596175889272569
0.841000000000000636,-0.240199752646459264
0.842000000000000637,-0.238809996293589594
0.843000000000000638,-0.237426899333465530
0.844000000000000639,-0.236050453922904607
0.845000000000000639,-0.234680651877349933
0.846000000000000640,-0.233317484675469144
0.847000000000000641,-0.231960943463761782
0.848000000000000642,-0.230611019061131767
0.849000000000000643,-0.229267701963466297
0.850000000000000644,-0.227930982348212519
0.851000000000000645,-0.226600850078907567
0.852000000000000646,-0.225277294709739589
0.853000000000000647,-0.223960305490059020
0.854000000000000647,-0.222649871368888919
0.855000000000000648,-0.221345980999423819
0.856000000000000649,-0.220048622743503675
0.857000000000000650,-0.218757784676075401
0.858000000000000651,-0.217473454589627968
0.859000000000000652,-0.216195619998617167
0.860000000000000653,-0.214924268143872499
0.861000000000000654,-0.213659385996967099
0.862000000000000655,-0.212400960264591016
0.863000000000000655,-0.211148977392876608
0.864000000000000656,-0.209903423571725256
0.865000000000000657,-0.208664284739088129
0.866000000000000658,-0.207431546585245652
0.867000000000000659,-0.206205194557048527
0.868000000000000660,-0.204985213862135252
0.869000000000000661,-0.203771589473126069
0.870000000000000662,-0.202564306131795518
0.871000000000000663,-0.201363348353215704
0.872000000000000663,-0.200168700429865731
0.873000000000000664,-0.198980346435728706
0.874000000000000665,-0.197798270230344686
0.875000000000000666,-0.196622455462855117
0.876000000000000667,-0.195452885575995966
0.877000000000000668,-0.194289543810081650
0.878000000000000669,-0.193132413206957176
0.879000000000000670,-0.191981476613903773
0.880000000000000671,-0.190836716687542707
0.881000000000000671,-0.189698115897681763
0.882000000000000672,-0.188565656531155867
0.883000000000000673,-0.187439320695619221
0.884000000000000674,-0.186319090323317726
0.885000000000000675,-0.185204947174822360
0.886000000000000676,-0.184096872842743148
0.887000000000000677,-0.182994848755400036
0.888000000000000678,-0.181898856180466362
0.889000000000000679,-0.180808876228587767
0.890000000000000679,-0.179724889856958170
0.891000000000000680,-0.178646877872875282
0.892000000000000681,-0.177574820937254463
0.893000000000000682,-0.176508699568117600
0.894000000000000683,-0.175448494144042039
0.895000000000000684,-0.174394184907591343
0.896000000000000685,-0.173345751968697920
0.897000000000000686,-0.172303175308021972
0.898000000000000687,-0.171266434780283028
0.899000000000000687,-0.170235510117541983
0.900000000000000688,-0.169210380932471260
0.901000000000000689,-0.168191026721575321
0.902000000000000690,-0.167177426868394374
0.903000000000000691,-0.166169560646660441
0.904000000000000692,-0.165167407223432761
0.905000000000000693,-0.164170945662191925
0.906000000000000694,-0.163180154925912757
0.907000000000000695,-0.162195013880087252
0.908000000000000695,-0.161215501295739333
0.909000000000000696,-0.160241595852379848
0.910000000000000697,-0.159273276140954684
0.911000000000000698,-0.158310520666742505
0.912000000000000699,-0.157353307852228175
0.913000000000000700,-0.156401616039949454
0.914000000000000701,-0.155455423495291373
0.915000000000000702,-0.154514708409279722
0.916000000000000703,-0.153579448901311449
0.917000000000000703,-0.152649623021878039
0.918000000000000704,-0.151725208755239427
0.919000000000000705,-0.150806184022075990
0.920000000000000706,-0.149892526682113114
0.921000000000000707,-0.148984214536696080
0.922000000000000708,-0.148081225331355648
0.923000000000000709,-0.147183536758333761
0.924000000000000710,-0.146291126459069359
0.925000000000000711,-0.145403972026669631
0.926000000000000711,-0.144522051008338204
0.927000000000000712,-0.143645340907779084
0.928000000000000713,-0.142773819187569373
0.929000000000000714,-0.141907463271499668
0.930000000000000715,-0.141046250546886215
0.931000000000000716,-0.140190158366850504
0.932000000000000717,-0.139339164052577014
0.933000000000000718,-0.138493244895528334
0.934000000000000719,-0.137652378159644928
0.935000000000000719,-0.136816541083506549
0.936000000000000720,-0.135985710882465277
0.937000000000000721,-0.135159864750753339
0.938000000000000722,-0.134338979863564079
0.939000000000000723,-0.133523033379091910
0.940000000000000724,-0.132712002440564414
0.941000000000000725,-0.131905864178222337
0.942000000000000726,-0.131104595711296457
0.943000000000000727,-0.130308174149932843
0.944000000000000727,-0.129516576597110689
0.945000000000000728,-0.128729780150523915
0.946000000000000729,-0.127947761904426610
0.947000000000000730,-0.127170498951472588
0.948000000000000731,-0.126397968384505371
0.949000000000000732,-0.125630147298342709
0.950000000000000733,-0.124867012791513951
0.951000000000000734,-0.124108541967994951
0.952000000000000735,-0.123354711938890763
0.953000000000000735,-0.122605499824110800
0.954000000000000736,-0.121860882754014660
0.955000000000000737,-0.121120837871030826
0.956000000000000738,-0.120385342331247938
0.957000000000000739,-0.119654373305985426
0.958000000000000740,-0.118927907983337772
0.959000000000000741,-0.118205923569692659
0.960000000000000742,-0.117488397291228799
0.961000000000000743,-0.116775306395384956
0.962000000000000743,-0.116066628152306436
0.963000000000000744,-0.115362339856268509
0.964000000000000745,-0.114662418827081766
0.965000000000000746,-0.113966842411460489
0.966000000000000747,-0.113275587984382725
0.967000000000000748,-0.112588632950413811
0.968000000000000749,-0.111905954745025821
0.969000000000000750,-0.111227530835869809
0.970000000000000751,-0.110553338724052902
0.971000000000000751,-0.109883355945365510
0.972000000000000752,-0.109217560071508096
0.973000000000000753,-0.108555928711294269
0.974000000000000754,-0.107898439511814909
0.975000000000000755,-0.107245070159603634
0.976000000000000756,-0.106595798381766735
0.977000000000000757,-0.105950601947096823
0.978000000000000758,-0.105309458667163500
0.979000000000000759,-0.104672346397395394
0.980000000000000759,-0.104039243038117596
0.981000000000000760,-0.103410126535594157
0.982000000000000761,-0.102784974883042543
0.983000000000000762,-0.102163766121618663
0.984000000000000763,-0.101546478341393936
0.985000000000000764,-0.100933089682313334
0.986000000000000765,-0.100323578335127367
0.987000000000000766,-0.099717922542307644
0.988000000000000766,-0.099116100598946696
0.989000000000000767,-0.098518090853641785
0.990000000000000768,-0.097923871709354279
0.991000000000000769,-0.097333421624247893
0.992000000000000770,-0.096746719112521265
0.993000000000000771,-0.096163742745218536
0.994000000000000772,-0.095584471151011416
0.995000000000000773,-0.095008883016984361
0.996000000000000774,-0.094436957089382753
0.997000000000000774,-0.093868672174358056
0.998000000000000775,-0.093304007138690442
0.999000000000000776,-0.092742940910495106
1.000000000000000666,-0.092185452479914901
1.001000000000000778,-0.091631520899795274
1.002000000000000668,-0.091081125286342907
1.003000000000000780,-0.090534244819769433
1.004000000000000670,-0.089990858744918911
1.005000000000000782,-0.089450946371884124
1.006000000000000671,-0.088914487076603155
1.007000000000000783,-0.088381460301436371
1.008000000000000673,-0.087851845555744462
1.009000000000000785,-0.087325622416435517
1.010000000000000675,-0.086802770528507781
1.011000000000000787,-0.086283269605567509
1.012000000000000677,-0.085767099430353419
1.013000000000000789,-0.085254239855223110
1.014000000000000679,-0.084744670802635952
1.015000000000000790,-0.084238372265632161
1.016000000000000680,-0.083735324308283329
1.017000000000000792,-0.083235507066135583
1.018000000000000682,-0.082738900746643460
1.019000000000000794,-0.082245485629583198
1.020000000000000684,-0.081755242067464234
1.021000000000000796,-0.081268150485916804
1.022000000000000686,-0.080784191384072807
1.023000000000000798,-0.080303345334937312
1.024000000000000687,-0.079825592985739172
1.025000000000000799,-0.079350915058280444
1.026000000000000689,-0.078879292349267535
1.027000000000000801,-0.078410705730629471
1.028000000000000691,-0.077945136149833602
1.029000000000000803,-0.077482564630177331
1.030000000000000693,-0.077022972271078599
1.031000000000000805,-0.076566340248356249
1.032000000000000695,-0.076112649814484984
1.033000000000000806,-0.075661882298866084
1.034000000000000696,-0.075214019108057445
1.035000000000000808,-0.074769041726015423
1.036000000000000698,-0.074326931714315328
1.037000000000000810,-0.073887670712375508
1.038000000000000700,-0.073451240437645171
1.039000000000000812,-0.073017622685810440
1.040000000000000702,-0.072586799330976892
1.041000000000000814,-0.072158752325847314
1.042000000000000703,-0.071733463701878122
1.043000000000000815,-0.071310915569448116
1.044000000000000705,-0.070891090118001598
1.045000000000000817,-0.070473969616182214
1.046000000000000707,-0.070059536411972295
1.047000000000000819,-0.069647772932808730
1.048000000000000709,-0.069238661685695299
1.049000000000000821,-0.068832185257312176
1.050000000000000711,-0.068428326314103158
1.051000000000000822,-0.068027067602375174
1.052000000000000712,-0.067628391948370864
1.053000000000000824,-0.067232282258340131
1.054000000000000714,-0.066838721518609479
1.055000000000000826,-0.066447692795634394
1.056000000000000716,-0.066059179236052354
1.057000000000000828,-0.065673164066720385
1.058000000000000718,-0.065289630594753428
1.059000000000000830,-0.064908562207547565
1.060000000000000719,-0.064529942372806445
1.061000000000000831,-0.064153754638545918
1.062000000000000721,-0.063779982633107662
1.063000000000000833,-0.063408610065158230
1.064000000000000723,-0.063039620723676290
1.065000000000000835,-0.062672998477945802
1.066000000000000725,-0.062308727277535524
1.067000000000000837,-0.061946791152265111
1.068000000000000727,-0.061587174212185639
1.069000000000000838,-0.061229860647527758
1.070000000000000728,-0.060874834728668822
1.071000000000000840,-0.060522080806074297
1.072000000000000730,-0.060171583310247766
1.073000000000000842,-0.059823326751665518
1.074000000000000732,-0.059477295720708902
1.075000000000000844,-0.059133474887594337
1.076000000000000734,-0.058791849002294061
1.077000000000000846,-0.058452402894450375
1.078000000000000735,-0.058115121473291828
1.079000000000000847,-0.057779989727534134
1.080000000000000737,-0.057446992725287180
1.081000000000000849,-0.057116115613944508
1.082000000000000739,-0.056787343620081310
1.083000000000000851,-0.056460662049336974
1.084000000000000741,-0.056136056286300383
1.085000000000000853,-0.055813511794384554
1.086000000000000743,-0.055493014115701664
1.087000000000000854,-0.055174548870929527
1.088000000000000744,-0.054858101759183667
1.089000000000000856,-0.054543658557864250
1.090000000000000746,-0.054231205122523107
1.091000000000000858,-0.053920727386712899
1.092000000000000748,-0.053612211361833341
1.093000000000000860,-0.053305643136977811
1.094000000000000750,-0.053001008878770503
1.095000000000000862,-0.052698294831205597
1.096000000000000751,-0.052397487315482640
1.097000000000000863,-0.052098572729827555
1.098000000000000753,-0.051801537549327495
1.099000000000000865,-0.051506368325750139
1.100000000000000755,-0.051213051687359970
1.101000000000000867,-0.050921574338736217
1.102000000000000757,-0.050631923060586524
1.103000000000000869,-0.050344084709556924
1.104000000000000759,-0.050058046218031414
1.105000000000000870,-0.049773794593946388
1.106000000000000760,-0.049491316920579217
1.107000000000000872,-0.049210600356353787
1.108000000000000762,-0.048931632134634973
1.109000000000000874,-0.048654399563514153
1.110000000000000764,-0.048378890025605345
1.111000000000000876,-0.048105090977826330
1.112000000000000766,-0.047832989951188308
1.113000000000000878,-0.047562574550571182
1.114000000000000767,-0.047293832454509604
1.115000000000000879,-0.047026751414961251
1.116000000000000769,-0.046761319257089339
1.117000000000000881,-0.046497523879030021
1.118000000000000771,-0.046235353251662469
1.119000000000000883,-0.045974795418379330
1.120000000000000773,-0.045715838494851550
1.121000000000000885,-0.045458470668787936
1.122000000000000774,-0.045202680199702708
1.123000000000000886,-0.044948455418671249
1.124000000000000776,-0.044695784728092228
1.125000000000000888,-0.044444656601435914
1.126000000000000778,-0.044195059583005326
1.127000000000000890,-0.043946982287690992
1.128000000000000780,-0.043700413400710562
1.129000000000000892,-0.043455341677369426
1.130000000000000782,-0.043211755942803215
1.131000000000000894,-0.042969645091724379
1.132000000000000783,-0.042728998088167228
1.133000000000000895,-0.042489803965233851
1.134000000000000785,-0.042252051824827531
1.135000000000000897,-0.042015730837407166
1.136000000000000787,-0.041780830241710733
1.137000000000000899,-0.041547339344507876
1.138000000000000789,-0.041315247520322854
1.139000000000000901,-0.041084544211185445
1.140000000000000790,-0.040855218926352702
1.141000000000000902,-0.040627261242044854
1.142000000000000792,-0.040400660801184943
1.143000000000000904,-0.040175407313121178
1.144000000000000794,-0.039951490553365596
1.145000000000000906,-0.039728900363312822
1.146000000000000796,-0.039507626649982232
1.147000000000000908,-0.039287659385734600
1.148000000000000798,-0.039068988608005284
1.149000000000000909,-0.038851604419028282
1.150000000000000799,-0.038635496985559709
1.151000000000000689,-0.038420656538607691
1.152000000000000801,-0.038207073373153128
1.153000000000000913,-0.037994737847872447
1.154000000000000803,-0.037783640384864946
1.155000000000000693,-0.037573771469366767
1.156000000000000805,-0.037365121649485071
1.157000000000000917,-0.037157681535906859
1.158000000000000806,-0.036951441801628689
1.159000000000000696,-0.036746393181672873
1.160000000000000808,-0.036542526472808215
1.161000000000000920,-0.036339832533270819
1.162000000000000810,-0.036138302282483624
1.163000000000000700,-0.035937926700772713
1.164000000000000812,-0.035738696829090852
1.165000000000000924,-0.035540603768730042
1.166000000000000814,-0.035343638681045710
1.167000000000000703,-0.035147792787170881
1.168000000000000815,-0.034953057367736629
1.169000000000000927,-0.034759423762586748
1.170000000000000817,-0.034566883370500456
1.171000000000000707,-0.034375427648902737
1.172000000000000819,-0.034185048113591229
1.173000000000000931,-0.033995736338446284
1.174000000000000821,-0.033807483955148841
1.175000000000000711,-0.033620282652902969
1.176000000000000822,-0.033434124178149935
1.177000000000000934,-0.033249000334285253
1.178000000000000824,-0.033064902981379332
1.179000000000000714,-0.032881824035889566
1.180000000000000826,-0.032699755470387282
1.181000000000000938,-0.032518689313266944
1.182000000000000828,-0.032338617648468432
1.183000000000000718,-0.032159532615196253
1.184000000000000830,-0.031981426407638416
1.185000000000000941,-0.031804291274678140
1.186000000000000831,-0.031628119519625277
1.187000000000000721,-0.031452903499924814
1.188000000000000833,-0.031278635626882531
1.189000000000000945,-0.031105308365383298
1.190000000000000835,-0.030932914233612791
1.191000000000000725,-0.030761445802770366
1.192000000000000837,-0.030590895696806713
1.193000000000000949,-0.030421256592124170
1.194000000000000838,-0.030252521217318425
1.195000000000000728,-0.030084682352884456
1.196000000000000840,-0.029917732830949180
1.197000000000000952,-0.029751665534992679
1.198000000000000842,-0.029586473399568242
1.199000000000000732,-0.029422149410031601
1.200000000000000844,-0.029258686602257888
1.201000000000000956,-0.029096078062375696
1.202000000000000846,-0.028934316926484700
1.203000000000000735,-0.028773396380389060
1.204000000000000847,-0.028613309659313951
1.205000000000000959,-0.028454050047646052
1.206000000000000849,-0.028295610878648708
1.207000000000000739,-0.028137985534196785
1.208000000000000851,-0.027981167444504951
1.209000000000000963,-0.027825150087856944
1.210000000000000853,-0.027669926990333764
1.211000000000000743,-0.027515491725547243
1.212000000000000854,-0.027361837914369136
1.213000000000000966,-0.027208959224665187
1.214000000000000856,-0.027056849371028063
1.215000000000000746,-0.026905502114505726
1.216000000000000858,-0.026754911262344677
1.217000000000000970,-0.026605070667715613
1.218000000000000860,-0.026455974229454150
1.219000000000000750,-0.026307615891797413
1.220000000000000862,-0.026159989644118031
1.221000000000000973,-0.026013089520662513
1.222000000000000863,-0.025866909600293687
1.223000000000000753,-0.025721444006223386
1.224000000000000865,-0.025576686905757033
1.225000000000000977,-0.025432632510036208
1.226000000000000867,-0.025289275073773088
1.227000000000000757,-0.025146608895000033
1.228000000000000869,-0.025004628314805349
1.229000000000000981,-0.024863327717090454
1.230000000000000870,-0.024722701528296462
1.231000000000000760,-0.024582744217163586
1.232000000000000872,-0.024443450294475724
1.233000000000000984,-0.024304814312799294
1.234000000000000874,-0.024166830866243667
1.235000000000000764,-0.024029494590198878
1.236000000000000876,-0.023892800161093384
1.237000000000000988,-0.023756742296139628
1.238000000000000878,-0.023621315753090823
1.239000000000000767,-0.023486515329987363
1.240000000000000879,-0.023352335864915370
1.241000000000000991,-0.023218772235757971
1.242000000000000881,-0.023085819359950348
1.243000000000000771,-0.022953472194238333
1.244000000000000883,-0.022821725734430809
1.245000000000000995,-0.022690575015163084
1.246000000000000885,-0.022560015109651995
1.247000000000000774,-0.022430041129455274
1.248000000000000886,-0.022300648224233520
1.249000000000000998,-0.022171831581512542
1.250000000000000888,-0.022043586426443728
1.251000000000000778,-0.021915908021568446
1.252000000000000890,-0.021788791666581733
1.253000000000001002,-0.021662232698096091
1.254000000000000892,-0.021536226489414410
1.255000000000000782,-0.021410768450287214
1.256000000000000894,-0.021285854026687770
1.257000000000001005,-0.021161478700578329
1.258000000000000895,-0.021037637989681376
1.259000000000000785,-0.020914327447249460
1.260000000000000897,-0.020791542661836068
1.261000000000001009,-0.020669279257073406
1.262000000000000899,-0.020547532891438094
1.263000000000000789,-0.020426299258033524
1.264000000000000901,-0.020305574084362198
1.265000000000001013,-0.020185353132101812
1.266000000000000902,-0.020065632196884016
1.267000000000000792,-0.019946407108074556
1.268000000000000904,-0.019827673728548895
1.269000000000001016,-0.019709427954476035
1.270000000000000906,-0.019591665715101445
1.271000000000000796,-0.019474382972525031
1.272000000000000908,-0.019357575721486987
1.273000000000001020,-0.019241239989153898
1.274000000000000909,-0.019125371834903215
1.275000000000000799,-0.019009967350106377
1.276000000000000911,-0.018895022657923338
1.277000000000001023,-0.018780533913083410
1.278000000000000913,-0.018666497301680428
1.279000000000000803,-0.018552909040960092
1.280000000000000915,-0.018439765379114761
1.281000000000001027,-0.018327062595068128
1.282000000000000917,-0.018214796998279457
1.283000000000000806,-0.018102964928529607
1.284000000000000918,-0.017991562755720426
1.285000000000001030,-0.017880586879668817
1.286000000000000920,-0.017770033729906164
1.287000000000000810,-0.017659899765474725
1.288000000000000922,-0.017550181474730597
1.289000000000001034,-0.017440875375139598
1.290000000000000924,-0.017331978013078089
1.291000000000000814,-0.017223485963642211
1.292000000000000925,-0.017115395830442446
1.293000000000001037,-0.017007704245414795
1.294000000000000927,-0.016900407868622170
1.295000000000000817,-0.016793503388061088
1.296000000000000929,-0.016686987519470599
1.297000000000001041,-0.016580857006136897
1.298000000000000931,-0.016475108618707632
1.299000000000000821,-0.016369739154998821
1.300000000000000933,-0.016264745439804825
1.301000000000001044,-0.016160124324713601
1.302000000000000934,-0.016055872687915994
1.303000000000000824,-0.015951987434026926
1.304000000000000936,-0.015848465493889539
1.305000000000001048,-0.015745303824400609
1.306000000000000938,-0.015642499408325770
1.307000000000000828,-0.015540049254110944
1.308000000000000940,-0.015437950395708000
1.309000000000001052,-0.015336199892395324
1.310000000000000941,-0.015234794828594153
1.311000000000000831,-0.015133732313691400
1.312000000000000943,-0.015033009481861070
1.313000000000001055,-0.014932623491896876
1.314000000000000945,-0.014832571527024838
1.315000000000000835,-0.014732850794734340
1.316000000000000947,-0.014633458526605751
1.317000000000001059,-0.014534391978137825
1.318000000000000949,-0.014435648428571684
1.319000000000000838,-0.014337225180727383
1.320000000000000950,-0.014239119560829743
1.321000000000001062,-0.014141328918337586
1.322000000000000952,-0.014043850625781239
1.323000000000000842,-0.013946682078592338
1.324000000000000954,-0.013849820694940469
1.325000000000001066,-0.013753263915563186
1.326000000000000956,-0.013657009203609544
1.327000000000000846,-0.013561054044467549
1.328000000000000957,-0.013465395945613471
1.329000000000001069,-0.013370032436438467
1.330000000000000959,-0.013274961068098065
1.331000000000000849,-0.013180179413347958
1.332000000000000961,-0.013085685066384491
1.333000000000001073,-0.012991475642689845
1.334000000000000963,-0.012897548778875976
1.335000000000000853,-0.012803902132523129
1.336000000000000965,-0.012710533382033817
1.337000000000001076,-0.012617440226470988
1.338000000000000966,-0.012524620385408722
1.339000000000000856,-0.012432071598779609
1.340000000000000968,-0.012339791626723110
1.341000000000001080,-0.012247778249433825
1.342000000000000970,-0.012156029267015677
1.343000000000000860,-0.012064542499327624
1.344000000000000972,-0.011973315785842171
1.345000000000001084,-0.011882346985495285
1.346000000000000973,-0.011791633976538698
1.347000000000000863,-0.011701174656397983
1.348000000000000975,-0.011610966941525584
1.349000000000001087,-0.011521008767260785
1.350000000000000977,-0.011431298087683433
1.351000000000000867,-0.011341832875475971
1.352000000000000979,-0.011252611121776335
1.353000000000001091,-0.011163630836046648
1.354000000000000981,-0.011074890045929561
1.355000000000000870,-0.010986386797106706
1.356000000000000982,-0.010898119153166025
1.357000000000001094,-0.010810085195466262
1.358000000000000984,-0.010722283022995896
1.359000000000000874,-0.010634710752240562
1.360000000000000986,-0.010547366517051932
1.361000000000001098,-0.010460248468510906
1.362000000000000988,-0.010373354774795573
1.363000000000000878,-0.010286683621049347
1.364000000000000989,-0.010200233209254301
1.365000000000001101,-0.010114001758095265
1.366000000000000991,-0.010027987502832663
1.367000000000000881,-0.009942188695176513
1.368000000000000993,-0.009856603603156494
1.369000000000001105,-0.009771230510995734
1.370000000000000995,-0.009686067718984994
1.371000000000000885,-0.009601113543355789
1.372000000000000997,-0.009516366316159769
1.373000000000001108,-0.009431824385144052
1.374000000000000998,-0.009347486113620360
1.375000000000000888,-0.009263349880358629
1.376000000000001000,-0.009179414079451376
1.377000000000001112,-0.009095677120201184
1.378000000000001002,-0.009012137426997682
1.379000000000000892,-0.008928793439199046
1.380000000000001004,-0.008845643611015700
1.381000000000001116,-0.008762686411391187
1.382000000000001005,-0.008679920323884737
1.383000000000000895,-0.008597343846557016
1.384000000000001007,-0.008514955491854607
1.385000000000001119,-0.008432753786495096
1.386000000000001009,-0.008350737271354432
1.387000000000000899,-0.008268904501350025
1.388000000000001011,-0.008187254045338283
1.389000000000001123,-0.008105784485989484
1.390000000000001013,-0.008024494419688577
1.391000000000000902,-0.007943382456418740
1.392000000000001014,-0.007862447219654300
1.393000000000001126,-0.007781687346252337
1.394000000000001016,-0.007701101486345371
1.395000000000000906,-0.007620688303232395
1.396000000000001018,-0.007540446473272006
1.397000000000001130,-0.007460374685779777
1.398000000000001020,-0.007380471642922109
1.399000000000000909,-0.007300736059609667
1.400000000000001021,-0.007221166663394807
1.401000000000001133,-0.007141762194372253
1.402000000000001023,-0.007062521405070526
1.403000000000000913,-0.006983443060354641
1.404000000000001025,-0.006904525937325700
1.405000000000001137,-0.006825768825216866
1.406000000000001027,-0.006747170525296675
1.407000000000000917,-0.006668729850772603
1.408000000000001029,-0.006590445626685123
1.409000000000001140,-0.006512316689819197
1.410000000000001030,-0.006434341888600229
1.411000000000000920,-0.006356520083003381
1.412000000000001032,-0.006278850144452947
1.413000000000001144,-0.006201330955732099
1.414000000000001034,-0.006123961410885325
1.415000000000000924,-0.006046740415125896
1.416000000000001036,-0.005969666884743466
1.417000000000001148,-0.005892739747012389
1.418000000000001037,-0.005815957940097215
1.419000000000000927,-0.005739320412963516
1.420000000000001039,-0.005662826125287135
1.421000000000001151,-0.005586474047365451
1.422000000000001041,-0.005510263160028011
1.423000000000000931,-0.005434192454544265
1.424000000000001043,-0.005358260932540142
1.425000000000001155,-0.005282467605909717
1.426000000000001044,-0.005206811496726991
1.427000000000000934,-0.005131291637161315
1.428000000000001046,-0.005055907069390112
1.429000000000001158,-0.004980656845514088
1.430000000000001048,-0.004905540027477727
1.431000000000000938,-0.004830555686976667
1.432000000000001050,-0.004755702905382209
1.433000000000001162,-0.004680980773656176
1.434000000000001052,-0.004606388392266274
1.435000000000000941,-0.004531924871110607
1.436000000000001053,-0.004457589329430706
1.437000000000001165,-0.004383380895733062
1.438000000000001055,-0.004309298707713454
1.439000000000000945,-0.004235341912172191
1.440000000000001057,-0.004161509664939827
1.441000000000001169,-0.004087801130793906
1.442000000000001059,-0.004014215483386574
1.443000000000000949,-0.003940751905168267
1.444000000000001060,-0.003867409587306950
1.445000000000001172,-0.003794187729611694
1.446000000000001062,-0.003721085540466055
1.447000000000000952,-0.003648102236741484
1.448000000000001064,-0.003575237043732666
1.449000000000001176,-0.003502489195080086
1.450000000000001066,-0.003429857932695258
1.451000000000000956,-0.003357342506690876
1.452000000000001068,-0.003284942175308381
1.453000000000001180,-0.003212656204843817
1.454000000000001069,-0.003140483869581529
1.455000000000000959,-0.003068424451719028
1.456000000000001071,-0.002996477241298205
1.457000000000001183,-0.002924641536139279
1.458000000000001073,-0.002852916641767607
1.459000000000000963,-0.002781301871345013
1.460000000000001075,-0.002709796545606259
1.461000000000001187,-0.002638399992784829
1.462000000000001076,-0.002567111548555978
1.463000000000000966,-0.002495930555958367
1.464000000000001078,-0.002424856365335286
1.465000000000001190,-0.002353888334270591
1.466000000000001080,-0.002283025827516389
1.467000000000000970,-0.002212268216935397
1.468000000000001082,-0.002141614881434220
1.469000000000001194,-0.002071065206898862
1.470000000000001084,-0.002000618586133025
1.471000000000000973,-0.001930274418793862
1.472000000000001085,-0.001860032111333312
1.473000000000001197,-0.001789891076932107
1.474000000000001087,-0.001719850735440619
1.475000000000000977,-0.001649910513316845
1.476000000000001089,-0.001580069843568890
1.477000000000001201,-0.001510328165692516
1.478000000000001091,-0.001440684925610559
1.479000000000000981,-0.001371139575618294
1.480000000000001092,-0.001301691574318907
1.481000000000001204,-0.001232340386572052
1.482000000000001094,-0.001163085483429734
1.483000000000000984,-0.001093926342084724
1.484000000000001096,-0.001024862445810960
1.485000000000001208,-0.000955893283903020
1.486000000000001098,-0.000887018351630244
1.487000000000000988,-0.000818237150172087
1.488000000000001100,-0.000749549186565203
1.489000000000001211,-0.000680953973653341
1.490000000000001101,-0.000612451030026579
1.491000000000000991,-0.000544039879970555
1.492000000000001103,-0.000475720053415569
1.493000000000001215,-0.000407491085877954
1.494000000000001105,-0.000339352518410741
1.495000000000000995,-0.000271303897552267
1.496000000000001107,-0.000203344775272005
1.497000000000001219,-0.000135474708919782
1.498000000000001108,-0.000067693261176285
1.499000000000000998,0.000000000000000000
