# Rutile-100-old_HISAA: HID 0.14621171572600097 HIE 0.5848468629040039 HIP 0.2689414213699952
# h[nm],U(h)[kJ/mol]
0.149999999999999994,257.216000436461399659
0.150999999999999995,255.429932456691773268
0.151999999999999996,254.439608858312851680
0.152999999999999997,253.616393256679714341
0.153999999999999998,252.710628188965188201
0.154999999999999999,251.662827261984716642
0.156000000000000000,250.496294671240860907
0.157000000000000001,249.259751560814947879
0.158000000000000002,247.999668624268878148
0.159000000000000002,246.749445502839193978
0.160000000000000003,245.527494595579639736
0.161000000000000004,244.339486635524224312
0.162000000000000005,243.182058246305132343
0.163000000000000006,242.046554394700336843
0.164000000000000007,240.922145973144552045
0.165000000000000008,239.798104314335404297
0.166000000000000009,238.665250801142747150
0.167000000000000010,237.516710716931299885
0.168000000000000010,236.348138089494369751
0.169000000000000011,235.157575696833987422
0.170000000000000012,233.945092220383486392
0.171000000000000013,232.712309055050781126
0.172000000000000014,231.461899457653117906
0.173000000000000015,230.197116092931111098
0.174000000000000016,228.921381108490720635
0.175000000000000017,227.637955921534341996
0.176000000000000018,226.349695565941544828
0.177000000000000018,225.058884059334559424
0.178000000000000019,223.767142041763690941
0.179000000000000020,222.475395168275042579
0.180000000000000021,221.183890747047428249
0.181000000000000022,219.892250350287952188
0.182000000000000023,218.599547144818274091
0.183000000000000024,217.304398154412297117
0.184000000000000025,216.005063327217555980
0.185000000000000026,214.699544964124527269
0.186000000000000026,213.385682652165939999
0.187000000000000027,212.061240271095897469
0.188000000000000028,210.723982865366338046
0.189000000000000029,209.371742186265493046
0.190000000000000030,208.002470515068921486
0.191000000000000031,206.614282993288668422
0.192000000000000032,205.205489132186528423
0.193000000000000033,203.774614475043961193
0.194000000000000034,202.320413567141997646
0.195000000000000034,200.841875473764901017
0.196000000000000035,199.338223097526594074
0.197000000000000036,197.808907502092495179
0.198000000000000037,196.253598366316623469
0.199000000000000038,194.672171584569241531
0.200000000000000039,193.064694906616949766
0.201000000000000040,191.431412382487110335
0.202000000000000041,189.772728250877690925
0.203000000000000042,188.089190788634624596
0.204000000000000042,186.381476526902190471
0.205000000000000043,184.650375138809721420
0.206000000000000044,182.896775215087757260
0.207000000000000045,181.121651068132365481
0.208000000000000046,179.326050641532560803
0.209000000000000047,177.511084550305071161
0.210000000000000048,175.677916236124360694
0.211000000000000049,173.827753190628641278
0.212000000000000050,171.961839177240193521
0.213000000000000050,170.081447366696409063
0.214000000000000051,168.187874292468563908
0.215000000000000052,166.282434528367588200
0.216000000000000053,164.366455990876005444
0.217000000000000054,162.441275772193051807
0.218000000000000055,160.508236415824029564
0.219000000000000056,158.568682554083579817
0.220000000000000057,156.623957835509457936
0.221000000000000058,154.675402079410076794
0.222000000000000058,152.724348604168653765
0.223000000000000059,150.772121685191081042
0.224000000000000060,148.820034107244339339
0.225000000000000061,146.869384784213679040
0.226000000000000062,144.921456426865972844
0.227000000000000063,142.977513245969504396
0.228000000000000064,141.038798684037118392
0.229000000000000065,139.106533174015851273
0.230000000000000066,137.181911927461499090
0.231000000000000066,135.266102758138572426
0.232000000000000067,133.360243949625555615
0.233000000000000068,131.465442177440650084
0.234000000000000069,129.582770497500405327
0.235000000000000070,127.713266413452529946
0.236000000000000071,125.857930035653978962
0.237000000000000072,124.017722344370781684
0.238000000000000073,122.193563569218895282
0.239000000000000073,120.386331696020533855
0.240000000000000074,118.596861111164045610
0.241000000000000075,116.825941392300677535
0.242000000000000076,115.074316252823535933
0.243000000000000077,113.342682646108656286
0.244000000000000078,111.631690033990395250
0.245000000000000079,109.941939822428025764
0.246000000000000080,108.273984965831658656
0.247000000000000081,106.628329740069233367
0.248000000000000081,105.005429682804560798
0.249000000000000082,103.405691698523710897
0.250000000000000111,101.829474324415443220
0.251000000000000112,100.277088152183182501
0.252000000000000113,98.748796399889997133
0.253000000000000114,97.244815627080257059
0.254000000000000115,95.765316585677254579
0.255000000000000115,94.310425198528989199
0.256000000000000116,92.880223656961121037
0.257000000000000117,91.474751628290576377
0.258000000000000118,90.094007563955116780
0.259000000000000119,88.737950098712005342
0.260000000000000120,87.406499531250801738
0.261000000000000121,86.099539376542026048
0.262000000000000122,84.816917980298512703
0.263000000000000123,83.558450186052468212
0.264000000000000123,82.323919045539952322
0.265000000000000124,81.113077563330776343
0.266000000000000125,79.925650466936204452
0.267000000000000126,78.761335993963456303
0.268000000000000127,77.619807688257793643
0.269000000000000128,76.500716197375297156
0.270000000000000129,75.403691064153790080
0.271000000000000130,74.328342505590640599
0.272000000000000131,73.274263172693451907
0.273000000000000131,72.241029885430663171
0.274000000000000132,71.228205337377104911
0.275000000000000133,70.235339765115554655
0.276000000000000134,69.261972577917944704
0.277000000000000135,68.307633943686866473
0.278000000000000136,67.371846327584023584
0.279000000000000137,66.454125980206697477
0.280000000000000138,65.553984372595934360
0.281000000000000139,64.670929575764233732
0.282000000000000139,63.804467582819825111
0.283000000000000140,62.954103572135934996
0.284000000000000141,62.119343110363800520
0.285000000000000142,61.299693294422795020
0.286000000000000143,60.494663831911211105
0.287000000000000144,59.703768059675113022
0.288000000000000145,58.926523900544196977
0.289000000000000146,58.162454758495975682
0.290000000000000147,57.411090352740984599
0.291000000000000147,56.671967491435154329
0.292000000000000148,55.944630785918263882
0.293000000000000149,55.228633306552666227
0.294000000000000150,54.523537181393031403
0.295000000000000151,53.828914139057722821
0.296000000000000152,53.144345997294927031
0.297000000000000153,52.469425098844347133
0.298000000000000154,51.803754696286503645
0.299000000000000155,51.146949287649889015
0.300000000000000155,50.498634904610149476
0.301000000000000156,49.858449355167294925
0.302000000000000157,49.226042422725548420
0.303000000000000158,48.601076023530673353
0.304000000000000159,47.983224324436022812
0.305000000000000160,47.372173822978588476
0.306000000000000161,46.767623391745921424
0.307000000000000162,46.169284289006284894
0.308000000000000163,45.576880137559832917
0.309000000000000163,44.990146873746184042
0.310000000000000164,44.408832668515621833
0.311000000000000165,43.832697822438312585
0.312000000000000166,43.261514636487447660
0.313000000000000167,42.695067260390167974
0.314000000000000168,42.133151520294283898
0.315000000000000169,41.575574727449279067
0.316000000000000170,41.022155469549048235
0.317000000000000171,40.472723386329100492
0.318000000000000171,39.927118930955806775
0.319000000000000172,39.385193118687467972
0.320000000000000173,38.846807264228914391
0.321000000000000174,38.311832709142528586
0.322000000000000175,37.780150540618244293
0.323000000000000176,37.251651302846511271
0.324000000000000177,36.726234702177407598
0.325000000000000178,36.203809307190788047
0.326000000000000179,35.684292244742792377
0.327000000000000179,35.167608892996469194
0.328000000000000180,34.653692572386773918
0.329000000000000181,34.142484235414144678
0.330000000000000182,33.633932156105785793
0.331000000000000183,33.127991619929893830
0.332000000000000184,32.624624614895822106
0.333000000000000185,32.123799524522283377
0.334000000000000186,31.625490823305906218
0.335000000000000187,31.129678775274918223
0.336000000000000187,30.636349136166291629
0.337000000000000188,30.145492859720349088
0.338000000000000189,29.657105808543615666
0.339000000000000190,29.171188469949573374
0.340000000000000191,28.687745677147670875
0.341000000000000192,28.206786336113250258
0.342000000000000193,27.728323158434221796
0.343000000000000194,27.252372400396865260
0.344000000000000195,26.778953608540206233
0.345000000000000195,26.308089371876551610
0.346000000000000196,25.839805080947762406
0.347000000000000197,25.374128693857503691
0.348000000000000198,24.911090509394789194
0.349000000000000199,24.450722947338249469
0.350000000000000200,23.993060336008188216
0.351000000000000201,23.538138707111023962
0.352000000000000202,23.085995597900772935
0.353000000000000203,22.636669860662955500
0.354000000000000203,22.190201479508335325
0.355000000000000204,21.746631394448115771
0.356000000000000205,21.306001332706305362
0.357000000000000206,20.868353647210934554
0.358000000000000207,20.433731162193371489
0.359000000000000208,20.002177025812720501
0.360000000000000209,19.573734569711145781
0.361000000000000210,19.148447175396974274
0.362000000000000210,18.726358147342583749
0.363000000000000211,18.307510592676710104
0.364000000000000212,17.891947307343350815
0.365000000000000213,17.479710668593078537
0.366000000000000214,17.070842533667168084
0.367000000000000215,16.665384144529884480
0.368000000000000216,16.263376038500002352
0.369000000000000217,15.864857964629592857
0.370000000000000218,15.469868805674369838
0.371000000000000218,15.078446505498432018
0.372000000000000219,14.690628001753555765
0.373000000000000220,14.306449163672317226
0.374000000000000221,13.925944734813548109
0.375000000000000222,13.549148280598060978
0.376000000000000223,13.176092140471981295
0.377000000000000224,12.806807384536620376
0.378000000000000225,12.441323774483244335
0.379000000000000226,12.079669728672978835
0.380000000000000226,11.721872291202807048
0.381000000000000227,11.367957104800632706
0.382000000000000228,11.017948387393875720
0.383000000000000229,10.671868912198366530
0.384000000000000230,10.329739991176269953
0.385000000000000231,9.991581461714430290
0.386000000000000232,9.657411676377101628
0.387000000000000233,9.327247495589439552
0.388000000000000234,9.001104283111544646
0.389000000000000234,8.678995904165372366
0.390000000000000235,8.360934726079895185
0.391000000000000236,8.046931621323588857
0.392000000000000237,7.736995972795726928
0.393000000000000238,7.431135681251948455
0.394000000000000239,7.129357174742581016
0.395000000000000240,6.831665419945466944
0.396000000000000241,6.538063935278759509
0.397000000000000242,6.248554805682150715
0.398000000000000242,5.963138698958786676
0.399000000000000243,5.681814883573402142
0.400000000000000244,5.404581247805175792
0.401000000000000245,5.131434320158047235
0.402000000000000246,4.862369290934068111
0.403000000000000247,4.597380034878229438
0.404000000000000248,4.336459134807761018
0.405000000000000249,4.079597906140870478
0.406000000000000250,3.826786422243982244
0.407000000000000250,3.578013540519231039
0.408000000000000251,3.333266929157187697
0.409000000000000252,3.092533094483198575
0.410000000000000253,2.855797408828019357
0.411000000000000254,2.623044138857214769
0.412000000000000255,2.394256474296087234
0.413000000000000256,2.169416556989808953
0.414000000000000257,1.948505510241629990
0.415000000000000258,1.731503468373992050
0.416000000000000258,1.518389606460871732
0.417000000000000259,1.309142170181387677
0.418000000000000260,1.103738505748024679
0.419000000000000261,0.902155089864357662
0.420000000000000262,0.704367559670597720
0.421000000000000263,0.510350742636392574
0.422000000000000264,0.320078686363685028
0.423000000000000265,0.133524688263548269
0.424000000000000266,-0.049338674926181991
0.425000000000000266,-0.228539517814054155
0.426000000000000267,-0.404106617248570332
0.427000000000000268,-0.576069383459707374
0.428000000000000269,-0.744457831474229947
0.429000000000000270,-0.909302552828988420
0.430000000000000271,-1.070634687604373303
0.431000000000000272,-1.228485896799005106
0.432000000000000273,-1.382888335064478280
0.433000000000000274,-1.533874623818122229
0.434000000000000274,-1.681477824749946892
0.435000000000000275,-1.825731413738525433
0.436000000000000276,-1.966669255189446242
0.437000000000000277,-2.104325576808553588
0.438000000000000278,-2.238734944820943262
0.439000000000000279,-2.369932239645636596
0.440000000000000280,-2.497952632034628362
0.441000000000000281,-2.622831559683944214
0.442000000000000282,-2.744604704323515332
0.443000000000000282,-2.863307969291305710
0.444000000000000283,-2.978977457596739598
0.445000000000000284,-3.091649450477030214
0.446000000000000285,-3.201360386449695117
0.447000000000000286,-3.308146840863424920
0.448000000000000287,-3.412045505948748669
0.449000000000000288,-3.513093171369469747
0.450000000000000289,-3.611326705274795046
0.451000000000000290,-3.706783035851778152
0.452000000000000290,-3.799499133377062687
0.453000000000000291,-3.889511992765979365
0.454000000000000292,-3.976858616617079623
0.455000000000000293,-4.061575998749296978
0.456000000000000294,-4.143701108228490249
0.457000000000000295,-4.223270873880043297
0.458000000000000296,-4.300322169283109730
0.459000000000000297,-4.374891798242550145
0.460000000000000298,-4.447016480733473998
0.461000000000000298,-4.516732839313583270
0.462000000000000299,-4.584077385997776588
0.463000000000000300,-4.649086509589394289
0.464000000000000301,-4.711796463462357920
0.465000000000000302,-4.772243353787825271
0.466000000000000303,-4.830463128199133926
0.467000000000000304,-4.886491564888656214
0.468000000000000305,-4.940364262129405937
0.469000000000000306,-4.992116628214940732
0.470000000000000306,-5.041783871810430639
0.471000000000000307,-5.089400992707535210
0.472000000000000308,-5.135002772976081431
0.473000000000000309,-5.178623768505201674
0.474000000000000310,-5.220298300926255131
0.475000000000000311,-5.260060449910341163
0.476000000000000312,-5.297944045832624127
0.477000000000000313,-5.333982662796111995
0.478000000000000314,-5.368209612007007081
0.479000000000000314,-5.400657935494256989
0.480000000000000315,-5.431360400165446300
0.481000000000000316,-5.460349492191587828
0.482000000000000317,-5.487657411712964617
0.483000000000000318,-5.513316067858617942
0.484000000000000319,-5.537357074071784346
0.485000000000000320,-5.559811743733663825
0.486000000000000321,-5.580711086078226302
0.487000000000000322,-5.600085802390410095
0.488000000000000322,-5.617966282480231222
0.489000000000000323,-5.634382601425810044
0.490000000000000324,-5.649364516577622730
0.491000000000000325,-5.662941464816999115
0.492000000000000326,-5.675142560061649633
0.493000000000000327,-5.685996591011267753
0.494000000000000328,-5.695532019125989720
0.495000000000000329,-5.703776976831184342
0.496000000000000330,-5.710759265941307561
0.497000000000000330,-5.716506356296733316
0.498000000000000331,-5.721045384606134654
0.499000000000000332,-5.724403153488768048
0.500000000000000333,-5.726606130709666509
0.501000000000000334,-5.727680448601486063
0.502000000000000335,-5.727651903667132061
0.503000000000000336,-5.726545956356650535
0.504000000000000337,-5.724387731012724245
0.505000000000000338,-5.721202015978605004
0.506000000000000338,-5.717013263862921413
0.507000000000000339,-5.711845591955599488
0.508000000000000340,-5.705722782789194092
0.509000000000000341,-5.698668284840598730
0.510000000000000342,-5.690705213367197146
0.511000000000000343,-5.681856351372813307
0.512000000000000344,-5.672144150697860709
0.513000000000000345,-5.661590733228962335
0.514000000000000346,-5.650217892223153626
0.515000000000000346,-5.638047093741626270
0.516000000000000347,-5.625099478188555047
0.517000000000000348,-5.611395861950436270
0.518000000000000349,-5.596956739131256242
0.519000000000000350,-5.581802283379463603
0.520000000000000351,-5.565952349802034682
0.521000000000000352,-5.549426476962076471
0.522000000000000353,-5.532243888955302502
0.523000000000000353,-5.514423497561890208
0.524000000000000354,-5.495983904469713188
0.525000000000000355,-5.476943403565156743
0.526000000000000356,-5.457319983287947096
0.527000000000000357,-5.437131329046508199
0.528000000000000358,-5.416394825690216130
0.529000000000000359,-5.395127560035493097
0.530000000000000360,-5.373346323442093286
0.531000000000000361,-5.351067614436814779
0.532000000000000361,-5.328307641381328175
0.533000000000000362,-5.305082325181188274
0.534000000000000363,-5.281407302033136020
0.535000000000000364,-5.257297926207993299
0.536000000000000365,-5.232769272866190313
0.537000000000000366,-5.207836140903610023
0.538000000000000367,-5.182513055824803594
0.539000000000000368,-5.156814272641580210
0.540000000000000369,-5.130753778794074016
0.541000000000000369,-5.104345297092461209
0.542000000000000370,-5.077602288676588138
0.543000000000000371,-5.050537955991850403
0.544000000000000372,-5.023165245778797861
0.545000000000000373,-4.995496852074786887
0.546000000000000374,-4.967545219225478093
0.547000000000000375,-4.939322544904428014
0.548000000000000376,-4.910840783138963772
0.549000000000000377,-4.882111647340536820
0.550000000000000377,-4.853146613337973925
0.551000000000000378,-4.823956922411754888
0.552000000000000379,-4.794553584328211215
0.553000000000000380,-4.764947380371638452
0.554000000000000381,-4.735148866373178222
0.555000000000000382,-4.705168375735180319
0.556000000000000383,-4.675016022449277386
0.557000000000000384,-4.644701704107507823
0.558000000000000385,-4.614235104904662599
0.559000000000000385,-4.583625698631128564
0.560000000000000386,-4.552882751654954596
0.561000000000000387,-4.522015325891994841
0.562000000000000388,-4.491032281763160938
0.563000000000000389,-4.459942281137971420
0.564000000000000390,-4.428753790263141532
0.565000000000000391,-4.397475082675640579
0.566000000000000392,-4.366114242099126130
0.567000000000000393,-4.334679165323218619
0.568000000000000393,-4.303177565064533638
0.569000000000000394,-4.271616972808987001
0.570000000000000395,-4.240004741634695762
0.571000000000000396,-4.208348049014558612
0.572000000000000397,-4.176653899598297137
0.573000000000000398,-4.144929127973018268
0.574000000000000399,-4.113180401402020792
0.575000000000000400,-4.081414222541120296
0.576000000000000401,-4.049636932132157696
0.577000000000000401,-4.017854711673296109
0.578000000000000402,-3.986073586065411067
0.579000000000000403,-3.954299426234444859
0.580000000000000404,-3.922537951729389682
0.581000000000000405,-3.890794733295213081
0.582000000000000406,-3.859075195420921034
0.583000000000000407,-3.827384618861953580
0.584000000000000408,-3.795728143137117705
0.585000000000000409,-3.764110768999507695
0.586000000000000409,-3.732537360881248212
0.587000000000000410,-3.701012649312098723
0.588000000000000411,-3.669541233311314432
0.589000000000000412,-3.638127582753146516
0.590000000000000413,-3.606776040705327979
0.591000000000000414,-3.575490825740794687
0.592000000000000415,-3.544276034222476834
0.593000000000000416,-3.513135642560885508
0.594000000000000417,-3.482073509444639559
0.595000000000000417,-3.451093378044023385
0.596000000000000418,-3.420198878186957892
0.597000000000000419,-3.389393528508222619
0.598000000000000420,-3.358680738571092839
0.599000000000000421,-3.328063810962078151
0.600000000000000422,-3.297545943358326959
0.601000000000000423,-3.267130230567973470
0.602000000000000424,-3.236819666543468976
0.603000000000000425,-3.206617146367859217
0.604000000000000425,-3.176525468214135284
0.605000000000000426,-3.146547335277779744
0.606000000000000427,-3.116685357682664748
0.607000000000000428,-3.086942054360025889
0.608000000000000429,-3.057319854901364931
0.609000000000000430,-3.027821101384514435
0.610000000000000431,-2.998448050173796897
0.611000000000000432,-2.969202873693873368
0.612000000000000433,-2.940087662177654604
0.613000000000000433,-2.911104425388464811
0.614000000000000434,-2.882255094316544142
0.615000000000000435,-2.853541522850010725
0.616000000000000436,-2.824965489420502518
0.617000000000000437,-2.796528698623896414
0.618000000000000438,-2.768232782815882587
0.619000000000000439,-2.740079303682798617
0.620000000000000440,-2.712069753788085347
0.621000000000000441,-2.684205558094231225
0.622000000000000441,-2.656488075460693654
0.623000000000000442,-2.628918600117780002
0.624000000000000443,-2.601498363116873769
0.625000000000000444,-2.574228533757211057
0.626000000000000445,-2.547110220989215357
0.627000000000000446,-2.520144474794975054
0.628000000000000447,-2.493332287545705572
0.629000000000000448,-2.466674595336725062
0.630000000000000449,-2.440172279299978264
0.631000000000000449,-2.413826166894451397
0.632000000000000450,-2.387637033174679679
0.633000000000000451,-2.361605602037577523
0.634000000000000452,-2.335732547447742835
0.635000000000000453,-2.310018494641755460
0.636000000000000454,-2.284464021311239268
0.637000000000000455,-2.259069658765499256
0.638000000000000456,-2.233835893073402801
0.639000000000000457,-2.208763166185195637
0.640000000000000457,-2.183851877034288513
0.641000000000000458,-2.159102382619174865
0.642000000000000459,-2.134514999066042140
0.643000000000000460,-2.110090002671857423
0.644000000000000461,-2.085827630928630771
0.645000000000000462,-2.061728083528794997
0.646000000000000463,-2.037791523352011858
0.647000000000000464,-2.014018077433727516
0.648000000000000465,-1.990407837915670219
0.649000000000000465,-1.966960862978426983
0.650000000000000466,-1.943677177756581331
0.651000000000000467,-1.920556775236332392
0.652000000000000468,-1.897599617136152217
0.653000000000000469,-1.874805634770432050
0.654000000000000470,-1.852174729896636673
0.655000000000000471,-1.829706775545927755
0.656000000000000472,-1.807401616837656766
0.657000000000000473,-1.785259071777916207
0.658000000000000473,-1.763278932042416036
0.659000000000000474,-1.741460963743773682
0.660000000000000475,-1.719804908183709236
0.661000000000000476,-1.698310482590009940
0.662000000000000477,-1.676977380838883258
0.663000000000000478,-1.655805274162554852
0.664000000000000479,-1.634793811842708555
0.665000000000000480,-1.613942621889497664
0.666000000000000481,-1.593251311706951334
0.667000000000000481,-1.572719468744347759
0.668000000000000482,-1.552346661134425654
0.669000000000000483,-1.532132438317990397
0.670000000000000484,-1.512076331655656247
0.671000000000000485,-1.492177855026650901
0.672000000000000486,-1.472436505414917329
0.673000000000000487,-1.452851763482857717
0.674000000000000488,-1.433423094132715514
0.675000000000000488,-1.414149947055910239
0.676000000000000489,-1.395031757270667638
0.677000000000000490,-1.376067945647725166
0.678000000000000491,-1.357257919424788017
0.679000000000000492,-1.338601072709608264
0.680000000000000493,-1.320096786971974190
0.681000000000000494,-1.301744431524836987
0.682000000000000495,-1.283543363994661402
0.683000000000000496,-1.265492930781313419
0.684000000000000496,-1.247592467507555813
0.685000000000000497,-1.229841299458334536
0.686000000000000498,-1.212238742010158576
0.687000000000000499,-1.194784101050573089
0.688000000000000500,-1.177476673387993111
0.689000000000000501,-1.160315747152104393
0.690000000000000502,-1.143300602184918358
0.691000000000000503,-1.126430510422686382
0.692000000000000504,-1.109704736268770420
0.693000000000000504,-1.093122536957863655
0.694000000000000505,-1.076683162911298730
0.695000000000000506,-1.060385858084097022
0.696000000000000507,-1.044229860303510282
0.697000000000000508,-1.028214401599403249
0.698000000000000509,-1.012338708526645537
0.699000000000000510,-0.996602002479510474
0.700000000000000511,-0.981003499998424400
0.701000000000000512,-0.965542413069054417
0.702000000000000512,-0.950217949413933005
0.703000000000000513,-0.935029312776781363
0.704000000000000514,-0.919975703199668482
0.705000000000000515,-0.905056317293064905
0.706000000000000516,-0.890270348499053177
0.707000000000000517,-0.875616987347756282
0.708000000000000518,-0.861095421706996156
0.709000000000000519,-0.846704837025676005
0.710000000000000520,-0.832444416570525481
0.711000000000000520,-0.818313341656732085
0.712000000000000521,-0.804310791872389741
0.713000000000000522,-0.790435945296867781
0.714000000000000523,-0.776687978713426763
0.715000000000000524,-0.763066067815864613
0.716000000000000525,-0.749569387409632526
0.717000000000000526,-0.736197111607389099
0.718000000000000527,-0.722948414018975249
0.719000000000000528,-0.709822467936224610
0.720000000000000528,-0.696818446512507794
0.721000000000000529,-0.683935522937051621
0.722000000000000530,-0.671172870604424099
0.723000000000000531,-0.658529663278918376
0.724000000000000532,-0.646005075254329042
0.725000000000000533,-0.633598281508877759
0.726000000000000534,-0.621308457855562657
0.727000000000000535,-0.609134781088038202
0.728000000000000536,-0.597076429122050056
0.729000000000000536,-0.585132581132516427
0.730000000000000537,-0.573302417686483490
0.731000000000000538,-0.561585120871784360
0.732000000000000539,-0.549979874421795190
0.733000000000000540,-0.538485863836140943
0.734000000000000541,-0.527102276497572686
0.735000000000000542,-0.515828301784942433
0.736000000000000543,-0.504663131182678137
0.737000000000000544,-0.493605958386374999
0.738000000000000544,-0.482655979405071267
0.739000000000000545,-0.471812392659862967
0.740000000000000546,-0.461074399079255293
0.741000000000000547,-0.450441202191097512
0.742000000000000548,-0.439912008211429228
0.743000000000000549,-0.429486026129929921
0.744000000000000550,-0.419162467792459137
0.745000000000000551,-0.408940547980470859
0.746000000000000552,-0.398819484487557552
0.747000000000000552,-0.388798498192983510
0.748000000000000553,-0.378876813132486501
0.749000000000000554,-0.369053656566279420
0.750000000000000555,-0.359328259044386922
0.751000000000000556,-0.349699854469295357
0.752000000000000557,-0.340167680156161611
0.753000000000000558,-0.330730976890282524
0.754000000000000559,-0.321388988982394985
0.755000000000000560,-0.312140964321343028
0.756000000000000560,-0.302986154424620513
0.757000000000000561,-0.293923814486425961
0.758000000000000562,-0.284953203423659207
0.759000000000000563,-0.276073583919684062
0.760000000000000564,-0.267284222466016574
0.761000000000000565,-0.258584389401864012
0.762000000000000566,-0.249973358951765340
0.763000000000000567,-0.241450409261179721
0.764000000000000568,-0.233014822430195750
0.765000000000000568,-0.224665884545436401
0.766000000000000569,-0.216402885710019255
0.767000000000000570,-0.208225120071890424
0.768000000000000571,-0.200131885850294289
0.769000000000000572,-0.192122485360672501
0.770000000000000573,-0.184196225037876582
0.771000000000000574,-0.176352415457800088
0.772000000000000575,-0.168590371357448809
0.773000000000000576,-0.160909411653498063
0.774000000000000576,-0.153308859459383634
0.775000000000000577,-0.145788042100983201
0.776000000000000578,-0.138346291130856752
0.777000000000000579,-0.130982942341182157
0.778000000000000580,-0.123697335775323117
0.779000000000000581,-0.116488815738159918
0.780000000000000582,-0.109356730805141925
0.781000000000000583,-0.102300433830149709
0.782000000000000584,-0.095319281952157428
0.783000000000000584,-0.088412636600758723
0.784000000000000585,-0.081579863500606545
0.785000000000000586,-0.074820332674705281
0.786000000000000587,-0.068133418446741034
0.787000000000000588,-0.061518499442329476
0.788000000000000589,-0.054974958589263517
0.789000000000000590,-0.048502183116901368
0.790000000000000591,-0.042099564554492368
0.791000000000000592,-0.035766498728681470
0.792000000000000592,-0.029502385760133035
0.793000000000000593,-0.023306630059250166
0.794000000000000594,-0.017178640321157165
0.795000000000000595,-0.011117829519819534
0.796000000000000596,-0.005123614901401433
0.797000000000000597,0.000804582023102950
0.798000000000000598,0.006667335485963903
0.799000000000000599,0.012465215471554835
0.800000000000000600,0.018198787725777182
0.801000000000000600,0.023868613766247791
0.802000000000000601,0.029475250893045216
0.803000000000000602,0.035019252200093887
0.804000000000000603,0.040501166587136664
0.805000000000000604,0.045921538772241907
0.806000000000000605,0.051280909304977612
0.807000000000000606,0.056579814579947915
0.808000000000000607,0.061818786850969920
0.809000000000000608,0.066998354245714528
0.810000000000000608,0.072119040780731614
0.811000000000000609,0.077181366377155780
0.812000000000000610,0.082185846876526567
0.813000000000000611,0.087132994057363591
0.814000000000000612,0.092023315651920803
0.815000000000000613,0.096857315363407415
0.816000000000000614,0.101635492883602005
0.817000000000000615,0.106358343910817221
0.818000000000000616,0.111026360168169830
0.819000000000000616,0.115640029422216642
0.820000000000000617,0.120199835501934360
0.821000000000000618,0.124706258317917651
0.822000000000000619,0.129159773881924955
0.823000000000000620,0.133560854326701145
0.824000000000000621,0.137909967926069688
0.825000000000000622,0.142207579115201849
0.826000000000000623,0.146454148511196758
0.827000000000000624,0.150650132933893843
0.828000000000000624,0.154795985426816080
0.829000000000000625,0.158892155278421932
0.830000000000000626,0.162939088043469044
0.831000000000000627,0.166937225564581071
0.832000000000000628,0.170887005993997948
0.833000000000000629,0.174788863815477147
0.834000000000000630,0.178643229866345010
0.835000000000000631,0.182450531359683005
0.836000000000000631,0.186211191906668294
0.837000000000000632,0.189925631538973461
0.838000000000000633,0.193594266731370479
0.839000000000000634,0.197217510424376352
0.840000000000000635,0.200795772046985704
0.841000000000000636,0.204329457539550813
0.842000000000000637,0.207818969376674823
0.843000000000000638,0.211264706590215345
0.844000000000000639,0.214667064792354451
0.845000000000000639,0.218026436198682227
0.846000000000000640,0.221343209651422346
0.847000000000000641,0.224617770642545511
0.848000000000000642,0.227850501337103939
0.849000000000000643,0.231041780596470764
0.850000000000000644,0.234191984001597520
0.851000000000000645,0.237301483876382890
0.852000000000000646,0.240370649310973905
0.853000000000000647,0.243399846185074681
0.854000000000000647,0.246389437191317118
0.855000000000000648,0.249339781858555487
0.856000000000000649,0.252251236575169124
0.857000000000000650,0.255124154612374365
0.858000000000000651,0.257958886147500344
0.859000000000000652,0.260755778287235618
0.860000000000000653,0.263515175090806242
0.861000000000000654,0.266237417593229997
0.862000000000000655,0.268922843828391933
0.863000000000000655,0.271571788852179308
0.864000000000000656,0.274184584765501227
0.865000000000000657,0.276761560737341483
0.866000000000000658,0.279303043027643194
0.867000000000000659,0.281809355010202267
0.868000000000000660,0.284280817195517121
0.869000000000000661,0.286717747253532551
0.870000000000000662,0.289120460036312976
0.871000000000000663,0.291489267600628210
0.872000000000000663,0.293824479230568592
0.873000000000000664,0.296126401459912036
0.874000000000000665,0.298395338094570306
0.875000000000000666,0.300631590234816781
0.876000000000000667,0.302835456297548822
0.877000000000000668,0.305007232038370379
0.878000000000000669,0.307147210573599949
0.879000000000000670,0.309255682402239107
0.880000000000000671,0.311332935427756696
0.881000000000000671,0.313379254979877397
0.882000000000000672,0.315394923836141983
0.883000000000000673,0.317380222243499377
0.884000000000000674,0.319335427939681005
0.885000000000000675,0.321260816174555042
0.886000000000000676,0.323156659731306251
0.887000000000000677,0.325023228947554976
0.888000000000000678,0.326860791736327705
0.889000000000000679,0.328669613606940025
0.890000000000000679,0.330449957685746143
0.891000000000000680,0.332202084736792802
0.892000000000000681,0.333926253182334376
0.893000000000000682,0.335622719123246704
0.894000000000000683,0.337291736359319527
0.895000000000000684,0.338933556409410364
0.896000000000000685,0.340548428531492531
0.897000000000000686,0.342136599742591807
0.898000000000000687,0.343698314838569385
0.899000000000000687,0.345233816413807959
0.900000000000000688,0.346743344880750926
0.901000000000000689,0.348227138489334453
0.902000000000000690,0.349685433346281938
0.903000000000000691,0.351118463434270889
0.904000000000000692,0.352526460630981531
0.905000000000000693,0.353909654728014278
0.906000000000000694,0.355268273449644623
0.907000000000000695,0.356602542471521733
0.908000000000000695,0.357912685439167544
0.909000000000000696,0.359198923986386087
0.910000000000000697,0.360461477753511006
0.911000000000000698,0.361700564405559088
0.912000000000000699,0.362916399650231758
0.913000000000000700,0.364109197255770456
0.914000000000000701,0.365279169068730203
0.915000000000000702,0.366426525031557759
0.916000000000000703,0.367551473200095680
0.917000000000000703,0.368654219760925828
0.918000000000000704,0.369734969048561346
0.919000000000000705,0.370793923562576289
0.920000000000000706,0.371831283984516148
0.921000000000000707,0.372847249194751706
0.922000000000000708,0.373842016289168022
0.923000000000000709,0.374815780595687209
0.924000000000000710,0.375768735690751421
0.925000000000000711,0.376701073415596388
0.926000000000000711,0.377612983892411491
0.927000000000000712,0.378504655540397750
0.928000000000000713,0.379376275091678483
0.929000000000000714,0.380228027607037888
0.930000000000000715,0.381060096491625533
0.931000000000000716,0.381872663510449961
0.932000000000000717,0.382665908803775379
0.933000000000000718,0.383440010902380446
0.934000000000000719,0.384195146742705163
0.935000000000000719,0.384931491681839100
0.936000000000000720,0.385649219512446462
0.937000000000000721,0.386348502477475708
0.938000000000000722,0.387029511284806671
0.939000000000000723,0.387692415121763001
0.940000000000000724,0.388337381669486503
0.941000000000000725,0.388964577117191124
0.942000000000000726,0.389574166176272940
0.943000000000000727,0.390166312094363255
0.944000000000000727,0.390741176669169243
0.945000000000000728,0.391298920262253380
0.946000000000000729,0.391839701812688901
0.947000000000000730,0.392363678850537356
0.948000000000000731,0.392871007510299242
0.949000000000000732,0.393361842544152074
0.950000000000000733,0.393836337335140285
0.951000000000000734,0.394294643910176990
0.952000000000000735,0.394736912952998953
0.953000000000000735,0.395163293816978067
0.954000000000000736,0.395573934537773952
0.955000000000000737,0.395968981845947587
0.956000000000000738,0.396348581179381321
0.957000000000000739,0.396712876695660743
0.958000000000000740,0.397062011284255445
0.959000000000000741,0.397396126578691111
0.960000000000000742,0.397715362968501296
0.961000000000000743,0.398019859611144999
0.962000000000000743,0.398309754443790742
0.963000000000000744,0.398585184194973075
0.964000000000000745,0.398846284396149942
0.965000000000000746,0.399093189393172842
0.966000000000000747,0.399326032357604777
0.967000000000000748,0.399544945297986454
0.968000000000000749,0.399750059070926256
0.969000000000000750,0.399941503392164832
0.970000000000000751,0.400119406847446124
0.971000000000000751,0.400283896903372072
0.972000000000000752,0.400435099918102611
0.973000000000000753,0.400573141151931711
0.974000000000000754,0.400698144777824727
0.975000000000000755,0.400810233891810086
0.976000000000000756,0.400909530523273272
0.977000000000000757,0.400996155645177099
0.978000000000000758,0.401070229184146254
0.979000000000000759,0.401131870030468962
0.980000000000000759,0.401181196048027211
0.981000000000000760,0.401218324084078537
0.982000000000000761,0.401243369978978082
0.983000000000000762,0.401256448575808000
0.984000000000000763,0.401257673729892794
0.985000000000000764,0.401247158318214781
0.986000000000000765,0.401225014248774881
0.987000000000000766,0.401191352469814133
0.988000000000000766,0.401146282978985136
0.989000000000000767,0.401089914832407246
0.990000000000000768,0.401022356153602988
0.991000000000000769,0.400943714142443786
0.992000000000000770,0.400854095083906792
0.993000000000000771,0.400753604356755222
0.994000000000000772,0.400642346442218578
0.995000000000000773,0.400520424932463925
0.996000000000000774,0.400387942539081776
0.997000000000000774,0.400245001101427300
0.998000000000000775,0.400091701594903815
0.999000000000000776,0.399928144139156228
1.000000000000000666,0.399754428006185769
1.001000000000000778,0.399570651628366247
1.002000000000000668,0.399376912606403400
1.003000000000000780,0.399173307717198056
1.004000000000000670,0.398959932921642779
1.005000000000000782,0.398736883372311557
1.006000000000000671,0.398504253421099741
1.007000000000000783,0.398262136626783447
1.008000000000000673,0.398010625762481585
1.009000000000000785,0.397749812823068871
1.010000000000000675,0.397479789032486597
1.011000000000000787,0.397200644851000706
1.012000000000000677,0.396912469982376781
1.013000000000000789,0.396615353380960878
1.014000000000000679,0.396309383258757253
1.015000000000000790,0.395994647092324514
1.016000000000000680,0.395671231629702636
1.017000000000000792,0.395339222897200138
1.018000000000000682,0.394998706206180272
1.019000000000000794,0.394649766159685167
1.020000000000000684,0.394292486659069241
1.021000000000000796,0.393926950910540141
1.022000000000000686,0.393553241431619238
1.023000000000000798,0.393171440057552168
1.024000000000000687,0.392781627947646150
1.025000000000000799,0.392383885591542858
1.026000000000000689,0.391978292815413909
1.027000000000000801,0.391564928788134425
1.028000000000000691,0.391143872027328865
1.029000000000000803,0.390715200405410190
1.030000000000000693,0.390278991155541155
1.031000000000000805,0.389835320877492619
1.032000000000000695,0.389384265543514574
1.033000000000000806,0.388925900504092814
1.034000000000000696,0.388460300493650879
1.035000000000000808,0.387987539636220791
1.036000000000000698,0.387507691451036307
1.037000000000000810,0.387020828858042010
1.038000000000000700,0.386527024183402457
1.039000000000000812,0.386026349164924898
1.040000000000000702,0.385518874957395341
1.041000000000000814,0.385004672137913950
1.042000000000000703,0.384483810711146345
1.043000000000000815,0.383956360114518613
1.044000000000000705,0.383422389223345816
1.045000000000000817,0.382881966355977543
1.046000000000000707,0.382335159278776759
1.047000000000000819,0.381782035211143178
1.048000000000000709,0.381222660830427662
1.049000000000000821,0.380657102276842907
1.050000000000000711,0.380085425158272927
1.051000000000000822,0.379507694555063224
1.052000000000000712,0.378923975024763993
1.053000000000000824,0.378334330606792557
1.054000000000000714,0.377738824827096198
1.055000000000000826,0.377137520702714613
1.056000000000000716,0.376530480746335938
1.057000000000000828,0.375917766970779554
1.058000000000000718,0.375299440893449965
1.059000000000000830,0.374675563540734169
1.060000000000000719,0.374046195452354457
1.061000000000000831,0.373411396685662145
1.062000000000000721,0.372771226819948176
1.063000000000000833,0.372125744960599858
1.064000000000000723,0.371475009743328421
1.065000000000000835,0.370819079338272906
1.066000000000000725,0.370158011454098101
1.067000000000000837,0.369491863342062243
1.068000000000000727,0.368820691799980005
1.069000000000000838,0.368144553176227629
1.070000000000000728,0.367463503373643308
1.071000000000000840,0.366777597853423953
1.072000000000000730,0.366086891638946532
1.073000000000000842,0.365391439319587785
1.074000000000000732,0.364691295054505205
1.075000000000000844,0.363986512576320587
1.076000000000000734,0.363277145194829676
1.077000000000000846,0.362563245800656020
1.078000000000000735,0.361844866868846704
1.079000000000000847,0.361122060462470196
1.080000000000000737,0.360394878236110383
1.081000000000000849,0.359663371439407853
1.082000000000000739,0.358927590920518846
1.083000000000000851,0.358187587129518314
1.084000000000000741,0.357443410121814020
1.085000000000000853,0.356695109561508572
1.086000000000000743,0.355942734724721765
1.087000000000000854,0.355186334502860634
1.088000000000000744,0.354425957405900882
1.089000000000000856,0.353661651565601143
1.090000000000000746,0.352893464738706419
1.091000000000000858,0.352121444310072362
1.092000000000000748,0.351345637295833624
1.093000000000000860,0.350566090346453807
1.094000000000000750,0.349782849749848190
1.095000000000000862,0.348995961434338531
1.096000000000000751,0.348205470971711395
1.097000000000000863,0.347411423580183121
1.098000000000000753,0.346613864127309379
1.099000000000000865,0.345812837132915829
1.100000000000000755,0.345008386771983255
1.101000000000000867,0.344200556877488073
1.102000000000000757,0.343389390943235118
1.103000000000000869,0.342574932126634979
1.104000000000000759,0.341757223251498654
1.105000000000000870,0.340936306810740386
1.106000000000000760,0.340112224969130628
1.107000000000000872,0.339285019565936818
1.108000000000000762,0.338454732117611623
1.109000000000000874,0.337621403820400290
1.110000000000000764,0.336785075552961166
1.111000000000000876,0.335945787878956570
1.112000000000000766,0.335103581049556898
1.113000000000000878,0.334258495006010681
1.114000000000000767,0.333410569382130928
1.115000000000000879,0.332559843506778086
1.116000000000000769,0.331706356406300418
1.117000000000000881,0.330850146806972112
1.118000000000000771,0.329991253137397078
1.119000000000000883,0.329129713530873447
1.120000000000000773,0.328265565827773831
1.121000000000000885,0.327398847577852037
1.122000000000000774,0.326529596042587855
1.123000000000000886,0.325657848197442812
1.124000000000000776,0.324783640734125967
1.125000000000000888,0.323907010062869649
1.126000000000000778,0.323027992314623980
1.127000000000000890,0.322146623343234462
1.128000000000000780,0.321262938727680691
1.129000000000000892,0.320376973774178564
1.130000000000000782,0.319488763518327945
1.131000000000000894,0.318598342727255901
1.132000000000000783,0.317705745901675218
1.133000000000000895,0.316811007277966128
1.134000000000000785,0.315914160830258195
1.135000000000000897,0.315015240272414954
1.136000000000000787,0.314114279060104362
1.137000000000000899,0.313211310392740305
1.138000000000000789,0.312306367215505198
1.139000000000000901,0.311399482221266732
1.140000000000000790,0.310490687852546909
1.141000000000000902,0.309580016303426131
1.142000000000000792,0.308667499521448396
1.143000000000000904,0.307753169209512956
1.144000000000000794,0.306837056827708787
1.145000000000000906,0.305919193595216465
1.146000000000000796,0.304999610492077688
1.147000000000000908,0.304078338261051240
1.148000000000000798,0.303155407409397171
1.149000000000000909,0.302230848210640168
1.150000000000000799,0.301304690706364064
1.151000000000000689,0.300376964707923577
1.152000000000000801,0.299447699798201628
1.153000000000000913,0.298516925333291827
1.154000000000000803,0.297584670444219879
1.155000000000000693,0.296650964038633058
1.156000000000000805,0.295715834802425692
1.157000000000000917,0.294779311201441185
1.158000000000000806,0.293841421483059806
1.159000000000000696,0.292902193677845535
1.160000000000000808,0.291961655601155057
1.161000000000000920,0.291019834854711890
1.162000000000000810,0.290076758828180570
1.163000000000000700,0.289132454700742780
1.164000000000000812,0.288186949442636731
1.165000000000000924,0.287240269816698313
1.166000000000000814,0.286292442379851797
1.167000000000000703,0.285343493484658095
1.168000000000000815,0.284393449280762822
1.169000000000000927,0.283442335716409977
1.170000000000000817,0.282490178539886450
1.171000000000000707,0.281537003300981581
1.172000000000000819,0.280582835352409021
1.173000000000000931,0.279627699851259126
1.174000000000000821,0.278671621760398447
1.175000000000000711,0.277714625849864949
1.176000000000000822,0.276756736698257177
1.177000000000000934,0.275797978694121093
1.178000000000000824,0.274838376037293608
1.179000000000000714,0.273877952740278541
1.180000000000000826,0.272916732629557401
1.181000000000000938,0.271954739346949415
1.182000000000000828,0.270991996350899655
1.183000000000000718,0.270028526917783340
1.184000000000000830,0.269064354143220552
1.185000000000000941,0.268099500943346780
1.186000000000000831,0.267133990056074633
1.187000000000000721,0.266167844042364488
1.188000000000000833,0.265201085287470439
1.189000000000000945,0.264233736002175590
1.190000000000000835,0.263265818224010906
1.191000000000000725,0.262297353818499057
1.192000000000000837,0.261328364480318265
1.193000000000000949,0.260358871734545305
1.194000000000000838,0.259388896937799873
1.195000000000000728,0.258418461279449008
1.196000000000000840,0.257447585782755506
1.197000000000000952,0.256476291306035720
1.198000000000000842,0.255504598543817685
1.199000000000000732,0.254532528027948235
1.200000000000000844,0.253560100128769395
1.201000000000000956,0.252587335056178364
1.202000000000000846,0.251614252860769771
1.203000000000000735,0.250640873434933464
1.204000000000000847,0.249667216513939694
1.205000000000000959,0.248693301676995188
1.206000000000000849,0.247719148348353319
1.207000000000000739,0.246744775798358934
1.208000000000000851,0.245770203144491134
1.209000000000000963,0.244795449352434580
1.210000000000000853,0.243820533237081416
1.211000000000000743,0.242845473463600747
1.212000000000000854,0.241870288548413193
1.213000000000000966,0.240894996860249927
1.214000000000000856,0.239919616621101006
1.215000000000000746,0.238944165907267136
1.216000000000000858,0.237968662650303198
1.217000000000000970,0.236993124638021552
1.218000000000000860,0.236017569515453274
1.219000000000000750,0.235042014785815961
1.220000000000000862,0.234066477811456425
1.221000000000000973,0.233090975814822465
1.222000000000000863,0.232115525879381335
1.223000000000000753,0.231140144950567811
1.224000000000000865,0.230164849836701740
1.225000000000000977,0.229189657209899256
1.226000000000000867,0.228214583607004196
1.227000000000000757,0.227239645430478643
1.228000000000000869,0.226264858949300041
1.229000000000000981,0.225290240299844180
1.230000000000000870,0.224315805486800995
1.231000000000000760,0.223341570384006816
1.232000000000000872,0.222367550735323993
1.233000000000000984,0.221393762155545515
1.234000000000000874,0.220420220131191280
1.235000000000000764,0.219446940021394754
1.236000000000000876,0.218473937058732304
1.237000000000000988,0.217501226350071630
1.238000000000000878,0.216528822877377736
1.239000000000000767,0.215556741498567656
1.240000000000000879,0.214584996948305518
1.241000000000000991,0.213613603838819527
1.242000000000000881,0.212642576660713262
1.243000000000000771,0.211671929783759205
1.244000000000000883,0.210701677457689085
1.245000000000000995,0.209731833812988128
1.246000000000000885,0.208762412861667357
1.247000000000000774,0.207793428498054655
1.248000000000000886,0.206824894499549689
1.249000000000000998,0.205856824527395954
1.250000000000000888,0.204889232127428433
1.251000000000000778,0.203922130730842921
1.252000000000000890,0.202955533654927717
1.253000000000001002,0.201989454103824212
1.254000000000000892,0.201023905169234907
1.255000000000000782,0.200058899831183412
1.256000000000000894,0.199094450958726243
1.257000000000001005,0.198130571310673409
1.258000000000000895,0.197167273536306115
1.259000000000000785,0.196204570176082088
1.260000000000000897,0.195242473662356253
1.261000000000001009,0.194280996320049110
1.262000000000000899,0.193320150367382149
1.263000000000000789,0.192359947916534796
1.264000000000000901,0.191400400974345630
1.265000000000001013,0.190441521442993589
1.266000000000000902,0.189483321120654663
1.267000000000000792,0.188525811702207446
1.268000000000000904,0.187569004779857940
1.269000000000001016,0.186612911843838575
1.270000000000000906,0.185657544283029108
1.271000000000000796,0.184702913385638712
1.272000000000000908,0.183749030339841579
1.273000000000001020,0.182795906234414385
1.274000000000000909,0.181843552059378549
1.275000000000000799,0.180891978706648360
1.276000000000000911,0.179941196970630324
1.277000000000001023,0.178991217548877396
1.278000000000000913,0.178042051042701488
1.279000000000000803,0.177093707957781260
1.280000000000000915,0.176146198704775492
1.281000000000001027,0.175199533599949664
1.282000000000000917,0.174253722865763377
1.283000000000000806,0.173308776631472705
1.284000000000000918,0.172364704933720803
1.285000000000001030,0.171421517717152389
1.286000000000000920,0.170479224834981541
1.287000000000000810,0.169537836049574397
1.288000000000000922,0.168597361033042376
1.289000000000001034,0.167657809367807331
1.290000000000000924,0.166719190547191393
1.291000000000000814,0.165781513975953004
1.292000000000000925,0.164844788970898853
1.293000000000001037,0.163909024761385136
1.294000000000000927,0.162974230489927430
1.295000000000000817,0.162040415212746397
1.296000000000000929,0.161107587900278043
1.297000000000001041,0.160175757437767602
1.298000000000000931,0.159244932625793700
1.299000000000000821,0.158315122180793355
1.300000000000000933,0.157386334735627936
1.301000000000001044,0.156458578840093121
1.302000000000000934,0.155531862961456713
1.303000000000000824,0.154606195484968512
1.304000000000000936,0.153681584714415925
1.305000000000001048,0.152758038872609109
1.306000000000000938,0.151835566101913705
1.307000000000000828,0.150914174464755774
1.308000000000000940,0.149993871944142348
1.309000000000001052,0.149074666444141579
1.310000000000000941,0.148156565790423911
1.311000000000000831,0.147239577730713334
1.312000000000000943,0.146323709935335167
1.313000000000001055,0.145408969997659232
1.314000000000000945,0.144495365434630846
1.315000000000000835,0.143582903687232616
1.316000000000000947,0.142671592120970941
1.317000000000001059,0.141761438026363068
1.318000000000000949,0.140852448619425225
1.319000000000000838,0.139944631042106665
1.320000000000000950,0.139037992362810836
1.321000000000001062,0.138132539576834135
1.322000000000000952,0.137228279606834064
1.323000000000000842,0.136325219303308737
1.324000000000000954,0.135423365445034555
1.325000000000001066,0.134522724739537441
1.326000000000000956,0.133623303823544370
1.327000000000000846,0.132725109263433144
1.328000000000000957,0.131828147555672764
1.329000000000001069,0.130932425127296831
1.330000000000000959,0.130037948336310077
1.331000000000000849,0.129144723472149003
1.332000000000000961,0.128252756756130987
1.333000000000001073,0.127362054341869757
1.334000000000000963,0.126472622315703914
1.335000000000000853,0.125584466697145569
1.336000000000000965,0.124697593439300564
1.337000000000001076,0.123812008429282583
1.338000000000000966,0.122927717488653582
1.339000000000000856,0.122044726373826809
1.340000000000000968,0.121163040776491912
1.341000000000001080,0.120282666324032020
1.342000000000000970,0.119403608579929765
1.343000000000000860,0.118525873044171268
1.344000000000000972,0.117649465153672986
1.345000000000001084,0.116774390282669144
1.346000000000000973,0.115900653743114132
1.347000000000000863,0.115028260785090652
1.348000000000000975,0.114157216597207484
1.349000000000001087,0.113287526306990280
1.350000000000000977,0.112419194981267609
1.351000000000000867,0.111552227626566927
1.352000000000000979,0.110686629189526334
1.353000000000001091,0.109822404557229442
1.354000000000000981,0.108959558557635366
1.355000000000000870,0.108098095959937454
1.356000000000000982,0.107238021474949791
1.357000000000001094,0.106379339755477240
1.358000000000000984,0.105522055396695055
1.359000000000000874,0.104666172936527149
1.360000000000000986,0.103811696856008426
1.361000000000001098,0.102958631579643786
1.362000000000000988,0.102106981475796221
1.363000000000000878,0.101256750857040320
1.364000000000000989,0.100407943980506550
1.365000000000001101,0.099560565048276858
1.366000000000000991,0.098714618207715293
1.367000000000000881,0.097870107551823973
1.368000000000000993,0.097027037119613052
1.369000000000001105,0.096185410896433052
1.370000000000000995,0.095345232814338196
1.371000000000000885,0.094506506752429734
1.372000000000000997,0.093669236537201273
1.373000000000001108,0.092833425942872153
1.374000000000000998,0.091999078691753472
1.375000000000000888,0.091166198454556813
1.376000000000001000,0.090334788850748249
1.377000000000001112,0.089504853448896846
1.378000000000001002,0.088676395766974031
1.379000000000000892,0.087849419272721857
1.380000000000001004,0.087023927383956270
1.381000000000001116,0.086199923468904066
1.382000000000001005,0.085377410846534940
1.383000000000000895,0.084556392786876738
1.384000000000001007,0.083736872511344387
1.385000000000001119,0.082918853193057571
1.386000000000001009,0.082102337957148747
1.387000000000000899,0.081287329881114714
1.388000000000001011,0.080473831995076919
1.389000000000001123,0.079661847282147230
1.390000000000001013,0.078851378678713890
1.391000000000000902,0.078042429074748468
1.392000000000001014,0.077235001314129886
1.393000000000001126,0.076429098194937456
1.394000000000001016,0.075624722469753269
1.395000000000000906,0.074821876845980226
1.396000000000001018,0.074020563986132298
1.397000000000001130,0.073220786508131450
1.398000000000001020,0.072422546985616509
1.399000000000000909,0.071625847948228516
1.400000000000001021,0.070830691881911531
1.401000000000001133,0.070037081229196302
1.402000000000001023,0.069245018389511040
1.403000000000000913,0.068454505719457923
1.404000000000001025,0.067665545533079852
1.405000000000001137,0.066878140102199155
1.406000000000001027,0.066092291656652549
1.407000000000000917,0.065308002384592362
1.408000000000001029,0.064525274432777391
1.409000000000001140,0.063744109906842122
1.410000000000001030,0.062964510871577270
1.411000000000000920,0.062186479351207614
1.412000000000001032,0.061410017329661663
1.413000000000001144,0.060635126750854210
1.414000000000001034,0.059861809518960273
1.415000000000000924,0.059090067498676208
1.416000000000001036,0.058319902515482420
1.417000000000001148,0.057551316355934537
1.418000000000001037,0.056784310767915847
1.419000000000000927,0.056018887460902334
1.420000000000001039,0.055255048106223739
1.421000000000001151,0.054492794337328003
1.422000000000001041,0.053732127750049430
1.423000000000000931,0.052973049902854660
1.424000000000001043,0.052215562317102199
1.425000000000001155,0.051459666477315265
1.426000000000001044,0.050705363831407273
1.427000000000000934,0.049952655790965722
1.428000000000001046,0.049201543731477400
1.429000000000001158,0.048452028992606609
1.430000000000001048,0.047704112878408200
1.431000000000000938,0.046957796657615451
1.432000000000001050,0.046213081563859719
1.433000000000001162,0.045469968795915285
1.434000000000001052,0.044728459517962615
1.435000000000000941,0.043988554859804213
1.436000000000001053,0.043250255917137159
1.437000000000001165,0.042513563751764065
1.438000000000001055,0.041778479391841802
1.439000000000000945,0.041045003832125386
1.440000000000001057,0.040313138034191932
1.441000000000001169,0.039582882926686255
1.442000000000001059,0.038854239405541412
1.443000000000000949,0.038127208334226101
1.444000000000001060,0.037401790543959208
1.445000000000001172,0.036677986833953395
1.446000000000001062,0.035955797971627831
1.447000000000000952,0.035235224692850800
1.448000000000001064,0.034516267702152027
1.449000000000001176,0.033798927672953415
1.450000000000001066,0.033083205247793714
1.451000000000000956,0.032369101038548058
1.452000000000001068,0.031656615626645096
1.453000000000001180,0.030945749563289614
1.454000000000001069,0.030236503369687789
1.455000000000000959,0.029528877537245722
1.456000000000001071,0.028822872527800240
1.457000000000001183,0.028118488773833827
1.458000000000001073,0.027415726678673910
1.459000000000000963,0.026714586616726904
1.460000000000001075,0.026015068933668929
1.461000000000001187,0.025317173946666084
1.462000000000001076,0.024620901944578895
1.463000000000000966,0.023926253188174984
1.464000000000001078,0.023233227910326098
1.465000000000001190,0.022541826316232728
1.466000000000001080,0.021852048583593249
1.467000000000000970,0.021163894862850474
1.468000000000001082,0.020477365277354852
1.469000000000001194,0.019792459923597672
1.470000000000001084,0.019109178871381839
1.471000000000000973,0.018427522164040044
1.472000000000001085,0.017747489818618845
1.473000000000001197,0.017069081826095473
1.474000000000001087,0.016392298151541314
1.475000000000000977,0.015717138734350940
1.476000000000001089,0.015043603488413994
1.477000000000001201,0.014371692302300723
1.478000000000001091,0.013701405039476497
1.479000000000000981,0.013032741538480124
1.480000000000001092,0.012365701613099663
1.481000000000001204,0.011700285052588464
1.482000000000001094,0.011036491621820278
1.483000000000000984,0.010374321061495613
1.484000000000001096,0.009713773088331988
1.485000000000001208,0.009054847395224955
1.486000000000001098,0.008397543651442383
1.487000000000000988,0.007741861502815991
1.488000000000001100,0.007087800571906962
1.489000000000001211,0.006435360458188003
1.490000000000001101,0.005784540738230592
1.491000000000000991,0.005135340965874573
1.492000000000001103,0.004487760672411515
1.493000000000001215,0.003841799366745847
1.494000000000001105,0.003197456535592834
1.495000000000000995,0.002554731643634026
1.496000000000001107,0.001913624133693235
1.497000000000001219,0.001274133426910071
1.498000000000001108,0.000636258922918372
1.499000000000000998,0.000000000000000000
