# Rutile-100-old_CS-29107-AC
# h[nm],U(h)[kJ/mol]
0.149999999999999994,218.721670918563035002
0.150999999999999995,218.257519377923870252
0.151999999999999996,217.163532254621088669
0.152999999999999997,215.970051239404028820
0.153999999999999998,214.856014502159581525
0.154999999999999999,213.842058594979334885
0.156000000000000000,212.891848613360537001
0.157000000000000001,211.960525664111912647
0.158000000000000002,211.014116866022192198
0.159000000000000002,210.034121487524714667
0.160000000000000003,209.015429447333588087
0.161000000000000004,207.962003590944590314
0.162000000000000005,206.882532900859189340
0.163000000000000006,205.786987938088572037
0.164000000000000007,204.684320074206340223
0.165000000000000008,203.581208041337532677
0.166000000000000009,202.481619894282374617
0.167000000000000010,201.386932840902488806
0.168000000000000010,200.296381426975727891
0.169000000000000011,199.207653639702897408
0.170000000000000012,198.117506758704934100
0.171000000000000013,197.022321392701172726
0.172000000000000014,195.918549561607591158
0.173000000000000015,194.803040342006852370
0.174000000000000016,193.673245415035637507
0.175000000000000017,192.527318397639930936
0.176000000000000018,191.364127795417374500
0.177000000000000018,190.183205359062981188
0.178000000000000019,188.984650887459054047
0.179000000000000020,187.769012155072232417
0.180000000000000021,186.537155443172679270
0.181000000000000022,185.290138687769200487
0.182000000000000023,184.029095898453618929
0.183000000000000024,182.755138481408209827
0.184000000000000025,181.469276537357046664
0.185000000000000026,180.172361144349736151
0.186000000000000026,178.865047066929719222
0.187000000000000027,177.547774215999595526
0.188000000000000028,176.220765458253566749
0.189000000000000029,174.884037973766169216
0.190000000000000030,173.537425218330810139
0.191000000000000031,172.180606600863285394
0.192000000000000032,170.813142180004291504
0.193000000000000033,169.434509970508003107
0.194000000000000034,168.044143790099184343
0.195000000000000034,166.641469940333792010
0.196000000000000035,165.225941377093420215
0.197000000000000036,163.797068370656546676
0.198000000000000037,162.354444970221180711
0.199000000000000038,160.897770866200716000
0.200000000000000039,159.426868482021092177
0.201000000000000040,157.941695324668359035
0.202000000000000041,156.442351781052934712
0.203000000000000042,154.929084667939207520
0.204000000000000042,153.402286930229251993
0.205000000000000043,151.862493939786105557
0.206000000000000044,150.310376878955338498
0.207000000000000045,148.746733703679467453
0.208000000000000046,147.172478174625780412
0.209000000000000047,145.588627424768333185
0.210000000000000048,143.996288501746903421
0.211000000000000049,142.396644286019466108
0.212000000000000050,140.790939143877864126
0.213000000000000050,139.180464629952240330
0.214000000000000051,137.566545508654428431
0.215000000000000052,135.950526319505286210
0.216000000000000053,134.333758668564058780
0.217000000000000054,132.717589388027704445
0.218000000000000055,131.103349669080103013
0.219000000000000056,129.492345239605668894
0.220000000000000057,127.885847628632717488
0.221000000000000058,126.285086533405632281
0.222000000000000058,124.691243282736124343
0.223000000000000059,123.105445371621911477
0.224000000000000060,121.528762026840766453
0.225000000000000061,119.962200751084381523
0.226000000000000062,118.406704783910640799
0.227000000000000063,116.863151411080977482
0.228000000000000064,115.332351049410064547
0.229000000000000065,113.815047031798002308
0.230000000000000066,112.311916016361436732
0.231000000000000066,110.823568944255413271
0.232000000000000067,109.350552472641425084
0.233000000000000068,107.893350812071091127
0.234000000000000069,106.452387901118328273
0.235000000000000070,105.028029855217056365
0.236000000000000071,103.620587631180541166
0.237000000000000072,102.230319853654933127
0.238000000000000073,100.857435754661651117
0.239000000000000073,99.502098182320466435
0.240000000000000074,98.164426639712331735
0.241000000000000075,96.844500319587780268
0.242000000000000076,95.542361105180390268
0.243000000000000077,94.258016511710579266
0.244000000000000078,92.991442547229397064
0.245000000000000079,91.742586475230041287
0.246000000000000080,90.511369464935995666
0.247000000000000081,89.297689118350376702
0.248000000000000081,88.101421866020743323
0.249000000000000082,86.922425226044168767
0.250000000000000111,85.760539923113725536
0.251000000000000112,84.615591866403619292
0.252000000000000113,83.487393986821103908
0.253000000000000114,82.375747935631309815
0.254000000000000115,81.280445647708148726
0.255000000000000115,80.201270773694119498
0.256000000000000116,79.137999986185192824
0.257000000000000117,78.090404165709813356
0.258000000000000118,77.058249472764742904
0.259000000000000119,76.041298312519046476
0.260000000000000120,75.039310199016568959
0.261000000000000121,74.052042525820368724
0.262000000000000122,73.079251250052863043
0.263000000000000123,72.120691496717526547
0.264000000000000123,71.176118090048333897
0.265000000000000124,70.245286018435507458
0.266000000000000125,69.327950839232073577
0.267000000000000126,68.423869029464341907
0.268000000000000127,67.532798288157195543
0.269000000000000128,66.654497795655714754
0.270000000000000129,65.788728434978224868
0.271000000000000130,64.935252979882122304
0.272000000000000131,64.093836253969641348
0.273000000000000131,63.264245264804500835
0.274000000000000132,62.446249316663603679
0.275000000000000133,61.639620105207725942
0.276000000000000134,60.844131797026349773
0.277000000000000135,60.059561096698871552
0.278000000000000136,59.285687303713018537
0.279000000000000137,58.522292361299584229
0.280000000000000138,57.769160898976657847
0.281000000000000139,57.026080270348131762
0.282000000000000139,56.292840587471836500
0.283000000000000140,55.569234752900705132
0.284000000000000141,54.855058490306603858
0.285000000000000142,54.150110374419966774
0.286000000000000143,53.454191860859488372
0.287000000000000144,52.767107316282782392
0.288000000000000145,52.088664049162503034
0.289000000000000146,51.418672341379860313
0.290000000000000147,50.756945480729740439
0.291000000000000147,50.103299794347037732
0.292000000000000148,49.457554682991229811
0.293000000000000149,48.819532656066080278
0.294000000000000150,48.189059367200563599
0.295000000000000151,47.565963650177330635
0.296000000000000152,46.950077554962817317
0.297000000000000153,46.341236383570638679
0.298000000000000154,45.739278725472601650
0.299000000000000155,45.144046492262972947
0.300000000000000155,44.555384951276536754
0.301000000000000156,43.973142757863406871
0.302000000000000157,43.397171986027458956
0.303000000000000158,42.827328157145871046
0.304000000000000159,42.263470266498714523
0.305000000000000160,41.705460807353382791
0.306000000000000161,41.153165792365399511
0.307000000000000162,40.606454772076787663
0.308000000000000163,40.065200850313068770
0.309000000000000163,39.529280696302144804
0.310000000000000164,38.998574553359674155
0.311000000000000165,38.472966244008354408
0.312000000000000166,37.952343171421247803
0.313000000000000167,37.436596317101425768
0.314000000000000168,36.925620234732200231
0.315000000000000169,36.419313040154200678
0.316000000000000170,35.917576397445927228
0.317000000000000171,35.420315501104951750
0.318000000000000171,34.927439054345768454
0.319000000000000172,34.438859243548598954
0.320000000000000173,33.954491708910730097
0.321000000000000174,33.474255511367843496
0.322000000000000175,32.998073095867589188
0.323000000000000176,32.525870251091745899
0.324000000000000177,32.057576065735233328
0.325000000000000178,31.593122881462203821
0.326000000000000179,31.132446242669239211
0.327000000000000179,30.675484843194748663
0.328000000000000180,30.222180470121635665
0.329000000000000181,29.772477944827169694
0.330000000000000182,29.326325061439355579
0.331000000000000183,28.883672522864209498
0.332000000000000184,28.444473874551725601
0.333000000000000185,28.008685436171525396
0.334000000000000186,27.576266231370350823
0.335000000000000187,27.147177915785370317
0.336000000000000187,26.721384703486982914
0.337000000000000188,26.298853292024752193
0.338000000000000189,25.879552786248364527
0.339000000000000190,25.463454621074330220
0.340000000000000191,25.050532483366286129
0.341000000000000192,24.640762233094299916
0.342000000000000193,24.234121823934557938
0.343000000000000194,23.830591223467386897
0.344000000000000195,23.430152333127686859
0.345000000000000195,23.032788908056165411
0.346000000000000196,22.638486476996185104
0.347000000000000197,22.247232262374836864
0.348000000000000198,21.859015100702251289
0.349000000000000199,21.473825363417013534
0.350000000000000200,21.091654878300307274
0.351000000000000201,20.712496851575231460
0.352000000000000202,20.336345790801999556
0.353000000000000203,19.963197428673915113
0.354000000000000203,19.593048647812427276
0.355000000000000204,19.225897406654361532
0.356000000000000205,18.861742666517862688
0.357000000000000206,18.500584319927604326
0.358000000000000207,18.142423120274386861
0.359000000000000208,17.787260612878036170
0.360000000000000209,17.435099067516652838
0.361000000000000210,17.085941412480281087
0.362000000000000210,16.739791170200717829
0.363000000000000211,16.396652394504410921
0.364000000000000212,16.056529609530077352
0.365000000000000213,15.719427750347083617
0.366000000000000214,15.385352105306589365
0.367000000000000215,15.054308260151785248
0.368000000000000216,14.726302043909456074
0.369000000000000217,14.401339476580748311
0.370000000000000218,14.079426718644302952
0.371000000000000218,13.760570022381449107
0.372000000000000219,13.444775685028719892
0.373000000000000220,13.132050003759474066
0.374000000000000221,12.822399232493111754
0.375000000000000222,12.515829540526741681
0.376000000000000223,12.212346972980695270
0.377000000000000224,11.911957413047202792
0.378000000000000225,11.614666546027811123
0.379000000000000226,11.320479825143063835
0.380000000000000226,11.029402439095099098
0.381000000000000227,10.741439281361994773
0.382000000000000228,10.456594921200009551
0.383000000000000229,10.174873576328398173
0.384000000000000230,9.896279087269254759
0.385000000000000231,9.620814893313401228
0.386000000000000232,9.348484010081861584
0.387000000000000233,9.079289008650729187
0.388000000000000234,8.813231996206470242
0.389000000000000234,8.550314598197255478
0.390000000000000235,8.290537941944968736
0.391000000000000236,8.033902641681914147
0.392000000000000237,7.780408784975048953
0.393000000000000238,7.530055920500473121
0.394000000000000239,7.282843047129932579
0.395000000000000240,7.038768604290851272
0.396000000000000241,6.797830463561160386
0.397000000000000242,6.560025921459730291
0.398000000000000242,6.325351693393224117
0.399000000000000243,6.093803908720287765
0.400000000000000244,5.865378106893302856
0.401000000000000245,5.640069234639009110
0.402000000000000246,5.417871644138845255
0.403000000000000247,5.198779092169777627
0.404000000000000248,4.982784740167639725
0.405000000000000249,4.769881155174306997
0.406000000000000250,4.560060311631136898
0.407000000000000250,4.353313593981146923
0.408000000000000251,4.149631800042906882
0.409000000000000252,3.949005145120030313
0.410000000000000253,3.751423266810004264
0.411000000000000254,3.556875230477436478
0.412000000000000255,3.365349535356914945
0.413000000000000256,3.176834121251427501
0.414000000000000257,2.991316375793184879
0.415000000000000258,2.808783142234001495
0.416000000000000258,2.629220727733599272
0.417000000000000259,2.452614912114329915
0.418000000000000260,2.278950957052246373
0.419000000000000261,2.108213615674446206
0.420000000000000262,1.940387142534247378
0.421000000000000263,1.775455303935601137
0.422000000000000264,1.613401388579896345
0.423000000000000265,1.454208218508145967
0.424000000000000266,1.297858160313129172
0.425000000000000266,1.144333136596471956
0.426000000000000267,0.993614637646333732
0.427000000000000268,0.845683733312531105
0.428000000000000269,0.700521085056420967
0.429000000000000270,0.558106958153722577
0.430000000000000271,0.418421234029339728
0.431000000000000272,0.281443422703758828
0.432000000000000273,0.147152675331773175
0.433000000000000274,0.015527796814583984
0.434000000000000274,-0.113452741532660273
0.435000000000000275,-0.239810789275032743
0.436000000000000276,-0.363568504130393044
0.437000000000000277,-0.484748339236107550
0.438000000000000278,-0.603373030425024770
0.439000000000000279,-0.719465583525179531
0.440000000000000280,-0.833049261697008880
0.441000000000000281,-0.944147572821081082
0.442000000000000282,-1.052784256948996466
0.443000000000000282,-1.158983273829018001
0.444000000000000283,-1.262768790517932782
0.445000000000000284,-1.364165169089456953
0.446000000000000285,-1.463196954449474063
0.447000000000000286,-1.559888862267381882
0.448000000000000287,-1.654265767032472967
0.449000000000000288,-1.746352690243758943
0.450000000000000289,-1.836174788740964514
0.451000000000000290,-1.923757343184029578
0.452000000000000290,-2.009125746688063430
0.453000000000000291,-2.092305493619818879
0.454000000000000292,-2.173322168561767853
0.455000000000000293,-2.252201435449165956
0.456000000000000294,-2.328969026884897708
0.457000000000000295,-2.403650733636983894
0.458000000000000296,-2.476272394322514891
0.459000000000000297,-2.546859885282107605
0.460000000000000298,-2.615439110648006160
0.461000000000000298,-2.682035992609013597
0.462000000000000299,-2.746676461874797859
0.463000000000000300,-2.809386448341919529
0.464000000000000301,-2.870191871963666763
0.465000000000000302,-2.929118633825220197
0.466000000000000303,-2.986192607425647960
0.467000000000000304,-3.041439630167933839
0.468000000000000305,-3.094885495057533298
0.469000000000000306,-3.146555942610378409
0.470000000000000306,-3.196476652970543952
0.471000000000000307,-3.244673238237479218
0.472000000000000308,-3.291171235002893436
0.473000000000000309,-3.335996097096880053
0.474000000000000310,-3.379173188542562656
0.475000000000000311,-3.420727776718723412
0.476000000000000312,-3.460685025729238529
0.477000000000000313,-3.499069989978486284
0.478000000000000314,-3.535907607951091158
0.479000000000000314,-3.571222696194891633
0.480000000000000315,-3.605039943505311761
0.481000000000000316,-3.637383905309557353
0.482000000000000317,-3.668278998248665879
0.483000000000000318,-3.697749494955522298
0.484000000000000319,-3.725819519026748683
0.485000000000000320,-3.752513040186127746
0.486000000000000321,-3.777853869637502360
0.487000000000000322,-3.801865655604616645
0.488000000000000322,-3.824571879055311818
0.489000000000000323,-3.845995849607875439
0.490000000000000324,-3.866160701616593975
0.491000000000000325,-3.885089390433937417
0.492000000000000326,-3.902804688846684744
0.493000000000000327,-3.919329183683164963
0.494000000000000328,-3.934685272588664962
0.495000000000000329,-3.948895160966343187
0.496000000000000330,-3.961980859080373563
0.497000000000000330,-3.973964179318873136
0.498000000000000331,-3.984866733612957290
0.499000000000000332,-3.994709931009583492
0.500000000000000333,-4.003514975394752540
0.501000000000000334,-4.011302863363980009
0.502000000000000335,-4.018094382237341833
0.503000000000000336,-4.023910108215615011
0.504000000000000337,-4.028770404674763661
0.505000000000000338,-4.032695420595464597
0.506000000000000338,-4.035705089124776102
0.507000000000000339,-4.037819126266798619
0.508000000000000340,-4.039057029699189449
0.509000000000000341,-4.039438077712804720
0.510000000000000342,-4.038981328270931925
0.511000000000000343,-4.037705618185648326
0.512000000000000344,-4.035629562407810234
0.513000000000000345,-4.032771553428029065
0.514000000000000346,-4.029149760785604606
0.515000000000000346,-4.024782130682329040
0.516000000000000347,-4.019686385698430620
0.517000000000000348,-4.013880024607738406
0.518000000000000349,-4.007380322289106012
0.519000000000000350,-4.000204329731484876
0.520000000000000351,-3.992368874129541556
0.521000000000000352,-3.983890559067478243
0.522000000000000353,-3.974785764787904352
0.523000000000000353,-3.965070648543368215
0.524000000000000354,-3.954761145027808844
0.525000000000000355,-3.943872966885270337
0.526000000000000356,-3.932421605293299649
0.527000000000000357,-3.920422330618623441
0.528000000000000358,-3.907890193142384838
0.529000000000000359,-3.894840023852727207
0.530000000000000360,-3.881286435302028881
0.531000000000000361,-3.867243822526670982
0.532000000000000361,-3.852726364026851424
0.533000000000000362,-3.837748022804153614
0.534000000000000363,-3.822322547454636066
0.535000000000000364,-3.806463473315315760
0.536000000000000365,-3.790184123661647586
0.537000000000000366,-3.773497610954174686
0.538000000000000367,-3.756416838131893421
0.539000000000000368,-3.738954499950729371
0.540000000000000369,-3.721123084364646783
0.541000000000000369,-3.702934873947870020
0.542000000000000370,-3.684401947355888218
0.543000000000000371,-3.665536180823739443
0.544000000000000372,-3.646349249699415651
0.545000000000000373,-3.626852630010864775
0.546000000000000374,-3.607057600064605740
0.547000000000000375,-3.586975242074372794
0.548000000000000376,-3.566616443818122484
0.549000000000000377,-3.545991900321659784
0.550000000000000377,-3.525112115567462290
0.551000000000000378,-3.503987404226889701
0.552000000000000379,-3.482627893414625309
0.553000000000000380,-3.461043524463481624
0.554000000000000381,-3.439244054718373356
0.555000000000000382,-3.417239059348120556
0.556000000000000383,-3.395037933173364220
0.557000000000000384,-3.372649892509757219
0.558000000000000385,-3.350083977024676862
0.559000000000000385,-3.327349051606518060
0.560000000000000386,-3.304453808245269020
0.561000000000000387,-3.281406767923090051
0.562000000000000388,-3.258216282513816786
0.563000000000000389,-3.234890536690373519
0.564000000000000390,-3.211437549838803029
0.565000000000000391,-3.187865177978031817
0.566000000000000392,-3.164181115684274737
0.567000000000000393,-3.140392898019189083
0.568000000000000393,-3.116507902460649682
0.569000000000000394,-3.092533350835368733
0.570000000000000395,-3.068476311252518407
0.571000000000000396,-3.044343700037211775
0.572000000000000397,-3.020142283663411753
0.573000000000000398,-2.995878680685076567
0.574000000000000399,-2.971559363665066122
0.575000000000000400,-2.947190661100842046
0.576000000000000401,-2.922778759346335686
0.577000000000000401,-2.898329704529404083
0.578000000000000402,-2.873849404463889368
0.579000000000000403,-2.849343630555932982
0.580000000000000404,-2.824818019703877692
0.581000000000000405,-2.800278076190923393
0.582000000000000406,-2.775729173570348873
0.583000000000000407,-2.751176556542348717
0.584000000000000408,-2.726625342822298403
0.585000000000000409,-2.702080524999741051
0.586000000000000409,-2.677546972387606417
0.587000000000000410,-2.653029432861415682
0.588000000000000411,-2.628532534687669120
0.589000000000000412,-2.604060788341421073
0.590000000000000413,-2.579618588312231342
0.591000000000000414,-2.555210214898393950
0.592000000000000415,-2.530839835989015629
0.593000000000000416,-2.506511508833464852
0.594000000000000417,-2.482229181797989348
0.595000000000000417,-2.457996696109327583
0.596000000000000418,-2.433817787584535708
0.597000000000000419,-2.409696088347440313
0.598000000000000420,-2.385635128530764426
0.599000000000000421,-2.361638337964248269
0.600000000000000422,-2.337709047848140376
0.601000000000000423,-2.313850492412027116
0.602000000000000424,-2.290065810558805204
0.603000000000000425,-2.266358047493514771
0.604000000000000425,-2.242730156336903757
0.605000000000000426,-2.219184999723568197
0.606000000000000427,-2.195725351384609780
0.607000000000000428,-2.172353897714316417
0.608000000000000429,-2.149073239321370288
0.609000000000000430,-2.125885892563723623
0.610000000000000431,-2.102794291067703103
0.611000000000000432,-2.079800787230795756
0.612000000000000433,-2.056907653708235362
0.613000000000000433,-2.034117084883305449
0.614000000000000434,-2.011431198321289138
0.615000000000000435,-1.988852036206929963
0.616000000000000436,-1.966381566765402766
0.617000000000000437,-1.944021685666966759
0.618000000000000438,-1.921774217414907948
0.619000000000000439,-1.899640916716937467
0.620000000000000440,-1.877623469840173698
0.621000000000000441,-1.855723495949435087
0.622000000000000441,-1.833942548429075670
0.623000000000000442,-1.812282116188188352
0.624000000000000443,-1.790743624949341806
0.625000000000000444,-1.769328438520865632
0.626000000000000445,-1.748037860052548353
0.627000000000000446,-1.726873133275060423
0.628000000000000447,-1.705835443722872657
0.629000000000000448,-1.684925919940931660
0.630000000000000449,-1.664145634674992547
0.631000000000000449,-1.643495606045786817
0.632000000000000450,-1.622976798707027157
0.633000000000000451,-1.602590124987352649
0.634000000000000452,-1.582336446016180398
0.635000000000000453,-1.562216572833806882
0.636000000000000454,-1.542231267485447477
0.637000000000000455,-1.522381244099747954
0.638000000000000456,-1.502667169951438009
0.639000000000000457,-1.483089666508537352
0.640000000000000457,-1.463649310464080866
0.641000000000000458,-1.444346634752378344
0.642000000000000459,-1.425182129550181642
0.643000000000000460,-1.406156243262504990
0.644000000000000461,-1.387269383493540342
0.645000000000000462,-1.368521918002591153
0.646000000000000463,-1.349914175645148040
0.647000000000000464,-1.331446447299324598
0.648000000000000465,-1.313118986777704000
0.649000000000000465,-1.294932011724669429
0.650000000000000466,-1.276885704499496788
0.651000000000000467,-1.258980213045123975
0.652000000000000468,-1.241215651742940462
0.653000000000000469,-1.223592102253528102
0.654000000000000470,-1.206109614343689129
0.655000000000000471,-1.188768206699692076
0.656000000000000472,-1.171567867726977186
0.657000000000000473,-1.154508556336454550
0.658000000000000473,-1.137590202717535082
0.659000000000000474,-1.120812709097924520
0.660000000000000475,-1.104175950490525748
0.661000000000000476,-1.087679775427309536
0.662000000000000477,-1.071324006680587138
0.663000000000000478,-1.055108441971564170
0.664000000000000479,-1.039032854666556371
0.665000000000000480,-1.023096994460698683
0.666000000000000481,-1.007300588049689027
0.667000000000000481,-0.991643339789256784
0.668000000000000482,-0.976124932342974261
0.669000000000000483,-0.960745027318061551
0.670000000000000484,-0.945503265889730549
0.671000000000000485,-0.930399269413999641
0.672000000000000486,-0.915432640029118283
0.673000000000000487,-0.900602961245880573
0.674000000000000488,-0.885909798526779868
0.675000000000000488,-0.871352699854263557
0.676000000000000489,-0.856931196288305053
0.677000000000000490,-0.842644802513143887
0.678000000000000491,-0.828493017373677199
0.679000000000000492,-0.814475324401404022
0.680000000000000493,-0.800591192330147416
0.681000000000000494,-0.786840075601705990
0.682000000000000495,-0.773221414861497758
0.683000000000000496,-0.759734637444434036
0.684000000000000496,-0.746379157851087660
0.685000000000000497,-0.733154378214258218
0.686000000000000498,-0.720059688756207295
0.687000000000000499,-0.707094468236527662
0.688000000000000500,-0.694258084390874997
0.689000000000000501,-0.681549894360696351
0.690000000000000502,-0.668969245114064082
0.691000000000000503,-0.656515473857721021
0.692000000000000504,-0.644187908440462254
0.693000000000000504,-0.631985867748125374
0.694000000000000505,-0.619908662090024265
0.695000000000000506,-0.607955593577292897
0.696000000000000507,-0.596125956492987719
0.697000000000000508,-0.584419037654209328
0.698000000000000509,-0.572834116766378743
0.699000000000000510,-0.561370466769672505
0.700000000000000511,-0.550027354177887950
0.701000000000000512,-0.538804039409748636
0.702000000000000512,-0.527699777112793811
0.703000000000000513,-0.516713816479999144
0.704000000000000514,-0.505845401559229413
0.705000000000000515,-0.495093771555603357
0.706000000000000516,-0.484458161126943510
0.707000000000000517,-0.473937800672411758
0.708000000000000518,-0.463531916614316253
0.709000000000000519,-0.453239731673505175
0.710000000000000520,-0.443060465138062465
0.711000000000000520,-0.432993333125734403
0.712000000000000521,-0.423037548840039690
0.713000000000000522,-0.413192322820143842
0.714000000000000523,-0.403456863184803005
0.715000000000000524,-0.393830375870160121
0.716000000000000525,-0.384312064861799196
0.717000000000000526,-0.374901132421024630
0.718000000000000527,-0.365596779305358222
0.719000000000000528,-0.356398204983610190
0.720000000000000528,-0.347304607845441038
0.721000000000000529,-0.338315185405458574
0.722000000000000530,-0.329429134502183418
0.723000000000000531,-0.320645651491670625
0.724000000000000532,-0.311963932436200742
0.725000000000000533,-0.303383173287857300
0.726000000000000534,-0.294902570067217762
0.727000000000000535,-0.286521319037251643
0.728000000000000536,-0.278238616872474975
0.729000000000000536,-0.270053660823424968
0.730000000000000537,-0.261965648876668900
0.731000000000000538,-0.253973779910205311
0.732000000000000539,-0.246077253844596555
0.733000000000000540,-0.238275271789730875
0.734000000000000541,-0.230567036187386082
0.735000000000000542,-0.222951750949574562
0.736000000000000543,-0.215428621592977210
0.737000000000000544,-0.207996855369195904
0.738000000000000544,-0.200655661391271195
0.739000000000000545,-0.193404250756229107
0.740000000000000546,-0.186241836663950971
0.741000000000000547,-0.179167634532295977
0.742000000000000548,-0.172180862108720717
0.743000000000000549,-0.165280739578181540
0.744000000000000550,-0.158466489667714844
0.745000000000000551,-0.151737337747541945
0.746000000000000552,-0.145092511928890111
0.747000000000000552,-0.138531243158492801
0.748000000000000553,-0.132052765309914000
0.749000000000000554,-0.125656315271749641
0.750000000000000555,-0.119341133032747182
0.751000000000000556,-0.113106461763904403
0.752000000000000557,-0.106951547897703808
0.753000000000000558,-0.100875641204297956
0.754000000000000559,-0.094877994865078724
0.755000000000000560,-0.088957865543316403
0.756000000000000560,-0.083114513452233446
0.757000000000000561,-0.077347202420282563
0.758000000000000562,-0.071655199953962981
0.759000000000000563,-0.066037777298054393
0.760000000000000564,-0.060494209493393757
0.761000000000000565,-0.055023775432172226
0.762000000000000566,-0.049625757910940725
0.763000000000000567,-0.044299443681241911
0.764000000000000568,-0.039044123497978110
0.765000000000000568,-0.033859092165633077
0.766000000000000569,-0.028743648582213586
0.767000000000000570,-0.023697095781195100
0.768000000000000571,-0.018718740971278524
0.769000000000000572,-0.013807895574230422
0.770000000000000573,-0.008963875260693754
0.771000000000000574,-0.004185999984083632
0.772000000000000575,0.000526405987401246
0.773000000000000576,0.005174014040615372
0.774000000000000576,0.009757491189092004
0.775000000000000577,0.014277500046403269
0.776000000000000578,0.018734698801277882
0.777000000000000579,0.023129741194334041
0.778000000000000580,0.027463276496497425
0.779000000000000581,0.031735949488964139
0.780000000000000582,0.035948400444739029
0.781000000000000583,0.040101265111674590
0.782000000000000584,0.044195174696995403
0.783000000000000584,0.048230755853268539
0.784000000000000585,0.052208630665728159
0.785000000000000586,0.056129416641054287
0.786000000000000587,0.059993726697379082
0.787000000000000588,0.063802169155672009
0.788000000000000589,0.067555347732367418
0.789000000000000590,0.071253861533170523
0.790000000000000591,0.074898305048146388
0.791000000000000592,0.078489268147916152
0.792000000000000592,0.082027336080995994
0.793000000000000593,0.085513089472277481
0.794000000000000594,0.088947104322517651
0.795000000000000595,0.092329952008924604
0.796000000000000596,0.095662199286756636
0.797000000000000597,0.098944408291880406
0.798000000000000598,0.102177136544300301
0.799000000000000599,0.105360936952650544
0.800000000000000600,0.108496357819525005
0.801000000000000600,0.111583942847763323
0.802000000000000601,0.114624231147543013
0.803000000000000602,0.117617757244311116
0.804000000000000603,0.120565051087525660
0.805000000000000604,0.123466638060140757
0.806000000000000605,0.126323038988944869
0.807000000000000606,0.129134770155506867
0.808000000000000607,0.131902343307908870
0.809000000000000608,0.134626265673170459
0.810000000000000608,0.137307039970254757
0.811000000000000609,0.139945164423895069
0.812000000000000610,0.142541132778788937
0.813000000000000611,0.145095434314661348
0.814000000000000612,0.147608553861726499
0.815000000000000613,0.150080971816773490
0.816000000000000614,0.152513164159809284
0.817000000000000615,0.154905602471235998
0.818000000000000616,0.157258753949467867
0.819000000000000616,0.159573081429112029
0.820000000000000617,0.161849043399604209
0.821000000000000618,0.164087094024250313
0.822000000000000619,0.166287683159751953
0.823000000000000620,0.168451256376152131
0.824000000000000621,0.170578254977183486
0.825000000000000622,0.172669116020961549
0.826000000000000623,0.174724272341100301
0.827000000000000624,0.176744152568186708
0.828000000000000624,0.178729181151553035
0.829000000000000625,0.180679778381436229
0.830000000000000626,0.182596360411405756
0.831000000000000627,0.184479339281103549
0.832000000000000628,0.186329122939289826
0.833000000000000629,0.188146115267144365
0.834000000000000630,0.189930716101833263
0.835000000000000631,0.191683321260329859
0.836000000000000631,0.193404322563477782
0.837000000000000632,0.195094107860232846
0.838000000000000633,0.196753061052191758
0.839000000000000634,0.198381562118279564
0.840000000000000635,0.199979987139601689
0.841000000000000636,0.201548708324540499
0.842000000000000637,0.203088094033965938
0.843000000000000638,0.204598508806619284
0.844000000000000639,0.206080313384671227
0.845000000000000639,0.207533864739363721
0.846000000000000640,0.208959516096862613
0.847000000000000641,0.210357616964106375
0.848000000000000642,0.211728513154912257
0.849000000000000643,0.213072546816081398
0.850000000000000644,0.214390056453592687
0.851000000000000645,0.215681376958962057
0.852000000000000646,0.216946839635604544
0.853000000000000647,0.218186772225279629
0.854000000000000647,0.219401498934628680
0.855000000000000648,0.220591340461722796
0.856000000000000649,0.221756614022671161
0.857000000000000650,0.222897633378274701
0.858000000000000651,0.224014708860705902
0.859000000000000652,0.225108147400217978
0.860000000000000653,0.226178252551826275
0.861000000000000654,0.227225324522096983
0.862000000000000655,0.228249660195828208
0.863000000000000655,0.229251553162812372
0.864000000000000656,0.230231293744534687
0.865000000000000657,0.231189169020929869
0.866000000000000658,0.232125462857019016
0.867000000000000659,0.233040455929595935
0.868000000000000660,0.233934425753872771
0.869000000000000661,0.234807646710087609
0.870000000000000662,0.235660390070047354
0.871000000000000663,0.236492924023623818
0.872000000000000663,0.237305513705288268
0.873000000000000664,0.238098421220447859
0.874000000000000665,0.238871905671860757
0.875000000000000666,0.239626223185870291
0.876000000000000667,0.240361626938676964
0.877000000000000668,0.241078367182470693
0.878000000000000669,0.241776691271496119
0.879000000000000670,0.242456843688078599
0.880000000000000671,0.243119066068514217
0.881000000000000671,0.243763597228935147
0.882000000000000672,0.244390673191000996
0.883000000000000673,0.245000527207602792
0.884000000000000674,0.245593389788367172
0.885000000000000675,0.246169488725148267
0.886000000000000676,0.246729049117361127
0.887000000000000677,0.247272293397236137
0.888000000000000678,0.247799441354960154
0.889000000000000679,0.248310710163708676
0.890000000000000679,0.248806314404553502
0.891000000000000680,0.249286466091290404
0.892000000000000681,0.249751374695095951
0.893000000000000682,0.250201247169118790
0.894000000000000683,0.250636287972922367
0.895000000000000684,0.251056699096792624
0.896000000000000685,0.251462680085939527
0.897000000000000686,0.251854428064579472
0.898000000000000687,0.252232137759860697
0.899000000000000687,0.252596001525669300
0.900000000000000688,0.252946209366313068
0.901000000000000689,0.253282948960061816
0.902000000000000690,0.253606405682539393
0.903000000000000691,0.253916762630010173
0.904000000000000692,0.254214200642490229
0.905000000000000693,0.254498898326756873
0.906000000000000694,0.254771032079158133
0.907000000000000695,0.255030776108365553
0.908000000000000695,0.255278302457899398
0.909000000000000696,0.255513781028565867
0.910000000000000697,0.255737379600710857
0.911000000000000698,0.255949263856361742
0.912000000000000699,0.256149597401195472
0.913000000000000700,0.256338541786360952
0.914000000000000701,0.256516256530181452
0.915000000000000702,0.256682899139659970
0.916000000000000703,0.256838625131876275
0.917000000000000703,0.256983588055217926
0.918000000000000704,0.257117939510437543
0.919000000000000705,0.257241829171612424
0.920000000000000706,0.257355404806886512
0.921000000000000707,0.257458812299117601
0.922000000000000708,0.257552195666340633
0.923000000000000709,0.257635697082057524
0.924000000000000710,0.257709456895440503
0.925000000000000711,0.257773613651314792
0.926000000000000711,0.257828304110015449
0.927000000000000712,0.257873663267096487
0.928000000000000713,0.257909824372881680
0.929000000000000714,0.257936918951819305
0.930000000000000715,0.257955076821770546
0.931000000000000716,0.257964426113068857
0.932000000000000717,0.257965093287447655
0.933000000000000718,0.257957203156822246
0.934000000000000719,0.257940878901903758
0.935000000000000719,0.257916242090670322
0.936000000000000720,0.257883412696692127
0.937000000000000721,0.257842509117279239
0.938000000000000722,0.257793648191481761
0.939000000000000723,0.257736945217964031
0.940000000000000724,0.257672513972697970
0.941000000000000725,0.257600466726511101
0.942000000000000726,0.257520914262469147
0.943000000000000727,0.257433965893155314
0.944000000000000727,0.257339729477733203
0.945000000000000728,0.257238311438902412
0.946000000000000729,0.257129816779703146
0.947000000000000730,0.257014349100126882
0.948000000000000731,0.256892010613650024
0.949000000000000732,0.256762902163546802
0.950000000000000733,0.256627123239110355
0.951000000000000734,0.256484771991666638
0.952000000000000735,0.256335945250503017
0.953000000000000735,0.256180738538625163
0.954000000000000736,0.256019246088336261
0.955000000000000737,0.255851560856731386
0.956000000000000738,0.255677774540985003
0.957000000000000739,0.255497977593548919
0.958000000000000740,0.255312259237150951
0.959000000000000741,0.255120707479716713
0.960000000000000742,0.254923409129079126
0.961000000000000743,0.254720449807592453
0.962000000000000743,0.254511913966600667
0.963000000000000744,0.254297884900747229
0.964000000000000745,0.254078444762147138
0.965000000000000746,0.253853674574449850
0.966000000000000747,0.253623654246718011
0.967000000000000748,0.253388462587216812
0.968000000000000749,0.253148177317016276
0.969000000000000750,0.252902875083512835
0.970000000000000751,0.252652631473752110
0.971000000000000751,0.252397521027687421
0.972000000000000752,0.252137617251258495
0.973000000000000753,0.251872992629327608
0.974000000000000754,0.251603718638530482
0.975000000000000755,0.251329865759961746
0.976000000000000756,0.251051503491733441
0.977000000000000757,0.250768700361425456
0.978000000000000758,0.250481523938371919
0.979000000000000759,0.250190040845844786
0.980000000000000759,0.249894316773118103
0.981000000000000760,0.249594416487375403
0.982000000000000761,0.249290403845510988
0.983000000000000762,0.248982341805819907
0.984000000000000763,0.248670292439544388
0.985000000000000764,0.248354316942288295
0.986000000000000765,0.248034475645344227
0.987000000000000766,0.247710828026866725
0.988000000000000766,0.247383432722949909
0.989000000000000767,0.247052347538576356
0.990000000000000768,0.246717629458408361
0.991000000000000769,0.246379334657560817
0.992000000000000770,0.246037518512164072
0.993000000000000771,0.245692235609821508
0.994000000000000772,0.245343539760024487
0.995000000000000773,0.244991484004358995
0.996000000000000774,0.244636120626671616
0.997000000000000774,0.244277501163081334
0.998000000000000775,0.243915676411894378
0.999000000000000776,0.243550696443418424
1.000000000000000666,0.243182610609647659
1.001000000000000778,0.242811467553850469
1.002000000000000668,0.242437315220052130
1.003000000000000780,0.242060200862398517
1.004000000000000670,0.241680171054439702
1.005000000000000782,0.241297271698266341
1.006000000000000671,0.240911548033575590
1.007000000000000783,0.240523044646638734
1.008000000000000673,0.240131805479126548
1.009000000000000785,0.239737873836882331
1.010000000000000675,0.239341292398551342
1.011000000000000787,0.238942103224143942
1.012000000000000677,0.238540347763477933
1.013000000000000789,0.238136066864517215
1.014000000000000679,0.237729300781670982
1.015000000000000790,0.237320089183891414
1.016000000000000680,0.236908471162780965
1.017000000000000792,0.236494485240528102
1.018000000000000682,0.236078169377829106
1.019000000000000794,0.235659560981610838
1.020000000000000684,0.235238696912753564
1.021000000000000796,0.234815613493685793
1.022000000000000686,0.234390346515885584
1.023000000000000798,0.233962931247301220
1.024000000000000687,0.233533402439679405
1.025000000000000799,0.233101794335809270
1.026000000000000689,0.232668140676658780
1.027000000000000801,0.232232474708475550
1.028000000000000691,0.231794829189735013
1.029000000000000803,0.231355236398058939
1.030000000000000693,0.230913728137027624
1.031000000000000805,0.230470335742890470
1.032000000000000695,0.230025090091238921
1.033000000000000806,0.229578021603564386
1.034000000000000696,0.229129160253733533
1.035000000000000808,0.228678535574410702
1.036000000000000698,0.228226176663384572
1.037000000000000810,0.227772112189791903
1.038000000000000700,0.227316370400317075
1.039000000000000812,0.226858979125285798
1.040000000000000702,0.226399965784655099
1.041000000000000814,0.225939357393988682
1.042000000000000703,0.225477180570310271
1.043000000000000815,0.225013461537900750
1.044000000000000705,0.224548226134005852
1.045000000000000817,0.224081499814528323
1.046000000000000707,0.223613307659554200
1.047000000000000819,0.223143674378892681
1.048000000000000709,0.222672624317496487
1.049000000000000821,0.222200181460847718
1.050000000000000711,0.221726369440240989
1.051000000000000822,0.221251211538020381
1.052000000000000712,0.220774730692751664
1.053000000000000824,0.220296949504300510
1.054000000000000714,0.219817890238889480
1.055000000000000826,0.219337574834040427
1.056000000000000716,0.218856024903495483
1.057000000000000828,0.218373261742045022
1.058000000000000718,0.217889306330309424
1.059000000000000830,0.217404179339450193
1.060000000000000719,0.216917901135823182
1.061000000000000831,0.216430491785557011
1.062000000000000721,0.215941971059114113
1.063000000000000833,0.215452358435719138
1.064000000000000723,0.214961673107805451
1.065000000000000835,0.214469933985350997
1.066000000000000725,0.213977159700169783
1.067000000000000837,0.213483368610178303
1.068000000000000727,0.212988578803530615
1.069000000000000838,0.212492808102788422
1.070000000000000728,0.211996074068963480
1.071000000000000840,0.211498394005545653
1.072000000000000730,0.210999784962456305
1.073000000000000842,0.210500263739957505
1.074000000000000732,0.209999846892529846
1.075000000000000844,0.209498550732640704
1.076000000000000734,0.208996391334508230
1.077000000000000846,0.208493384537814463
1.078000000000000735,0.207989545951338173
1.079000000000000847,0.207484890956577628
1.080000000000000737,0.206979434711257154
1.081000000000000849,0.206473192152873464
1.082000000000000739,0.205966178002139289
1.083000000000000851,0.205458406766366564
1.084000000000000741,0.204949892742841644
1.085000000000000853,0.204440650022143094
1.086000000000000743,0.203930692491405413
1.087000000000000854,0.203420033837514419
1.088000000000000744,0.202908687550315603
1.089000000000000856,0.202396666925726165
1.090000000000000746,0.201883985068838367
1.091000000000000858,0.201370654896936729
1.092000000000000748,0.200856689142525635
1.093000000000000860,0.200342100356259850
1.094000000000000750,0.199826900909905125
1.095000000000000862,0.199311102999151168
1.096000000000000751,0.198794718646494645
1.097000000000000863,0.198277759704025613
1.098000000000000753,0.197760237856157262
1.099000000000000865,0.197242164622359550
1.100000000000000755,0.196723551359831050
1.101000000000000867,0.196204409266133195
1.102000000000000757,0.195684749381792977
1.103000000000000869,0.195164582592851021
1.104000000000000759,0.194643919633406520
1.105000000000000870,0.194122771088080126
1.106000000000000760,0.193601147394494966
1.107000000000000872,0.193079058845656876
1.108000000000000762,0.192556515592360228
1.109000000000000874,0.192033527645512903
1.110000000000000764,0.191510104878467369
1.111000000000000876,0.190986257029293394
1.112000000000000766,0.190461993702996157
1.113000000000000878,0.189937324373750882
1.114000000000000767,0.189412258387072457
1.115000000000000879,0.188886804961960475
1.116000000000000769,0.188360973193006348
1.117000000000000881,0.187834772052478227
1.118000000000000771,0.187308210392372665
1.119000000000000883,0.186781296946421371
1.120000000000000773,0.186254040332093390
1.121000000000000885,0.185726449052538101
1.122000000000000774,0.185198531498538543
1.123000000000000886,0.184670295950386809
1.124000000000000776,0.184141750579749547
1.125000000000000888,0.183612903451543380
1.126000000000000778,0.183083762525721561
1.127000000000000890,0.182554335659044942
1.128000000000000780,0.182024630606888727
1.129000000000000892,0.181494655024931284
1.130000000000000782,0.180964416470864448
1.131000000000000894,0.180433922406098679
1.132000000000000783,0.179903180197384521
1.133000000000000895,0.179372197118444987
1.134000000000000785,0.178840980351598677
1.135000000000000897,0.178309536989296552
1.136000000000000787,0.177777874035717348
1.137000000000000899,0.177245998408251892
1.138000000000000789,0.176713916939042981
1.139000000000000901,0.176181636376430945
1.140000000000000790,0.175649163386432827
1.141000000000000902,0.175116504554168245
1.142000000000000792,0.174583666385263375
1.143000000000000904,0.174050655307250585
1.144000000000000794,0.173517477670904169
1.145000000000000906,0.172984139751630212
1.146000000000000796,0.172450647750736957
1.147000000000000908,0.171917007796770049
1.148000000000000798,0.171383225946778323
1.149000000000000909,0.170849308187565274
1.150000000000000799,0.170315260436950500
1.151000000000000689,0.169781088544956438
1.152000000000000801,0.169246798295031309
1.153000000000000913,0.168712395405198834
1.154000000000000803,0.168177885529243482
1.155000000000000693,0.167643274257848557
1.156000000000000805,0.167108567119685636
1.157000000000000917,0.166573769582559039
1.158000000000000806,0.166038887054453910
1.159000000000000696,0.165503924884615489
1.160000000000000808,0.164968888364608712
1.161000000000000920,0.164433782729328792
1.162000000000000810,0.163898613158012713
1.163000000000000700,0.163363384775250087
1.164000000000000812,0.162828102651955409
1.165000000000000924,0.162292771806330588
1.166000000000000814,0.161757397204794762
1.167000000000000703,0.161221983762943388
1.168000000000000815,0.160686536346430708
1.169000000000000927,0.160151059771891258
1.170000000000000817,0.159615558807812363
1.171000000000000707,0.159080038175399674
1.172000000000000819,0.158544502549419736
1.173000000000000931,0.158008956559062413
1.174000000000000821,0.157473404788743027
1.175000000000000711,0.156937851778915144
1.176000000000000822,0.156402302026859563
1.177000000000000934,0.155866759987479481
1.178000000000000824,0.155331230074039539
1.179000000000000714,0.154795716658953503
1.180000000000000826,0.154260224074484364
1.181000000000000938,0.153724756613509733
1.182000000000000828,0.153189318530202234
1.183000000000000718,0.152653914040735111
1.184000000000000830,0.152118547323984304
1.185000000000000941,0.151583222522195860
1.186000000000000831,0.151047943741639490
1.187000000000000721,0.150512715053273183
1.188000000000000833,0.149977540493371114
1.189000000000000945,0.149442424064153589
1.190000000000000835,0.148907369734398276
1.191000000000000725,0.148372381440059764
1.192000000000000837,0.147837463084830534
1.193000000000000949,0.147302618540765040
1.194000000000000838,0.146767851648808928
1.195000000000000728,0.146233166219389449
1.196000000000000840,0.145698566032948090
1.197000000000000952,0.145164054840479728
1.198000000000000842,0.144629636364075914
1.199000000000000732,0.144095314297414345
1.200000000000000844,0.143561092306313032
1.201000000000000956,0.143026974029180104
1.202000000000000846,0.142492963077531370
1.203000000000000735,0.141959063036470351
1.204000000000000847,0.141425277465155513
1.205000000000000959,0.140891609897240533
1.206000000000000849,0.140358063841358682
1.207000000000000739,0.139824642781551878
1.208000000000000851,0.139291350177698309
1.209000000000000963,0.138758189465957166
1.210000000000000853,0.138225164059156386
1.211000000000000743,0.137692277347241709
1.212000000000000854,0.137159532697632647
1.213000000000000966,0.136626933455663874
1.214000000000000856,0.136094482944916106
1.215000000000000746,0.135562184467644231
1.216000000000000858,0.135030041305109871
1.217000000000000970,0.134498056717963638
1.218000000000000860,0.133966233946590435
1.219000000000000750,0.133434576211461930
1.220000000000000862,0.132903086713461682
1.221000000000000973,0.132371768634241133
1.222000000000000863,0.131840625136523198
1.223000000000000753,0.131309659364437309
1.224000000000000865,0.130778874443820053
1.225000000000000977,0.130248273482522381
1.226000000000000867,0.129717859570712246
1.227000000000000757,0.129187635781168708
1.228000000000000869,0.128657605169559291
1.229000000000000981,0.128127770774718236
1.230000000000000870,0.127598135618943953
1.231000000000000760,0.127068702708235032
1.232000000000000872,0.126539475032556137
1.233000000000000984,0.126010455566127055
1.234000000000000874,0.125481647267629948
1.235000000000000764,0.124953053080476634
1.236000000000000876,0.124424675933044737
1.237000000000000988,0.123896518738910721
1.238000000000000878,0.123368584397067244
1.239000000000000767,0.122840875792168625
1.240000000000000879,0.122313395794726443
1.241000000000000991,0.121786147261331482
1.242000000000000881,0.121259133034863575
1.243000000000000771,0.120732355944690409
1.244000000000000883,0.120205818806864512
1.245000000000000995,0.119679524424318104
1.246000000000000885,0.119153475587049876
1.247000000000000774,0.118627675072317085
1.248000000000000886,0.118102125644802089
1.249000000000000998,0.117576830056800932
1.250000000000000888,0.117051791048377998
1.251000000000000778,0.116527011347545881
1.252000000000000890,0.116002493670422299
1.253000000000001002,0.115478240721393788
1.254000000000000892,0.114954255193255278
1.255000000000000782,0.114430539767378298
1.256000000000000894,0.113907097113850983
1.257000000000001005,0.113383929891610696
1.258000000000000895,0.112861040748599262
1.259000000000000785,0.112338432321882647
1.260000000000000897,0.111816107237800152
1.261000000000001009,0.111294068112064354
1.262000000000000899,0.110772317549923754
1.263000000000000789,0.110250858146250241
1.264000000000000901,0.109729692485674019
1.265000000000001013,0.109208823142697795
1.266000000000000902,0.108688252681793635
1.267000000000000792,0.108167983657538852
1.268000000000000904,0.107648018614688576
1.269000000000001016,0.107128360088307090
1.270000000000000906,0.106609010603839913
1.271000000000000796,0.106089972677231345
1.272000000000000908,0.105571248815012314
1.273000000000001020,0.105052841514383280
1.274000000000000909,0.104534753263306440
1.275000000000000799,0.104016986540601014
1.276000000000000911,0.103499543816004014
1.277000000000001023,0.102982427550269026
1.278000000000000913,0.102465640195243110
1.279000000000000803,0.101949184193925027
1.280000000000000915,0.101433061980547357
1.281000000000001027,0.100917275980659138
1.282000000000000917,0.100401828611173416
1.283000000000000806,0.099886722280445484
1.284000000000000918,0.099371959388322481
1.285000000000001030,0.098857542326226483
1.286000000000000920,0.098343473477196935
1.287000000000000810,0.097829755215945058
1.288000000000000922,0.097316389908920511
1.289000000000001034,0.096803379914355364
1.290000000000000924,0.096290727582326263
1.291000000000000814,0.095778435254780386
1.292000000000000925,0.095266505265616835
1.293000000000001037,0.094754939940689037
1.294000000000000927,0.094243741597882208
1.295000000000000817,0.093732912547156141
1.296000000000000929,0.093222455090548634
1.297000000000001041,0.092712371522253645
1.298000000000000931,0.092202664128640796
1.299000000000000821,0.091693335188282876
1.300000000000000933,0.091184386972007814
1.301000000000001044,0.090675821742917745
1.302000000000000934,0.090167641756420808
1.303000000000000824,0.089659849260254873
1.304000000000000936,0.089152446494535423
1.305000000000001048,0.088645435691758853
1.306000000000000938,0.088138819076838626
1.307000000000000828,0.087632598867122449
1.308000000000000940,0.087126777272427555
1.309000000000001052,0.086621356495037258
1.310000000000000941,0.086116338729756020
1.311000000000000831,0.085611726163881463
1.312000000000000943,0.085107520977272672
1.313000000000001055,0.084603725342321259
1.314000000000000945,0.084100341424002217
1.315000000000000835,0.083597371379862770
1.316000000000000947,0.083094817360044246
1.317000000000001059,0.082592681507293916
1.318000000000000949,0.082090965956990503
1.319000000000000838,0.081589672837113103
1.320000000000000950,0.081088804268297496
1.321000000000001062,0.080588362363816238
1.322000000000000952,0.080088349229590267
1.323000000000000842,0.079588766964205512
1.324000000000000954,0.079089617658904168
1.325000000000001066,0.078590903397598111
1.326000000000000956,0.078092626256870551
1.327000000000000846,0.077594788305979434
1.328000000000000957,0.077097391606852320
1.329000000000001069,0.076600438214109043
1.330000000000000959,0.076103930175033474
1.331000000000000849,0.075607869529592767
1.332000000000000961,0.075112258310441937
1.333000000000001073,0.074617098542909294
1.334000000000000963,0.074122392244991162
1.335000000000000853,0.073628141427363319
1.336000000000000965,0.073134348093377419
1.337000000000001076,0.072641014239041152
1.338000000000000966,0.072148141853035169
1.339000000000000856,0.071655732916694331
1.340000000000000968,0.071163789404006764
1.341000000000001080,0.070672313281613094
1.342000000000000970,0.070181306508795102
1.343000000000000860,0.069690771037462934
1.344000000000000972,0.069200708812168096
1.345000000000001084,0.068711121770076614
1.346000000000000973,0.068222011840968072
1.347000000000000863,0.067733380947229346
1.348000000000000975,0.067245231003849451
1.349000000000001087,0.066757563918405330
1.350000000000000977,0.066270381591046215
1.351000000000000867,0.065783685914495224
1.352000000000000979,0.065297478774050496
1.353000000000001091,0.064811762047538246
1.354000000000000981,0.064326537605342085
1.355000000000000870,0.063841807310366511
1.356000000000000982,0.063357573018043539
1.357000000000001094,0.062873836576305783
1.358000000000000984,0.062390599825583912
1.359000000000000874,0.061907864598800447
1.360000000000000986,0.061425632721351750
1.361000000000001098,0.060943906011085000
1.362000000000000988,0.060462686278308531
1.363000000000000878,0.059981975325769085
1.364000000000000989,0.059501774948627809
1.365000000000001101,0.059022086934474173
1.366000000000000991,0.058542913063289917
1.367000000000000881,0.058064255107444528
1.368000000000000993,0.057586114831686866
1.369000000000001105,0.057108493993122102
1.370000000000000995,0.056631394341208806
1.371000000000000885,0.056154817617743172
1.372000000000000997,0.055678765556843889
1.373000000000001108,0.055203239884934863
1.374000000000000998,0.054728242320745454
1.375000000000000888,0.054253774575280890
1.376000000000001000,0.053779838351815178
1.377000000000001112,0.053306435345892154
1.378000000000001002,0.052833567245282230
1.379000000000000892,0.052361235730000767
1.380000000000001004,0.051889442472271986
1.381000000000001116,0.051418189136523074
1.382000000000001005,0.050947477379375716
1.383000000000000895,0.050477308849625410
1.384000000000001007,0.050007685188234986
1.385000000000001119,0.049538608028317596
1.386000000000001009,0.049070078995114723
1.387000000000000899,0.048602099706012758
1.388000000000001011,0.048134671770482432
1.389000000000001123,0.047667796790114215
1.390000000000001013,0.047201476358577368
1.391000000000000902,0.046735712061610160
1.392000000000001014,0.046270505477018720
1.393000000000001126,0.045805858174652769
1.394000000000001016,0.045341771716390943
1.395000000000000906,0.044878247656142990
1.396000000000001018,0.044415287539825862
1.397000000000001130,0.043952892905353577
1.398000000000001020,0.043491065282629020
1.399000000000000909,0.043029806193524679
1.400000000000001021,0.042569117151879804
1.401000000000001133,0.042108999663477545
1.402000000000001023,0.041649455226047363
1.403000000000000913,0.041190485329250001
1.404000000000001025,0.040732091454642613
1.405000000000001137,0.040274275075712962
1.406000000000001027,0.039817037657826994
1.407000000000000917,0.039360380658235113
1.408000000000001029,0.038904305526066822
1.409000000000001140,0.038448813702311416
1.410000000000001030,0.037993906619808476
1.411000000000000920,0.037539585703245316
1.412000000000001032,0.037085852369132331
1.413000000000001144,0.036632708025807779
1.414000000000001034,0.036180154073427909
1.415000000000000924,0.035728191903947569
1.416000000000001036,0.035276822901106945
1.417000000000001148,0.034826048440443971
1.418000000000001037,0.034375869889271035
1.419000000000000927,0.033926288606667271
1.420000000000001039,0.033477305943469426
1.421000000000001151,0.033028923242264155
1.422000000000001041,0.032581141837392191
1.423000000000000931,0.032133963054917870
1.424000000000001043,0.031687388212633949
1.425000000000001155,0.031241418620067862
1.426000000000001044,0.030796055578442082
1.427000000000000934,0.030351300380699719
1.428000000000001046,0.029907154311474893
1.429000000000001158,0.029463618647106050
1.430000000000001048,0.029020694655603186
1.431000000000000938,0.028578383596673661
1.432000000000001050,0.028136686721693359
1.433000000000001162,0.027695605273703044
1.434000000000001052,0.027255140487417090
1.435000000000000941,0.026815293589200106
1.436000000000001053,0.026376065797081683
1.437000000000001165,0.025937458320735352
1.438000000000001055,0.025499472361477905
1.439000000000000945,0.025062109112272590
1.440000000000001057,0.024625369757714861
1.441000000000001169,0.024189255474038943
1.442000000000001059,0.023753767429104643
1.443000000000000949,0.023318906782401682
1.444000000000001060,0.022884674685041736
1.445000000000001172,0.022451072279762015
1.446000000000001062,0.022018100700910113
1.447000000000000952,0.021585761074456571
1.448000000000001064,0.021154054517982992
1.449000000000001176,0.020722982140682217
1.450000000000001066,0.020292545043360796
1.451000000000000956,0.019862744318434909
1.452000000000001068,0.019433581049926030
1.453000000000001180,0.019005056313463799
1.454000000000001069,0.018577171176291589
1.455000000000000959,0.018149926697248124
1.456000000000001071,0.017723323926782393
1.457000000000001183,0.017297363906954310
1.458000000000001073,0.016872047671422516
1.459000000000000963,0.016447376245461887
1.460000000000001075,0.016023350645950514
1.461000000000001187,0.015599971881375898
1.462000000000001076,0.015177240951836198
1.463000000000000966,0.014755158849043595
1.464000000000001078,0.014333726556318838
1.465000000000001190,0.013912945048610483
1.466000000000001080,0.013492815292466770
1.467000000000000970,0.013073338246074071
1.468000000000001082,0.012654514859229882
1.469000000000001194,0.012236346073369847
1.470000000000001084,0.011818832821548463
1.471000000000000973,0.011401976028459399
1.472000000000001085,0.010985776610425980
1.473000000000001197,0.010570235475424447
1.474000000000001087,0.010155353523061428
1.475000000000000977,0.009741131644603987
1.476000000000001089,0.009327570722971650
1.477000000000001201,0.008914671632733840
1.478000000000001091,0.008502435240130665
1.479000000000000981,0.008090862403075338
1.480000000000001092,0.007679953971144115
1.481000000000001204,0.007269710785607395
1.482000000000001094,0.006860133679408730
1.483000000000000984,0.006451223477187945
1.484000000000001096,0.006042980995292932
1.485000000000001208,0.005635407041768004
1.486000000000001098,0.005228502416368848
1.487000000000000988,0.004822267910579149
1.488000000000001100,0.004416704307603681
1.489000000000001211,0.004011812382381341
1.490000000000001101,0.003607592901594915
1.491000000000000991,0.003204046623678525
1.492000000000001103,0.002801174298827458
1.493000000000001215,0.002398976668992821
1.494000000000001105,0.001997454467915117
1.495000000000000995,0.001596608421113434
1.496000000000001107,0.001196439245899569
1.497000000000001219,0.000796947651384879
1.498000000000001108,0.000398134338503071
1.499000000000000998,0.000000000000000000
