# mos2-001_FLUORANE-AC
# h[nm],U(h)[kJ/mol]
0.149999999999999994,56.417216509060480689
0.150999999999999995,55.070152251375724006
0.151999999999999996,54.051864689498508199
0.152999999999999997,53.083574391953405325
0.153999999999999998,52.085884453148324269
0.154999999999999999,51.060911214195847663
0.156000000000000000,50.034032444676952878
0.157000000000000001,49.028628631638483171
0.158000000000000002,48.057962309524555167
0.159000000000000002,47.125083550755753947
0.160000000000000003,46.225780526663662329
0.161000000000000004,45.352053868020107075
0.162000000000000005,44.495003222172009316
0.163000000000000006,43.646778583875331492
0.164000000000000007,42.801627759989003152
0.165000000000000008,41.956229011164502651
0.166000000000000009,41.109536025994870556
0.167000000000000010,40.262341878841731102
0.168000000000000010,39.416724660672450398
0.169000000000000011,38.575489156752070130
0.170000000000000012,37.741675662451100948
0.171000000000000013,36.918172506418791556
0.172000000000000014,36.107443705732293893
0.173000000000000015,35.311366474391221004
0.174000000000000016,34.531163475020385079
0.175000000000000017,33.767410054529136687
0.176000000000000018,33.020095692131832266
0.177000000000000018,32.288720224008208959
0.178000000000000019,31.572408089131364761
0.179000000000000020,30.870027128564466068
0.180000000000000021,30.180301857456459658
0.181000000000000022,29.501914290130457630
0.182000000000000023,28.833588148965571207
0.183000000000000024,28.174154543510290694
0.184000000000000025,27.522598953343468509
0.185000000000000026,26.878090617130965256
0.186000000000000026,26.239996277370607913
0.187000000000000027,25.607880723842164628
0.188000000000000028,24.981496789874185538
0.189000000000000029,24.360767451939359773
0.190000000000000030,23.745762525570601298
0.191000000000000031,23.136672191178487168
0.192000000000000032,22.533779264767936468
0.193000000000000033,21.937431784489358932
0.194000000000000034,21.348017139852821344
0.195000000000000034,20.765938644494319476
0.196000000000000035,20.191595157754196777
0.197000000000000036,19.625364102209470474
0.198000000000000037,19.067588007020695784
0.199000000000000038,18.518564530911216792
0.200000000000000039,17.978539782079653975
0.201000000000000040,17.447704652214888199
0.202000000000000041,16.926193814016095018
0.203000000000000042,16.414086991751865696
0.204000000000000042,15.911412097835839319
0.205000000000000043,15.418149830688781421
0.206000000000000044,14.934239346118909353
0.207000000000000045,14.459584642300905344
0.208000000000000046,13.994061333834611816
0.209000000000000047,13.537523530460083165
0.210000000000000048,13.089810578409080577
0.211000000000000049,12.650753465148200760
0.212000000000000050,12.220180729890977034
0.213000000000000050,11.797923761578179125
0.214000000000000051,11.383821402219862051
0.215000000000000052,10.977723806017840147
0.216000000000000053,10.579495533231767723
0.217000000000000054,10.189017882197301645
0.218000000000000055,9.806190483285062598
0.219000000000000056,9.430932195055376610
0.220000000000000057,9.063181355652208282
0.221000000000000058,8.702895451892402434
0.222000000000000058,8.350050274874691425
0.223000000000000059,8.004638634619087867
0.224000000000000060,7.666668707609678002
0.225000000000000061,7.336162090510765843
0.226000000000000062,7.013151631098703653
0.227000000000000063,6.697679103919637278
0.228000000000000064,6.389792793642476099
0.229000000000000065,6.089545043791546597
0.230000000000000066,5.796989822753650046
0.231000000000000066,5.512180352864592514
0.232000000000000067,5.235166842170653645
0.233000000000000068,4.965994352278913837
0.234000000000000069,4.704700829682372465
0.235000000000000070,4.451315322169426381
0.236000000000000071,4.205856396481173043
0.237000000000000072,3.968330768320664337
0.238000000000000073,3.738732151187144304
0.239000000000000073,3.517040326330448607
0.240000000000000074,3.303220432406866358
0.241000000000000075,3.097222470171915543
0.242000000000000076,2.898981014757136876
0.243000000000000077,2.708415125733794504
0.244000000000000078,2.525428443244822851
0.245000000000000079,2.349909456962270049
0.246000000000000080,2.181731933472951468
0.247000000000000081,2.020755486878540896
0.248000000000000081,1.866826276887649572
0.249000000000000082,1.719777818443482875
0.250000000000000111,1.579431886939710150
0.251000000000000112,1.445599503298805155
0.252000000000000113,1.318081983590130069
0.253000000000000114,1.196672038422729845
0.254000000000000115,1.081154908031192408
0.255000000000000115,0.971309519759307571
0.256000000000000116,0.866909655511038713
0.257000000000000117,0.767725117661478884
0.258000000000000118,0.673522882883173302
0.259000000000000119,0.584068234328082303
0.260000000000000120,0.499125863598114616
0.261000000000000121,0.418460934924785644
0.262000000000000122,0.341840104949296120
0.263000000000000123,0.269032492439586268
0.264000000000000123,0.199810593191921432
0.265000000000000124,0.133951136235692742
0.266000000000000125,0.071235878285470830
0.267000000000000126,0.011452334160728106
0.268000000000000127,-0.045605558382406430
0.269000000000000128,-0.100136840292777321
0.270000000000000129,-0.152332999609601893
0.271000000000000130,-0.202377506302111015
0.272000000000000131,-0.250445412768911302
0.273000000000000131,-0.296703018751343306
0.274000000000000132,-0.341307599016474728
0.275000000000000133,-0.384407191817347060
0.276000000000000134,-0.426140445838642190
0.277000000000000135,-0.466636523082552324
0.278000000000000136,-0.506015054940143982
0.279000000000000137,-0.544386148524627855
0.280000000000000138,-0.581850440212503095
0.281000000000000139,-0.618499193243289391
0.282000000000000139,-0.654414436165969060
0.283000000000000140,-0.689669138887234134
0.284000000000000141,-0.724327423070705856
0.285000000000000142,-0.758444803654580779
0.286000000000000143,-0.792068458295136280
0.287000000000000144,-0.825237521602582014
0.288000000000000145,-0.857983401111890642
0.289000000000000146,-0.890330112021433862
0.290000000000000147,-0.922294627835375080
0.291000000000000147,-0.953887244158837078
0.292000000000000148,-0.985111953016835629
0.293000000000000149,-1.015966825196459089
0.294000000000000150,-1.046444398245624408
0.295000000000000151,-1.076532067899402367
0.296000000000000152,-1.106212480844768198
0.297000000000000153,-1.135463926875953655
0.298000000000000154,-1.164260728633873754
0.299000000000000155,-1.192573627263562308
0.300000000000000155,-1.220370162462410146
0.301000000000000156,-1.247615045528257527
0.302000000000000157,-1.274270524149649919
0.303000000000000158,-1.300296737810032965
0.304000000000000159,-1.325652062803119202
0.305000000000000160,-1.350293445977269746
0.306000000000000161,-1.374176726442788876
0.307000000000000162,-1.397256944586685368
0.308000000000000163,-1.419488637844770196
0.309000000000000163,-1.440826122780937801
0.310000000000000164,-1.461223763117700525
0.311000000000000165,-1.480636223450647382
0.312000000000000166,-1.499018708462624527
0.313000000000000167,-1.516327187530723375
0.314000000000000168,-1.532518604691051722
0.315000000000000169,-1.547551073992690096
0.316000000000000170,-1.561384060333316226
0.317000000000000171,-1.573978545924806793
0.318000000000000171,-1.585297182588015996
0.319000000000000172,-1.595304430121916583
0.320000000000000173,-1.603966681033551112
0.321000000000000174,-1.611252371952032192
0.322000000000000175,-1.617132082082401112
0.323000000000000176,-1.621578619083539508
0.324000000000000177,-1.624567092778875788
0.325000000000000178,-1.626074977129481791
0.326000000000000179,-1.626082160916725527
0.327000000000000179,-1.624570987595600702
0.328000000000000180,-1.621526284791134698
0.329000000000000181,-1.616935383918663316
0.330000000000000182,-1.610788130414115837
0.331000000000000183,-1.603076885064095070
0.332000000000000184,-1.593796516926130780
0.333000000000000185,-1.582944388328661134
0.334000000000000186,-1.570520332437147504
0.335000000000000187,-1.556526623868101700
0.336000000000000187,-1.540967942826531045
0.337000000000000188,-1.523851333234563565
0.338000000000000189,-1.505186155310214602
0.339000000000000190,-1.484984033045140261
0.340000000000000191,-1.463258797019163282
0.341000000000000192,-1.440026422977658482
0.342000000000000193,-1.415304966585037461
0.343000000000000194,-1.389114494754623008
0.344000000000000195,-1.361477013941142733
0.345000000000000195,-1.332416395768248218
0.346000000000000196,-1.301958300348666775
0.347000000000000197,-1.270130097640008060
0.348000000000000198,-1.236960787164357090
0.349000000000000199,-1.202480916404622846
0.350000000000000200,-1.166722498175795097
0.351000000000000201,-1.129718927254005134
0.352000000000000202,-1.091504896531568347
0.353000000000000203,-1.052116312951293597
0.354000000000000203,-1.011590213458734011
0.355000000000000204,-0.969964681196673117
0.356000000000000205,-0.927278762152034197
0.357000000000000206,-0.883572382451526805
0.358000000000000207,-0.838886266488734433
0.359000000000000208,-0.793261856052329462
0.360000000000000209,-0.746741230612071538
0.361000000000000210,-0.699367028906931587
0.362000000000000210,-0.651182371967518714
0.363000000000000211,-0.602230787693396885
0.364000000000000212,-0.552556137094617705
0.365000000000000213,-0.502202542295919763
0.366000000000000214,-0.451214316391719272
0.367000000000000215,-0.399635895229989380
0.368000000000000216,-0.347511771193624419
0.369000000000000217,-0.294886429038739517
0.370000000000000218,-0.241804283840722306
0.371000000000000218,-0.188309621090498369
0.372000000000000219,-0.134446538975765251
0.373000000000000220,-0.080258892874378707
0.374000000000000221,-0.025790242080194613
0.375000000000000222,0.028916201225106027
0.376000000000000223,0.083817620746778412
0.377000000000000224,0.138871642596862854
0.378000000000000225,0.194036379563095662
0.379000000000000226,0.249270473135955573
0.380000000000000226,0.304533133307682669
0.381000000000000227,0.359784176161609515
0.382000000000000228,0.414984059274142780
0.383000000000000229,0.470093914955571623
0.384000000000000230,0.525075581359435550
0.385000000000000231,0.579891631493174464
0.386000000000000232,0.634505400165914613
0.387000000000000233,0.688881008911711668
0.388000000000000234,0.742983388929052024
0.389000000000000234,0.796778302079448997
0.390000000000000235,0.850232359989967934
0.391000000000000236,0.903313041306054387
0.392000000000000237,0.955988707142646499
0.393000000000000238,1.008228614782631594
0.394000000000000239,1.060002929672918537
0.395000000000000240,1.111282735769165919
0.396000000000000241,1.162040044280945539
0.397000000000000242,1.212247800869711956
0.398000000000000242,1.261879891352214900
0.399000000000000243,1.310911145962354585
0.400000000000000244,1.359317342224603653
0.401000000000000245,1.407075206491911867
0.402000000000000246,1.454162414201150444
0.403000000000000247,1.500557588898740802
0.404000000000000248,1.546240300088784547
0.405000000000000249,1.591191059955648246
0.406000000000000250,1.635391319012381883
0.407000000000000250,1.678823460725764605
0.408000000000000251,1.721470795168130952
0.409000000000000252,1.763317551745319234
0.410000000000000253,1.804348871049399339
0.411000000000000254,1.844550795883864058
0.412000000000000255,1.883910261508171091
0.413000000000000256,1.922415085147508140
0.414000000000000257,1.960053954812740695
0.415000000000000258,1.996816417474393646
0.416000000000000258,2.032692866633587947
0.417000000000000259,2.067674529331683164
0.418000000000000260,2.101753452639342878
0.419000000000000261,2.134922489664643042
0.420000000000000262,2.167175285118645434
0.421000000000000263,2.198506260475850294
0.422000000000000264,2.228910598765647677
0.423000000000000265,2.258384229029950507
0.424000000000000266,2.286923810480775643
0.425000000000000266,2.314526716390693295
0.426000000000000267,2.341191017747672021
0.427000000000000268,2.366915466704887727
0.428000000000000269,2.391699479854826116
0.429000000000000270,2.415543121355934630
0.430000000000000271,2.438447085938999948
0.431000000000000272,2.460412681819265313
0.432000000000000273,2.481441813539272623
0.433000000000000274,2.501536964766326143
0.434000000000000274,2.520701181067449781
0.435000000000000275,2.538938052683625379
0.436000000000000276,2.556251697324155803
0.437000000000000277,2.572646743000945868
0.438000000000000278,2.588128310921553155
0.439000000000000279,2.602701998458889499
0.440000000000000280,2.616373862214525392
0.441000000000000281,2.629150401191668429
0.442000000000000282,2.641038540092924158
0.443000000000000282,2.652045612757198079
0.444000000000000283,2.662179345749119630
0.445000000000000284,2.671447842113654048
0.446000000000000285,2.679859565307768143
0.447000000000000286,2.687423323320114132
0.448000000000000287,2.694148252989153391
0.449000000000000288,2.700043804529209002
0.450000000000000289,2.705119726273387482
0.451000000000000290,2.709386049641530736
0.452000000000000290,2.712853074340753068
0.453000000000000291,2.715531353805468395
0.454000000000000292,2.717431680883178213
0.455000000000000293,2.718565073771744611
0.456000000000000294,2.718942762213252706
0.457000000000000295,2.718576173949077024
0.458000000000000296,2.717476921440154847
0.459000000000000297,2.715656788856092962
0.460000000000000298,2.713127719336083654
0.461000000000000298,2.709901802524323333
0.462000000000000299,2.705991262382001938
0.463000000000000300,2.701408445277675874
0.464000000000000301,2.696165808357281257
0.465000000000000302,2.690275908194768029
0.466000000000000303,2.683751389723900704
0.467000000000000304,2.676604975451469137
0.468000000000000305,2.668849454951735645
0.469000000000000306,2.660497674641745913
0.470000000000000306,2.651562527836725636
0.471000000000000307,2.642056945084542363
0.472000000000000308,2.631993884777955373
0.473000000000000309,2.621386324043089910
0.474000000000000310,2.610247249902362121
0.475000000000000311,2.598589650709804744
0.476000000000000312,2.586426507856619761
0.477000000000000313,2.573770787744478206
0.478000000000000314,2.560635434023990520
0.479000000000000314,2.547033360095539933
0.480000000000000315,2.532977441869530999
0.481000000000000316,2.518480510782965531
0.482000000000000317,2.503555347069093440
0.483000000000000318,2.488214673276766487
0.484000000000000319,2.472471148036038624
0.485000000000000320,2.456337360066366493
0.486000000000000321,2.439825822423773882
0.487000000000000322,2.422948966983152541
0.488000000000000322,2.405719139151853092
0.489000000000000323,2.388148592810639848
0.490000000000000324,2.370249485477994966
0.491000000000000325,2.352033873693707200
0.492000000000000326,2.333513708617672933
0.493000000000000327,2.314700831839730633
0.494000000000000328,2.295606971396346729
0.495000000000000329,2.276243737989983806
0.496000000000000330,2.256622621406846996
0.497000000000000330,2.236754987128834582
0.498000000000000331,2.216652073135357170
0.499000000000000332,2.196324986890848763
0.500000000000000333,2.175784702513600788
0.501000000000000334,2.155042058121735327
0.502000000000000335,2.134107753352020076
0.503000000000000336,2.112992347047314645
0.504000000000000337,2.091706255108394252
0.505000000000000338,2.070259748505958175
0.506000000000000338,2.048662951448658287
0.507000000000000339,2.026925839702974574
0.508000000000000340,2.005058239060814262
0.509000000000000341,1.983069823950796451
0.510000000000000342,1.960970116189090451
0.511000000000000343,1.938768483865873193
0.512000000000000344,1.916474140363385148
0.513000000000000345,1.894096143501695861
0.514000000000000346,1.871643394808263583
0.515000000000000346,1.849124638907486018
0.516000000000000347,1.826548463026453462
0.517000000000000348,1.803923296613159533
0.518000000000000349,1.781257411063494889
0.519000000000000350,1.758558919553433242
0.520000000000000351,1.735835776972762812
0.521000000000000352,1.713095779956952835
0.522000000000000353,1.690346567013604639
0.523000000000000353,1.667595618740132624
0.524000000000000354,1.644850258129366027
0.525000000000000355,1.622117650959698620
0.526000000000000356,1.599404806266683021
0.527000000000000357,1.576718576892814472
0.528000000000000358,1.554065660112438740
0.529000000000000359,1.531452598328782111
0.530000000000000360,1.508885779840051899
0.531000000000000361,1.486371439671761108
0.532000000000000361,1.463915660472379532
0.533000000000000362,1.441524373469529774
0.534000000000000363,1.419203359484012328
0.535000000000000364,1.396958249998954793
0.536000000000000365,1.374794528281510164
0.537000000000000366,1.352717530554532255
0.538000000000000367,1.330732447215737135
0.539000000000000368,1.308844324101946510
0.540000000000000369,1.287058063795998519
0.541000000000000369,1.265378426974066883
0.542000000000000370,1.243810033791086012
0.543000000000000371,1.222357365302127352
0.544000000000000372,1.201024764917553389
0.545000000000000373,1.179816439889912028
0.546000000000000374,1.158736462830490144
0.547000000000000375,1.137788773253616048
0.548000000000000376,1.116977179146747989
0.549000000000000377,1.096305358564527932
0.550000000000000377,1.075776861244961635
0.551000000000000378,1.055395110245982426
0.552000000000000379,1.035163403600722010
0.553000000000000380,1.015084915989781900
0.554000000000000381,0.995162700428959601
0.555000000000000382,0.975399689970854689
0.556000000000000383,0.955798699418839215
0.557000000000000384,0.936362427051975033
0.558000000000000385,0.917093456359430959
0.559000000000000385,0.897994257783060745
0.560000000000000386,0.879067190466836790
0.561000000000000387,0.860314504011837400
0.562000000000000388,0.841738340235590909
0.563000000000000389,0.823340734934569385
0.564000000000000390,0.805123619648717481
0.565000000000000391,0.787088823426881579
0.566000000000000392,0.769238074592109689
0.567000000000000393,0.751573002505785959
0.568000000000000393,0.734095139329625335
0.569000000000000394,0.716805921784562150
0.570000000000000395,0.699706692905676664
0.571000000000000396,0.682798703792228068
0.572000000000000397,0.666083115351997601
0.573000000000000398,0.649561000039135084
0.574000000000000399,0.633233343584733599
0.575000000000000400,0.617101046719402246
0.576000000000000401,0.601164926887140405
0.577000000000000401,0.585425719949842271
0.578000000000000402,0.569884081881771420
0.579000000000000403,0.554540590453441062
0.580000000000000404,0.539395746904272833
0.581000000000000405,0.524449977603505313
0.582000000000000406,0.509703635698833812
0.583000000000000407,0.495157002752253106
0.584000000000000408,0.480810290362675086
0.585000000000000409,0.466663641774844262
0.586000000000000409,0.452717133474127675
0.587000000000000410,0.438970776766809068
0.588000000000000411,0.425424519345487806
0.589000000000000412,0.412078246839238826
0.590000000000000413,0.398931784348211249
0.591000000000000414,0.385984897962348694
0.592000000000000415,0.373237296263952856
0.593000000000000416,0.360688631813812166
0.594000000000000417,0.348338502620653079
0.595000000000000417,0.336186453593704804
0.596000000000000418,0.324231977978120700
0.597000000000000419,0.312474518773119381
0.598000000000000420,0.300913470132625205
0.599000000000000421,0.289548178748279095
0.600000000000000422,0.278377945214654088
0.601000000000000423,0.267402025376575259
0.602000000000000424,0.256619631658407010
0.603000000000000425,0.246029934375208981
0.604000000000000425,0.235632063025713157
0.605000000000000426,0.225425107567005512
0.606000000000000427,0.215408119670881110
0.607000000000000428,0.205580113961830901
0.608000000000000429,0.195940069236598846
0.609000000000000430,0.186486929665338391
0.610000000000000431,0.177219605974300365
0.611000000000000432,0.168136976610097744
0.612000000000000433,0.159237888885545659
0.613000000000000433,0.150521160107074503
0.614000000000000434,0.141985578683793190
0.615000000000000435,0.133629905218201006
0.616000000000000436,0.125452873578610791
0.617000000000000437,0.117453191953351535
0.618000000000000438,0.109629543886801933
0.619000000000000439,0.101980589297325383
0.620000000000000440,0.094504965477202510
0.621000000000000441,0.087201288074633787
0.622000000000000441,0.080068152057905018
0.623000000000000442,0.073104132661841792
0.624000000000000443,0.066307786316613646
0.625000000000000444,0.059677651559039015
0.626000000000000445,0.053212249926498666
0.627000000000000446,0.046910086833573443
0.628000000000000447,0.040769652431524479
0.629000000000000448,0.034789422450780386
0.630000000000000449,0.028967859026543263
0.631000000000000449,0.023303411507649925
0.632000000000000450,0.017794517248860230
0.633000000000000451,0.012439602386685072
0.634000000000000452,0.007237082598940149
0.635000000000000453,0.002185363848162844
0.636000000000000454,-0.002717156890955708
0.637000000000000455,-0.007472090919940022
0.638000000000000456,-0.012081057120562162
0.639000000000000457,-0.016545681274346642
0.640000000000000457,-0.020867595397411183
0.641000000000000458,-0.025048437090428588
0.642000000000000459,-0.029089848903580996
0.643000000000000460,-0.032993477716307555
0.644000000000000461,-0.036760974131678975
0.645000000000000462,-0.040393991885215731
0.646000000000000463,-0.043894187267975816
0.647000000000000464,-0.047263218563735623
0.648000000000000465,-0.050502745500079091
0.649000000000000465,-0.053614428713214278
0.650000000000000466,-0.056599929226340218
0.651000000000000467,-0.059460907941372487
0.652000000000000468,-0.062199025143862309
0.653000000000000469,-0.064815940020893664
0.654000000000000470,-0.067313310191824599
0.655000000000000471,-0.069692791251636910
0.656000000000000472,-0.071956036326749878
0.657000000000000473,-0.074104695643086221
0.658000000000000473,-0.076140416106238298
0.659000000000000474,-0.078064840893525125
0.660000000000000475,-0.079879609057764436
0.661000000000000476,-0.081586355142586248
0.662000000000000477,-0.083186708809104809
0.663000000000000478,-0.084682294473755054
0.664000000000000479,-0.086074730957136386
0.665000000000000480,-0.087365631143655281
0.666000000000000481,-0.088556601651829589
0.667000000000000481,-0.089649242515022862
0.668000000000000482,-0.090645146872484414
0.669000000000000483,-0.091545900670492647
0.670000000000000484,-0.092353082373425183
0.671000000000000485,-0.093068262684596573
0.672000000000000486,-0.093693004276674388
0.673000000000000487,-0.094228861531535771
0.674000000000000488,-0.094677380289340446
0.675000000000000488,-0.095040097606709409
0.676000000000000489,-0.095318541523807046
0.677000000000000490,-0.095514230840166053
0.678000000000000491,-0.095628674899108923
0.679000000000000492,-0.095663373380580230
0.680000000000000493,-0.095619816102235661
0.681000000000000494,-0.095499482828652241
0.682000000000000495,-0.095303843088451870
0.683000000000000496,-0.095034355999236514
0.684000000000000496,-0.094692470100139495
0.685000000000000497,-0.094279623191862366
0.686000000000000498,-0.093797242184035651
0.687000000000000499,-0.093246742949753963
0.688000000000000500,-0.092629530187145079
0.689000000000000501,-0.091946997287812526
0.690000000000000502,-0.091200526212028329
0.691000000000000503,-0.090391487370505202
0.692000000000000504,-0.089521239512626069
0.693000000000000504,-0.088591129620995523
0.694000000000000505,-0.087602492812144050
0.695000000000000506,-0.086556652243299254
0.696000000000000507,-0.085454919025033355
0.697000000000000508,-0.084298592139697953
0.698000000000000509,-0.083088958365496540
0.699000000000000510,-0.081827292206064578
0.700000000000000511,-0.080514855825431955
0.701000000000000512,-0.079152898988245970
0.702000000000000512,-0.077742659005126752
0.703000000000000513,-0.076285360683034126
0.704000000000000514,-0.074782216280523464
0.705000000000000515,-0.073234425467775449
0.706000000000000516,-0.071643175291279171
0.707000000000000517,-0.070009640143056495
0.708000000000000518,-0.068334981734307437
0.709000000000000519,-0.066620349073382962
0.710000000000000520,-0.064866878447939383
0.711000000000000520,-0.063075693411214953
0.712000000000000521,-0.061247904772272890
0.713000000000000522,-0.059384610590139456
0.714000000000000523,-0.057486896171723902
0.715000000000000524,-0.055555834073408597
0.716000000000000525,-0.053592484106231075
0.717000000000000526,-0.051597893344528953
0.718000000000000527,-0.049573096137989450
0.719000000000000528,-0.047519114126964343
0.720000000000000528,-0.045436956261009000
0.721000000000000529,-0.043327618820487135
0.722000000000000530,-0.041192085441229723
0.723000000000000531,-0.039031327142083072
0.724000000000000532,-0.036846302355316447
0.725000000000000533,-0.034637956959772641
0.726000000000000534,-0.032407224316683990
0.727000000000000535,-0.030155025308077898
0.728000000000000536,-0.027882268377682262
0.729000000000000536,-0.025589849574254836
0.730000000000000537,-0.023278652597267621
0.731000000000000538,-0.020949548844841827
0.732000000000000539,-0.018603397463899142
0.733000000000000540,-0.016241045402412696
0.734000000000000541,-0.013863327463723814
0.735000000000000542,-0.011471066362818416
0.736000000000000543,-0.009065072784529759
0.737000000000000544,-0.006646145443557095
0.738000000000000544,-0.004215071146284621
0.739000000000000545,-0.001772624854275853
0.740000000000000546,0.000680430250561501
0.741000000000000547,0.003143342699255716
0.742000000000000548,0.005615372667504101
0.743000000000000549,0.008095791905984659
0.744000000000000550,0.010583883669242494
0.745000000000000551,0.013078942643244221
0.746000000000000552,0.015580274871654301
0.747000000000000552,0.018087197680870280
0.748000000000000553,0.020599039603900304
0.749000000000000554,0.023115140303112753
0.750000000000000555,0.025634850491908244
0.751000000000000556,0.028157531855394678
0.752000000000000557,0.030682556970070142
0.753000000000000558,0.033209309222611658
0.754000000000000559,0.035737182727768393
0.755000000000000560,0.038265582245447391
0.756000000000000560,0.040793923097006510
0.757000000000000561,0.043321631080823493
0.758000000000000562,0.045848142387168569
0.759000000000000563,0.048372903512420039
0.760000000000000564,0.050895371172681191
0.761000000000000565,0.053415012216825056
0.762000000000000566,0.055931303539013412
0.763000000000000567,0.058443731990717243
0.764000000000000568,0.060951794292298286
0.765000000000000568,0.063454996944159986
0.766000000000000569,0.065952856137529839
0.767000000000000570,0.068444897664886845
0.768000000000000571,0.070930656830088243
0.769000000000000572,0.073409678358207470
0.770000000000000573,0.075881516305129598
0.771000000000000574,0.078345733966933895
0.772000000000000575,0.080801903789089219
0.773000000000000576,0.083249607275500639
0.774000000000000576,0.085688434897422505
0.775000000000000577,0.088117986002277895
0.776000000000000578,0.090537868722416454
0.777000000000000579,0.092947699883809715
0.778000000000000580,0.095347104914752692
0.779000000000000581,0.097735717754555584
0.780000000000000582,0.100113180762284412
0.781000000000000583,0.102479144625536311
0.782000000000000584,0.104833268269320268
0.783000000000000584,0.107175218765024186
0.784000000000000585,0.109504671239506357
0.785000000000000586,0.111821308784343931
0.786000000000000587,0.114124822365233330
0.787000000000000588,0.116414910731586746
0.788000000000000589,0.118691280326334650
0.789000000000000590,0.120953645195938916
0.790000000000000591,0.123201726900670577
0.791000000000000592,0.125435254425124015
0.792000000000000592,0.127653964089029126
0.793000000000000593,0.129857599458338802
0.794000000000000594,0.132045911256643500
0.795000000000000595,0.134218657276891723
0.796000000000000596,0.136375602293471954
0.797000000000000597,0.138516517974625664
0.798000000000000598,0.140641182795247122
0.799000000000000599,0.142749381950056903
0.800000000000000600,0.144840907267164642
0.801000000000000600,0.146915557122052454
0.802000000000000601,0.148973136351961855
0.803000000000000602,0.151013456170724425
0.804000000000000603,0.153036334084021647
0.805000000000000604,0.155041593805105460
0.806000000000000605,0.157029065170983362
0.807000000000000606,0.158998584059061587
0.808000000000000607,0.160949992304288164
0.809000000000000608,0.162883137616776918
0.810000000000000608,0.164797873499922670
0.811000000000000609,0.166694059169048586
0.812000000000000610,0.168571559470541033
0.813000000000000611,0.170430244801530129
0.814000000000000612,0.172269991030086889
0.815000000000000613,0.174090679415957295
0.816000000000000614,0.175892196531855921
0.817000000000000615,0.177674434185289110
0.818000000000000616,0.179437289340945993
0.819000000000000616,0.181180664043649436
0.820000000000000617,0.182904465341873157
0.821000000000000618,0.184608605211828480
0.822000000000000619,0.186293000482127546
0.823000000000000620,0.187957572759027719
0.824000000000000621,0.189602248352267078
0.825000000000000622,0.191226958201478364
0.826000000000000623,0.192831637803199535
0.827000000000000624,0.194416227138482972
0.828000000000000624,0.195980670601094725
0.829000000000000625,0.197524916926332478
0.830000000000000626,0.199048919120422413
0.831000000000000627,0.200552634390546880
0.832000000000000628,0.202036024075460008
0.833000000000000629,0.203499053576733591
0.834000000000000630,0.204941692290599387
0.835000000000000631,0.206363913540408506
0.836000000000000631,0.207765694509713494
0.837000000000000632,0.209147016175955353
0.838000000000000633,0.210507863244779381
0.839000000000000634,0.211848224084954573
0.840000000000000635,0.213168090663920839
0.841000000000000636,0.214467458483958234
0.842000000000000637,0.215746326518958031
0.843000000000000638,0.217004697151832543
0.844000000000000639,0.218242576112527786
0.845000000000000639,0.219459972416664428
0.846000000000000640,0.220656898304792820
0.847000000000000641,0.221833369182260404
0.848000000000000642,0.222989403559701371
0.849000000000000643,0.224125022994148188
0.850000000000000644,0.225240252030729865
0.851000000000000645,0.226335118145027048
0.852000000000000646,0.227409651685995307
0.853000000000000647,0.228463885819528201
0.854000000000000647,0.229497856472617195
0.855000000000000648,0.230511602278121647
0.856000000000000649,0.231505164520142415
0.857000000000000650,0.232478587079997467
0.858000000000000651,0.233431916382810023
0.859000000000000652,0.234365201344682472
0.860000000000000653,0.235278493320472071
0.861000000000000654,0.236171846052170675
0.862000000000000655,0.237045315617857272
0.863000000000000655,0.237898960381267260
0.864000000000000656,0.238732840941923957
0.865000000000000657,0.239547020085873585
0.866000000000000658,0.240341562736994085
0.867000000000000659,0.241116535908880270
0.868000000000000660,0.241872008657318421
0.869000000000000661,0.242608052033324167
0.870000000000000662,0.243324739036753057
0.871000000000000663,0.244022144570478661
0.872000000000000663,0.244700345395141156
0.873000000000000664,0.245359420084450885
0.874000000000000665,0.245999448981052055
0.875000000000000666,0.246620514152942449
0.876000000000000667,0.247222699350446190
0.877000000000000668,0.247806089963730963
0.878000000000000669,0.248370772980871873
0.879000000000000670,0.248916836946461328
0.880000000000000671,0.249444371920745450
0.881000000000000671,0.249953469439310905
0.882000000000000672,0.250444222473286127
0.883000000000000673,0.250916725390082362
0.884000000000000674,0.251371073914649301
0.885000000000000675,0.251807365091257784
0.886000000000000676,0.252225697245792690
0.887000000000000677,0.252626169948558188
0.888000000000000678,0.253008883977603016
0.889000000000000679,0.253373941282528381
0.890000000000000679,0.253721444948821706
0.891000000000000680,0.254051499162663508
0.892000000000000681,0.254364209176246470
0.893000000000000682,0.254659681273575023
0.894000000000000683,0.254938022736752423
0.895000000000000684,0.255199341812743064
0.896000000000000685,0.255443747680622724
0.897000000000000686,0.255671350419295895
0.898000000000000687,0.255882260975677234
0.899000000000000687,0.256076591133355846
0.900000000000000688,0.256254453481699895
0.901000000000000689,0.256415961385437041
0.902000000000000690,0.256561228954672149
0.903000000000000691,0.256690371015368179
0.904000000000000692,0.256803503080265005
0.905000000000000693,0.256900741320242321
0.906000000000000694,0.256982202536117921
0.907000000000000695,0.257048004130883800
0.908000000000000695,0.257098264082361472
0.909000000000000696,0.257133100916301316
0.910000000000000697,0.257152633679880671
0.911000000000000698,0.257156981915638183
0.912000000000000699,0.257146265635810833
0.913000000000000700,0.257120605297078419
0.914000000000000701,0.257080121775732473
0.915000000000000702,0.257024936343216326
0.916000000000000703,0.256955170642089392
0.917000000000000703,0.256870946662367872
0.918000000000000704,0.256772386718267076
0.919000000000000705,0.256659613425320621
0.920000000000000706,0.256532749677880867
0.921000000000000707,0.256391918627005944
0.922000000000000708,0.256237243658714475
0.923000000000000709,0.256068848372603131
0.924000000000000710,0.255886856560847420
0.925000000000000711,0.255691392187547661
0.926000000000000711,0.255482579368443929
0.927000000000000712,0.255260542350978947
0.928000000000000713,0.255025405494716084
0.929000000000000714,0.254777293252100023
0.930000000000000715,0.254516330149565317
0.931000000000000716,0.254242640768981065
0.932000000000000717,0.253956349729424435
0.933000000000000718,0.253657581669304688
0.934000000000000719,0.253346461228790398
0.935000000000000719,0.253023113032581404
0.936000000000000720,0.252687661672990227
0.937000000000000721,0.252340231693345018
0.938000000000000722,0.251980947571699088
0.939000000000000723,0.251609933704863065
0.940000000000000724,0.251227314392727163
0.941000000000000725,0.250833213822898693
0.942000000000000726,0.250427756055628892
0.943000000000000727,0.250011065009043409
0.944000000000000727,0.249583264444658282
0.945000000000000728,0.249144477953182258
0.946000000000000729,0.248694828940618173
0.947000000000000730,0.248234440614623519
0.948000000000000731,0.247763435971170398
0.949000000000000732,0.247281937781462069
0.950000000000000733,0.246790068579137906
0.951000000000000734,0.246287950647723963
0.952000000000000735,0.245775706008373618
0.953000000000000735,0.245253456407850956
0.954000000000000736,0.244721323306776345
0.955000000000000737,0.244179427868129378
0.956000000000000738,0.243627890946001763
0.957000000000000739,0.243066833074594563
0.958000000000000740,0.242496374457470104
0.959000000000000741,0.241916634957031057
0.960000000000000742,0.241327734084251955
0.961000000000000743,0.240729790988638837
0.962000000000000743,0.240122924448419706
0.963000000000000744,0.239507252860973852
0.964000000000000745,0.238882894233471810
0.965000000000000746,0.238249966173755517
0.966000000000000747,0.237608585881424805
0.967000000000000748,0.236958870139153344
0.968000000000000749,0.236300935304204263
0.969000000000000750,0.235634897300174367
0.970000000000000751,0.234960871608928867
0.971000000000000751,0.234278973262758317
0.972000000000000752,0.233589316836730537
0.973000000000000753,0.232892016441234334
0.974000000000000754,0.232187185714740341
0.975000000000000755,0.231474937816736170
0.976000000000000756,0.230755385420867210
0.977000000000000757,0.230028640708257154
0.978000000000000758,0.229294815361025028
0.979000000000000759,0.228554020555968629
0.980000000000000759,0.227806366958452550
0.981000000000000760,0.227051964716456167
0.982000000000000761,0.226290923454798149
0.983000000000000762,0.225523352269547089
0.984000000000000763,0.224749359722593745
0.985000000000000764,0.223969053836386545
0.986000000000000765,0.223182542088845887
0.987000000000000766,0.222389931408431302
0.988000000000000766,0.221591328169373492
0.989000000000000767,0.220786838187061546
0.990000000000000768,0.219976566713590088
0.991000000000000769,0.219160618433461185
0.992000000000000770,0.218339097459430809
0.993000000000000771,0.217512107328506538
0.994000000000000772,0.216679750998099940
0.995000000000000773,0.215842130842308855
0.996000000000000774,0.214999348648355904
0.997000000000000774,0.214151505613157767
0.998000000000000775,0.213298702340035229
0.999000000000000776,0.212441038835558482
1.000000000000000666,0.211578614506526458
1.001000000000000778,0.210711528157075778
1.002000000000000668,0.209839877985920659
1.003000000000000780,0.208963761583718544
1.004000000000000670,0.208083275930561473
1.005000000000000782,0.207198517393587217
1.006000000000000671,0.206309581724717861
1.007000000000000783,0.205416564058512469
1.008000000000000673,0.204519558910135762
1.009000000000000785,0.203618660173444377
1.010000000000000675,0.202713961119189212
1.011000000000000787,0.201805554393320596
1.012000000000000677,0.200893532015407494
1.013000000000000789,0.199977985377166823
1.014000000000000679,0.199059005241095544
1.015000000000000790,0.198136681739203124
1.016000000000000680,0.197211104371851714
1.017000000000000792,0.196282362006694300
1.018000000000000682,0.195350542877708339
1.019000000000000794,0.194415734584334615
1.020000000000000684,0.193478024090698031
1.021000000000000796,0.192537497724931561
1.022000000000000686,0.191594241178593638
1.023000000000000798,0.190648339506161446
1.024000000000000687,0.189699877124633765
1.025000000000000799,0.188748937813196710
1.026000000000000689,0.187795604712996916
1.027000000000000801,0.186839960326979859
1.028000000000000691,0.185882086519823686
1.029000000000000803,0.184922064517943963
1.030000000000000693,0.183959974909587320
1.031000000000000805,0.182995897644986583
1.032000000000000695,0.182029912036614727
1.033000000000000806,0.181062096759487395
1.034000000000000696,0.180092529851559213
1.035000000000000808,0.179121288714185450
1.036000000000000698,0.178148450112645962
1.037000000000000810,0.177174090176744459
1.038000000000000700,0.176198284401485050
1.039000000000000812,0.175221107647792834
1.040000000000000702,0.174242634143318476
1.041000000000000814,0.173262937483292523
1.042000000000000703,0.172282090631460355
1.043000000000000815,0.171300165921052266
1.044000000000000705,0.170317235055834904
1.045000000000000817,0.169333369111212384
1.046000000000000707,0.168348638535381484
1.047000000000000819,0.167363113150549137
1.048000000000000709,0.166376862154204275
1.049000000000000821,0.165389954120432503
1.050000000000000711,0.164402457001302904
1.051000000000000822,0.163414438128282768
1.052000000000000712,0.162425964213722074
1.053000000000000824,0.161437101352376905
1.054000000000000714,0.160447915022979115
1.055000000000000826,0.159458470089862497
1.056000000000000716,0.158468830804622207
1.057000000000000828,0.157479060807828197
1.058000000000000718,0.156489223130778982
1.059000000000000830,0.155499380197297254
1.060000000000000719,0.154509593825564673
1.061000000000000831,0.153519925230007293
1.062000000000000721,0.152530435023205568
1.063000000000000833,0.151541183217851871
1.064000000000000723,0.150552229228750722
1.065000000000000835,0.149563631874841507
1.066000000000000725,0.148575449381266045
1.067000000000000837,0.147587739381475569
1.068000000000000727,0.146600558919354917
1.069000000000000838,0.145613964451400818
1.070000000000000728,0.144628011848914578
1.071000000000000840,0.143642756400235522
1.072000000000000730,0.142658252813001957
1.073000000000000842,0.141674555216442011
1.074000000000000732,0.140691717163695051
1.075000000000000844,0.139709791634155728
1.076000000000000734,0.138728831035851152
1.077000000000000846,0.137748887207842063
1.078000000000000735,0.136770011422645638
1.079000000000000847,0.135792254388691663
1.080000000000000737,0.134815666252791844
1.081000000000000849,0.133840296602645209
1.082000000000000739,0.132866194469351884
1.083000000000000851,0.131893408329961159
1.084000000000000741,0.130921986110030558
1.085000000000000853,0.129951975186214458
1.086000000000000743,0.128983422388864788
1.087000000000000854,0.128016374004655320
1.088000000000000744,0.127050875779219308
1.089000000000000856,0.126086972919815937
1.090000000000000746,0.125124710097997582
1.091000000000000858,0.124164131452307355
1.092000000000000748,0.123205280590985525
1.093000000000000860,0.122248200594692838
1.094000000000000750,0.121292934019247900
1.095000000000000862,0.120339522898380707
1.096000000000000751,0.119388008746493329
1.097000000000000863,0.118438432561444304
1.098000000000000753,0.117490834827334245
1.099000000000000865,0.116545255517305185
1.100000000000000755,0.115601734096363026
1.101000000000000867,0.114660309524190068
1.102000000000000757,0.113721020257987609
1.103000000000000869,0.112783904255310402
1.104000000000000759,0.111848998976928599
1.105000000000000870,0.110916341389678236
1.106000000000000760,0.109985967969341236
1.107000000000000872,0.109057914703510561
1.108000000000000762,0.108132217094479441
1.109000000000000874,0.107208910162131410
1.110000000000000764,0.106288028446835797
1.111000000000000876,0.105369606012348599
1.112000000000000766,0.104453676448718863
1.113000000000000878,0.103540272875203954
1.114000000000000767,0.102629427943181015
1.115000000000000879,0.101721173839070977
1.116000000000000769,0.100815542287261417
1.117000000000000881,0.099912564553031491
1.118000000000000771,0.099012271445483704
1.119000000000000883,0.098114693320474691
1.120000000000000773,0.097219860083547632
1.121000000000000885,0.096327801192872514
1.122000000000000774,0.095438545662177535
1.123000000000000886,0.094552122063689556
1.124000000000000776,0.093668558531069451
1.125000000000000888,0.092787882762355750
1.126000000000000778,0.091910122022896418
1.127000000000000890,0.091035303148287311
1.128000000000000780,0.090163452547313977
1.129000000000000892,0.089294596204879589
1.130000000000000782,0.088428759684945374
1.131000000000000894,0.087565968133457101
1.132000000000000783,0.086706246281280624
1.133000000000000895,0.085849618447122605
1.134000000000000785,0.084996108540463189
1.135000000000000897,0.084145740064469413
1.136000000000000787,0.083298536118921698
1.137000000000000899,0.082454519403121249
1.138000000000000789,0.081613712218811557
1.139000000000000901,0.080776136473069471
1.140000000000000790,0.079941813681223883
1.141000000000000902,0.079110764969747213
1.142000000000000792,0.078283011079146897
1.143000000000000904,0.077458572366854522
1.144000000000000794,0.076637468810110687
1.145000000000000906,0.075819720008842934
1.146000000000000796,0.075005345188532122
1.147000000000000908,0.074194363203082897
1.148000000000000798,0.073386792537681877
1.149000000000000909,0.072582651311648649
1.150000000000000799,0.071781957281284864
1.151000000000000689,0.070984727842711107
1.152000000000000801,0.070190980034699438
1.153000000000000913,0.069400730541501504
1.154000000000000803,0.068613995695661525
1.155000000000000693,0.067830791480830890
1.156000000000000805,0.067051133534565516
1.157000000000000917,0.066275037151126051
1.158000000000000806,0.065502517284259681
1.159000000000000696,0.064733588549979321
1.160000000000000808,0.063968265229333271
1.161000000000000920,0.063206561271165904
1.162000000000000810,0.062448490294869229
1.163000000000000700,0.061694065593128442
1.164000000000000812,0.060943300134650311
1.165000000000000924,0.060196206566895324
1.166000000000000814,0.059452797218788656
1.167000000000000703,0.058713084103425094
1.168000000000000815,0.057977078920769462
1.169000000000000927,0.057244793060341567
1.170000000000000817,0.056516237603890053
1.171000000000000707,0.055791423328065026
1.172000000000000819,0.055070360707067764
1.173000000000000931,0.054353059915302128
1.174000000000000821,0.053639530830011918
1.175000000000000711,0.052929783033900037
1.176000000000000822,0.052223825817748801
1.177000000000000934,0.051521668183022451
1.178000000000000824,0.050823318844462118
1.179000000000000714,0.050128786232668879
1.180000000000000826,0.049438078496671367
1.181000000000000938,0.048751203506492272
1.182000000000000828,0.048068168855695377
1.183000000000000718,0.047388981863925317
1.184000000000000830,0.046713649579430847
1.185000000000000941,0.046042178781589921
1.186000000000000831,0.045374575983401624
1.187000000000000721,0.044710847433991063
1.188000000000000833,0.044050999121082970
1.189000000000000945,0.043395036773475212
1.190000000000000835,0.042742965863493979
1.191000000000000725,0.042094791609447700
1.192000000000000837,0.041450518978046844
1.193000000000000949,0.040810152686845569
1.194000000000000838,0.040173697206634586
1.195000000000000728,0.039541156763853114
1.196000000000000840,0.038912535342968811
1.197000000000000952,0.038287836688852835
1.198000000000000842,0.037667064309145910
1.199000000000000732,0.037050221476602266
1.200000000000000844,0.036437311231438431
1.201000000000000956,0.035828336383645923
1.202000000000000846,0.035223299515315928
1.203000000000000735,0.034622202982933240
1.204000000000000847,0.034025048919671237
1.205000000000000959,0.033431839237662200
1.206000000000000849,0.032842575630266949
1.207000000000000739,0.032257259574323564
1.208000000000000851,0.031675892332387372
1.209000000000000963,0.031098474954957361
1.210000000000000853,0.030525008282691984
1.211000000000000743,0.029955492948607915
1.212000000000000854,0.029389929380274061
1.213000000000000966,0.028828317801982813
1.214000000000000856,0.028270658236917538
1.215000000000000746,0.027716950509304582
1.216000000000000858,0.027167194246547864
1.217000000000000970,0.026621388881361459
1.218000000000000860,0.026079533653879865
1.219000000000000750,0.025541627613757317
1.220000000000000862,0.025007669622259247
1.221000000000000973,0.024477658354338787
1.222000000000000863,0.023951592300697246
1.223000000000000753,0.023429469769835991
1.224000000000000865,0.022911288890096672
1.225000000000000977,0.022397047611680921
1.226000000000000867,0.021886743708669543
1.227000000000000757,0.021380374781018518
1.228000000000000869,0.020877938256551199
1.229000000000000981,0.020379431392923870
1.230000000000000870,0.019884851279601021
1.231000000000000760,0.019394194839795133
1.232000000000000872,0.018907458832405789
1.233000000000000984,0.018424639853951943
1.234000000000000874,0.017945734340470396
1.235000000000000764,0.017470738569430065
1.236000000000000876,0.016999648661607712
1.237000000000000988,0.016532460582970317
1.238000000000000878,0.016069170146532686
1.239000000000000767,0.015609773014208924
1.240000000000000879,0.015154264698648601
1.241000000000000991,0.014702640565064661
1.242000000000000881,0.014254895833043024
1.243000000000000771,0.013811025578342573
1.244000000000000883,0.013371024734686408
1.245000000000000995,0.012934888095534303
1.246000000000000885,0.012502610315845158
1.247000000000000774,0.012074185913831104
1.248000000000000886,0.011649609272694855
1.249000000000000998,0.011228874642354791
1.250000000000000888,0.010811976141161047
1.251000000000000778,0.010398907757598346
1.252000000000000890,0.009989663351973255
1.253000000000001002,0.009584236658096918
1.254000000000000892,0.009182621284944395
1.255000000000000782,0.008784810718315803
1.256000000000000894,0.008390798322471594
1.257000000000001005,0.008000577341768525
1.258000000000000895,0.007614140902272933
1.259000000000000785,0.007231482013370587
1.260000000000000897,0.006852593569358819
1.261000000000001009,0.006477468351028737
1.262000000000000899,0.006106099027239731
1.263000000000000789,0.005738478156473756
1.264000000000000901,0.005374598188384078
1.265000000000001013,0.005014451465333863
1.266000000000000902,0.004658030223917736
1.267000000000000792,0.004305326596473018
1.268000000000000904,0.003956332612584825
1.269000000000001016,0.003611040200571299
1.270000000000000906,0.003269441188963911
1.271000000000000796,0.002931527307973539
1.272000000000000908,0.002597290190947535
1.273000000000001020,0.002266721375809461
1.274000000000000909,0.001939812306496093
1.275000000000000799,0.001616554334377830
1.276000000000000911,0.001296938719665228
1.277000000000001023,0.000980956632814114
1.278000000000000913,0.000668599155909252
1.279000000000000803,0.000359857284042357
1.280000000000000915,0.000054721926676943
1.281000000000001027,-0.000246816090990997
1.282000000000000917,-0.000544766026698739
1.283000000000000806,-0.000839137219774806
1.284000000000000918,-0.001129939089821741
1.285000000000001030,-0.001417181135401847
1.286000000000000920,-0.001700872932739742
1.287000000000000810,-0.001981024134426264
1.288000000000000922,-0.002257644468147261
1.289000000000001034,-0.002530743735407298
1.290000000000000924,-0.002800331810272800
1.291000000000000814,-0.003066418638129701
1.292000000000000925,-0.003329014234436769
1.293000000000001037,-0.003588128683507617
1.294000000000000927,-0.003843772137288085
1.295000000000000817,-0.004095954814151320
1.296000000000000929,-0.004344686997704107
1.297000000000001041,-0.004589979035594350
1.298000000000000931,-0.004831841338344398
1.299000000000000821,-0.005070284378178892
1.300000000000000933,-0.005305318687868985
1.301000000000001044,-0.005536954859590747
1.302000000000000934,-0.005765203543784821
1.303000000000000824,-0.005990075448036213
1.304000000000000936,-0.006211581335949874
1.305000000000001048,-0.006429732026053551
1.306000000000000938,-0.006644538390696337
1.307000000000000828,-0.006856011354960739
1.308000000000000940,-0.007064161895588198
1.309000000000001052,-0.007269001039912090
1.310000000000000941,-0.007470539864798275
1.311000000000000831,-0.007668789495594980
1.312000000000000943,-0.007863761105093552
1.313000000000001055,-0.008055465912505968
1.314000000000000945,-0.008243915182434973
1.315000000000000835,-0.008429120223865275
1.316000000000000947,-0.008611092389166639
1.317000000000001059,-0.008789843073096474
1.318000000000000949,-0.008965383711814644
1.319000000000000838,-0.009137725781914935
1.320000000000000950,-0.009306880799456034
1.321000000000001062,-0.009472860319001844
1.322000000000000952,-0.009635675932679361
1.323000000000000842,-0.009795339269237010
1.324000000000000954,-0.009951861993115138
1.325000000000001066,-0.010105255803523044
1.326000000000000956,-0.010255532433531538
1.327000000000000846,-0.010402703649161533
1.328000000000000957,-0.010546781248496340
1.329000000000001069,-0.010687777060787999
1.330000000000000959,-0.010825702945585942
1.331000000000000849,-0.010960570791862006
1.332000000000000961,-0.011092392517150459
1.333000000000001073,-0.011221180066695150
1.334000000000000963,-0.011346945412606297
1.335000000000000853,-0.011469700553019782
1.336000000000000965,-0.011589457511275924
1.337000000000001076,-0.011706228335091351
1.338000000000000966,-0.011820025095751465
1.339000000000000856,-0.011930859887307046
1.340000000000000968,-0.012038744825774935
1.341000000000001080,-0.012143692048351916
1.342000000000000970,-0.012245713712635246
1.343000000000000860,-0.012344821995847504
1.344000000000000972,-0.012441029094075342
1.345000000000001084,-0.012534347221512105
1.346000000000000973,-0.012624788609704229
1.347000000000000863,-0.012712365506816467
1.348000000000000975,-0.012797090176891426
1.349000000000001087,-0.012878974899128379
1.350000000000000977,-0.012958031967162007
1.351000000000000867,-0.013034273688350927
1.352000000000000979,-0.013107712383071939
1.353000000000001091,-0.013178360384027579
1.354000000000000981,-0.013246230035554474
1.355000000000000870,-0.013311333692937388
1.356000000000000982,-0.013373683721739856
1.357000000000001094,-0.013433292497135162
1.358000000000000984,-0.013490172403240731
1.359000000000000874,-0.013544335832470149
1.360000000000000986,-0.013595795184884116
1.361000000000001098,-0.013644562867550825
1.362000000000000988,-0.013690651293910960
1.363000000000000878,-0.013734072883154629
1.364000000000000989,-0.013774840059603149
1.365000000000001101,-0.013812965252089669
1.366000000000000991,-0.013848460893360930
1.367000000000000881,-0.013881339419474708
1.368000000000000993,-0.013911613269208039
1.369000000000001105,-0.013939294883468891
1.370000000000000995,-0.013964396704721233
1.371000000000000885,-0.013986931176407924
1.372000000000000997,-0.014006910742385751
1.373000000000001108,-0.014024347846368265
1.374000000000000998,-0.014039254931361747
1.375000000000000888,-0.014051644439132743
1.376000000000001000,-0.014061528809654708
1.377000000000001112,-0.014068920480577132
1.378000000000001002,-0.014073831886697368
1.379000000000000892,-0.014076275459436530
1.380000000000001004,-0.014076263626322433
1.381000000000001116,-0.014073808810480804
1.382000000000001005,-0.014068923430127625
1.383000000000000895,-0.014061619898071542
1.384000000000001007,-0.014051910621223010
1.385000000000001119,-0.014039808000102941
1.386000000000001009,-0.014025324428365151
1.387000000000000899,-0.014008472292316013
1.388000000000001011,-0.013989263970453549
1.389000000000001123,-0.013967711832991499
1.390000000000001013,-0.013943828241409873
1.391000000000000902,-0.013917625547996448
1.392000000000001014,-0.013889116095402779
1.393000000000001126,-0.013858312216199774
1.394000000000001016,-0.013825226232443661
1.395000000000000906,-0.013789870455241974
1.396000000000001018,-0.013752257184328667
1.397000000000001130,-0.013712398707645230
1.398000000000001020,-0.013670307300924509
1.399000000000000909,-0.013625995227279638
1.400000000000001021,-0.013579474736799773
1.401000000000001133,-0.013530758066153151
1.402000000000001023,-0.013479857438188875
1.403000000000000913,-0.013426785061549092
1.404000000000001025,-0.013371553130285050
1.405000000000001137,-0.013314173823478071
1.406000000000001027,-0.013254659304861621
1.407000000000000917,-0.013193021722460516
1.408000000000001029,-0.013129273208213799
1.409000000000001140,-0.013063425877625805
1.410000000000001030,-0.012995491829406514
1.411000000000000920,-0.012925483145122254
1.412000000000001032,-0.012853411888846634
1.413000000000001144,-0.012779290106828545
1.414000000000001034,-0.012703129827146418
1.415000000000000924,-0.012624943059381374
1.416000000000001036,-0.012544741794290552
1.417000000000001148,-0.012462538003484673
1.418000000000001037,-0.012378343639107722
1.419000000000000927,-0.012292170633524748
1.420000000000001039,-0.012204030899013164
1.421000000000001151,-0.012113936327459827
1.422000000000001041,-0.012021898790056855
1.423000000000000931,-0.011927930137007907
1.424000000000001043,-0.011832042197235737
1.425000000000001155,-0.011734246778096331
1.426000000000001044,-0.011634555665092975
1.427000000000000934,-0.011532980621599310
1.428000000000001046,-0.011429533388583078
1.429000000000001158,-0.011324225684334445
1.430000000000001048,-0.011217069204202934
1.431000000000000938,-0.011108075620328558
1.432000000000001050,-0.010997256581388408
1.433000000000001162,-0.010884623712340474
1.434000000000001052,-0.010770188614168091
1.435000000000000941,-0.010653962863641109
1.436000000000001053,-0.010535958013065465
1.437000000000001165,-0.010416185590046277
1.438000000000001055,-0.010294657097254915
1.439000000000000945,-0.010171384012192031
1.440000000000001057,-0.010046377786964256
1.441000000000001169,-0.009919649848055347
1.442000000000001059,-0.009791211596106249
1.443000000000000949,-0.009661074405705464
1.444000000000001060,-0.009529249625163990
1.445000000000001172,-0.009395748576309055
1.446000000000001062,-0.009260582554285956
1.447000000000000952,-0.009123762827340528
1.448000000000001064,-0.008985300636631974
1.449000000000001176,-0.008845207196030706
1.450000000000001066,-0.008703493691927317
1.451000000000000956,-0.008560171283041831
1.452000000000001068,-0.008415251100239610
1.453000000000001180,-0.008268744246347399
1.454000000000001069,-0.008120661795974350
1.455000000000000959,-0.007971014795336830
1.456000000000001071,-0.007819814262080938
1.457000000000001183,-0.007667071185121610
1.458000000000001073,-0.007512796524466371
1.459000000000000963,-0.007357001211058097
1.460000000000001075,-0.007199696146612096
1.461000000000001187,-0.007040892203458556
1.462000000000001076,-0.006880600224392780
1.463000000000000966,-0.006718831022515402
1.464000000000001078,-0.006555595381092118
1.465000000000001190,-0.006390904053406854
1.466000000000001080,-0.006224767762612984
1.467000000000000970,-0.006057197201603391
1.468000000000001082,-0.005888203032867865
1.469000000000001194,-0.005717795888360464
1.470000000000001084,-0.005545986369368870
1.471000000000000973,-0.005372785046386721
1.472000000000001085,-0.005198202458989272
1.473000000000001197,-0.005022249115708053
1.474000000000001087,-0.004844935493912384
1.475000000000000977,-0.004666272039691953
1.476000000000001089,-0.004486269167744304
1.477000000000001201,-0.004304937261260078
1.478000000000001091,-0.004122286671814281
1.479000000000000981,-0.003938327719261185
1.480000000000001092,-0.003753070691627404
1.481000000000001204,-0.003566525845014998
1.482000000000001094,-0.003378703403495756
1.483000000000000984,-0.003189613559021810
1.484000000000001096,-0.002999266471326402
1.485000000000001208,-0.002807672267831224
1.486000000000001098,-0.002614841043563657
1.487000000000000988,-0.002420782861063469
1.488000000000001100,-0.002225507750299562
1.489000000000001211,-0.002029025708590677
1.490000000000001101,-0.001831346700522923
1.491000000000000991,-0.001632480657871184
1.492000000000001103,-0.001432437479528453
1.493000000000001215,-0.001231227031426834
1.494000000000001105,-0.001028859146469810
1.495000000000000995,-0.000825343624464356
1.496000000000001107,-0.000620690232052746
1.497000000000001219,-0.000414908702647947
1.498000000000001108,-0.000208008736373391
1.499000000000000998,0.000000000000000000
