# grapheneoxide_CYTOSINE
# h[nm],U(h)[kJ/mol]
0.200000000000000011,83.337623037914838164
0.201000000000000012,82.207879117759745213
0.202000000000000013,80.823323355751682584
0.203000000000000014,79.333183295934901480
0.204000000000000015,77.820647641532758598
0.205000000000000016,76.327230134775703618
0.206000000000000016,74.869329550370224524
0.207000000000000017,73.449226314206470079
0.208000000000000018,72.062165198235987873
0.209000000000000019,70.700728557744596969
0.210000000000000020,69.357371329456753983
0.211000000000000021,68.025740929743591323
0.212000000000000022,66.701221775214918353
0.213000000000000023,65.381009607588651988
0.214000000000000024,64.063923025297754066
0.215000000000000024,62.750089337337442430
0.216000000000000025,61.440591995896852495
0.217000000000000026,60.137132070867174605
0.218000000000000027,58.841732449585904874
0.219000000000000028,57.556497633792936597
0.220000000000000029,56.283431887492312740
0.221000000000000030,55.024312376116178314
0.222000000000000031,53.780610586682897178
0.223000000000000032,52.553453824876761757
0.224000000000000032,51.343618295544708019
0.225000000000000033,50.151545724321024977
0.226000000000000034,48.977376346323339362
0.227000000000000035,47.820992152394161678
0.228000000000000036,46.682065398328099093
0.229000000000000037,45.560108455835369057
0.230000000000000038,44.454522061580448167
0.231000000000000039,43.364639874796601759
0.232000000000000040,42.289767974801961259
0.233000000000000040,41.229218518895180523
0.234000000000000041,40.182337247365289556
0.235000000000000042,39.148524878458196952
0.236000000000000043,38.127252696649421182
0.237000000000000044,37.118072817383051643
0.238000000000000045,36.120623724864010740
0.239000000000000046,35.134631739722628652
0.240000000000000047,34.159909092141866438
0.241000000000000048,33.196349263550317232
0.242000000000000048,32.243920224871217783
0.243000000000000049,31.302656148755158227
0.244000000000000050,30.372648113041400109
0.245000000000000051,29.454034247511323485
0.246000000000000052,28.546989709413150393
0.247000000000000053,27.651716807938452547
0.248000000000000054,26.768435535774095513
0.249000000000000055,25.897374708374087504
0.250000000000000056,25.038763859536818046
0.251000000000000056,24.192825995682550655
0.252000000000000057,23.359771271047996777
0.253000000000000058,22.539791611766101909
0.254000000000000059,21.733056288222822872
0.255000000000000060,20.939708411813246158
0.256000000000000061,20.159862313810091194
0.257000000000000062,19.393601750021762342
0.258000000000000063,18.640978864751410526
0.259000000000000064,17.902013840770329978
0.260000000000000064,17.176695158103854055
0.261000000000000065,16.464980382938556147
0.262000000000000066,15.766797408468409714
0.263000000000000067,15.082046071621096672
0.264000000000000068,14.410600072993691612
0.265000000000000069,13.752309131671946574
0.266000000000000070,13.107001311642832775
0.267000000000000071,12.474485462000771463
0.268000000000000071,11.854553718902172577
0.269000000000000072,11.246984023072315040
0.270000000000000073,10.651542612481453176
0.271000000000000074,10.067986455474173368
0.272000000000000075,9.496065595071682353
0.273000000000000076,8.935525380308517285
0.274000000000000077,8.386108565264803971
0.275000000000000078,7.847557260882178198
0.276000000000000079,7.319614728688169869
0.277000000000000079,6.802027009190043216
0.278000000000000080,6.294544380939958828
0.279000000000000081,5.796922649122535631
0.280000000000000082,5.308924264991039088
0.281000000000000083,4.830319279594846194
0.282000000000000084,4.360886137021859454
0.283000000000000085,3.900412313846877144
0.284000000000000086,3.448694812655191733
0.285000000000000087,3.005540518427594954
0.286000000000000087,2.570766427249908670
0.287000000000000088,2.144199757275893958
0.288000000000000089,1.725677952149013761
0.289000000000000090,1.315048587199589392
0.290000000000000091,0.912169188703010669
0.291000000000000092,0.516906976329547185
0.292000000000000093,0.129138538659571811
0.293000000000000094,-0.251250548705040599
0.294000000000000095,-0.624366153314367067
0.295000000000000095,-0.990306055676985153
0.296000000000000096,-1.349160450555034974
0.297000000000000097,-1.701012472141302911
0.298000000000000098,-2.045938736067926644
0.299000000000000099,-2.384009891763423372
0.300000000000000100,-2.715291179242755870
0.301000000000000101,-3.039842984979943985
0.302000000000000102,-3.357721392065163180
0.303000000000000103,-3.668978720387837456
0.304000000000000103,-3.973664053105096627
0.305000000000000104,-4.271823746152604073
0.306000000000000105,-4.563501918026489079
0.307000000000000106,-4.848740917510585113
0.308000000000000107,-5.127581767440980265
0.309000000000000108,-5.400064582988701289
0.310000000000000109,-5.666228963301993993
0.311000000000000110,-5.926114355679803936
0.312000000000000111,-6.179760391751837112
0.313000000000000111,-6.427207195413915386
0.314000000000000112,-6.668495662515047329
0.315000000000000113,-6.903667712513387400
0.316000000000000114,-7.132766512513815549
0.317000000000000115,-7.355836674271418296
0.318000000000000116,-7.572924424894248219
0.319000000000000117,-7.784077752105977410
0.320000000000000118,-7.989346525036694402
0.321000000000000119,-8.188782591599093053
0.322000000000000119,-8.382439853578793176
0.323000000000000120,-8.570374320623114883
0.324000000000000121,-8.752644144354452038
0.325000000000000122,-8.929309633861832296
0.326000000000000123,-9.100433253840556347
0.327000000000000124,-9.266079606655058143
0.328000000000000125,-9.426315399595882383
0.329000000000000126,-9.581209398588637072
0.330000000000000127,-9.730832369592649300
0.331000000000000127,-9.875257008900097944
0.332000000000000128,-10.014557863513921632
0.333000000000000129,-10.148811242745722438
0.334000000000000130,-10.278095122133329653
0.335000000000000131,-10.402489040733890135
0.336000000000000132,-10.522073992800274667
0.337000000000000133,-10.636932314800459309
0.338000000000000134,-10.747147568688616204
0.339000000000000135,-10.852804422284792807
0.340000000000000135,-10.953988527568970568
0.341000000000000136,-11.050786397642287540
0.342000000000000137,-11.143285283056957979
0.343000000000000138,-11.231573048164751327
0.344000000000000139,-11.315738048083805012
0.345000000000000140,-11.395869006833889259
0.346000000000000141,-11.472054897142157870
0.347000000000000142,-11.544384822374880173
0.348000000000000143,-11.612947901005505003
0.349000000000000143,-11.677833153985966774
0.350000000000000144,-11.739129395346727947
0.351000000000000145,-11.796925126311117893
0.352000000000000146,-11.851308433171990231
0.353000000000000147,-11.902366889142628636
0.354000000000000148,-11.950187460360236713
0.355000000000000149,-11.994856416188119042
0.356000000000000150,-12.036459243933046892
0.357000000000000151,-12.075080568066072217
0.358000000000000151,-12.110804074009047682
0.359000000000000152,-12.143712436524877418
0.360000000000000153,-12.173887252727258357
0.361000000000000154,-12.201408979704732261
0.362000000000000155,-12.226356876735369639
0.363000000000000156,-12.248808952050879384
0.364000000000000157,-12.268841914093268741
0.365000000000000158,-12.286531127193452306
0.366000000000000159,-12.301950571587861205
0.367000000000000159,-12.315172807678493427
0.368000000000000160,-12.326268944431422625
0.369000000000000161,-12.335308611800320122
0.370000000000000162,-12.342359937053819507
0.371000000000000163,-12.347489524879334155
0.372000000000000164,-12.350762441130267888
0.373000000000000165,-12.352242200079414758
0.374000000000000166,-12.351990755037752123
0.375000000000000167,-12.350068492194873571
0.376000000000000167,-12.346534227535997275
0.377000000000000168,-12.341445206688753444
0.378000000000000169,-12.334857107552767985
0.379000000000000170,-12.326824045565157206
0.380000000000000171,-12.317398581455559992
0.381000000000000172,-12.306631731345682113
0.382000000000000173,-12.294572979049799955
0.383000000000000174,-12.281270290434900261
0.384000000000000175,-12.266770129701376035
0.385000000000000175,-12.251117477447968085
0.386000000000000176,-12.234355850387883535
0.387000000000000177,-12.216527322585857718
0.388000000000000178,-12.197672548090006117
0.389000000000000179,-12.177830784835464328
0.390000000000000180,-12.157039919701020381
0.391000000000000181,-12.135336494603729207
0.392000000000000182,-12.112755733520693013
0.393000000000000183,-12.089331570331200538
0.394000000000000183,-12.065096677376828893
0.395000000000000184,-12.040082494641151101
0.396000000000000185,-12.014319259455140454
0.397000000000000186,-11.987836036638411130
0.398000000000000187,-11.960660748991006841
0.399000000000000188,-11.932820208054334188
0.400000000000000189,-11.904340145064175260
0.401000000000000190,-11.875245242022913317
0.402000000000000191,-11.845559162822022259
0.403000000000000191,-11.815304584349881623
0.404000000000000192,-11.784503227524037783
0.405000000000000193,-11.753175888190593668
0.406000000000000194,-11.721342467837425616
0.407000000000000195,-11.689022004071290439
0.408000000000000196,-11.656232700812589442
0.409000000000000197,-11.622991958164867299
0.410000000000000198,-11.589316401919537824
0.411000000000000199,-11.555221912659337846
0.412000000000000199,-11.520723654427332150
0.413000000000000200,-11.485836102930985447
0.414000000000000201,-11.450573073253988099
0.415000000000000202,-11.414947747050868898
0.416000000000000203,-11.378972699202385854
0.417000000000000204,-11.342659923912020048
0.418000000000000205,-11.306020860226240643
0.419000000000000206,-11.269066416963701371
0.420000000000000207,-11.231806997040301610
0.421000000000000207,-11.194252521179674176
0.422000000000000208,-11.156412450999876995
0.423000000000000209,-11.118295811469668166
0.424000000000000210,-11.079911212728861258
0.425000000000000211,-11.041266871269238337
0.426000000000000212,-11.002370630474008095
0.427000000000000213,-10.963229980515020401
0.428000000000000214,-10.923852077608628974
0.429000000000000214,-10.884243762632076269
0.430000000000000215,-10.844411579103574894
0.431000000000000216,-10.804361790530460752
0.432000000000000217,-10.764100397130501818
0.433000000000000218,-10.723633151932695284
0.434000000000000219,-10.682965576264612295
0.435000000000000220,-10.642102974634131130
0.436000000000000221,-10.601050449014135069
0.437000000000000222,-10.559812912539431551
0.438000000000000222,-10.518395102625735404
0.439000000000000223,-10.476801593521070544
0.440000000000000224,-10.435036808300509392
0.441000000000000225,-10.393105030315362924
0.442000000000000226,-10.351010414108731794
0.443000000000000227,-10.308756995809085666
0.444000000000000228,-10.266348703014454458
0.445000000000000229,-10.223789364179442174
0.446000000000000230,-10.181082717517865532
0.447000000000000230,-10.138232419433949261
0.448000000000000231,-10.095242052494864282
0.449000000000000232,-10.052115132957727184
0.450000000000000233,-10.008855117864248641
0.451000000000000234,-9.965465411715971555
0.452000000000000235,-9.921949372743402051
0.453000000000000236,-9.878310318781931443
0.454000000000000237,-9.834551532767772386
0.455000000000000238,-9.790676267866659899
0.456000000000000238,-9.746687752248327286
0.457000000000000239,-9.702589193519386868
0.458000000000000240,-9.658383782827307584
0.459000000000000241,-9.614074698647741002
0.460000000000000242,-9.569665110267761676
0.461000000000000243,-9.525158180976797340
0.462000000000000244,-9.480557070977480905
0.463000000000000245,-9.435864940027741454
0.464000000000000246,-9.391084949826010941
0.465000000000000246,-9.346220266150515599
0.466000000000000247,-9.301274060763828899
0.467000000000000248,-9.256249513093433023
0.468000000000000249,-9.211149811698874146
0.469000000000000250,-9.165978155535793093
0.470000000000000251,-9.120737755026889104
0.471000000000000252,-9.075431832949607980
0.472000000000000253,-9.030063625150180684
0.473000000000000254,-8.984636381093171309
0.474000000000000254,-8.939153364255684409
0.475000000000000255,-8.893617852374891442
0.476000000000000256,-8.848033137557468564
0.477000000000000257,-8.802402526259186288
0.478000000000000258,-8.756729339142564683
0.479000000000000259,-8.711016910820418957
0.480000000000000260,-8.665268589492734819
0.481000000000000261,-8.619487736484062523
0.482000000000000262,-8.573677725688449769
0.483000000000000262,-8.527841942928677810
0.484000000000000263,-8.481983785236121065
0.485000000000000264,-8.436106660057678397
0.486000000000000265,-8.390213984395648694
0.487000000000000266,-8.344309183886299053
0.488000000000000267,-8.298395691822760156
0.489000000000000268,-8.252476948127533518
0.490000000000000269,-8.206556398279598596
0.491000000000000270,-8.160637492201193055
0.492000000000000270,-8.114723683108707064
0.493000000000000271,-8.068818426332333260
0.494000000000000272,-8.022925178108636146
0.495000000000000273,-7.977047394350060827
0.496000000000000274,-7.931188529395384990
0.497000000000000275,-7.885352034744616212
0.498000000000000276,-7.839541357781969921
0.499000000000000277,-7.793759940490173399
0.500000000000000222,-7.748011218159224889
0.501000000000000334,-7.702298618092648042
0.502000000000000224,-7.656625558314017255
0.503000000000000336,-7.610995446276348275
0.504000000000000226,-7.565411677577026595
0.505000000000000338,-7.519877634680364409
0.506000000000000227,-7.474396685650324557
0.507000000000000339,-7.428972182895135390
0.508000000000000229,-7.383607461926058768
0.509000000000000341,-7.338305840131788216
0.510000000000000231,-7.293070615570576010
0.511000000000000343,-7.247905065781161227
0.512000000000000233,-7.202812446614421660
0.513000000000000345,-7.157795991086670639
0.514000000000000234,-7.112858908256247226
0.515000000000000346,-7.068004382124063234
0.516000000000000236,-7.023235570559597463
0.517000000000000348,-6.978555604252866473
0.518000000000000238,-6.933967585693570967
0.519000000000000350,-6.889474588177857406
0.520000000000000240,-6.845079654843591932
0.521000000000000352,-6.800785797734647531
0.522000000000000242,-6.756595996894745326
0.523000000000000353,-6.712513199491250582
0.524000000000000243,-6.668540318969379932
0.525000000000000355,-6.624680234237027676
0.526000000000000245,-6.580935788880614368
0.527000000000000357,-6.537309790411912402
0.528000000000000247,-6.493805009546255391
0.529000000000000359,-6.450424179511951017
0.530000000000000249,-6.407169995391141626
0.531000000000000361,-6.364045113491889616
0.532000000000000250,-6.321052150751655496
0.533000000000000362,-6.278193684171809785
0.534000000000000252,-6.235472250283223161
0.535000000000000364,-6.192890344642631995
0.536000000000000254,-6.150450421359679787
0.537000000000000366,-6.108154892654156676
0.538000000000000256,-6.066006128443475198
0.539000000000000368,-6.024006455959701967
0.540000000000000258,-5.982158159396171015
0.541000000000000369,-5.940463479582928308
0.542000000000000259,-5.898924613691015395
0.543000000000000371,-5.857543714964800863
0.544000000000000261,-5.816322892482232554
0.545000000000000373,-5.775264210942339993
0.546000000000000263,-5.734369690479722337
0.547000000000000375,-5.693641306505248245
0.548000000000000265,-5.653080989572890402
0.549000000000000377,-5.612690625271707923
0.550000000000000266,-5.572472054142901143
0.551000000000000378,-5.532427071621058623
0.552000000000000268,-5.492557427999296138
0.553000000000000380,-5.452864828417594900
0.554000000000000270,-5.413350932873933985
0.555000000000000382,-5.374017356257435374
0.556000000000000272,-5.334865668403280026
0.557000000000000384,-5.295897394168451733
0.558000000000000274,-5.257114013528157770
0.559000000000000385,-5.218516961691934242
0.560000000000000275,-5.180107629239261158
0.561000000000000387,-5.141887362273809714
0.562000000000000277,-5.103857462595948746
0.563000000000000389,-5.066019187892846887
0.564000000000000279,-5.028373751945677483
0.565000000000000391,-4.990922324853263703
0.566000000000000281,-4.953666033271742819
0.567000000000000393,-4.916605960669532038
0.568000000000000282,-4.879743147597267239
0.569000000000000394,-4.843078591971865521
0.570000000000000284,-4.806613249374519725
0.571000000000000396,-4.770348033361770490
0.572000000000000286,-4.734283815789408933
0.573000000000000398,-4.698421427148407936
0.574000000000000288,-4.662761656912641328
0.575000000000000400,-4.627305253897658233
0.576000000000000290,-4.592052926630191934
0.577000000000000401,-4.557005343727726476
0.578000000000000291,-4.522163134287827013
0.579000000000000403,-4.487526888286577531
0.580000000000000293,-4.453097156985838190
0.581000000000000405,-4.418874453348625053
0.582000000000000295,-4.384859252462460333
0.583000000000000407,-4.351051991969932864
0.584000000000000297,-4.317453072506280520
0.585000000000000409,-4.284062858143415475
0.586000000000000298,-4.250881676840073453
0.587000000000000410,-4.217909820897572715
0.588000000000000300,-4.185147547420918102
0.589000000000000412,-4.152595078784669269
0.590000000000000302,-4.120252603103407907
0.591000000000000414,-4.088120274706248836
0.592000000000000304,-4.056198214615156949
0.593000000000000416,-4.024486511026573510
0.594000000000000306,-3.992985219796200802
0.595000000000000417,-3.961694364926382494
0.596000000000000307,-3.930613939055953576
0.597000000000000419,-3.899743903952072710
0.598000000000000309,-3.869084191003857143
0.599000000000000421,-3.838634701717401843
0.600000000000000311,-3.808395308212010999
0.601000000000000423,-3.778365853717201794
0.602000000000000313,-3.748546153070393849
0.603000000000000425,-3.718935993214773195
0.604000000000000314,-3.689535133697388947
0.605000000000000426,-3.660343307166836979
0.606000000000000316,-3.631360219870682471
0.607000000000000428,-3.602585552152057780
0.608000000000000318,-3.574018958945457847
0.609000000000000430,-3.545660070271284603
0.610000000000000320,-3.517508491729179898
0.611000000000000432,-3.489563804989648244
0.612000000000000322,-3.461825568284079058
0.613000000000000433,-3.434293316892701231
0.614000000000000323,-3.406966563630489109
0.615000000000000435,-3.379844799330720573
0.616000000000000325,-3.352927493326089969
0.617000000000000437,-3.326214093927144066
0.618000000000000327,-3.299704028897987307
0.619000000000000439,-3.273396705928957484
0.620000000000000329,-3.247291513106290495
0.621000000000000441,-3.221387819378521922
0.622000000000000330,-3.195684975019552176
0.623000000000000442,-3.170182312088197563
0.624000000000000332,-3.144879144884200617
0.625000000000000444,-3.119774770400464359
0.626000000000000334,-3.094868468771530878
0.627000000000000446,-3.070159503718079552
0.628000000000000336,-3.045647122987454658
0.629000000000000448,-3.021330558790056298
0.630000000000000338,-2.997209028231568873
0.631000000000000449,-2.973281733740864574
0.632000000000000339,-2.949547863493619637
0.633000000000000451,-2.926006591831441295
0.634000000000000341,-2.902657079676576934
0.635000000000000453,-2.879498474942004727
0.636000000000000343,-2.856529912936978555
0.637000000000000455,-2.833750516767847394
0.638000000000000345,-2.811159397734249055
0.639000000000000457,-2.788755655720437154
0.640000000000000346,-2.766538379581942486
0.641000000000000458,-2.744506647527267251
0.642000000000000348,-2.722659527494838194
0.643000000000000460,-2.700996077524950412
0.644000000000000350,-2.679515346126890574
0.645000000000000462,-2.658216372641017511
0.646000000000000352,-2.637098187595974697
0.647000000000000464,-2.616159813060802808
0.648000000000000353,-2.595400262992212603
0.649000000000000465,-2.574818543576669505
0.650000000000000355,-2.554413653567638054
0.651000000000000467,-2.534184584617667380
0.652000000000000357,-2.514130321605569041
0.653000000000000469,-2.494249842958470076
0.654000000000000359,-2.474542120968956649
0.655000000000000471,-2.455006122107101341
0.656000000000000361,-2.435640807327585033
0.657000000000000473,-2.416445132371729976
0.658000000000000362,-2.397418048064639873
0.659000000000000474,-2.378558500607298232
0.660000000000000364,-2.359865431863785723
0.661000000000000476,-2.341337779643493100
0.662000000000000366,-2.322974477978477115
0.663000000000000478,-2.304774457395894594
0.664000000000000368,-2.286736645185594163
0.665000000000000480,-2.268859965662833655
0.666000000000000369,-2.251143340426208006
0.667000000000000481,-2.233585688610776554
0.668000000000000371,-2.216185927136446132
0.669000000000000483,-2.198942970951586418
0.670000000000000373,-2.181855733272032971
0.671000000000000485,-2.164923125815301663
0.672000000000000375,-2.148144059030323128
0.673000000000000487,-2.131517442322457878
0.674000000000000377,-2.115042184274041226
0.675000000000000488,-2.098717192860342529
0.676000000000000378,-2.082541375661127514
0.677000000000000490,-2.066513640067698443
0.678000000000000380,-2.050632893485586639
0.679000000000000492,-2.034898043532856082
0.680000000000000382,-2.019307998234127322
0.681000000000000494,-2.003861666210272841
0.682000000000000384,-1.988557956863947762
0.683000000000000496,-1.973395780560865065
0.684000000000000385,-1.958374048806980738
0.685000000000000497,-1.943491674421536697
0.686000000000000387,-1.928747571706103114
0.687000000000000499,-1.914140656609539137
0.688000000000000389,-1.899669846889077807
0.689000000000000501,-1.885334062267403299
0.690000000000000391,-1.871132224585946080
0.691000000000000503,-1.857063257954278956
0.692000000000000393,-1.843126088895799652
0.693000000000000504,-1.829319646489633744
0.694000000000000394,-1.815642862508910937
0.695000000000000506,-1.802094671555341421
0.696000000000000396,-1.788674011190263924
0.697000000000000508,-1.775379822062130630
0.698000000000000398,-1.762211048030510652
0.699000000000000510,-1.749166636286629828
0.700000000000000400,-1.736245537470560318
0.701000000000000512,-1.723446705785007804
0.702000000000000401,-1.710769099105853730
0.703000000000000513,-1.698211679089407511
0.704000000000000403,-1.685773411276480171
0.705000000000000515,-1.673453265193283857
0.706000000000000405,-1.661250214449250251
0.707000000000000517,-1.649163236831756807
0.708000000000000407,-1.637191314397859587
0.709000000000000519,-1.625333433563059371
0.710000000000000409,-1.613588585187145652
0.711000000000000520,-1.601955764657159165
0.712000000000000410,-1.590433971967547100
0.713000000000000522,-1.579022211797512565
0.714000000000000412,-1.567719493585665314
0.715000000000000524,-1.556524831601939995
0.716000000000000414,-1.545437245016918038
0.717000000000000526,-1.534455757968505862
0.718000000000000416,-1.523579399626103337
0.719000000000000528,-1.512807204252217819
0.720000000000000417,-1.502138211261655476
0.721000000000000529,-1.491571465278266340
0.722000000000000419,-1.481106016189323027
0.723000000000000531,-1.470740919197548902
0.724000000000000421,-1.460475234870882488
0.725000000000000533,-1.450308029189954606
0.726000000000000423,-1.440238373593406118
0.727000000000000535,-1.430265345020987233
0.728000000000000425,-1.420388025954571143
0.729000000000000536,-1.410605504457062898
0.730000000000000426,-1.400916874209286345
0.731000000000000538,-1.391321234544829588
0.732000000000000428,-1.381817690482972649
0.733000000000000540,-1.372405352759650254
0.734000000000000430,-1.363083337856559218
0.735000000000000542,-1.353850768028388885
0.736000000000000432,-1.344706771328282979
0.737000000000000544,-1.335650481631470488
0.738000000000000433,-1.326681038657226752
0.739000000000000545,-1.317797587989074426
0.740000000000000435,-1.308999281093373490
0.741000000000000547,-1.300285275336251933
0.742000000000000437,-1.291654733998956583
0.743000000000000549,-1.283106826291639191
0.744000000000000439,-1.274640727365645265
0.745000000000000551,-1.266255618324267251
0.746000000000000441,-1.257950686232104376
0.747000000000000552,-1.249725124122938791
0.748000000000000442,-1.241578131006271235
0.749000000000000554,-1.233508911872480018
0.750000000000000444,-1.225516677696645518
0.751000000000000556,-1.217600645441095475
0.752000000000000446,-1.209760038056697962
0.753000000000000558,-1.201994084482884251
0.754000000000000448,-1.194302019646509949
0.755000000000000560,-1.186683084459521975
0.756000000000000449,-1.179136525815490000
0.757000000000000561,-1.171661596585005682
0.758000000000000451,-1.164257555610034744
0.759000000000000563,-1.156923667697165037
0.760000000000000453,-1.149659203609845859
0.761000000000000565,-1.142463440059635849
0.762000000000000455,-1.135335659696439681
0.763000000000000567,-1.128275151097824835
0.764000000000000457,-1.121281208757402670
0.765000000000000568,-1.114353133072297553
0.766000000000000458,-1.107490230329752245
0.767000000000000570,-1.100691812692888849
0.768000000000000460,-1.093957198185626645
0.769000000000000572,-1.087285710676812567
0.770000000000000462,-1.080676679863560974
0.771000000000000574,-1.074129441253839357
0.772000000000000464,-1.067643336148331734
0.773000000000000576,-1.061217711621565085
0.774000000000000465,-1.054851920502380747
0.775000000000000577,-1.048545321353697712
0.776000000000000467,-1.042297278451669307
0.777000000000000579,-1.036107161764167950
0.778000000000000469,-1.029974346928715923
0.779000000000000581,-1.023898215229775532
0.780000000000000471,-1.017878153575517253
0.781000000000000583,-1.011913554474000554
0.782000000000000473,-1.006003816008870011
0.783000000000000584,-1.000148341814492969
0.784000000000000474,-0.994346541050648569
0.785000000000000586,-0.988597828376708732
0.786000000000000476,-0.982901623925374723
0.787000000000000588,-0.977257353275985841
0.788000000000000478,-0.971664447427382783
0.789000000000000590,-0.966122342770375675
0.790000000000000480,-0.960630481059833508
0.791000000000000592,-0.955188309386362122
0.792000000000000481,-0.949795280147673560
0.793000000000000593,-0.944450851019566828
0.794000000000000483,-0.939154484926601696
0.795000000000000595,-0.933905650012459509
0.796000000000000485,-0.928703819609991599
0.797000000000000597,-0.923548472210988791
0.798000000000000487,-0.918439091435686139
0.799000000000000599,-0.913375166001988981
0.800000000000000488,-0.908356189694469629
0.801000000000000600,-0.903381661333126473
0.802000000000000490,-0.898451084741918038
0.803000000000000602,-0.893563968717097090
0.804000000000000492,-0.888719826995343687
0.805000000000000604,-0.883918178221706596
0.806000000000000494,-0.879158545917390177
0.807000000000000606,-0.874440458447367619
0.808000000000000496,-0.869763448987834864
0.809000000000000608,-0.865127055493546515
0.810000000000000497,-0.860530820665006524
0.811000000000000609,-0.855974291915540753
0.812000000000000499,-0.851457021338270947
0.813000000000000611,-0.846978565672975359
0.814000000000000501,-0.842538486272869647
0.815000000000000613,-0.838136349071308517
0.816000000000000503,-0.833771724548405202
0.817000000000000615,-0.829444187697601309
0.818000000000000504,-0.825153317992172175
0.819000000000000616,-0.820898699351700678
0.820000000000000506,-0.816679920108492774
0.821000000000000618,-0.812496572973991249
0.822000000000000508,-0.808348255005145511
0.823000000000000620,-0.804234567570778602
0.824000000000000510,-0.800155116317944559
0.825000000000000622,-0.796109511138301085
0.826000000000000512,-0.792097366134456027
0.827000000000000624,-0.788118299586373583
0.828000000000000513,-0.784171933917767183
0.829000000000000625,-0.780257895662543000
0.830000000000000515,-0.776375815431264993
0.831000000000000627,-0.772525327877663370
0.832000000000000517,-0.768706071665194335
0.833000000000000629,-0.764917689433655346
0.834000000000000519,-0.761159827765849117
0.835000000000000631,-0.757432137154312346
0.836000000000000520,-0.753734271968132696
0.837000000000000632,-0.750065890419808312
0.838000000000000522,-0.746426654532216238
0.839000000000000634,-0.742816230105644681
0.840000000000000524,-0.739234286684936626
0.841000000000000636,-0.735680497526696842
0.842000000000000526,-0.732154539566625795
0.843000000000000638,-0.728656093386940262
0.844000000000000528,-0.725184843183904859
0.845000000000000639,-0.721740476735476588
0.846000000000000529,-0.718322685369056524
0.847000000000000641,-0.714931163929370728
0.848000000000000531,-0.711565610746465405
0.849000000000000643,-0.708225727603828181
0.850000000000000533,-0.704911219706649939
0.851000000000000645,-0.701621795650188340
0.852000000000000535,-0.698357167388317879
0.853000000000000647,-0.695117050202156195
0.854000000000000536,-0.691901162668895120
0.855000000000000648,-0.688709226630721982
0.856000000000000538,-0.685540967163924320
0.857000000000000650,-0.682396112548124156
0.858000000000000540,-0.679274394235681478
0.859000000000000652,-0.676175546821231488
0.860000000000000542,-0.673099308011397612
0.861000000000000654,-0.670045418594653386
0.862000000000000544,-0.667013622411357643
0.863000000000000655,-0.664003666323925490
0.864000000000000545,-0.661015300187203003
0.865000000000000657,-0.658048276818980371
0.866000000000000547,-0.655102351970687669
0.867000000000000659,-0.652177284298245619
0.868000000000000549,-0.649272835333121856
0.869000000000000661,-0.646388769453519640
0.870000000000000551,-0.643524853855773626
0.871000000000000663,-0.640680858525902619
0.872000000000000552,-0.637856556211359615
0.873000000000000664,-0.635051722392935392
0.874000000000000554,-0.632266135256869255
0.875000000000000666,-0.629499575667122668
0.876000000000000556,-0.626751827137848383
0.877000000000000668,-0.624022675806023885
0.878000000000000558,-0.621311910404294787
0.879000000000000670,-0.618619322233988855
0.880000000000000560,-0.615944705138304571
0.881000000000000671,-0.613287855475719068
0.882000000000000561,-0.610648572093545838
0.883000000000000673,-0.608026656301705604
0.884000000000000563,-0.605421911846687255
0.885000000000000675,-0.602834144885667333
0.886000000000000565,-0.600263163960856216
0.887000000000000677,-0.597708779974013393
0.888000000000000567,-0.595170806161154031
0.889000000000000679,-0.592649058067453605
0.890000000000000568,-0.590143353522328828
0.891000000000000680,-0.587653512614726758
0.892000000000000570,-0.585179357668595967
0.893000000000000682,-0.582720713218537689
0.894000000000000572,-0.580277405985673900
0.895000000000000684,-0.577849264853673716
0.896000000000000574,-0.575436120845007282
0.897000000000000686,-0.573037807097349638
0.898000000000000576,-0.570654158840211534
0.899000000000000687,-0.568285013371738534
0.900000000000000577,-0.565930210035711090
0.901000000000000689,-0.563589590198718682
0.902000000000000579,-0.561262997227552463
0.903000000000000691,-0.558950276466752993
0.904000000000000581,-0.556651275216374253
0.905000000000000693,-0.554365842709925727
0.906000000000000583,-0.552093830092499127
0.907000000000000695,-0.549835090399081627
0.908000000000000584,-0.547589478533072160
0.909000000000000696,-0.545356851244965801
0.910000000000000586,-0.543137067111232330
0.911000000000000698,-0.540929986513385974
0.912000000000000588,-0.538735471617230788
0.913000000000000700,-0.536553386352293771
0.914000000000000590,-0.534383596391443172
0.915000000000000702,-0.532225969130687315
0.916000000000000592,-0.530080373669167826
0.917000000000000703,-0.527946680789311396
0.918000000000000593,-0.525824762937191603
0.919000000000000705,-0.523714494203040282
0.920000000000000595,-0.521615750301972048
0.921000000000000707,-0.519528408554852161
0.922000000000000597,-0.517452347869380658
0.923000000000000709,-0.515387448721315367
0.924000000000000599,-0.513333593135904431
0.925000000000000711,-0.511290664669476591
0.926000000000000600,-0.509258548391204435
0.927000000000000712,-0.507237130865057617
0.928000000000000602,-0.505226300131912609
0.929000000000000714,-0.503225945691841980
0.930000000000000604,-0.501235958486583089
0.931000000000000716,-0.499256230882153318
0.932000000000000606,-0.497286656651662995
0.933000000000000718,-0.495327130958286066
0.934000000000000608,-0.493377550338381377
0.935000000000000719,-0.491437812684812680
0.936000000000000609,-0.489507817230410869
0.937000000000000721,-0.487587464531605508
0.938000000000000611,-0.485676656452229238
0.939000000000000723,-0.483775296147469724
0.940000000000000613,-0.481883288047999792
0.941000000000000725,-0.480000537844256669
0.942000000000000615,-0.478126952470883215
0.943000000000000727,-0.476262440091333505
0.944000000000000616,-0.474406910082631694
0.945000000000000728,-0.472560273020282751
0.946000000000000618,-0.470722440663352670
0.947000000000000730,-0.468893325939683081
0.948000000000000620,-0.467072842931284260
0.949000000000000732,-0.465260906859853995
0.950000000000000622,-0.463457434072471919
0.951000000000000734,-0.461662342027428729
0.952000000000000624,-0.459875549280204798
0.953000000000000735,-0.458096975469611922
0.954000000000000625,-0.456326541304062361
0.955000000000000737,-0.454564168547997471
0.956000000000000627,-0.452809780008457952
0.957000000000000739,-0.451063299521793470
0.958000000000000629,-0.449324651940524067
0.959000000000000741,-0.447593763120330668
0.960000000000000631,-0.445870559907203479
0.961000000000000743,-0.444154970124711557
0.962000000000000632,-0.442446922561419764
0.963000000000000744,-0.440746346958452939
0.964000000000000634,-0.439053173997174195
0.965000000000000746,-0.437367335287012438
0.966000000000000636,-0.435688763353429043
0.967000000000000748,-0.434017391626004556
0.968000000000000638,-0.432353154426662833
0.969000000000000750,-0.430695986958032684
0.970000000000000639,-0.429045825291927752
0.971000000000000751,-0.427402606357961623
0.972000000000000641,-0.425766267932290776
0.973000000000000753,-0.424136748626479598
0.974000000000000643,-0.422513987876504071
0.975000000000000755,-0.420897925931859151
0.976000000000000645,-0.419288503844804539
0.977000000000000757,-0.417685663459729739
0.978000000000000647,-0.416089347402641807
0.979000000000000759,-0.414499499070762556
0.980000000000000648,-0.412916062622264157
0.981000000000000760,-0.411338982966105160
0.982000000000000650,-0.409768205751990411
0.983000000000000762,-0.408203677360450379
0.984000000000000652,-0.406645344893028338
0.985000000000000764,-0.405093156162590673
0.986000000000000654,-0.403547059683735998
0.987000000000000766,-0.402007004663334722
0.988000000000000655,-0.400472940991163706
0.989000000000000767,-0.398944819230656944
0.990000000000000657,-0.397422590609764981
0.991000000000000769,-0.395906207011921862
0.992000000000000659,-0.394395620967120109
0.993000000000000771,-0.392890785643089768
0.994000000000000661,-0.391391654836581060
0.995000000000000773,-0.389898182964753925
0.996000000000000663,-0.388410325056672556
0.997000000000000774,-0.386928036744886683
0.998000000000000664,-0.385451274257140597
0.999000000000000776,-0.383979994408153114
1.000000000000000666,-0.382514154591518551
1.001000000000000778,-0.381053712771693198
1.002000000000000668,-0.379598627476087636
1.003000000000000780,-0.378148857787241777
1.004000000000000670,-0.376704363335108705
1.005000000000000782,-0.375265104289426332
1.006000000000000671,-0.373831041352190030
1.007000000000000783,-0.372402135750194319
1.008000000000000673,-0.370978349227700344
1.009000000000000785,-0.369559644039163748
1.010000000000000675,-0.368145982942070960
1.011000000000000787,-0.366737329189855132
1.012000000000000677,-0.365333646524903577
1.013000000000000789,-0.363934899171642956
1.014000000000000679,-0.362541051829734839
1.015000000000000790,-0.361152069667320108
1.016000000000000680,-0.359767918314380597
1.017000000000000792,-0.358388563856164966
1.018000000000000682,-0.357013972826703552
1.019000000000000794,-0.355644112202404661
1.020000000000000684,-0.354278949395730736
1.021000000000000796,-0.352918452248950465
1.022000000000000686,-0.351562589027984929
1.023000000000000798,-0.350211328416307477
1.024000000000000687,-0.348864639508940422
1.025000000000000799,-0.347522491806529554
1.026000000000000689,-0.346184855209474063
1.027000000000000801,-0.344851700012158369
1.028000000000000691,-0.343522996897232480
1.029000000000000803,-0.342198716929982383
1.030000000000000693,-0.340878831552778871
1.031000000000000805,-0.339563312579568399
1.032000000000000695,-0.338252132190463906
1.033000000000000806,-0.336945262926404698
1.034000000000000696,-0.335642677683861190
1.035000000000000808,-0.334344349709635780
1.036000000000000698,-0.333050252595716745
1.037000000000000810,-0.331760360274200250
1.038000000000000700,-0.330474647012290346
1.039000000000000812,-0.329193087407343099
1.040000000000000702,-0.327915656382002874
1.041000000000000814,-0.326642329179377966
1.042000000000000703,-0.325373081358292959
1.043000000000000815,-0.324107888788603027
1.044000000000000705,-0.322846727646573906
1.045000000000000817,-0.321589574410300338
1.046000000000000707,-0.320336405855229045
1.047000000000000819,-0.319087199049690851
1.048000000000000709,-0.317841931350537177
1.049000000000000821,-0.316600580398801901
1.050000000000000711,-0.315363124115440541
1.051000000000000822,-0.314129540697117626
1.052000000000000712,-0.312899808612062902
1.053000000000000824,-0.311673906595960781
1.054000000000000714,-0.310451813647920238
1.055000000000000826,-0.309233509026486053
1.056000000000000716,-0.308018972245702349
1.057000000000000828,-0.306808183071240470
1.058000000000000718,-0.305601121516564933
1.059000000000000830,-0.304397767839173494
1.060000000000000719,-0.303198102536861969
1.061000000000000831,-0.302002106344053778
1.062000000000000721,-0.300809760228195056
1.063000000000000833,-0.299621045386162521
1.064000000000000723,-0.298435943240767387
1.065000000000000835,-0.297254435437253828
1.066000000000000725,-0.296076503839902527
1.067000000000000837,-0.294902130528633843
1.068000000000000727,-0.293731297795691682
1.069000000000000838,-0.292563988142354903
1.070000000000000728,-0.291400184275692198
1.071000000000000840,-0.290239869105385850
1.072000000000000730,-0.289083025740574873
1.073000000000000842,-0.287929637486747603
1.074000000000000732,-0.286779687842694198
1.075000000000000844,-0.285633160497485106
1.076000000000000734,-0.284490039327492172
1.077000000000000846,-0.283350308393465811
1.078000000000000735,-0.282213951937638541
1.079000000000000847,-0.281080954380884152
1.080000000000000737,-0.279951300319900953
1.081000000000000849,-0.278824974524451208
1.082000000000000739,-0.277701961934625929
1.083000000000000851,-0.276582247658161695
1.084000000000000741,-0.275465816967790600
1.085000000000000853,-0.274352655298620685
1.086000000000000743,-0.273242748245570488
1.087000000000000854,-0.272136081560822085
1.088000000000000744,-0.271032641151332965
1.089000000000000856,-0.269932413076357680
1.090000000000000746,-0.268835383545028672
1.091000000000000858,-0.267741538913964683
1.092000000000000748,-0.266650865684901095
1.093000000000000860,-0.265563350502382223
1.094000000000000750,-0.264478980151460596
1.095000000000000862,-0.263397741555442821
1.096000000000000751,-0.262319621773670075
1.097000000000000863,-0.261244607999328027
1.098000000000000753,-0.260172687557287341
1.099000000000000865,-0.259103847901981488
1.100000000000000755,-0.258038076615309642
1.101000000000000867,-0.256975361404570335
1.102000000000000757,-0.255915690100447457
1.103000000000000869,-0.254859050654983432
1.104000000000000759,-0.253805431139625115
1.105000000000000870,-0.252754819743280734
1.106000000000000760,-0.251707204770396709
1.107000000000000872,-0.250662574639087754
1.108000000000000762,-0.249620917879268406
1.109000000000000874,-0.248582223130838692
1.110000000000000764,-0.247546479141871861
1.111000000000000876,-0.246513674766851487
1.112000000000000766,-0.245483798964924560
1.113000000000000878,-0.244456840798175812
1.114000000000000767,-0.243432789429949059
1.115000000000000879,-0.242411634123166936
1.116000000000000769,-0.241393364238699115
1.117000000000000881,-0.240377969233745048
1.118000000000000771,-0.239365438660245899
1.119000000000000883,-0.238355762163308837
1.120000000000000773,-0.237348929479678367
1.121000000000000885,-0.236344930436211575
1.122000000000000774,-0.235343754948387746
1.123000000000000886,-0.234345393018832004
1.124000000000000776,-0.233349834735875644
1.125000000000000888,-0.232357070272127153
1.126000000000000778,-0.231367089883069310
1.127000000000000890,-0.230379883905679872
1.128000000000000780,-0.229395442757075518
1.129000000000000892,-0.228413756933169954
1.130000000000000782,-0.227434817007361012
1.131000000000000894,-0.226458613629236888
1.132000000000000783,-0.225485137523301710
1.133000000000000895,-0.224514379487719212
1.134000000000000785,-0.223546330393080639
1.135000000000000897,-0.222580981181193460
1.136000000000000787,-0.221618322863879669
1.137000000000000899,-0.220658346521810156
1.138000000000000789,-0.219701043303344556
1.139000000000000901,-0.218746404423389190
1.140000000000000790,-0.217794421162286422
1.141000000000000902,-0.216845084864709298
1.142000000000000792,-0.215898386938578740
1.143000000000000904,-0.214954318854003013
1.144000000000000794,-0.214012872142220978
1.145000000000000906,-0.213074038394586662
1.146000000000000796,-0.212137809261541799
1.147000000000000908,-0.211204176451626507
1.148000000000000798,-0.210273131730499024
1.149000000000000909,-0.209344666919970640
1.150000000000000799,-0.208418773897061177
1.151000000000000911,-0.207495444593060296
1.152000000000000801,-0.206574670992624249
1.153000000000000913,-0.205656445132859023
1.154000000000000803,-0.204740759102446102
1.155000000000000915,-0.203827605040768356
1.156000000000000805,-0.202916975137059696
1.157000000000000917,-0.202008861629550118
1.158000000000000806,-0.201103256804656016
1.159000000000000918,-0.200200152996156067
1.160000000000000808,-0.199299542584393280
1.161000000000000920,-0.198401417995491769
1.162000000000000810,-0.197505771700588945
1.163000000000000922,-0.196612596215071017
1.164000000000000812,-0.195721884097828203
1.165000000000000924,-0.194833627950527694
1.166000000000000814,-0.193947820416892652
1.167000000000000925,-0.193064454181985867
1.168000000000000815,-0.192183521971528881
1.169000000000000927,-0.191305016551215512
1.170000000000000817,-0.190428930726034285
1.171000000000000929,-0.189555257339615868
1.172000000000000819,-0.188683989273587593
1.173000000000000931,-0.187815119446935602
1.174000000000000821,-0.186948640815381900
1.175000000000000933,-0.186084546370769571
1.176000000000000822,-0.185222829140466283
1.177000000000000934,-0.184363482186760630
1.178000000000000824,-0.183506498606298030
1.179000000000000936,-0.182651871529501630
1.180000000000000826,-0.181799594120012731
1.181000000000000938,-0.180949659574143967
1.182000000000000828,-0.180102061120340912
1.183000000000000940,-0.179256792018648664
1.184000000000000830,-0.178413845560194295
1.185000000000000941,-0.177573215066677920
1.186000000000000831,-0.176734893889872569
1.187000000000000943,-0.175898875411127920
1.188000000000000833,-0.175065153040895566
1.189000000000000945,-0.174233720218249205
1.190000000000000835,-0.173404570410424674
1.191000000000000947,-0.172577697112360706
1.192000000000000837,-0.171753093846259697
1.193000000000000949,-0.170930754161136678
1.194000000000000838,-0.170110671632401317
1.195000000000000950,-0.169292839861429234
1.196000000000000840,-0.168477252475152384
1.197000000000000952,-0.167663903125644304
1.198000000000000842,-0.166852785489739697
1.199000000000000954,-0.166043893268623566
1.200000000000000844,-0.165237220187463063
1.201000000000000734,-0.164432759995024436
1.202000000000000846,-0.163630506463314118
1.203000000000000957,-0.162830453387202867
1.204000000000000847,-0.162032594584093415
1.205000000000000737,-0.161236923893551376
1.206000000000000849,-0.160443435176981453
1.207000000000000961,-0.159652122317289674
1.208000000000000851,-0.158862979218558659
1.209000000000000741,-0.158075999805721429
1.210000000000000853,-0.157291178024261624
1.211000000000000965,-0.156508507839890176
1.212000000000000854,-0.155727983238261786
1.213000000000000744,-0.154949598224665946
1.214000000000000856,-0.154173346823748836
1.215000000000000968,-0.153399223079225461
1.216000000000000858,-0.152627221053606821
1.217000000000000748,-0.151857334827926405
1.218000000000000860,-0.151089558501475402
1.219000000000000972,-0.150323886191548628
1.220000000000000862,-0.149560312033181431
1.221000000000000751,-0.148798830178907382
1.222000000000000863,-0.148039434798514502
1.223000000000000975,-0.147282120078807255
1.224000000000000865,-0.146526880223371958
1.225000000000000755,-0.145773709452346856
1.226000000000000867,-0.145022602002206513
1.227000000000000979,-0.144273552125539217
1.228000000000000869,-0.143526554090830150
1.229000000000000759,-0.142781602182262740
1.230000000000000870,-0.142038690699504533
1.231000000000000982,-0.141297813957510732
1.232000000000000872,-0.140558966286336767
1.233000000000000762,-0.139822142030936458
1.234000000000000874,-0.139087335550981323
1.235000000000000986,-0.138354541220684996
1.236000000000000876,-0.137623753428608053
1.237000000000000766,-0.136894966577506272
1.238000000000000878,-0.136168175084145859
1.239000000000000989,-0.135443373379136089
1.240000000000000879,-0.134720555906786887
1.241000000000000769,-0.133999717124924617
1.242000000000000881,-0.133280851504756853
1.243000000000000993,-0.132563953530714873
1.244000000000000883,-0.131849017700310156
1.245000000000000773,-0.131136038523983756
1.246000000000000885,-0.130425010524972629
1.247000000000000997,-0.129715928239174716
1.248000000000000886,-0.129008786215011217
1.249000000000000776,-0.128303579013295754
1.250000000000000888,-0.127600301207116656
1.251000000000001000,-0.126898947381703264
1.252000000000000890,-0.126199512134309966
1.253000000000000780,-0.125501990074101455
1.254000000000000892,-0.124806375822035867
1.255000000000001004,-0.124112664010753382
1.256000000000000894,-0.123420849284467796
1.257000000000000783,-0.122730926298862481
1.258000000000000895,-0.122042889720989783
1.259000000000001007,-0.121356734229165222
1.260000000000000897,-0.120672454512877447
1.261000000000000787,-0.119990045272684642
1.262000000000000899,-0.119309501220131023
1.263000000000001011,-0.118630817077656076
1.264000000000000901,-0.117953987578501354
1.265000000000000790,-0.117279007466634333
1.266000000000000902,-0.116605871496657715
1.267000000000001014,-0.115934574433740403
1.268000000000000904,-0.115265111053528102
1.269000000000000794,-0.114597476142078006
1.270000000000000906,-0.113931664495777407
1.271000000000001018,-0.113267670921281344
1.272000000000000908,-0.112605490235440392
1.273000000000000798,-0.111945117265228156
1.274000000000000909,-0.111286546847684728
1.275000000000001021,-0.110629773829854464
1.276000000000000911,-0.109974793068716867
1.277000000000000801,-0.109321599431138464
1.278000000000000913,-0.108670187793801887
1.279000000000001025,-0.108020553043172596
1.280000000000000915,-0.107372690075423674
1.281000000000000805,-0.106726593796396013
1.282000000000000917,-0.106082259121546008
1.283000000000001029,-0.105439680975898578
1.284000000000000918,-0.104798854294000071
1.285000000000000808,-0.104159774019872864
1.286000000000000920,-0.103522435106971275
1.287000000000001032,-0.102886832518147120
1.288000000000000922,-0.102252961225599570
1.289000000000000812,-0.101620816210839224
1.290000000000000924,-0.100990392464660766
1.291000000000001036,-0.100361684987091193
1.292000000000000925,-0.099734688787369949
1.293000000000000815,-0.099109398883905298
1.294000000000000927,-0.098485810304251090
1.295000000000001039,-0.097863918085069043
1.296000000000000929,-0.097243717272106206
1.297000000000000819,-0.096625202920162911
1.298000000000000931,-0.096008370093066675
1.299000000000001043,-0.095393213863652238
1.300000000000000933,-0.094779729313722846
1.301000000000000822,-0.094167911534049326
1.302000000000000934,-0.093557755624324196
1.303000000000001046,-0.092949256693163798
1.304000000000000936,-0.092342409858064675
1.305000000000000826,-0.091737210245407388
1.306000000000000938,-0.091133652990421088
1.307000000000001050,-0.090531733237175505
1.308000000000000940,-0.089931446138566365
1.309000000000000830,-0.089332786856294796
1.310000000000000941,-0.088735750560853269
1.311000000000001053,-0.088140332431518281
1.312000000000000943,-0.087546527656332404
1.313000000000000833,-0.086954331432096951
1.314000000000000945,-0.086363738964356201
1.315000000000001057,-0.085774745467390417
1.316000000000000947,-0.085187346164210531
1.317000000000000837,-0.084601536286541351
1.318000000000000949,-0.084017311074820841
1.319000000000001060,-0.083434665778190725
1.320000000000000950,-0.082853595654487772
1.321000000000000840,-0.082274095970242586
1.322000000000000952,-0.081696162000672118
1.323000000000001064,-0.081119789029679118
1.324000000000000954,-0.080544972349838026
1.325000000000000844,-0.079971707262405795
1.326000000000000956,-0.079399989077310551
1.327000000000001068,-0.078829813113152111
1.328000000000000957,-0.078261174697196165
1.329000000000000847,-0.077694069165384627
1.330000000000000959,-0.077128491862323678
1.331000000000001071,-0.076564438141286578
1.332000000000000961,-0.076001903364222037
1.333000000000000851,-0.075440882901746706
1.334000000000000963,-0.074881372133145468
1.335000000000001075,-0.074323366446383904
1.336000000000000965,-0.073766861238099016
1.337000000000000854,-0.073211851913609058
1.338000000000000966,-0.072658333886915713
1.339000000000001078,-0.072106302580704315
1.340000000000000968,-0.071555753426354771
1.341000000000000858,-0.071006681863934731
1.342000000000000970,-0.070459083342215470
1.343000000000001082,-0.069912953318672658
1.344000000000000972,-0.069368287259486086
1.345000000000000862,-0.068825080639559374
1.346000000000000973,-0.068283328942505425
1.347000000000001085,-0.067743027660674762
1.348000000000000975,-0.067204172295142556
1.349000000000000865,-0.066666758355728703
1.350000000000000977,-0.066130781360997454
1.351000000000001089,-0.065596236838269331
1.352000000000000979,-0.065063120323623588
1.353000000000000869,-0.064531427361910268
1.354000000000000981,-0.064001153506753464
1.355000000000001092,-0.063472294320565531
1.356000000000000982,-0.062944845374546948
1.357000000000000872,-0.062418802248702901
1.358000000000000984,-0.061894160531846341
1.359000000000001096,-0.061370915821610118
1.360000000000000986,-0.060849063724445929
1.361000000000000876,-0.060328599855655904
1.362000000000000988,-0.059809519839369010
1.363000000000001100,-0.059291819308583626
1.364000000000000989,-0.058775493905153312
1.365000000000000879,-0.058260539279802105
1.366000000000000991,-0.057746951092142527
1.367000000000001103,-0.057234725010673906
1.368000000000000993,-0.056723856712795853
1.369000000000000883,-0.056214341884821120
1.370000000000000995,-0.055706176221980430
1.371000000000001107,-0.055199355428437936
1.372000000000000997,-0.054693875217290432
1.373000000000000886,-0.054189731310595457
1.374000000000000998,-0.053686919439355260
1.375000000000001110,-0.053185435343556485
1.376000000000001000,-0.052685274772155080
1.377000000000000890,-0.052186433483101105
1.378000000000001002,-0.051688907243339341
1.379000000000001114,-0.051192691828829059
1.380000000000001004,-0.050697783024546007
1.381000000000000894,-0.050204176624490282
1.382000000000001005,-0.049711868431711236
1.383000000000001117,-0.049220854258296740
1.384000000000001007,-0.048731129925400407
1.385000000000000897,-0.048242691263239386
1.386000000000001009,-0.047755534111112219
1.387000000000001121,-0.047269654317404056
1.388000000000001011,-0.046785047739598455
1.389000000000000901,-0.046301710244283679
1.390000000000001013,-0.045819637707169084
1.391000000000001124,-0.045338826013085975
1.392000000000001014,-0.044859271056006067
1.393000000000000904,-0.044380968739042057
1.394000000000001016,-0.043903914974463651
1.395000000000001128,-0.043428105683702742
1.396000000000001018,-0.042953536797367832
1.397000000000000908,-0.042480204255242474
1.398000000000001020,-0.042008104006309367
1.399000000000001132,-0.041537232008745525
1.400000000000001021,-0.041067584229934402
1.401000000000000911,-0.040599156646485099
1.402000000000001023,-0.040131945244226967
1.403000000000001135,-0.039665946018222160
1.404000000000001025,-0.039201154972777999
1.405000000000000915,-0.038737568121455783
1.406000000000001027,-0.038275181487067308
1.407000000000001139,-0.037813991101702651
1.408000000000001029,-0.037353993006715117
1.409000000000000918,-0.036895183252750645
1.410000000000001030,-0.036437557899741173
1.411000000000001142,-0.035981113016913487
1.412000000000001032,-0.035525844682803488
1.413000000000000922,-0.035071748985261053
1.414000000000001034,-0.034618822021452486
1.415000000000001146,-0.034167059897867634
1.416000000000001036,-0.033716458730338288
1.417000000000000925,-0.033267014644030035
1.418000000000001037,-0.032818723773454003
1.419000000000001149,-0.032371582262478028
1.420000000000001039,-0.031925586264326324
1.421000000000000929,-0.031480731941591476
1.422000000000001041,-0.031037015466234275
1.423000000000001153,-0.030594433019591437
1.424000000000001043,-0.030152980792387308
1.425000000000000933,-0.029712654984728658
1.426000000000001044,-0.029273451806118400
1.427000000000001156,-0.028835367475454992
1.428000000000001046,-0.028398398221046606
1.429000000000000936,-0.027962540280604464
1.430000000000001048,-0.027527789901252431
1.431000000000001160,-0.027094143339531807
1.432000000000001050,-0.026661596861410564
1.433000000000000940,-0.026230146742276472
1.434000000000001052,-0.025799789266949515
1.435000000000001164,-0.025370520729683023
1.436000000000001053,-0.024942337434166489
1.437000000000000943,-0.024515235693532332
1.438000000000001055,-0.024089211830357084
1.439000000000001167,-0.023664262176662058
1.440000000000001057,-0.023240383073919103
1.441000000000000947,-0.022817570873054475
1.442000000000001059,-0.022395821934449243
1.443000000000001171,-0.021975132627943310
1.444000000000001060,-0.021555499332833336
1.445000000000000950,-0.021136918437883144
1.446000000000001062,-0.020719386341314365
1.447000000000001174,-0.020302899450821390
1.448000000000001064,-0.019887454183563337
1.449000000000000954,-0.019473046966164382
1.450000000000001066,-0.019059674234723968
1.451000000000001178,-0.018647332434811752
1.452000000000001068,-0.018236018021465832
1.453000000000000957,-0.017825727459198859
1.454000000000001069,-0.017416457221997979
1.455000000000001181,-0.017008203793320159
1.456000000000001071,-0.016600963666098631
1.457000000000000961,-0.016194733342739707
1.458000000000001073,-0.015789509335119620
1.459000000000001185,-0.015385288164591934
1.460000000000001075,-0.014982066361979204
1.461000000000000965,-0.014579840467576386
1.462000000000001076,-0.014178607031147381
1.463000000000001188,-0.013778362611926175
1.464000000000001078,-0.013379103778615948
1.465000000000000968,-0.012980827109386566
1.466000000000001080,-0.012583529191868592
1.467000000000001192,-0.012187206623159148
1.468000000000001082,-0.011791856009815254
1.469000000000000972,-0.011397473967852633
1.470000000000001084,-0.011004057122743816
1.471000000000001195,-0.010611602109416382
1.472000000000001085,-0.010220105572245024
1.473000000000000975,-0.009829564165057699
1.474000000000001087,-0.009439974551119678
1.475000000000001199,-0.009051333403149602
1.476000000000001089,-0.008663637403295071
1.477000000000000979,-0.008276883243143837
1.478000000000001091,-0.007891067623712437
1.479000000000001203,-0.007506187255442306
1.480000000000001092,-0.007122238858204377
1.481000000000000982,-0.006739219161283952
1.482000000000001094,-0.006357124903381988
1.483000000000001206,-0.005975952832607719
1.484000000000001096,-0.005595699706478910
1.485000000000000986,-0.005216362291908724
1.486000000000001098,-0.004837937365209988
1.487000000000001210,-0.004460421712082788
1.488000000000001100,-0.004083812127612422
1.489000000000000989,-0.003708105416259475
1.490000000000001101,-0.003333298391863723
1.491000000000001213,-0.002959387877627366
1.492000000000001103,-0.002586370706113225
1.493000000000000993,-0.002214243719243017
1.494000000000001105,-0.001843003768282391
1.495000000000001217,-0.001472647713838800
1.496000000000001107,-0.001103172425857688
1.497000000000000997,-0.000734574783609460
1.498000000000001108,-0.000366851675688596
1.499000000000001220,0.000000000000000000
