# SS304-111_CS-4945-AC
# h[nm],U(h)[kJ/mol]
0.149999999999999994,99.886269271243079970
0.150999999999999995,96.173433875104592516
0.151999999999999996,92.456224089196950899
0.152999999999999997,88.723249586759834528
0.153999999999999998,85.039073130067080797
0.154999999999999999,81.465768860235584725
0.156000000000000000,78.037729626842462949
0.157000000000000001,74.761092464727056495
0.158000000000000002,71.622310020904762951
0.159000000000000002,68.598157537165164399
0.160000000000000003,65.663861757058214152
0.161000000000000004,62.798385292347497000
0.162000000000000005,59.987036700821001034
0.163000000000000006,57.222028384321674821
0.164000000000000007,54.501692994406404580
0.165000000000000008,51.828985067857672675
0.166000000000000009,49.209746398457234307
0.167000000000000010,46.651058705437677077
0.168000000000000010,44.159872669578390969
0.169000000000000011,41.741998197528673131
0.170000000000000012,39.401467355302621343
0.171000000000000013,37.140234842606680843
0.172000000000000014,34.958155583774690456
0.173000000000000015,32.853169309696731659
0.174000000000000016,30.821622870315707132
0.175000000000000017,28.858668365085399898
0.176000000000000018,26.958685906220456019
0.177000000000000018,25.115691721515950974
0.178000000000000019,23.323703885024062998
0.179000000000000020,21.577048340758175016
0.180000000000000021,19.870596594977140370
0.181000000000000022,18.199933339752970340
0.182000000000000023,16.561457380120437222
0.183000000000000024,14.952422738003372515
0.184000000000000025,13.370928931941538309
0.185000000000000026,11.815870439648637813
0.186000000000000026,10.286855494053497750
0.187000000000000027,8.784103875406572115
0.188000000000000028,7.308332444989863674
0.189000000000000029,5.860635988936341967
0.190000000000000030,4.442369638786198394
0.191000000000000031,3.055037812208897918
0.192000000000000032,1.700193348234444457
0.193000000000000033,0.379349347843064622
0.194000000000000034,-0.906094795356357730
0.195000000000000034,-2.154912562243839425
0.196000000000000035,-3.366094775915050796
0.197000000000000036,-4.538880034660974339
0.198000000000000037,-5.672772194213568042
0.199000000000000038,-6.767546274668522877
0.200000000000000039,-7.823244347514753727
0.201000000000000040,-8.840163044191921671
0.202000000000000041,-9.818834336685114295
0.203000000000000042,-10.760001189044000824
0.204000000000000042,-11.664589581197772006
0.205000000000000043,-12.533678276178703115
0.206000000000000044,-13.368467550256672993
0.207000000000000045,-14.170247942112473183
0.208000000000000046,-14.940369909917595947
0.209000000000000047,-15.680215120308099941
0.210000000000000048,-16.391169935561187287
0.211000000000000049,-17.074601518336969264
0.212000000000000050,-17.731836839568735797
0.213000000000000050,-18.364144755959912914
0.214000000000000051,-18.972721219803226234
0.215000000000000052,-19.558677595576419606
0.216000000000000053,-20.123031984604800471
0.217000000000000054,-20.666703400269220481
0.218000000000000055,-21.190508590763474928
0.219000000000000056,-21.695161273083840570
0.220000000000000057,-22.181273519479777434
0.221000000000000058,-22.649359024670342677
0.222000000000000058,-23.099837977418726354
0.223000000000000059,-23.533043262259152328
0.224000000000000060,-23.949227725073633621
0.225000000000000061,-24.348572248681286112
0.226000000000000062,-24.731194400594596061
0.227000000000000063,-25.097157433684046168
0.228000000000000064,-25.446479440848815301
0.229000000000000065,-25.779142486203220130
0.230000000000000066,-26.095101557137883930
0.231000000000000066,-26.394293203390681413
0.232000000000000067,-26.676643750536733535
0.233000000000000068,-26.942076995741739864
0.234000000000000069,-27.190521312952277810
0.235000000000000070,-27.421916112723181413
0.236000000000000071,-27.636217618467487256
0.237000000000000072,-27.833403935972967247
0.238000000000000073,-28.013479406515823911
0.239000000000000073,-28.176478245811445333
0.240000000000000074,-28.322467481399996814
0.241000000000000075,-28.451549209916116467
0.242000000000000076,-28.563862203108328686
0.243000000000000077,-28.659582897535422319
0.244000000000000078,-28.738925807668664447
0.245000000000000079,-28.802143405768184437
0.246000000000000080,-28.849525514485179656
0.247000000000000081,-28.881398259773980897
0.248000000000000081,-28.898122632482944994
0.249000000000000082,-28.900092707034207962
0.250000000000000111,-28.887733564999443558
0.251000000000000112,-28.861498970222537963
0.252000000000000113,-28.821868840523926281
0.253000000000000114,-28.769346559022171306
0.254000000000000115,-28.704456165808089452
0.255000000000000115,-28.627739468169227877
0.256000000000000116,-28.539753104854959531
0.257000000000000117,-28.441065597049437486
0.258000000000000118,-28.332254415829861927
0.259000000000000119,-28.213903092977734133
0.260000000000000120,-28.086598399116830649
0.261000000000000121,-27.950927610306290916
0.262000000000000122,-27.807475881449221333
0.263000000000000123,-27.656823742207770067
0.264000000000000123,-27.499544728564604412
0.265000000000000124,-27.336203160750983443
0.266000000000000125,-27.167352075986464399
0.267000000000000126,-26.993531322349561208
0.268000000000000127,-26.815265818130484377
0.269000000000000128,-26.633063979206333727
0.270000000000000129,-26.447416315328126757
0.271000000000000130,-26.258794194715232351
0.272000000000000131,-26.067648775013729789
0.273000000000000131,-25.874410097486126858
0.274000000000000132,-25.679486340256183041
0.275000000000000133,-25.483263225527181817
0.276000000000000134,-25.286103574918382009
0.277000000000000135,-25.088347006415467888
0.278000000000000136,-24.890309765898159355
0.279000000000000137,-24.692284685784294140
0.280000000000000138,-24.494541263006723852
0.281000000000000139,-24.297325848308403806
0.282000000000000139,-24.100861938695157249
0.283000000000000140,-23.905350564816377101
0.284000000000000141,-23.710970765043462904
0.285000000000000142,-23.517880138077924101
0.286000000000000143,-23.326215466037240276
0.287000000000000144,-23.136093400131123587
0.288000000000000145,-22.947611201247688939
0.289000000000000146,-22.760847528010494045
0.290000000000000147,-22.575863265140554859
0.291000000000000147,-22.392702385254160902
0.292000000000000148,-22.211392837545496093
0.293000000000000149,-22.031947457136276114
0.294000000000000150,-21.854364889219500157
0.295000000000000151,-21.678630522478112397
0.296000000000000152,-21.504717426616455356
0.297000000000000153,-21.332587289202685099
0.298000000000000154,-21.162191347377991235
0.299000000000000155,-20.993471310344066438
0.300000000000000155,-20.826360268889580141
0.301000000000000156,-20.660783588558700785
0.302000000000000157,-20.496659783397802812
0.303000000000000158,-20.333901367539972682
0.304000000000000159,-20.172415682198398201
0.305000000000000160,-20.012105695939009564
0.306000000000000161,-19.852870776389757168
0.307000000000000162,-19.694607431816113063
0.308000000000000163,-19.537210021251897984
0.309000000000000163,-19.380571432118795627
0.310000000000000164,-19.224583724498515380
0.311000000000000165,-19.069138741437019036
0.312000000000000166,-18.914128684862333785
0.313000000000000167,-18.759446656884097848
0.314000000000000168,-18.604987166416730560
0.315000000000000169,-18.450646601227582266
0.316000000000000170,-18.296323665657634905
0.317000000000000171,-18.141919784395874160
0.318000000000000171,-17.987339472808859142
0.319000000000000172,-17.832490674436229483
0.320000000000000173,-17.677285066359907262
0.321000000000000174,-17.521638333240879604
0.322000000000000175,-17.365470410893202313
0.323000000000000176,-17.208705700330874322
0.324000000000000177,-17.051273253279020992
0.325000000000000178,-16.893106930188487524
0.326000000000000179,-16.734145531832361087
0.327000000000000179,-16.574332905593539778
0.328000000000000180,-16.413618027576852398
0.329000000000000181,-16.251955061696733651
0.330000000000000182,-16.089303396901421195
0.331000000000000183,-15.925627663701083847
0.332000000000000184,-15.760897731165988134
0.333000000000000185,-15.595088685556550701
0.334000000000000186,-15.428180791737389654
0.335000000000000187,-15.260159438513971608
0.336000000000000187,-15.091015069013749894
0.337000000000000188,-14.920743097212948669
0.338000000000000189,-14.749343811687495531
0.339000000000000190,-14.576822267640688224
0.340000000000000191,-14.403188168232187394
0.341000000000000192,-14.228455736203816429
0.342000000000000193,-14.052643576765294853
0.343000000000000194,-13.875774532671394823
0.344000000000000195,-13.697875532387314479
0.345000000000000195,-13.518977432205025124
0.346000000000000196,-13.339114853137662209
0.347000000000000197,-13.158326013383270237
0.348000000000000198,-12.976652557113478537
0.349000000000000199,-12.794139380305967535
0.350000000000000200,-12.610834454304091778
0.351000000000000201,-12.426788647750493411
0.352000000000000202,-12.242055547506327073
0.353000000000000203,-12.056691279132412120
0.354000000000000203,-11.870754327473715506
0.355000000000000204,-11.684305357854842811
0.356000000000000205,-11.497407038360575982
0.357000000000000206,-11.310123863643063657
0.358000000000000207,-11.122521980665169394
0.359000000000000208,-10.934669016759048787
0.360000000000000209,-10.746633910348569074
0.361000000000000210,-10.558486744655414924
0.362000000000000210,-10.370298584680474718
0.363000000000000211,-10.182141317725326601
0.364000000000000212,-9.994087497692300204
0.365000000000000213,-9.806210193376864837
0.366000000000000214,-9.618582840942005774
0.367000000000000215,-9.431279100741429389
0.368000000000000216,-9.244372718636570951
0.369000000000000217,-9.057937391931560001
0.370000000000000218,-8.872046640030614384
0.371000000000000218,-8.686773679903378564
0.372000000000000219,-8.502191306426224671
0.373000000000000220,-8.318371777650508392
0.374000000000000221,-8.135386705033280208
0.375000000000000222,-7.953306948650724628
0.376000000000000223,-7.772202517401022526
0.377000000000000224,-7.592142474190056944
0.378000000000000225,-7.413194846081348821
0.379000000000000226,-7.235426539380237720
0.380000000000000226,-7.058903259611942538
0.381000000000000227,-6.883689436343154000
0.382000000000000228,-6.709848152788265629
0.383000000000000229,-6.537441080132916582
0.384000000000000230,-6.366528416499857457
0.385000000000000231,-6.197168830475865420
0.386000000000000232,-6.029419409111649308
0.387000000000000233,-5.863335610301581902
0.388000000000000234,-5.698971219444881164
0.389000000000000234,-5.536378310285719806
0.390000000000000235,-5.375607209825501442
0.391000000000000236,-5.216706467197768760
0.392000000000000237,-5.059722826392648365
0.393000000000000238,-4.904701202716016617
0.394000000000000239,-4.751684662866092701
0.395000000000000240,-4.600714408508858710
0.396000000000000241,-4.451829763232479920
0.397000000000000242,-4.305068162759983608
0.398000000000000242,-4.160465148299127058
0.399000000000000243,-4.018054362908147326
0.400000000000000244,-3.877867550755951243
0.401000000000000245,-3.739934559156350868
0.402000000000000246,-3.604283343255897165
0.403000000000000247,-3.470939973256051303
0.404000000000000248,-3.339928644051726625
0.405000000000000249,-3.211271687169169553
0.406000000000000250,-3.084989584887886771
0.407000000000000250,-2.961100986432879889
0.408000000000000251,-2.839622726125235364
0.409000000000000252,-2.720569843381200670
0.410000000000000253,-2.603955604451649641
0.411000000000000254,-2.489791525796384519
0.412000000000000255,-2.378087398989664258
0.413000000000000256,-2.268851317055940786
0.414000000000000257,-2.162089702136984481
0.415000000000000258,-2.057807334394355703
0.416000000000000258,-1.956007382053460031
0.417000000000000259,-1.856691432498167149
0.418000000000000260,-1.759859524327603397
0.419000000000000261,-1.665510180289217157
0.420000000000000262,-1.573640441005187185
0.421000000000000263,-1.484245899411611891
0.422000000000000264,-1.397320735832847438
0.423000000000000265,-1.312857753615840561
0.424000000000000266,-1.230848415252297379
0.425000000000000266,-1.151282878918814756
0.426000000000000267,-1.074150035368045319
0.427000000000000268,-0.999437545106504621
0.428000000000000269,-0.927131875797202687
0.429000000000000270,-0.857218339827914177
0.430000000000000271,-0.789681131988427376
0.431000000000000272,-0.724503367202573134
0.432000000000000273,-0.661667118263404630
0.433000000000000274,-0.601153453522220382
0.434000000000000274,-0.542942474484549797
0.435000000000000275,-0.487013353268581084
0.436000000000000276,-0.433344369883738534
0.437000000000000277,-0.381912949289374026
0.438000000000000278,-0.332695698195769107
0.439000000000000279,-0.285668441571704512
0.440000000000000280,-0.240806258824977804
0.441000000000000281,-0.198083519624220106
0.442000000000000282,-0.157473919332473983
0.443000000000000282,-0.118950514024655798
0.444000000000000283,-0.082485755063183216
0.445000000000000284,-0.048051523207634762
0.446000000000000285,-0.015619162236044693
0.447000000000000286,0.014840487942602782
0.448000000000000287,0.043357058703880860
0.449000000000000288,0.069960620668704634
0.450000000000000289,0.094681652225328761
0.451000000000000290,0.117551008626986114
0.452000000000000290,0.138599891678175074
0.453000000000000291,0.157859820021192171
0.454000000000000292,0.175362600033285965
0.455000000000000293,0.191140297343487114
0.456000000000000294,0.205225208976944795
0.457000000000000295,0.217649836133574942
0.458000000000000296,0.228446857606444897
0.459000000000000297,0.237649103844635279
0.460000000000000298,0.245289531663905491
0.461000000000000298,0.251401199607901638
0.462000000000000299,0.256017243961377261
0.463000000000000300,0.259170855416304913
0.464000000000000301,0.260895256390748731
0.465000000000000302,0.261223678999640385
0.466000000000000303,0.260189343675810481
0.467000000000000304,0.257825438439052701
0.468000000000000305,0.254165098810043122
0.469000000000000306,0.249241388365629923
0.470000000000000306,0.243087279931212180
0.471000000000000307,0.235735637405369264
0.472000000000000308,0.227219198211451673
0.473000000000000309,0.217570556370326657
0.474000000000000310,0.206822146187988387
0.475000000000000311,0.195006226551239420
0.476000000000000312,0.182154865824477846
0.477000000000000313,0.168299927339960576
0.478000000000000314,0.153473055473791531
0.479000000000000314,0.137705662299438203
0.480000000000000315,0.121028914810375768
0.481000000000000316,0.103473722703104537
0.482000000000000317,0.085070726711625910
0.483000000000000318,0.065850287484175832
0.484000000000000319,0.045842474992890826
0.485000000000000320,0.025077058466789003
0.486000000000000321,0.003583496838438532
0.487000000000000322,-0.018609070305552266
0.488000000000000322,-0.041471831280215546
0.489000000000000323,-0.064976310374043028
0.490000000000000324,-0.089094375447175106
0.491000000000000325,-0.113798245066111914
0.492000000000000326,-0.139060495185220206
0.493000000000000327,-0.164854065385301063
0.494000000000000328,-0.191152264679596257
0.495000000000000329,-0.217928776897490684
0.496000000000000330,-0.245157665656289436
0.497000000000000330,-0.272813378931318795
0.498000000000000331,-0.300870753234743382
0.499000000000000332,-0.329305017413162038
0.500000000000000333,-0.358091796074379631
0.501000000000000334,-0.387207112653392249
0.502000000000000335,-0.416627392127655927
0.503000000000000336,-0.446329463391691328
0.504000000000000337,-0.476290561300933057
0.505000000000000338,-0.506488328394640641
0.506000000000000338,-0.536900816307637530
0.507000000000000339,-0.567506486880511085
0.508000000000000340,-0.598284212977819307
0.509000000000000341,-0.629213279023660310
0.510000000000000342,-0.660273381264022796
0.511000000000000343,-0.691444627764976838
0.512000000000000344,-0.722707538155862417
0.513000000000000345,-0.754043043126304879
0.514000000000000346,-0.785432483685943206
0.515000000000000346,-0.816857610195437567
0.516000000000000347,-0.848300581177320878
0.517000000000000348,-0.879743961915061545
0.518000000000000349,-0.911170722848551384
0.519000000000000350,-0.942564237774060176
0.520000000000000351,-0.973908281856723290
0.521000000000000352,-1.005187029463149306
0.522000000000000353,-1.036385051821936631
0.523000000000000353,-1.067487314519529829
0.524000000000000354,-1.098479174838682626
0.525000000000000355,-1.129346378946835427
0.526000000000000356,-1.160075058941270942
0.527000000000000357,-1.190651729758022359
0.528000000000000358,-1.221063285951276445
0.529000000000000359,-1.251296998349654244
0.530000000000000360,-1.281340510596021609
0.531000000000000361,-1.311181835576882282
0.532000000000000361,-1.340809351747594080
0.533000000000000362,-1.370211799359272620
0.534000000000000363,-1.399378276593252979
0.535000000000000364,-1.428298235608718825
0.536000000000000365,-1.456961478509038788
0.537000000000000366,-1.485358153232154255
0.538000000000000367,-1.513478749370252618
0.539000000000000368,-1.541314093923778161
0.540000000000000369,-1.568855346994749045
0.541000000000000369,-1.596093997424117283
0.542000000000000370,-1.623021858377905247
0.543000000000000371,-1.649631062886543820
0.544000000000000372,-1.675914059341885975
0.545000000000000373,-1.701863606956055097
0.546000000000000374,-1.727472771186340239
0.547000000000000375,-1.752734919130035207
0.548000000000000376,-1.777643714893167637
0.549000000000000377,-1.802193114936778695
0.550000000000000377,-1.826377363404420695
0.551000000000000378,-1.850190987434354728
0.552000000000000379,-1.873628792459784309
0.553000000000000380,-1.896685857500441497
0.554000000000000381,-1.919357530448617677
0.555000000000000382,-1.941639423352692351
0.556000000000000383,-1.963527407701076255
0.557000000000000384,-1.985017609709357256
0.558000000000000385,-2.006106405613399701
0.559000000000000385,-2.026790416970960074
0.560000000000000386,-2.047066505974305173
0.561000000000000387,-2.066931770776284427
0.562000000000000388,-2.086383540832116523
0.563000000000000389,-2.105419372259108801
0.564000000000000390,-2.124037043216411735
0.565000000000000391,-2.142234549306861080
0.566000000000000392,-2.160010099002818151
0.567000000000000393,-2.177362109097840559
0.568000000000000393,-2.194289200185976618
0.569000000000000394,-2.210790192170369206
0.570000000000000395,-2.226864099802714048
0.571000000000000396,-2.242510128255148949
0.572000000000000397,-2.257727668726003500
0.573000000000000398,-2.272516294080763277
0.574000000000000399,-2.286875754529549276
0.575000000000000400,-2.300805973342373356
0.576000000000000401,-2.314307042603266584
0.577000000000000401,-2.327379219004424904
0.578000000000000402,-2.340022919681382874
0.579000000000000403,-2.352238718090164049
0.580000000000000404,-2.364027339927316174
0.581000000000000405,-2.375389659093707806
0.582000000000000406,-2.386326693702798707
0.583000000000000407,-2.396839602134194003
0.584000000000000408,-2.406929679133102518
0.585000000000000409,-2.416598351956331658
0.586000000000000409,-2.425847176565409491
0.587000000000000410,-2.434677833867336272
0.588000000000000411,-2.443092126003439724
0.589000000000000412,-2.451091972686778142
0.590000000000000413,-2.458679407588453714
0.591000000000000414,-2.465856574773189092
0.592000000000000415,-2.472625725184459444
0.593000000000000416,-2.478989213179436657
0.594000000000000417,-2.484949493113988161
0.595000000000000417,-2.490509115977847632
0.596000000000000418,-2.495670726080188029
0.597000000000000419,-2.500437057785648065
0.598000000000000420,-2.504810932300893800
0.599000000000000421,-2.508795254511790418
0.600000000000000422,-2.512393009871166427
0.601000000000000423,-2.515607261337160061
0.602000000000000424,-2.518441146362109695
0.603000000000000425,-2.520897873931935429
0.604000000000000425,-2.522980721655838643
0.605000000000000426,-2.524693032906291101
0.606000000000000427,-2.526038214009095562
0.607000000000000428,-2.527019731483362452
0.608000000000000429,-2.527641109331230318
0.609000000000000430,-2.527905926377070678
0.610000000000000431,-2.527817813655996559
0.611000000000000432,-2.527380451851351406
0.612000000000000433,-2.526597568780961645
0.613000000000000433,-2.525472936931846046
0.614000000000000434,-2.524010371043043044
0.615000000000000435,-2.522213725736253576
0.616000000000000436,-2.520086893193994815
0.617000000000000437,-2.517633800884829576
0.618000000000000438,-2.514858409335371192
0.619000000000000439,-2.511764709948668628
0.620000000000000440,-2.508356722868550381
0.621000000000000441,-2.504638494889554146
0.622000000000000441,-2.500614097412028336
0.623000000000000442,-2.496287624441939190
0.624000000000000443,-2.491663190635012182
0.625000000000000444,-2.486744929384717473
0.626000000000000445,-2.481536990953645994
0.627000000000000446,-2.476043540647856922
0.628000000000000447,-2.470268757033708074
0.629000000000000448,-2.464216830196677144
0.630000000000000449,-2.457891960041717283
0.631000000000000449,-2.451298354634674936
0.632000000000000450,-2.444440228584246810
0.633000000000000451,-2.437321801464018556
0.634000000000000452,-2.429947296274069135
0.635000000000000453,-2.422320937941610630
0.636000000000000454,-2.414446951860244273
0.637000000000000455,-2.406329562467222072
0.638000000000000456,-2.397972991858288161
0.639000000000000457,-2.389381458439530981
0.640000000000000457,-2.380559175615781786
0.641000000000000458,-2.371510350514992815
0.642000000000000459,-2.362239182748135047
0.643000000000000460,-2.352749863204055103
0.644000000000000461,-2.343046572878808131
0.645000000000000462,-2.333133481738925319
0.646000000000000463,-2.323014747618111997
0.647000000000000464,-2.312694515146867413
0.648000000000000465,-2.302176914714507916
0.649000000000000465,-2.291466061463068193
0.650000000000000466,-2.280566054312591184
0.651000000000000467,-2.269480975017279967
0.652000000000000468,-2.258214887252015579
0.653000000000000469,-2.246771835728702094
0.654000000000000470,-2.235155845342015724
0.655000000000000471,-2.223370920343939794
0.656000000000000472,-2.211421043546698328
0.657000000000000473,-2.199310175553516267
0.658000000000000473,-2.187042254016748455
0.659000000000000474,-2.174621192922892909
0.660000000000000475,-2.162050881903969657
0.661000000000000476,-2.149335185574810847
0.662000000000000477,-2.136477942895782078
0.663000000000000478,-2.123482966560438445
0.664000000000000479,-2.110354042407660113
0.665000000000000480,-2.097094928857795804
0.666000000000000481,-2.083709356372367871
0.667000000000000481,-2.070201026936817179
0.668000000000000482,-2.056573613565918723
0.669000000000000483,-2.042830759831367526
0.670000000000000484,-2.028976079411075162
0.671000000000000485,-2.015013155659770572
0.672000000000000486,-2.000945541200439326
0.673000000000000487,-1.986776757536212745
0.674000000000000488,-1.972510294682194854
0.675000000000000488,-1.958149610816888542
0.676000000000000489,-1.943698131952772190
0.677000000000000490,-1.929159251625574445
0.678000000000000491,-1.914536330601909864
0.679000000000000492,-1.899832696604817794
0.680000000000000493,-1.885051644056798592
0.681000000000000494,-1.870196433840016326
0.682000000000000495,-1.855270293073192578
0.683000000000000496,-1.840276414904890245
0.684000000000000496,-1.825217958322726375
0.685000000000000497,-1.810098047978230040
0.686000000000000498,-1.794919774026875858
0.687000000000000499,-1.779686191983020027
0.688000000000000500,-1.764400322589314118
0.689000000000000501,-1.749065151700274878
0.690000000000000502,-1.733683630179671864
0.691000000000000503,-1.718258673811330128
0.692000000000000504,-1.702793163223085271
0.693000000000000504,-1.687289943823515159
0.694000000000000505,-1.671751825751095710
0.695000000000000506,-1.656181583835532267
0.696000000000000507,-1.640581957570852678
0.697000000000000508,-1.624955651100027820
0.698000000000000509,-1.609305333210778954
0.699000000000000510,-1.593633637342234621
0.700000000000000511,-1.577943161602219924
0.701000000000000512,-1.562236468794778066
0.702000000000000512,-1.546516086457742745
0.703000000000000513,-1.530784506909989684
0.704000000000000514,-1.515044187308133727
0.705000000000000515,-1.499297549712383493
0.706000000000000516,-1.483546981161290024
0.707000000000000517,-1.467794833755095230
0.708000000000000518,-1.452043424747469391
0.709000000000000519,-1.436295036645342194
0.710000000000000520,-1.420551917316564827
0.711000000000000520,-1.404816280105215309
0.712000000000000521,-1.389090303954227945
0.713000000000000522,-1.373376133535166188
0.714000000000000523,-1.357675879384886652
0.715000000000000524,-1.341991618048837154
0.716000000000000525,-1.326325392230824463
0.717000000000000526,-1.310679210948953344
0.718000000000000527,-1.295055049697600547
0.719000000000000528,-1.279454850615130423
0.720000000000000528,-1.263880522657233163
0.721000000000000529,-1.248333941775564337
0.722000000000000530,-1.232816951101627811
0.723000000000000531,-1.217331361135575163
0.724000000000000532,-1.201878949939805485
0.725000000000000533,-1.186461463337161959
0.726000000000000534,-1.171080615113518686
0.727000000000000535,-1.155738087224602140
0.728000000000000536,-1.140435530006858267
0.729000000000000536,-1.125174562392192268
0.730000000000000537,-1.109956772126428737
0.731000000000000538,-1.094783715991272111
0.732000000000000539,-1.079656920029695932
0.733000000000000540,-1.064577879774496250
0.734000000000000541,-1.049548060479951861
0.735000000000000542,-1.034568897356353157
0.736000000000000543,-1.019641795807339379
0.737000000000000544,-1.004768131669789621
0.738000000000000544,-0.989949251456261115
0.739000000000000545,-0.975186472599682830
0.740000000000000546,-0.960481083700319038
0.741000000000000547,-0.945834344774744595
0.742000000000000548,-0.931247487506803084
0.743000000000000549,-0.916721715500341316
0.744000000000000550,-0.902258204533633035
0.745000000000000551,-0.887858102815402894
0.746000000000000552,-0.873522531242254763
0.747000000000000552,-0.859252583657479363
0.748000000000000553,-0.845049327111051518
0.749000000000000554,-0.830913802120745837
0.750000000000000555,-0.816847022934293454
0.751000000000000556,-0.802849977792395864
0.752000000000000557,-0.788923629192579856
0.753000000000000558,-0.775068914153737021
0.754000000000000559,-0.761286744481287636
0.755000000000000560,-0.747578007032849268
0.756000000000000560,-0.733943563984344793
0.757000000000000561,-0.720384253096432836
0.758000000000000562,-0.706900887981193882
0.759000000000000563,-0.693494258369002692
0.760000000000000564,-0.680165130375464333
0.761000000000000565,-0.666914246768372743
0.762000000000000566,-0.653742327234585807
0.763000000000000567,-0.640650068646790527
0.764000000000000568,-0.627638145330005393
0.765000000000000568,-0.614707209327838511
0.766000000000000569,-0.601857890668368145
0.767000000000000570,-0.589090797629614804
0.768000000000000571,-0.576406517004515395
0.769000000000000572,-0.563805614365367025
0.770000000000000573,-0.551288634327656846
0.771000000000000574,-0.538856100813221994
0.772000000000000575,-0.526508517312696211
0.773000000000000576,-0.514246367147162542
0.774000000000000576,-0.502070113729000456
0.775000000000000577,-0.489980200821841794
0.776000000000000578,-0.477977052799567648
0.777000000000000579,-0.466061074904389361
0.778000000000000580,-0.454232653503835793
0.779000000000000581,-0.442492156346718957
0.780000000000000582,-0.430839932817951243
0.781000000000000583,-0.419276314192251642
0.782000000000000584,-0.407801613886605518
0.783000000000000584,-0.396416127711528177
0.784000000000000585,-0.385120134121051727
0.785000000000000586,-0.373913894461383567
0.786000000000000587,-0.362797653218254301
0.787000000000000588,-0.351771638262878494
0.788000000000000589,-0.340836061096490117
0.789000000000000590,-0.329991117093488218
0.790000000000000591,-0.319236985743060697
0.791000000000000592,-0.308573830889375289
0.792000000000000592,-0.298001800970188746
0.793000000000000593,-0.287521029253966276
0.794000000000000594,-0.277131634075390210
0.795000000000000595,-0.266833719069301756
0.796000000000000596,-0.256627373403003234
0.797000000000000597,-0.246512672006960726
0.798000000000000598,-0.236489675803806948
0.799000000000000599,-0.226558431935697913
0.800000000000000600,-0.216718973989975028
0.801000000000000600,-0.206971322223095278
0.802000000000000601,-0.197315483782865536
0.803000000000000602,-0.187751452928908547
0.804000000000000603,-0.178279211251393788
0.805000000000000604,-0.168898727887984629
0.806000000000000605,-0.159609959739007684
0.807000000000000606,-0.150412851680848281
0.808000000000000607,-0.141307336777499570
0.809000000000000608,-0.132293336490343416
0.810000000000000608,-0.123370760886091863
0.811000000000000609,-0.114539508842880694
0.812000000000000610,-0.105799468254547627
0.813000000000000611,-0.097150516233054124
0.814000000000000612,-0.088592519309051806
0.815000000000000613,-0.080125333630614554
0.816000000000000614,-0.071748805160061407
0.817000000000000615,-0.063462769868966901
0.818000000000000616,-0.055267053931266817
0.819000000000000616,-0.047161473914496287
0.820000000000000617,-0.039145836969160498
0.821000000000000618,-0.031219941016218444
0.822000000000000619,-0.023383574932703533
0.823000000000000620,-0.015636518735450716
0.824000000000000621,-0.007978543762945156
0.825000000000000622,-0.000409412855297442
0.826000000000000623,0.007071119467659426
0.827000000000000624,0.014463306830151772
0.828000000000000624,0.021767410826114709
0.829000000000000625,0.028983700846736887
0.830000000000000626,0.036112453909840470
0.831000000000000627,0.043153954491156485
0.832000000000000628,0.050108494357441490
0.833000000000000629,0.056976372401475947
0.834000000000000630,0.063757894478895627
0.835000000000000631,0.070453373246879059
0.836000000000000631,0.077063128004688911
0.837000000000000632,0.083587484536033346
0.838000000000000633,0.090026774953291228
0.839000000000000634,0.096381337543518492
0.840000000000000635,0.102651516616315067
0.841000000000000636,0.108837662353497344
0.842000000000000637,0.114940130660547715
0.843000000000000638,0.120959283019907507
0.844000000000000639,0.126895486346019604
0.845000000000000639,0.132749112842187100
0.846000000000000640,0.138520539859186526
0.847000000000000641,0.144210149755652106
0.848000000000000642,0.149818329760213365
0.849000000000000643,0.155345471835407312
0.850000000000000644,0.160791972543272682
0.851000000000000645,0.166158232912752724
0.852000000000000646,0.171444658308743003
0.853000000000000647,0.176651658302899250
0.854000000000000647,0.181779646546123719
0.855000000000000648,0.186829040642755573
0.856000000000000649,0.191800262026419754
0.857000000000000650,0.196693735837568051
0.858000000000000651,0.201509890802674618
0.859000000000000652,0.206249159115062586
0.860000000000000653,0.210911976317391975
0.861000000000000654,0.215498781185759020
0.862000000000000655,0.220010015615402649
0.863000000000000655,0.224446124508045047
0.864000000000000656,0.228807555660790640
0.865000000000000657,0.233094759656618938
0.866000000000000658,0.237308189756460453
0.867000000000000659,0.241448301792798636
0.868000000000000660,0.245515554064848374
0.869000000000000661,0.249510407235250253
0.870000000000000662,0.253433324228289791
0.871000000000000663,0.257284770129625584
0.872000000000000663,0.261065212087516929
0.873000000000000664,0.264775119215538812
0.874000000000000665,0.268414962496759613
0.875000000000000666,0.271985214689393295
0.876000000000000667,0.275486350233888178
0.877000000000000668,0.278918845161454043
0.878000000000000669,0.282283177004017505
0.879000000000000670,0.285579824705589291
0.880000000000000671,0.288809268535011043
0.881000000000000671,0.291971990000119752
0.882000000000000672,0.295068471763256235
0.883000000000000673,0.298099197558151341
0.884000000000000674,0.301064652108154918
0.885000000000000675,0.303965321045799097
0.886000000000000676,0.306801690833689022
0.887000000000000677,0.309574248686692699
0.888000000000000678,0.312283482495456011
0.889000000000000679,0.314929880751161517
0.890000000000000679,0.317513932471602423
0.891000000000000680,0.320036127128478842
0.892000000000000681,0.322496954575972328
0.893000000000000682,0.324896904980539303
0.894000000000000683,0.327236468751932907
0.895000000000000684,0.329516136475424104
0.896000000000000685,0.331736398845238312
0.897000000000000686,0.333897746599168044
0.898000000000000687,0.336000670454337291
0.899000000000000687,0.338045661044180934
0.900000000000000688,0.340033208856510338
0.901000000000000689,0.341963804172757180
0.902000000000000690,0.343837937008318995
0.903000000000000691,0.345656097054020506
0.904000000000000692,0.347418773618686838
0.905000000000000693,0.349126455572783212
0.906000000000000694,0.350779631293144489
0.907000000000000695,0.352378788608764815
0.908000000000000695,0.353924414747624372
0.909000000000000696,0.355416996284582398
0.910000000000000697,0.356857019090268346
0.911000000000000698,0.358244968281009657
0.912000000000000699,0.359581328169751913
0.913000000000000700,0.360866582217962972
0.914000000000000701,0.362101212988550858
0.915000000000000702,0.363285702099704344
0.916000000000000703,0.364420530179724922
0.917000000000000703,0.365506176822784246
0.918000000000000704,0.366543120545637258
0.919000000000000705,0.367531838745230544
0.920000000000000706,0.368472807657242440
0.921000000000000707,0.369366502315515877
0.922000000000000708,0.370213396512391046
0.923000000000000709,0.371013962759889460
0.924000000000000710,0.371768672251802323
0.925000000000000711,0.372477994826599990
0.926000000000000711,0.373142398931216590
0.927000000000000712,0.373762351585644637
0.928000000000000713,0.374338318348370502
0.929000000000000714,0.374870763282614927
0.930000000000000715,0.375360148923385595
0.931000000000000716,0.375806936245310919
0.932000000000000717,0.376211584631247986
0.933000000000000718,0.376574551841706018
0.934000000000000719,0.376896293984969433
0.935000000000000719,0.377177265488020663
0.936000000000000720,0.377417919068178731
0.937000000000000721,0.377618705705483004
0.938000000000000722,0.377780074615786721
0.939000000000000723,0.377902473224574820
0.940000000000000724,0.377986347141469392
0.941000000000000725,0.378032140135441119
0.942000000000000726,0.378040294110693065
0.943000000000000727,0.378011249083222034
0.944000000000000727,0.377945443158045125
0.945000000000000728,0.377843312507071372
0.946000000000000729,0.377705291347636696
0.947000000000000730,0.377531811921653582
0.948000000000000731,0.377323304475402632
0.949000000000000732,0.377080197239930803
0.950000000000000733,0.376802916412075972
0.951000000000000734,0.376491886136060550
0.952000000000000735,0.376147528485715033
0.953000000000000735,0.375770263447251396
0.954000000000000736,0.375360508902627621
0.955000000000000737,0.374918680613474720
0.956000000000000738,0.374445192205573874
0.957000000000000739,0.373940455153885798
0.958000000000000740,0.373404878768136606
0.959000000000000741,0.372838870178896442
0.960000000000000742,0.372242834324224003
0.961000000000000743,0.371617173936805933
0.962000000000000743,0.370962289531599321
0.963000000000000744,0.370278579393990726
0.964000000000000745,0.369566439568431049
0.965000000000000746,0.368826263847564229
0.966000000000000747,0.368058443761832943
0.967000000000000748,0.367263368569548276
0.968000000000000749,0.366441425247422126
0.969000000000000750,0.365592998481560016
0.970000000000000751,0.364718470658888516
0.971000000000000751,0.363818221859036062
0.972000000000000752,0.362892629846643333
0.973000000000000753,0.361942070064078636
0.974000000000000754,0.360966915624611362
0.975000000000000755,0.359967537305953766
0.976000000000000756,0.358944303544240784
0.977000000000000757,0.357897580428383211
0.978000000000000758,0.356827731694837946
0.979000000000000759,0.355735118722726285
0.980000000000000759,0.354620100529365434
0.981000000000000760,0.353483033766160859
0.982000000000000761,0.352324272714839626
0.983000000000000762,0.351144169284075380
0.984000000000000763,0.349943073006456218
0.985000000000000764,0.348721331035775017
0.986000000000000765,0.347479288144698417
0.987000000000000766,0.346217286722739159
0.988000000000000766,0.344935666774567051
0.989000000000000767,0.343634765918636176
0.990000000000000768,0.342314919386147554
0.991000000000000769,0.340976460020292915
0.992000000000000770,0.339619718275821714
0.993000000000000771,0.338245022218904234
0.994000000000000772,0.336852697527282530
0.995000000000000773,0.335443067490711788
0.996000000000000774,0.334016453011689862
0.997000000000000774,0.332573172606451806
0.998000000000000775,0.331113542406249295
0.999000000000000776,0.329637876158877463
1.000000000000000666,0.328146485230488116
1.001000000000000778,0.326639678607635930
1.002000000000000668,0.325117762899588658
1.003000000000000780,0.323581042340883251
1.004000000000000670,0.322029818794108080
1.005000000000000782,0.320464391752941113
1.006000000000000671,0.318885058345410421
1.007000000000000783,0.317292113337378057
1.008000000000000673,0.315685849136251584
1.009000000000000785,0.314066555794907110
1.010000000000000675,0.312434521015836353
1.011000000000000787,0.310790030155483621
1.012000000000000677,0.309133366228801054
1.013000000000000789,0.307464809914003934
1.014000000000000679,0.305784639557507787
1.015000000000000790,0.304093131179071940
1.016000000000000680,0.302390558477113880
1.017000000000000792,0.300677192834229334
1.018000000000000682,0.298953303322853026
1.019000000000000794,0.297219156711140797
1.020000000000000684,0.295475017468981860
1.021000000000000796,0.293721147774196223
1.022000000000000686,0.291957807518898549
1.023000000000000798,0.290185254316001173
1.024000000000000687,0.288403743505903587
1.025000000000000799,0.286613528163288001
1.026000000000000689,0.284814859104120188
1.027000000000000801,0.283007984892732156
1.028000000000000691,0.281193151849097100
1.029000000000000803,0.279370604056206007
1.030000000000000693,0.277540583367604232
1.031000000000000805,0.275703329415032061
1.032000000000000695,0.273859079616218193
1.033000000000000806,0.272008069182769430
1.034000000000000696,0.270150531128201254
1.035000000000000808,0.268286696276085701
1.036000000000000698,0.266416793268289320
1.037000000000000810,0.264541048573345816
1.038000000000000700,0.262659686494934985
1.039000000000000812,0.260772929180443924
1.040000000000000702,0.258880996629656690
1.041000000000000814,0.256984106703518900
1.042000000000000703,0.255082475133028397
1.043000000000000815,0.253176315528176654
1.044000000000000705,0.251265839387019685
1.045000000000000817,0.249351256104810071
1.046000000000000707,0.247432772983226051
1.047000000000000819,0.245510595239673168
1.048000000000000709,0.243584926016692682
1.049000000000000821,0.241655966391384730
1.050000000000000711,0.239723915384986663
1.051000000000000822,0.237788969972448971
1.052000000000000712,0.235851325092130415
1.053000000000000824,0.233911173655538096
1.054000000000000714,0.231968706557127285
1.055000000000000826,0.230024112684182602
1.056000000000000716,0.228077578926732250
1.057000000000000828,0.226129290187545878
1.058000000000000718,0.224179429392167506
1.059000000000000830,0.222228177499012469
1.060000000000000719,0.220275713509501120
1.061000000000000831,0.218322214478270687
1.062000000000000721,0.216367855523387526
1.063000000000000833,0.214412809836641738
1.064000000000000723,0.212457248693876055
1.065000000000000835,0.210501341465338637
1.066000000000000725,0.208545255626085890
1.067000000000000837,0.206589156766429888
1.068000000000000727,0.204633208602396033
1.069000000000000838,0.202677572986240978
1.070000000000000728,0.200722409916978151
1.071000000000000840,0.198767877550943245
1.072000000000000730,0.196814132212385751
1.073000000000000842,0.194861328404083378
1.074000000000000732,0.192909618817981132
1.075000000000000844,0.190959154345849702
1.076000000000000734,0.189010084089972552
1.077000000000000846,0.187062555373836564
1.078000000000000735,0.185116713752851658
1.079000000000000847,0.183172703025083372
1.080000000000000737,0.181230665241991884
1.081000000000000849,0.179290740719203090
1.082000000000000739,0.177353068047255619
1.083000000000000851,0.175417784102396335
1.084000000000000741,0.173485024057353859
1.085000000000000853,0.171554921392137044
1.086000000000000743,0.169627607904825561
1.087000000000000854,0.167703213722376038
1.088000000000000744,0.165781867311415365
1.089000000000000856,0.163863695489059796
1.090000000000000746,0.161948823433699679
1.091000000000000858,0.160037374695813112
1.092000000000000748,0.158129471208765221
1.093000000000000860,0.156225233299599836
1.094000000000000750,0.154324779699825859
1.095000000000000862,0.152428227556214546
1.096000000000000751,0.150535692441561120
1.097000000000000863,0.148647288365462898
1.098000000000000753,0.146763127785075748
1.099000000000000865,0.144883321615853072
1.100000000000000755,0.143007979242304767
1.101000000000000867,0.141137208528692659
1.102000000000000757,0.139271115829763065
1.103000000000000869,0.137409806001426354
1.104000000000000759,0.135553382411450041
1.105000000000000870,0.133701946950108425
1.106000000000000760,0.131855600040843929
1.107000000000000872,0.130014440650876528
1.108000000000000762,0.128178566301822394
1.109000000000000874,0.126348073080282786
1.110000000000000764,0.124523055648403463
1.111000000000000876,0.122703607254425376
1.112000000000000766,0.120889819743205534
1.113000000000000878,0.119081783566715421
1.114000000000000767,0.117279587794513057
1.115000000000000879,0.115483320124195196
1.116000000000000769,0.113693066891826927
1.117000000000000881,0.111908913082327935
1.118000000000000771,0.110130942339850144
1.119000000000000883,0.108359236978121484
1.120000000000000773,0.106593877990752067
1.121000000000000885,0.104834945061534388
1.122000000000000774,0.103082516574682745
1.123000000000000886,0.101336669625066753
1.124000000000000776,0.099597480028404559
1.125000000000000888,0.097865022331427159
1.126000000000000778,0.096139369822003551
1.127000000000000890,0.094420594539242092
1.128000000000000780,0.092708767283557855
1.129000000000000892,0.091003957626695400
1.130000000000000782,0.089306233921738712
1.131000000000000894,0.087615663313052969
1.132000000000000783,0.085932311746235779
1.133000000000000895,0.084256243977983786
1.134000000000000785,0.082587523585966452
1.135000000000000897,0.080926212978630618
1.136000000000000787,0.079272373404989493
1.137000000000000899,0.077626064964360322
1.138000000000000789,0.075987346616082002
1.139000000000000901,0.074356276189157258
1.140000000000000790,0.072732910391905853
1.141000000000000902,0.071117304821548558
1.142000000000000792,0.069509513973748174
1.143000000000000904,0.067909591252117402
1.144000000000000794,0.066317588977706621
1.145000000000000906,0.064733558398418795
1.146000000000000796,0.063157549698398888
1.147000000000000908,0.061589612007386760
1.148000000000000798,0.060029793410020182
1.149000000000000909,0.058478140955099310
1.150000000000000799,0.056934700664809303
1.151000000000000689,0.055399517543902453
1.152000000000000801,0.053872635588830139
1.153000000000000913,0.052354097796848041
1.154000000000000803,0.050843946175059163
1.155000000000000693,0.049342221749425944
1.156000000000000805,0.047848964573733291
1.157000000000000917,0.046364213738517290
1.158000000000000806,0.044888007379937020
1.159000000000000696,0.043420382688610162
1.160000000000000808,0.041961375918402141
1.161000000000000920,0.040511022395174304
1.162000000000000810,0.039069356525480339
1.163000000000000700,0.037636411805233361
1.164000000000000812,0.036212220828295491
1.165000000000000924,0.034796815295070359
1.166000000000000814,0.033390226021010938
1.167000000000000703,0.031992482945089398
1.168000000000000815,0.030603615138243657
1.169000000000000927,0.029223650811752377
1.170000000000000817,0.027852617325572794
1.171000000000000707,0.026490541196645723
1.172000000000000819,0.025137448107133097
1.173000000000000931,0.023793362912622872
1.174000000000000821,0.022458309650295202
1.175000000000000711,0.021132311547015545
1.176000000000000822,0.019815391027415162
1.177000000000000934,0.018507569721898400
1.178000000000000824,0.017208868474627062
1.179000000000000714,0.015919307351435423
1.180000000000000826,0.014638905647711618
1.181000000000000938,0.013367681896237073
1.182000000000000828,0.012105653874969407
1.183000000000000718,0.010852838614788096
1.184000000000000830,0.009609252407181227
1.185000000000000941,0.008374910811904687
1.186000000000000831,0.007149828664570387
1.187000000000000721,0.005934020084217196
1.188000000000000833,0.004727498480808681
1.189000000000000945,0.003530276562703530
1.190000000000000835,0.002342366344065663
1.191000000000000725,0.001163779152249028
1.192000000000000837,-0.000005474364905171
1.193000000000000949,-0.001165384231755279
1.194000000000000838,-0.002315941137658438
1.195000000000000728,-0.003457136429764902
1.196000000000000840,-0.004588962105885414
1.197000000000000952,-0.005711410807401542
1.198000000000000842,-0.006824475812206611
1.199000000000000732,-0.007928151027719186
1.200000000000000844,-0.009022430983907353
1.201000000000000956,-0.010107310826402961
1.202000000000000846,-0.011182786309611449
1.203000000000000735,-0.012248853789917042
1.204000000000000847,-0.013305510218890820
1.205000000000000959,-0.014352753136573571
1.206000000000000849,-0.015390580664788883
1.207000000000000739,-0.016418991500510557
1.208000000000000851,-0.017437984909263786
1.209000000000000963,-0.018447560718589669
1.210000000000000853,-0.019447719311529759
1.211000000000000743,-0.020438461620184027
1.212000000000000854,-0.021419789119284154
1.213000000000000966,-0.022391703819842242
1.214000000000000856,-0.023354208262815625
1.215000000000000746,-0.024307305512833076
1.216000000000000858,-0.025250999151970176
1.217000000000000970,-0.026185293273542309
1.218000000000000860,-0.027110192475972961
1.219000000000000750,-0.028025701856694764
1.220000000000000862,-0.028931827006080636
1.221000000000000973,-0.029828574001438634
1.222000000000000863,-0.030715949401041942
1.223000000000000753,-0.031593960238200283
1.224000000000000865,-0.032462614015376569
1.225000000000000977,-0.033321918698353478
1.226000000000000867,-0.034171882710429355
1.227000000000000757,-0.035012514926672102
1.228000000000000869,-0.035843824668195134
1.229000000000000981,-0.036665821696510906
1.230000000000000870,-0.037478516207885226
1.231000000000000760,-0.038281918827766270
1.232000000000000872,-0.039076040605239545
1.233000000000000984,-0.039860893007523254
1.234000000000000874,-0.040636487914531151
1.235000000000000764,-0.041402837613428632
1.236000000000000876,-0.042159954793285770
1.237000000000000988,-0.042907852539726753
1.238000000000000878,-0.043646544329648942
1.239000000000000767,-0.044376044025972380
1.240000000000000879,-0.045096365872428490
1.241000000000000991,-0.045807524488388852
1.242000000000000881,-0.046509534863745906
1.243000000000000771,-0.047202412353824053
1.244000000000000883,-0.047886172674322623
1.245000000000000995,-0.048560831896321890
1.246000000000000885,-0.049226406441315020
1.247000000000000774,-0.049882913076276493
1.248000000000000886,-0.050530368908773791
1.249000000000000998,-0.051168791382125565
1.250000000000000888,-0.051798198270591109
1.251000000000000778,-0.052418607674594817
1.252000000000000890,-0.053030038016005553
1.253000000000001002,-0.053632508033433016
1.254000000000000892,-0.054226036777586008
1.255000000000000782,-0.054810643606647190
1.256000000000000894,-0.055386348181706957
1.257000000000001005,-0.055953170462211765
1.258000000000000895,-0.056511130701474364
1.259000000000000785,-0.057060249442198584
1.260000000000000897,-0.057600547512067155
1.261000000000001009,-0.058132046019339759
1.262000000000000899,-0.058654766348507470
1.263000000000000789,-0.059168730155975326
1.264000000000000901,-0.059673959365791139
1.265000000000001013,-0.060170476165392076
1.266000000000000902,-0.060658303001402361
1.267000000000000792,-0.061137462575474144
1.268000000000000904,-0.061607977840137641
1.269000000000001016,-0.062069871994716988
1.270000000000000906,-0.062523168481258440
1.271000000000000796,-0.062967890980511476
1.272000000000000908,-0.063404063407927660
1.273000000000001020,-0.063831709909714249
1.274000000000000909,-0.064250854858902945
1.275000000000000799,-0.064661522851465869
1.276000000000000911,-0.065063738702469051
1.277000000000001023,-0.065457527442240135
1.278000000000000913,-0.065842914312597867
1.279000000000000803,-0.066219924763088037
1.280000000000000915,-0.066588584447280358
1.281000000000001027,-0.066948919219067052
1.282000000000000917,-0.067300955129030476
1.283000000000000806,-0.067644718420812308
1.284000000000000918,-0.067980235527533961
1.285000000000001030,-0.068307533068245080
1.286000000000000920,-0.068626637844406715
1.287000000000000810,-0.068937576836392511
1.288000000000000922,-0.069240377200051079
1.289000000000001034,-0.069535066263266818
1.290000000000000924,-0.069821671522576373
1.291000000000000814,-0.070100220639812638
1.292000000000000925,-0.070370741438762860
1.293000000000001037,-0.070633261901887151
1.294000000000000927,-0.070887810167038656
1.295000000000000817,-0.071134414524241102
1.296000000000000929,-0.071373103412469829
1.297000000000001041,-0.071603905416481747
1.298000000000000931,-0.071826849263682838
1.299000000000000821,-0.072041963820997160
1.300000000000000933,-0.072249278091787897
1.301000000000001044,-0.072448821212808406
1.302000000000000934,-0.072640622451167883
1.303000000000000824,-0.072824711201341458
1.304000000000000936,-0.073001116982196454
1.305000000000001048,-0.073169869434065671
1.306000000000000938,-0.073330998315828025
1.307000000000000828,-0.073484533502026730
1.308000000000000940,-0.073630504980021480
1.309000000000001052,-0.073768942847165564
1.310000000000000941,-0.073899877308009190
1.311000000000000831,-0.074023338671518363
1.312000000000000943,-0.074139357348345869
1.313000000000001055,-0.074247963848123238
1.314000000000000945,-0.074349188776761804
1.315000000000000835,-0.074443062833791249
1.316000000000000947,-0.074529616809740601
1.317000000000001059,-0.074608881583524161
1.318000000000000949,-0.074680888119859318
1.319000000000000838,-0.074745667466719720
1.320000000000000950,-0.074803250752809330
1.321000000000001062,-0.074853669185050736
1.322000000000000952,-0.074896954046120276
1.323000000000000842,-0.074933136691997637
1.324000000000000954,-0.074962248549538008
1.325000000000001066,-0.074984321114072286
1.326000000000000956,-0.074999385947041253
1.327000000000000846,-0.075007474673635249
1.328000000000000957,-0.075008618980479183
1.329000000000001069,-0.075002850613327093
1.330000000000000959,-0.074990201374795354
1.331000000000000849,-0.074970703122099275
1.332000000000000961,-0.074944387764835779
1.333000000000001073,-0.074911287262776100
1.334000000000000963,-0.074871433623689407
1.335000000000000853,-0.074824858901178765
1.336000000000000965,-0.074771595192563739
1.337000000000001076,-0.074711674636753655
1.338000000000000966,-0.074645129412173203
1.339000000000000856,-0.074571991734697793
1.340000000000000968,-0.074492293855602090
1.341000000000001080,-0.074406068059555644
1.342000000000000970,-0.074313346662619031
1.343000000000000860,-0.074214162010269064
1.344000000000000972,-0.074108546475451481
1.345000000000001084,-0.073996532456653538
1.346000000000000973,-0.073878152375981360
1.347000000000000863,-0.073753438677290728
1.348000000000000975,-0.073622423824307781
1.349000000000001087,-0.073485140298795187
1.350000000000000977,-0.073341620598720375
1.351000000000000867,-0.073191897236460177
1.352000000000000979,-0.073036002737014064
1.353000000000001091,-0.072873969636243513
1.354000000000000981,-0.072705830479140116
1.355000000000000870,-0.072531617818086008
1.356000000000000982,-0.072351364211174746
1.357000000000001094,-0.072165102220519334
1.358000000000000984,-0.071972864410588103
1.359000000000000874,-0.071774683346575580
1.360000000000000986,-0.071570591592771571
1.361000000000001098,-0.071360621710965022
1.362000000000000988,-0.071144806258848781
1.363000000000000878,-0.070923177788473263
1.364000000000000989,-0.070695768844692350
1.365000000000001101,-0.070462611963628310
1.366000000000000991,-0.070223739671180230
1.367000000000000881,-0.069979184481524181
1.368000000000000993,-0.069728978895644250
1.369000000000001105,-0.069473155399876960
1.370000000000000995,-0.069211746464481208
1.371000000000000885,-0.068944784542219362
1.372000000000000997,-0.068672302066953517
1.373000000000001108,-0.068394331452273305
1.374000000000000998,-0.068110905090108004
1.375000000000000888,-0.067822055349415489
1.376000000000001000,-0.067527814574817935
1.377000000000001112,-0.067228215085307907
1.378000000000001002,-0.066923289172943920
1.379000000000000892,-0.066613069101576453
1.380000000000001004,-0.066297587105575567
1.381000000000001116,-0.065976875388594744
1.382000000000001005,-0.065650966122332038
1.383000000000000895,-0.065319891445318232
1.384000000000001007,-0.064983683461724173
1.385000000000001119,-0.064642374240167319
1.386000000000001009,-0.064295995812555864
1.387000000000000899,-0.063944580172925508
1.388000000000001011,-0.063588159276322387
1.389000000000001123,-0.063226765037659532
1.390000000000001013,-0.062860429330632253
1.391000000000000902,-0.062489183986611685
1.392000000000001014,-0.062113060793584793
1.393000000000001126,-0.061732091495083942
1.394000000000001016,-0.061346307789144593
1.395000000000000906,-0.060955741327275562
1.396000000000001018,-0.060560423713437762
1.397000000000001130,-0.060160386503050320
1.398000000000001020,-0.059755661201998586
1.399000000000000909,-0.059346279265654667
1.400000000000001021,-0.058932272097926286
1.401000000000001133,-0.058513671050308490
1.402000000000001023,-0.058090507420949365
1.403000000000000913,-0.057662812453731116
1.404000000000001025,-0.057230617337364932
1.405000000000001137,-0.056793953204506434
1.406000000000001027,-0.056352851130859749
1.407000000000000917,-0.055907342134338567
1.408000000000001029,-0.055457457174182892
1.409000000000001140,-0.055003227150143816
1.410000000000001030,-0.054544682901647636
1.411000000000000920,-0.054081855206981208
1.412000000000001032,-0.053614774782484498
1.413000000000001144,-0.053143472281778757
1.414000000000001034,-0.052667978294973480
1.415000000000000924,-0.052188323347904186
1.416000000000001036,-0.051704537901387258
1.417000000000001148,-0.051216652350475747
1.418000000000001037,-0.050724697023728380
1.419000000000000927,-0.050228702182494048
1.420000000000001039,-0.049728698020204257
1.421000000000001151,-0.049224714661689026
1.422000000000001041,-0.048716782162483777
1.423000000000000931,-0.048204930508161811
1.424000000000001043,-0.047689189613673411
1.425000000000001155,-0.047169589322704764
1.426000000000001044,-0.046646159407030256
1.427000000000000934,-0.046118929565895452
1.428000000000001046,-0.045587929425392235
1.429000000000001158,-0.045053188537858557
1.430000000000001048,-0.044514736381284149
1.431000000000000938,-0.043972602358727540
1.432000000000001050,-0.043426815797740027
1.433000000000001162,-0.042877405949805658
1.434000000000001052,-0.042324401989780158
1.435000000000000941,-0.041767833015362479
1.436000000000001053,-0.041207728046549950
1.437000000000001165,-0.040644116025117034
1.438000000000001055,-0.040077025814112245
1.439000000000000945,-0.039506486197340526
1.440000000000001057,-0.038932525878881755
1.441000000000001169,-0.038355173482596212
1.442000000000001059,-0.037774457551655524
1.443000000000000949,-0.037190406548086793
1.444000000000001060,-0.036603048852297947
1.445000000000001172,-0.036012412762640014
1.446000000000001062,-0.035418526494978689
1.447000000000000952,-0.034821418182245670
1.448000000000001064,-0.034221115874037020
1.449000000000001176,-0.033617647536195790
1.450000000000001066,-0.033011041050406066
1.451000000000000956,-0.032401324213804324
1.452000000000001068,-0.031788524738593671
1.453000000000001180,-0.031172670251666208
1.454000000000001069,-0.030553788294237383
1.455000000000000959,-0.029931906321482800
1.456000000000001071,-0.029307051702184939
1.457000000000001183,-0.028679251718402920
1.458000000000001073,-0.028048533565118917
1.459000000000000963,-0.027414924349922726
1.460000000000001075,-0.026778451092691464
1.461000000000001187,-0.026139140725270071
1.462000000000001076,-0.025497020091182342
1.463000000000000966,-0.024852115945316139
1.464000000000001078,-0.024204454953647630
1.465000000000001190,-0.023554063692965387
1.466000000000001080,-0.022900968650570945
1.467000000000000970,-0.022245196224044344
1.468000000000001082,-0.021586772720965673
1.469000000000001194,-0.020925724358667241
1.470000000000001084,-0.020262077263990201
1.471000000000000973,-0.019595857473044147
1.472000000000001085,-0.018927090930983569
1.473000000000001197,-0.018255803491776728
1.474000000000001087,-0.017582020917988196
1.475000000000000977,-0.016905768880572110
1.476000000000001089,-0.016227072958672789
1.477000000000001201,-0.015545958639417818
1.478000000000001091,-0.014862451317732015
1.479000000000000981,-0.014176576296158894
1.480000000000001092,-0.013488358784669946
1.481000000000001204,-0.012797823900512257
1.482000000000001094,-0.012104996668022477
1.483000000000000984,-0.011409902018485267
1.484000000000001096,-0.010712564789974987
1.485000000000001208,-0.010013009727197665
1.486000000000001098,-0.009311261481372042
1.487000000000000988,-0.008607344610077601
1.488000000000001100,-0.007901283577131071
1.489000000000001211,-0.007193102752463996
1.490000000000001101,-0.006482826412009028
1.491000000000000991,-0.005770478737575730
1.492000000000001103,-0.005056083816764296
1.493000000000001215,-0.004339665642843504
1.494000000000001105,-0.003621248114670224
1.495000000000000995,-0.002900855036594790
1.496000000000001107,-0.002178510118378925
1.497000000000001219,-0.001454236975111257
1.498000000000001108,-0.000728059127141294
1.499000000000000998,0.000000000000000000
