# SS304-111_BSAI13
# h[nm],U(h)[kJ/mol]
0.149999999999999994,18.339060509479399030
0.150999999999999995,13.944218709315270743
0.151999999999999996,10.561568663978242455
0.152999999999999997,7.486996231708848093
0.153999999999999998,4.472798170069546941
0.154999999999999999,1.474782826061553198
0.156000000000000000,-1.478361089927199945
0.157000000000000001,-4.346242908985613163
0.158000000000000002,-7.100493178352115464
0.159000000000000002,-9.729832844119780333
0.160000000000000003,-12.237084919427740459
0.161000000000000004,-14.633747749877411337
0.162000000000000005,-16.934825940036983383
0.163000000000000006,-19.154974385017808913
0.164000000000000007,-21.306151083327740992
0.165000000000000008,-23.396574512172819027
0.166000000000000009,-25.430639799010620550
0.167000000000000010,-27.409441268135118719
0.168000000000000010,-29.331604004133691177
0.169000000000000011,-31.194202477759489511
0.170000000000000012,-32.993618286412370821
0.171000000000000013,-34.726251686716054223
0.172000000000000014,-36.389049580772734771
0.173000000000000015,-37.979846288248346298
0.174000000000000016,-39.497534808485106339
0.175000000000000017,-40.942097948345306690
0.176000000000000018,-42.314533241026396126
0.177000000000000018,-43.616705273514703833
0.178000000000000019,-44.851155714989182854
0.179000000000000020,-46.020896399398388610
0.180000000000000021,-47.129205273790645947
0.181000000000000022,-48.179439562501066519
0.182000000000000023,-49.174875539268434466
0.183000000000000024,-50.118580073019515453
0.184000000000000025,-51.013315707115722830
0.185000000000000026,-51.861478440655105260
0.186000000000000026,-52.665065539172495335
0.187000000000000027,-53.425669513167164837
0.188000000000000028,-54.144493754720301126
0.189000000000000029,-54.822385102326315121
0.190000000000000030,-55.459878706305616447
0.191000000000000031,-56.057250897959661984
0.192000000000000032,-56.614576245184267123
0.193000000000000033,-57.131785540347038932
0.194000000000000034,-57.608722061578532703
0.195000000000000034,-58.045194037611999249
0.196000000000000035,-58.441021801331558549
0.197000000000000036,-58.796078619921750885
0.198000000000000037,-59.110324629138702335
0.199000000000000038,-59.383833670844730079
0.200000000000000039,-59.616813136146639351
0.201000000000000040,-59.809617154069258049
0.202000000000000041,-59.962753642718482183
0.203000000000000042,-60.076885862745371014
0.204000000000000042,-60.152829188737783284
0.205000000000000043,-60.191543850271251870
0.206000000000000044,-60.194124397918550073
0.207000000000000045,-60.161786627297843211
0.208000000000000046,-60.095852652400211014
0.209000000000000047,-59.997734763452207574
0.210000000000000048,-59.868918639187029385
0.211000000000000049,-59.710946412635905745
0.212000000000000050,-59.525400016724141494
0.213000000000000050,-59.313885163722702032
0.214000000000000051,-59.078016243034440436
0.215000000000000052,-58.819402356423765355
0.216000000000000053,-58.539634649713605086
0.217000000000000054,-58.240275045870987469
0.218000000000000055,-57.922846436656548974
0.219000000000000056,-57.588824348733751890
0.220000000000000057,-57.239630065228595868
0.221000000000000058,-56.876625154941223173
0.222000000000000058,-56.501107338369294553
0.223000000000000059,-56.114307601954614313
0.224000000000000060,-55.717388459004915546
0.225000000000000061,-55.311443247046760519
0.226000000000000062,-54.897496346389814903
0.227000000000000063,-54.476504202908607510
0.228000000000000064,-54.049357038964117805
0.229000000000000065,-53.616881139522050148
0.230000000000000066,-53.179841605436784846
0.231000000000000066,-52.738945472159947769
0.232000000000000067,-52.294845099442817116
0.233000000000000068,-51.848141745614825027
0.234000000000000069,-51.399389248462554747
0.235000000000000070,-50.949097743367246949
0.236000000000000071,-50.497737357987830364
0.237000000000000072,-50.045741831235474706
0.238000000000000073,-49.593512012443405013
0.239000000000000073,-49.141419204389038100
0.240000000000000074,-48.689808321095568999
0.241000000000000075,-48.239000838073209820
0.242000000000000076,-47.789297518818209198
0.243000000000000077,-47.340980906952651708
0.244000000000000078,-46.894317578354957732
0.245000000000000079,-46.449560152004039537
0.246000000000000080,-46.006949062058083655
0.247000000000000081,-45.566714096932855682
0.248000000000000081,-45.129075713863940678
0.249000000000000082,-44.694246139667178852
0.250000000000000111,-44.262430270185447512
0.251000000000000112,-43.833826382268014754
0.252000000000000113,-43.408626673108813065
0.253000000000000114,-42.987017642411181839
0.254000000000000115,-42.569180333186828591
0.255000000000000115,-42.155290447073653581
0.256000000000000116,-41.745518349905083255
0.257000000000000117,-41.340028982917637279
0.258000000000000118,-40.938981694472943218
0.259000000000000119,-40.542530006527087494
0.260000000000000120,-40.150821329328472586
0.261000000000000121,-39.763996636990533773
0.262000000000000122,-39.382190115690754340
0.263000000000000123,-39.005528795309956536
0.264000000000000123,-38.634132174365731771
0.265000000000000124,-38.268111847123194025
0.266000000000000125,-37.907571140803284493
0.267000000000000126,-37.552604769857815370
0.268000000000000127,-37.203298513358461719
0.269000000000000128,-36.859728920655712159
0.270000000000000129,-36.521963049614114993
0.271000000000000130,-36.190058240923377753
0.272000000000000131,-35.864061931228832236
0.273000000000000131,-35.544011507117964754
0.274000000000000132,-35.229934201347035128
0.275000000000000133,-34.921847032093033647
0.276000000000000134,-34.619756785470748639
0.277000000000000135,-34.323660041063554615
0.278000000000000136,-34.033543239777507949
0.279000000000000137,-33.749382792940316733
0.280000000000000138,-33.471145231228213390
0.281000000000000139,-33.198787391711917394
0.282000000000000139,-32.932256641066025793
0.283000000000000140,-32.671491132781127931
0.284000000000000141,-32.416420096052739552
0.285000000000000142,-32.166964153892372735
0.286000000000000143,-31.923035667911115354
0.287000000000000144,-31.684539107162844829
0.288000000000000145,-31.451371438398780356
0.289000000000000146,-31.223422535075563644
0.290000000000000147,-31.000575602473020354
0.291000000000000147,-30.782707616311416388
0.292000000000000148,-30.569689772310994158
0.293000000000000149,-30.361387944204228262
0.294000000000000150,-30.157663147793449809
0.295000000000000151,-29.958372008739758030
0.296000000000000152,-29.763367231872326357
0.297000000000000153,-29.572498069918356833
0.298000000000000154,-29.385610789670984389
0.299000000000000155,-29.202549133734748921
0.300000000000000155,-29.023154776113216258
0.301000000000000156,-28.847267770031134404
0.302000000000000157,-28.674726986511451798
0.303000000000000158,-28.505370542355983332
0.304000000000000159,-28.339036216305647287
0.305000000000000160,-28.175561852281372666
0.306000000000000161,-28.014785748730012926
0.307000000000000162,-27.856547033218721054
0.308000000000000163,-27.700686021537773485
0.309000000000000163,-27.547044560683339398
0.310000000000000164,-27.395466355199278752
0.311000000000000165,-27.245797276459551739
0.312000000000000166,-27.097885654570642799
0.313000000000000167,-26.951582552665392711
0.314000000000000168,-26.806742023447394985
0.315000000000000169,-26.663221347926150173
0.316000000000000170,-26.520881256360024025
0.317000000000000171,-26.379586131494857426
0.318000000000000171,-26.239204194251509961
0.319000000000000172,-26.099607672076224674
0.320000000000000173,-25.960672950222708266
0.321000000000000174,-25.822280706284885810
0.322000000000000175,-25.684316028344710503
0.323000000000000176,-25.546668517139639931
0.324000000000000177,-25.409232372690713220
0.325000000000000178,-25.271906465862997493
0.326000000000000179,-25.134594395358433871
0.327000000000000179,-24.997204530663637456
0.328000000000000180,-24.859650041495321204
0.329000000000000181,-24.721848914301897793
0.330000000000000182,-24.583723956392148580
0.331000000000000183,-24.445202788271870986
0.332000000000000184,-24.306217824775352199
0.333000000000000185,-24.166706245582652457
0.334000000000000186,-24.026609955714846478
0.335000000000000187,-23.885875536597843904
0.336000000000000187,-23.744454188282674068
0.337000000000000188,-23.602301663404237075
0.338000000000000189,-23.459378193453709116
0.339000000000000190,-23.315648407930996910
0.340000000000000191,-23.171081246932942577
0.341000000000000192,-23.025649867722364661
0.342000000000000193,-22.879331545809058923
0.343000000000000194,-22.732107571061071383
0.344000000000000195,-22.583963139349322091
0.345000000000000195,-22.434887240213594595
0.346000000000000196,-22.284872541021439218
0.347000000000000197,-22.133915268075107008
0.348000000000000198,-21.982015085104780638
0.349000000000000199,-21.829174969568335030
0.350000000000000200,-21.675401087161091596
0.351000000000000201,-21.520702664920445812
0.352000000000000202,-21.365091863292793306
0.353000000000000203,-21.208583647512323722
0.354000000000000203,-21.051195658623221618
0.355000000000000204,-20.892948084459117553
0.356000000000000205,-20.733863530876430303
0.357000000000000206,-20.573966893520562849
0.358000000000000207,-20.413285230386858160
0.359000000000000208,-20.251847635422045357
0.360000000000000209,-20.089685113394651239
0.361000000000000210,-19.926830456247806467
0.362000000000000210,-19.763318121131213445
0.363000000000000211,-19.599184110294906702
0.364000000000000212,-19.434465853011943182
0.365000000000000213,-19.269202089683062695
0.366000000000000214,-19.103432758262901103
0.367000000000000215,-18.937198883133351757
0.368000000000000216,-18.770542466537595061
0.369000000000000217,-18.603506382675277564
0.370000000000000218,-18.436134274548074075
0.371000000000000218,-18.268470453633113948
0.372000000000000219,-18.100559802451201108
0.373000000000000220,-17.932447680086212927
0.374000000000000221,-17.764179830702520491
0.375000000000000222,-17.595802295097623613
0.376000000000000223,-17.427361325318479146
0.377000000000000224,-17.258903302361769505
0.378000000000000225,-17.090474656970119582
0.379000000000000226,-16.922121793529136369
0.380000000000000226,-16.753891017062993996
0.381000000000000227,-16.585828463319664650
0.382000000000000228,-16.417980031930930807
0.383000000000000229,-16.250391322626480672
0.384000000000000230,-16.083107574475938861
0.385000000000000231,-15.916173608128122652
0.386000000000000232,-15.749633771011763983
0.387000000000000233,-15.583531885458196342
0.388000000000000234,-15.417911199702231784
0.389000000000000234,-15.252814341714403312
0.390000000000000235,-15.088283275814063700
0.391000000000000236,-14.924359262010337801
0.392000000000000237,-14.761082818015077933
0.393000000000000238,-14.598493683869918414
0.394000000000000239,-14.436630789127136154
0.395000000000000240,-14.275532222522581804
0.396000000000000241,-14.115235204077290376
0.397000000000000242,-13.955776059562854385
0.398000000000000242,-13.797190197265027933
0.399000000000000243,-13.639512086978674787
0.400000000000000244,-13.482775241166649494
0.401000000000000245,-13.327012198214953642
0.402000000000000246,-13.172254507715802418
0.403000000000000247,-13.018532717710153079
0.404000000000000248,-12.865876363821522332
0.405000000000000249,-12.714313960212685117
0.406000000000000250,-12.563872992297380193
0.407000000000000250,-12.414579911139252744
0.408000000000000251,-12.266460129471123963
0.409000000000000252,-12.119538019267986684
0.410000000000000253,-11.973836910807913014
0.411000000000000254,-11.829379093156017433
0.412000000000000255,-11.686185816007210292
0.413000000000000256,-11.544277292824698833
0.414000000000000257,-11.403672705211983285
0.415000000000000258,-11.264390208457410125
0.416000000000000258,-11.126446938191282499
0.417000000000000259,-10.989859018096804988
0.418000000000000260,-10.854641568617436675
0.419000000000000261,-10.720808716604235400
0.420000000000000262,-10.588373605848504511
0.421000000000000263,-10.457348408445955812
0.422000000000000264,-10.327744336940197556
0.423000000000000265,-10.199571657194672625
0.424000000000000266,-10.072839701943561153
0.425000000000000266,-9.947556884973542068
0.426000000000000267,-9.823730715889734455
0.427000000000000268,-9.701367815420519847
0.428000000000000269,-9.580473931217435180
0.429000000000000270,-9.461053954107644159
0.430000000000000271,-9.343111934757931891
0.431000000000000272,-9.226651100710617115
0.432000000000000273,-9.111673873753083797
0.433000000000000274,-8.998181887584113525
0.434000000000000274,-8.886176005741393880
0.435000000000000275,-8.775656339756178426
0.436000000000000276,-8.666622267502225085
0.437000000000000277,-8.559072451707384843
0.438000000000000278,-8.453004858597790161
0.439000000000000279,-8.348416776645667170
0.440000000000000280,-8.245304835392946785
0.441000000000000281,-8.143665024324395318
0.442000000000000282,-8.043492711764868019
0.443000000000000282,-7.944782663776737586
0.444000000000000283,-7.847529063034434316
0.445000000000000284,-7.751725527654471648
0.446000000000000285,-7.657365129960075123
0.447000000000000286,-7.564440415161063136
0.448000000000000287,-7.472943419930099473
0.449000000000000288,-7.382865690858109176
0.450000000000000289,-7.294198302772050724
0.451000000000000290,-7.206931876899615119
0.452000000000000290,-7.121056598866154275
0.453000000000000291,-7.036562236510109258
0.454000000000000292,-6.953438157504156614
0.455000000000000293,-6.871673346769975765
0.456000000000000294,-6.791256423675572584
0.457000000000000295,-6.712175659004754991
0.458000000000000296,-6.634418991689189582
0.459000000000000297,-6.557974045294185927
0.460000000000000298,-6.482828144250151858
0.461000000000000298,-6.408968329822184451
0.462000000000000299,-6.336381375811201977
0.463000000000000300,-6.265053803980372038
0.464000000000000301,-6.194971899201438426
0.465000000000000302,-6.126121724316034189
0.466000000000000303,-6.058489134707691015
0.467000000000000304,-5.992059792580652910
0.468000000000000305,-5.926819180942469067
0.469000000000000306,-5.862752617287440238
0.470000000000000306,-5.799845266978724823
0.471000000000000307,-5.738082156327308780
0.472000000000000308,-5.677448185366511524
0.473000000000000309,-5.617928140320985975
0.474000000000000310,-5.559506705769754475
0.475000000000000311,-5.502168476503070060
0.476000000000000312,-5.445897969073371314
0.477000000000000313,-5.390679633040690533
0.478000000000000314,-5.336497861913556129
0.479000000000000314,-5.283337003786482633
0.480000000000000315,-5.231181371675420522
0.481000000000000316,-5.180015253553036381
0.482000000000000317,-5.129822922085676140
0.483000000000000318,-5.080588644074302884
0.484000000000000319,-5.032296689601801987
0.485000000000000320,-4.984931340889404261
0.486000000000000321,-4.938476900864975150
0.487000000000000322,-4.892917701446279466
0.488000000000000322,-4.848238111542425344
0.489000000000000323,-4.804422544776858039
0.490000000000000324,-4.761455466935419878
0.491000000000000325,-4.719321403143167615
0.492000000000000326,-4.678004944773666907
0.493000000000000327,-4.637490756094731381
0.494000000000000328,-4.597763580654561366
0.495000000000000329,-4.558808247412418524
0.496000000000000330,-4.520609676617984185
0.497000000000000330,-4.483152885443644209
0.498000000000000331,-4.446422993374124388
0.499000000000000332,-4.410405227357728108
0.500000000000000333,-4.375084926723674883
0.501000000000000334,-4.340447547870083689
0.502000000000000335,-4.306478668726950509
0.503000000000000336,-4.273163992998867400
0.504000000000000337,-4.240489354191860905
0.505000000000000338,-4.208440719429088261
0.506000000000000338,-4.177004193059877579
0.507000000000000339,-4.146166020066769597
0.508000000000000340,-4.115912589275155575
0.509000000000000341,-4.086230436370074770
0.510000000000000342,-4.057106246724810461
0.511000000000000343,-4.028526858045779591
0.512000000000000344,-4.000479262838354089
0.513000000000000345,-3.972950610698079199
0.514000000000000346,-3.945928210431794980
0.515000000000000346,-3.919399532013184029
0.516000000000000347,-3.893352208377112156
0.517000000000000348,-3.867774037057242431
0.518000000000000349,-3.842652981671188517
0.519000000000000350,-3.817977173257610879
0.520000000000000351,-3.793734911469521798
0.521000000000000352,-3.769914665627952299
0.522000000000000353,-3.746505075640262028
0.523000000000000353,-3.723494952787130163
0.524000000000000354,-3.700873280382380948
0.525000000000000355,-3.678629214309581563
0.526000000000000356,-3.656752083439447798
0.527000000000000357,-3.635231389931919299
0.528000000000000358,-3.614056809426769323
0.529000000000000359,-3.593218191126496208
0.530000000000000360,-3.572705557775301966
0.531000000000000361,-3.552509105537740908
0.532000000000000361,-3.532619203780662076
0.533000000000000362,-3.513026394761995963
0.534000000000000363,-3.493721393229873406
0.535000000000000364,-3.474695085935402883
0.536000000000000365,-3.455938531062565211
0.537000000000000366,-3.437442957578399128
0.538000000000000367,-3.419199764506773764
0.539000000000000368,-3.401200520128808247
0.540000000000000369,-3.383436961113116759
0.541000000000000369,-3.365900991578797630
0.542000000000000370,-3.348584682094210674
0.543000000000000371,-3.331480268614341433
0.544000000000000372,-3.314580151359640237
0.545000000000000373,-3.297876893639048124
0.546000000000000374,-3.281363220619926580
0.547000000000000375,-3.265032018047496543
0.548000000000000376,-3.248876330916382837
0.549000000000000377,-3.232889362096739383
0.550000000000000377,-3.217064470917368801
0.551000000000000378,-3.201395171708298015
0.552000000000000379,-3.185875132305025836
0.553000000000000380,-3.170498172516760693
0.554000000000000381,-3.155258262560818761
0.555000000000000382,-3.140149521465330995
0.556000000000000383,-3.125166215442313877
0.557000000000000384,-3.110302756233142674
0.558000000000000385,-3.095553699428381655
0.559000000000000385,-3.080913742763885743
0.560000000000000386,-3.066377724394983240
0.561000000000000387,-3.051940621150591504
0.562000000000000388,-3.037597546768997070
0.563000000000000389,-3.023343750116905149
0.564000000000000390,-3.009174613393529096
0.565000000000000391,-2.995085650321191117
0.566000000000000392,-2.981072504324038697
0.567000000000000393,-2.967130946696301841
0.568000000000000393,-2.953256874761594375
0.569000000000000394,-2.939446310024568021
0.570000000000000395,-2.925695396316354113
0.571000000000000396,-2.912000397934984441
0.572000000000000397,-2.898357697782126152
0.573000000000000398,-2.884763795497285344
0.574000000000000399,-2.871215305590660627
0.575000000000000400,-2.857708955575775089
0.576000000000000401,-2.844241584102928488
0.577000000000000401,-2.830810139094547928
0.578000000000000402,-2.817411675883414013
0.579000000000000403,-2.804043355354723044
0.580000000000000404,-2.790702442092894309
0.581000000000000405,-2.777386302534050166
0.582000000000000406,-2.764092403124926101
0.583000000000000407,-2.750818308489148212
0.584000000000000408,-2.737561679601528297
0.585000000000000409,-2.724320271971201635
0.586000000000000409,-2.711091933834294032
0.587000000000000410,-2.697874604356778061
0.588000000000000411,-2.684666311848204145
0.589000000000000412,-2.671465171986867837
0.590000000000000413,-2.658269386057052763
0.591000000000000414,-2.645077239198886154
0.592000000000000415,-2.631887098671306102
0.593000000000000416,-2.618697412128695223
0.594000000000000417,-2.605506705911625254
0.595000000000000417,-2.592313583352144679
0.596000000000000418,-2.579116723094077024
0.597000000000000419,-2.565914877428695728
0.598000000000000420,-2.552706870646144210
0.599000000000000421,-2.539491597402997236
0.600000000000000422,-2.526268021106234940
0.601000000000000423,-2.513035172313990095
0.602000000000000424,-2.499792147153310218
0.603000000000000425,-2.486538105755230710
0.604000000000000425,-2.473272270707393528
0.605000000000000426,-2.459993925524449843
0.606000000000000427,-2.446702413136422116
0.607000000000000428,-2.433397134395266725
0.608000000000000429,-2.420077546599745055
0.609000000000000430,-2.406743162038842421
0.610000000000000431,-2.393393546553785889
0.611000000000000432,-2.380028318118838637
0.612000000000000433,-2.366647145440983646
0.613000000000000433,-2.353249746578542467
0.614000000000000434,-2.339835887578864071
0.615000000000000435,-2.326405381135109529
0.616000000000000436,-2.312958085262218244
0.617000000000000437,-2.299493901992045508
0.618000000000000438,-2.286012776087760212
0.619000000000000439,-2.272514693777481831
0.620000000000000440,-2.258999681507164237
0.621000000000000441,-2.245467804712717452
0.622000000000000441,-2.231919166611361582
0.623000000000000442,-2.218353907012204473
0.624000000000000443,-2.204772201145938748
0.625000000000000444,-2.191174258513680861
0.626000000000000445,-2.177560321754887340
0.627000000000000446,-2.163930665534230968
0.628000000000000447,-2.150285595447444464
0.629000000000000448,-2.136625446945986440
0.630000000000000449,-2.122950584280477671
0.631000000000000449,-2.109261399462802000
0.632000000000000450,-2.095558311246782157
0.633000000000000451,-2.081841764127295935
0.634000000000000452,-2.068112227357776334
0.635000000000000453,-2.054370193985884274
0.636000000000000454,-2.040616179907340566
0.637000000000000455,-2.026850722937683091
0.638000000000000456,-2.013074381901902576
0.639000000000000457,-1.999287735741752670
0.640000000000000457,-1.985491382640607982
0.641000000000000458,-1.971685939165757073
0.642000000000000459,-1.957872039427921651
0.643000000000000460,-1.944050334257891421
0.644000000000000461,-1.930221490400088502
0.645000000000000462,-1.916386189722912636
0.646000000000000463,-1.902545128445695344
0.647000000000000464,-1.888699016382100027
0.648000000000000465,-1.874848576199787287
0.649000000000000465,-1.860994542696180032
0.650000000000000466,-1.847137662090152288
0.651000000000000467,-1.833278691329469412
0.652000000000000468,-1.819418397413768984
0.653000000000000469,-1.805557556732955593
0.654000000000000470,-1.791696954420774590
0.655000000000000471,-1.777837383723407827
0.656000000000000472,-1.763979645382902861
0.657000000000000473,-1.750124547035244449
0.658000000000000473,-1.736272902622876702
0.659000000000000474,-1.722425531821505373
0.660000000000000475,-1.708583259480967786
0.661000000000000476,-1.694746915080001415
0.662000000000000477,-1.680917332194703295
0.663000000000000478,-1.667095347980514175
0.664000000000000479,-1.653281802667499578
0.665000000000000480,-1.639477539068785905
0.666000000000000481,-1.625683402101915531
0.667000000000000481,-1.611900238322962142
0.668000000000000482,-1.598128895473193367
0.669000000000000483,-1.584370222038124165
0.670000000000000484,-1.570625066818724935
0.671000000000000485,-1.556894278514635577
0.672000000000000486,-1.543178705319184330
0.673000000000000487,-1.529479194526017549
0.674000000000000488,-1.515796592147163668
0.675000000000000488,-1.502131742542330617
0.676000000000000489,-1.488485488059280826
0.677000000000000490,-1.474858668685064655
0.678000000000000491,-1.461252121707953044
0.679000000000000492,-1.447666681389888410
0.680000000000000493,-1.434103178649251520
0.681000000000000494,-1.420562440753780242
0.682000000000000495,-1.407045291023477418
0.683000000000000496,-1.393552548543300462
0.684000000000000496,-1.380085027885457283
0.685000000000000497,-1.366643538841190830
0.686000000000000498,-1.353228886161780498
0.687000000000000499,-1.339841869308695310
0.688000000000000500,-1.326483282212646220
0.689000000000000501,-1.313153913041414267
0.690000000000000502,-1.299854543976273202
0.691000000000000503,-1.286585950996842254
0.692000000000000504,-1.273348903674205612
0.693000000000000504,-1.260144164972147651
0.694000000000000505,-1.246972491056313581
0.695000000000000506,-1.233834631111178082
0.696000000000000507,-1.220731327164624069
0.697000000000000508,-1.207663313920009696
0.698000000000000509,-1.194631318595563041
0.699000000000000510,-1.181636060770905328
0.700000000000000511,-1.168678252240658910
0.701000000000000512,-1.155758596874858712
0.702000000000000512,-1.142877790486140466
0.703000000000000513,-1.130036520703476821
0.704000000000000514,-1.117235466852361414
0.705000000000000515,-1.104475299841294111
0.706000000000000516,-1.091756682054411787
0.707000000000000517,-1.079080267250139835
0.708000000000000518,-1.066446700465743191
0.709000000000000519,-1.053856617927599659
0.710000000000000520,-1.041310646967115394
0.711000000000000520,-1.028809405942113120
0.712000000000000521,-1.016353504163582944
0.713000000000000522,-1.003943541827671426
0.714000000000000523,-0.991580109952772126
0.715000000000000524,-0.979263790321595828
0.716000000000000525,-0.966995155428126862
0.717000000000000526,-0.954774768429285103
0.718000000000000527,-0.942603183101256570
0.719000000000000528,-0.930480943800306548
0.720000000000000528,-0.918408585428003299
0.721000000000000529,-0.906386633400710240
0.722000000000000530,-0.894415603623279765
0.723000000000000531,-0.882496002466788276
0.724000000000000532,-0.870628326750233050
0.725000000000000533,-0.858813063726096004
0.726000000000000534,-0.847050691069641815
0.727000000000000535,-0.835341676871874106
0.728000000000000536,-0.823686479636024038
0.729000000000000536,-0.812085548277517333
0.730000000000000537,-0.800539322127256425
0.731000000000000538,-0.789048230938188988
0.732000000000000539,-0.777612694895027046
0.733000000000000540,-0.766233124627040629
0.734000000000000541,-0.754909921223817726
0.735000000000000542,-0.743643476253959990
0.736000000000000543,-0.732434171786529920
0.737000000000000544,-0.721282380415255608
0.738000000000000544,-0.710188465285352510
0.739000000000000545,-0.699152780122914486
0.740000000000000546,-0.688175669266758661
0.741000000000000547,-0.677257467702685800
0.742000000000000548,-0.666398501100029184
0.743000000000000549,-0.655599085850474661
0.744000000000000550,-0.644859529109012231
0.745000000000000551,-0.634180128837008028
0.746000000000000552,-0.623561173847259731
0.747000000000000552,-0.613002943851047477
0.748000000000000553,-0.602505709507012766
0.749000000000000554,-0.592069732471880994
0.750000000000000555,-0.581695265452916943
0.751000000000000556,-0.571382552262064913
0.752000000000000557,-0.561131827871678812
0.753000000000000558,-0.550943318471854737
0.754000000000000559,-0.540817241529201742
0.755000000000000560,-0.530753805847072657
0.756000000000000560,-0.520753211627159374
0.757000000000000561,-0.510815650532408072
0.758000000000000562,-0.500941305751180677
0.759000000000000563,-0.491130352062639719
0.760000000000000564,-0.481382955903257248
0.761000000000000565,-0.471699275434444398
0.762000000000000566,-0.462079460611202086
0.763000000000000567,-0.452523653251802327
0.764000000000000568,-0.443031987108369829
0.765000000000000568,-0.433604587938395736
0.766000000000000569,-0.424241573577090580
0.767000000000000570,-0.414943054010535939
0.768000000000000571,-0.405709131449599358
0.769000000000000572,-0.396539900404574541
0.770000000000000573,-0.387435447760474172
0.771000000000000574,-0.378395852852973225
0.772000000000000575,-0.369421187544930363
0.773000000000000576,-0.360511516303457735
0.774000000000000576,-0.351666896277517016
0.775000000000000577,-0.342887377375975799
0.776000000000000578,-0.334173002346088155
0.777000000000000579,-0.325523806852416109
0.778000000000000580,-0.316939819556065150
0.779000000000000581,-0.308421062194291662
0.780000000000000582,-0.299967549660378752
0.781000000000000583,-0.291579290083802178
0.782000000000000584,-0.283256284910599621
0.783000000000000584,-0.274998528983972368
0.784000000000000585,-0.266806010625034784
0.785000000000000586,-0.258678711713716925
0.786000000000000587,-0.250616607769788780
0.787000000000000588,-0.242619668033951241
0.788000000000000589,-0.234687855549003371
0.789000000000000590,-0.226821127241037590
0.790000000000000591,-0.219019434000635144
0.791000000000000592,-0.211282720764065068
0.792000000000000592,-0.203610926594414099
0.793000000000000593,-0.196003984762673084
0.794000000000000594,-0.188461822828731362
0.795000000000000595,-0.180984362722255598
0.796000000000000596,-0.173571520823445125
0.797000000000000597,-0.166223208043639437
0.798000000000000598,-0.158939329905735560
0.799000000000000599,-0.151719786624442493
0.800000000000000600,-0.144564473186297004
0.801000000000000600,-0.137473279429483980
0.802000000000000601,-0.130446090123371994
0.803000000000000602,-0.123482785047830751
0.804000000000000603,-0.116583239072226633
0.805000000000000604,-0.109747322234150138
0.806000000000000605,-0.102974899817829924
0.807000000000000606,-0.096265832432212983
0.808000000000000607,-0.089619976088701009
0.809000000000000608,-0.083037182278554375
0.810000000000000608,-0.076517298049903301
0.811000000000000609,-0.070060166084401521
0.812000000000000610,-0.063665624773464130
0.813000000000000611,-0.057333508294119519
0.814000000000000612,-0.051063646684439822
0.815000000000000613,-0.044855865918543292
0.816000000000000614,-0.038709987981146741
0.817000000000000615,-0.032625830941697666
0.818000000000000616,-0.026603209028027864
0.819000000000000616,-0.020641932699534980
0.820000000000000617,-0.014741808719908022
0.821000000000000618,-0.008902640229346814
0.822000000000000619,-0.003124226816311348
0.823000000000000620,0.002593635411256168
0.824000000000000621,0.008251153755194206
0.825000000000000622,0.013848538856919590
0.826000000000000623,0.019386004627733211
0.827000000000000624,0.024863768179657075
0.828000000000000624,0.030282049756818606
0.829000000000000625,0.035641072667355791
0.830000000000000626,0.040941063215888841
0.831000000000000627,0.046182250636529767
0.832000000000000628,0.051364867026444341
0.833000000000000629,0.056489147279999340
0.834000000000000630,0.061555329023439985
0.835000000000000631,0.066563652550168981
0.836000000000000631,0.071514360756575024
0.837000000000000632,0.076407699078447938
0.838000000000000633,0.081243915427979374
0.839000000000000634,0.086023260131326995
0.840000000000000635,0.090745985866784354
0.841000000000000636,0.095412347603526099
0.842000000000000637,0.100022602540942418
0.843000000000000638,0.104577010048580263
0.844000000000000639,0.109075831606654988
0.845000000000000639,0.113519330747175823
0.846000000000000640,0.117907772995658799
0.847000000000000641,0.122241425813445409
0.848000000000000642,0.126520558540604344
0.849000000000000643,0.130745442339450485
0.850000000000000644,0.134916350138654939
0.851000000000000645,0.139033556577956297
0.852000000000000646,0.143097337953469989
0.853000000000000647,0.147107972163602441
0.854000000000000647,0.151065738655563303
0.855000000000000648,0.154970918372480171
0.856000000000000649,0.158823793701110494
0.857000000000000650,0.162624648420152729
0.858000000000000651,0.166373767649154819
0.859000000000000652,0.170071437798024722
0.860000000000000653,0.173717946517134042
0.861000000000000654,0.177313582648012530
0.862000000000000655,0.180858636174643289
0.863000000000000655,0.184353398175351263
0.864000000000000656,0.187798160775275169
0.865000000000000657,0.191193217099427576
0.866000000000000658,0.194538861226358356
0.867000000000000659,0.197835388142385021
0.868000000000000660,0.201083093696417137
0.869000000000000661,0.204282274555352222
0.870000000000000662,0.207433228160065125
0.871000000000000663,0.210536252681964686
0.872000000000000663,0.213591646980120231
0.873000000000000664,0.216599710558971037
0.874000000000000665,0.219560743526597768
0.875000000000000666,0.222475046553567923
0.876000000000000667,0.225342920832328375
0.877000000000000668,0.228164668037177554
0.878000000000000669,0.230940590284789693
0.879000000000000670,0.233670990095286246
0.880000000000000671,0.236356170353871076
0.881000000000000671,0.238996434273002073
0.882000000000000672,0.241592085355122554
0.883000000000000673,0.244143427355922510
0.884000000000000674,0.246650764248147331
0.885000000000000675,0.249114400185938750
0.886000000000000676,0.251534639469705001
0.887000000000000677,0.253911786511522908
0.888000000000000678,0.256246145801075131
0.889000000000000679,0.258538021872088408
0.890000000000000679,0.260787719269308327
0.891000000000000680,0.262995542515974623
0.892000000000000681,0.265161796081823387
0.893000000000000682,0.267286784351580931
0.894000000000000683,0.269370811593968529
0.895000000000000684,0.271414181931208698
0.896000000000000685,0.273417199309020031
0.897000000000000686,0.275380167467110248
0.898000000000000687,0.277303389910156350
0.899000000000000687,0.279187169879263730
0.900000000000000688,0.281031810323916609
0.901000000000000689,0.282837613874391269
0.902000000000000690,0.284604882814649796
0.903000000000000691,0.286333919055699992
0.904000000000000692,0.288025024109422323
0.905000000000000693,0.289678499062851202
0.906000000000000694,0.291294644552920590
0.907000000000000695,0.292873760741654332
0.908000000000000695,0.294416147291805597
0.909000000000000696,0.295922103342945220
0.910000000000000697,0.297391927487988095
0.911000000000000698,0.298825917750153880
0.912000000000000699,0.300224371560359082
0.913000000000000700,0.301587585735036967
0.914000000000000701,0.302915856454384680
0.915000000000000702,0.304209479241030589
0.916000000000000703,0.305468748939103862
0.917000000000000703,0.306693959693734086
0.918000000000000704,0.307885404930946238
0.919000000000000705,0.309043377337963499
0.920000000000000706,0.310168168843906134
0.921000000000000707,0.311260070600885341
0.922000000000000708,0.312319372965492337
0.923000000000000709,0.313346365480670963
0.924000000000000710,0.314341336857972498
0.925000000000000711,0.315304574960185158
0.926000000000000711,0.316236366784353407
0.927000000000000712,0.317136998445148199
0.928000000000000713,0.318006755158615817
0.929000000000000714,0.318845921226287521
0.930000000000000715,0.319654780019644758
0.931000000000000716,0.320433613964941855
0.932000000000000717,0.321182704528372720
0.933000000000000718,0.321902332201597807
0.934000000000000719,0.322592776487598876
0.935000000000000719,0.323254315886880861
0.936000000000000720,0.323887227884000650
0.937000000000000721,0.324491788934439029
0.938000000000000722,0.325068274451792205
0.939000000000000723,0.325616958795277800
0.940000000000000724,0.326138115257578631
0.941000000000000725,0.326632016052985807
0.942000000000000726,0.327098932305865397
0.943000000000000727,0.327539134039416369
0.944000000000000727,0.327952890164752986
0.945000000000000728,0.328340468470273095
0.946000000000000729,0.328702135611323221
0.947000000000000730,0.329038157100170037
0.948000000000000731,0.329348797296237450
0.949000000000000732,0.329634319396650555
0.950000000000000733,0.329894985427050869
0.951000000000000734,0.330131056232694342
0.952000000000000735,0.330342791469813823
0.953000000000000735,0.330530449597265297
0.954000000000000736,0.330694287868436632
0.955000000000000737,0.330834562323412629
0.956000000000000738,0.330951527781411570
0.957000000000000739,0.331045437833469347
0.958000000000000740,0.331116544835389270
0.959000000000000741,0.331165099900921633
0.960000000000000742,0.331191352895207181
0.961000000000000743,0.331195552428462880
0.962000000000000743,0.331177945849891797
0.963000000000000744,0.331138779241845427
0.964000000000000745,0.331078297414213740
0.965000000000000746,0.330996743899036716
0.966000000000000747,0.330894360945364396
0.967000000000000748,0.330771389514307068
0.968000000000000749,0.330628069274340242
0.969000000000000750,0.330464638596797422
0.970000000000000751,0.330281334551598138
0.971000000000000751,0.330078392903169038
0.972000000000000752,0.329856048106587918
0.973000000000000753,0.329614533303919599
0.974000000000000754,0.329354080320760578
0.975000000000000755,0.329074919662976306
0.976000000000000756,0.328777280513641468
0.977000000000000757,0.328461390730159453
0.978000000000000758,0.328127476841588883
0.979000000000000759,0.327775764046141227
0.980000000000000759,0.327406476208864095
0.981000000000000760,0.327019835859519326
0.982000000000000761,0.326616064190614008
0.983000000000000762,0.326195381055631617
0.984000000000000763,0.325758004967416748
0.985000000000000764,0.325304153096737880
0.986000000000000765,0.324834041271017615
0.987000000000000766,0.324347883973222173
0.988000000000000766,0.323845894340914042
0.989000000000000767,0.323328284165458057
0.990000000000000768,0.322795263891406781
0.991000000000000769,0.322247042615997126
0.992000000000000770,0.321683828088835111
0.993000000000000771,0.321105826711718945
0.994000000000000772,0.320513243538590564
0.995000000000000773,0.319906282275653930
0.996000000000000774,0.319285145281623550
0.997000000000000774,0.318650033568105950
0.998000000000000775,0.318001146800129975
0.999000000000000776,0.317338683296794932
1.000000000000000666,0.316662840032063408
1.001000000000000778,0.315973812635675699
1.002000000000000668,0.315271795394191368
1.003000000000000780,0.314556981252161250
1.004000000000000670,0.313829561813401936
1.005000000000000782,0.313089727342418411
1.006000000000000671,0.312337666765918565
1.007000000000000783,0.311573567674461815
1.008000000000000673,0.310797616324205161
1.009000000000000785,0.310009997638767909
1.010000000000000675,0.309210895211210035
1.011000000000000787,0.308400491306102587
1.012000000000000677,0.307578966861715764
1.013000000000000789,0.306746501492311696
1.014000000000000679,0.305903273490512162
1.015000000000000790,0.305049459829805858
1.016000000000000680,0.304185236167109685
1.017000000000000792,0.303310776845465813
1.018000000000000682,0.302426254896783542
1.019000000000000794,0.301531842044722276
1.020000000000000684,0.300627708707626062
1.021000000000000796,0.299714024001560331
1.022000000000000686,0.298790955743435949
1.023000000000000798,0.297858670454205110
1.024000000000000687,0.296917333362152092
1.025000000000000799,0.295967108406248236
1.026000000000000689,0.295008158239609686
1.027000000000000801,0.294040644232994752
1.028000000000000691,0.293064726478413140
1.029000000000000803,0.292080563792781356
1.030000000000000693,0.291088313721660608
1.031000000000000805,0.290088132543071087
1.032000000000000695,0.289080175271353101
1.033000000000000806,0.288064595661112866
1.034000000000000696,0.287041546211223852
1.035000000000000808,0.286011178168902702
1.036000000000000698,0.284973641533827649
1.037000000000000810,0.283929085062333442
1.038000000000000700,0.282877656271659561
1.039000000000000812,0.281819501444248222
1.040000000000000702,0.280754765632114711
1.041000000000000814,0.279683592661251479
1.042000000000000703,0.278606125136105554
1.043000000000000815,0.277522504444085882
1.044000000000000705,0.276432870760145333
1.045000000000000817,0.275337363051379236
1.046000000000000707,0.274236119081708030
1.047000000000000819,0.273129275416570949
1.048000000000000709,0.272016967427704148
1.049000000000000821,0.270899329297905944
1.050000000000000711,0.269776494025906033
1.051000000000000822,0.268648593431228433
1.052000000000000712,0.267515758159118378
1.053000000000000824,0.266378117685505234
1.054000000000000714,0.265235800321985793
1.055000000000000826,0.264088933220871902
1.056000000000000716,0.262937642380239534
1.057000000000000828,0.261782052649043417
1.058000000000000718,0.260622287732244162
1.059000000000000830,0.259458470195968183
1.060000000000000719,0.258290721472705598
1.061000000000000831,0.257119161866541379
1.062000000000000721,0.255943910558387444
1.063000000000000833,0.254765085611279585
1.064000000000000723,0.253582803975672066
1.065000000000000835,0.252397181494775302
1.066000000000000725,0.251208332909898691
1.067000000000000837,0.250016371865835529
1.068000000000000727,0.248821410916258312
1.069000000000000838,0.247623561529137476
1.070000000000000728,0.246422934092188572
1.071000000000000840,0.245219637918318689
1.072000000000000730,0.244013781251117751
1.073000000000000842,0.242805471270341411
1.074000000000000732,0.241594814097429611
1.075000000000000844,0.240381914801027552
1.076000000000000734,0.239166877402539224
1.077000000000000846,0.237949804881667143
1.078000000000000735,0.236730799181994106
1.079000000000000847,0.235509961216553515
1.080000000000000737,0.234287390873433032
1.081000000000000849,0.233063187021371826
1.082000000000000739,0.231837447515369777
1.083000000000000851,0.230610269202319695
1.084000000000000741,0.229381747926627577
1.085000000000000853,0.228151978535860639
1.086000000000000743,0.226921054886383894
1.087000000000000854,0.225689069849018653
1.088000000000000744,0.224456115314696503
1.089000000000000856,0.223222282200122413
1.090000000000000746,0.221987660453436625
1.091000000000000858,0.220752339059890001
1.092000000000000748,0.219516406047511936
1.093000000000000860,0.218279948492795001
1.094000000000000750,0.217043052526347674
1.095000000000000862,0.215805803338602331
1.096000000000000751,0.214568285185471053
1.097000000000000863,0.213330581394027025
1.098000000000000753,0.212092774368184772
1.099000000000000865,0.210854945594372900
1.100000000000000755,0.209617175647210802
1.101000000000000867,0.208379544195170796
1.102000000000000757,0.207142130006250674
1.103000000000000869,0.205905010953638723
1.104000000000000759,0.204668264021371060
1.105000000000000870,0.203431965309987112
1.106000000000000760,0.202196190042176038
1.107000000000000872,0.200961012568426411
1.108000000000000762,0.199726506372660789
1.109000000000000874,0.198492744077867128
1.110000000000000764,0.197259797451723479
1.111000000000000876,0.196027737412208802
1.112000000000000766,0.194796634033227584
1.113000000000000878,0.193566556550192143
1.114000000000000767,0.192337573365621045
1.115000000000000879,0.191109752054721804
1.116000000000000769,0.189883159370965060
1.117000000000000881,0.188657861251640524
1.118000000000000771,0.187433922823412091
1.119000000000000883,0.186211408407861823
1.120000000000000773,0.184990381527012443
1.121000000000000885,0.183770904908852006
1.122000000000000774,0.182553040492835661
1.123000000000000886,0.181336849435376618
1.124000000000000776,0.180122392115336372
1.125000000000000888,0.178909728139481528
1.126000000000000778,0.177698916347941355
1.127000000000000890,0.176490014819657343
1.128000000000000780,0.175283080877794040
1.129000000000000892,0.174078171095162382
1.130000000000000782,0.172875341299620622
1.131000000000000894,0.171674646579437207
1.132000000000000783,0.170476141288683658
1.133000000000000895,0.169279879052567889
1.134000000000000785,0.168085912772779372
1.135000000000000897,0.166894294632806778
1.136000000000000787,0.165705076103238841
1.137000000000000899,0.164518307947058129
1.138000000000000789,0.163334040224904664
1.139000000000000901,0.162152322300332358
1.140000000000000790,0.160973202845044933
1.141000000000000902,0.159796729844115387
1.142000000000000792,0.158622950601186002
1.143000000000000904,0.157451911743642009
1.144000000000000794,0.156283659227796717
1.145000000000000906,0.155118238344016918
1.146000000000000796,0.153955693721862630
1.147000000000000908,0.152796069335190354
1.148000000000000798,0.151639408507245055
1.149000000000000909,0.150485753915731546
1.150000000000000799,0.149335147597860901
1.151000000000000689,0.148187630955390698
1.152000000000000801,0.147043244759624686
1.153000000000000913,0.145902029156419838
1.154000000000000803,0.144764023671148989
1.155000000000000693,0.143629267213650158
1.156000000000000805,0.142497798083170119
1.157000000000000917,0.141369653973261927
1.158000000000000806,0.140244871976684921
1.159000000000000696,0.139123488590272237
1.160000000000000808,0.138005539719777304
1.161000000000000920,0.136891060684705329
1.162000000000000810,0.135780086223117991
1.163000000000000700,0.134672650496423796
1.164000000000000812,0.133568787094130254
1.165000000000000924,0.132468529038601929
1.166000000000000814,0.131371908789776476
1.167000000000000703,0.130278958249856913
1.168000000000000815,0.129189708768000455
1.169000000000000927,0.128104191144969098
1.170000000000000817,0.127022435637762110
1.171000000000000707,0.125944471964234667
1.172000000000000819,0.124870329307684491
1.173000000000000931,0.123800036321417256
1.174000000000000821,0.122733621133296181
1.175000000000000711,0.121671111350263539
1.176000000000000822,0.120612534062844112
1.177000000000000934,0.119557915849619917
1.178000000000000824,0.118507282781695061
1.179000000000000714,0.117460660427115518
1.180000000000000826,0.116418073855291904
1.181000000000000938,0.115379547641383223
1.182000000000000828,0.114345105870662864
1.183000000000000718,0.113314772142864589
1.184000000000000830,0.112288569576502198
1.185000000000000941,0.111266520813158090
1.186000000000000831,0.110248648021772963
1.187000000000000721,0.109234972902885530
1.188000000000000833,0.108225516692867244
1.189000000000000945,0.107220300168125629
1.190000000000000835,0.106219343649292752
1.191000000000000725,0.105222667005378120
1.192000000000000837,0.104230289657909064
1.193000000000000949,0.103242230585046627
1.194000000000000838,0.102258508325674471
1.195000000000000728,0.101279140983468602
1.196000000000000840,0.100304146230939001
1.197000000000000952,0.099333541313458298
1.198000000000000842,0.098367343053256909
1.199000000000000732,0.097405567853397768
1.200000000000000844,0.096448231701734569
1.201000000000000956,0.095495350174833710
1.202000000000000846,0.094546938441896516
1.203000000000000735,0.093603011268623165
1.204000000000000847,0.092663583021089499
1.205000000000000959,0.091728667669582514
1.206000000000000849,0.090798278792412646
1.207000000000000739,0.089872429579705954
1.208000000000000851,0.088951132837180036
1.209000000000000963,0.088034400989879621
1.210000000000000853,0.087122246085912333
1.211000000000000743,0.086214679800144620
1.212000000000000854,0.085311713437879771
1.213000000000000966,0.084413357938511832
1.214000000000000856,0.083519623879166519
1.215000000000000746,0.082630521478301522
1.216000000000000858,0.081746060599297052
1.217000000000000970,0.080866250754028271
1.218000000000000860,0.079991101106397761
1.219000000000000750,0.079120620475859313
1.220000000000000862,0.078254817340916910
1.221000000000000973,0.077393699842598668
1.222000000000000863,0.076537275787908657
1.223000000000000753,0.075685552653257909
1.224000000000000865,0.074838537587870888
1.225000000000000977,0.073996237417174482
1.226000000000000867,0.073158658646157837
1.227000000000000757,0.072325807462714789
1.228000000000000869,0.071497689740967901
1.229000000000000981,0.070674311044558027
1.230000000000000870,0.069855676629921717
1.231000000000000760,0.069041791449547071
1.232000000000000872,0.068232660155207403
1.233000000000000984,0.067428287101164136
1.234000000000000874,0.066628676347356031
1.235000000000000764,0.065833831662575101
1.236000000000000876,0.065043756527593893
1.237000000000000988,0.064258454138307025
1.238000000000000878,0.063477927408818149
1.239000000000000767,0.062702178974527706
1.240000000000000879,0.061931211195187921
1.241000000000000991,0.061165026157948388
1.242000000000000881,0.060403625680359896
1.243000000000000771,0.059647011313374923
1.244000000000000883,0.058895184344330054
1.245000000000000995,0.058148145799886877
1.246000000000000885,0.057405896448967500
1.247000000000000774,0.056668436805667785
1.248000000000000886,0.055935767132148706
1.249000000000000998,0.055207887441503734
1.250000000000000888,0.054484797500606662
1.251000000000000778,0.053766496832944669
1.252000000000000890,0.053052984721418929
1.253000000000001002,0.052344260211144189
1.254000000000000892,0.051640322112205171
1.255000000000000782,0.050941169002403773
1.256000000000000894,0.050246799229995885
1.257000000000001005,0.049557210916386096
1.258000000000000895,0.048872401958820297
1.259000000000000785,0.048192370033058929
1.260000000000000897,0.047517112596005828
1.261000000000001009,0.046846626888357702
1.262000000000000899,0.046180909937194370
1.263000000000000789,0.045519958558575782
1.264000000000000901,0.044863769360103757
1.265000000000001013,0.044212338743479032
1.266000000000000902,0.043565662907025980
1.267000000000000792,0.042923737848199160
1.268000000000000904,0.042286559366084435
1.269000000000001016,0.041654123063859419
1.270000000000000906,0.041026424351259957
1.271000000000000796,0.040403458447000197
1.272000000000000908,0.039785220381197160
1.273000000000001020,0.039171704997762111
1.274000000000000909,0.038562906956786561
1.275000000000000799,0.037958820736889443
1.276000000000000911,0.037359440637565265
1.277000000000001023,0.036764760781509531
1.278000000000000913,0.036174775116911626
1.279000000000000803,0.035589477419756044
1.280000000000000915,0.035008861296074986
1.281000000000001027,0.034432920184207259
1.282000000000000917,0.033861647357028790
1.283000000000000806,0.033295035924162233
1.284000000000000918,0.032733078834179849
1.285000000000001030,0.032175768876776242
1.286000000000000920,0.031623098684926534
1.287000000000000810,0.031075060737041325
1.288000000000000922,0.030531647359079799
1.289000000000001034,0.029992850726667485
1.290000000000000924,0.029458662867180067
1.291000000000000814,0.028929075661821613
1.292000000000000925,0.028404080847683495
1.293000000000001037,0.027883670019779781
1.294000000000000927,0.027367834633076005
1.295000000000000817,0.026856566004482819
1.296000000000000929,0.026349855314868109
1.297000000000001041,0.025847693611010268
1.298000000000000931,0.025350071807561003
1.299000000000000821,0.024856980688987944
1.300000000000000933,0.024368410911496552
1.301000000000001044,0.023884353004935778
1.302000000000000934,0.023404797374695002
1.303000000000000824,0.022929734303575030
1.304000000000000936,0.022459153953647355
1.305000000000001048,0.021993046368098977
1.306000000000000938,0.021531401473056981
1.307000000000000828,0.021074209079410655
1.308000000000000940,0.020621458884593845
1.309000000000001052,0.020173140474376103
1.310000000000000941,0.019729243324621094
1.311000000000000831,0.019289756803044990
1.312000000000000943,0.018854670170946268
1.313000000000001055,0.018423972584921379
1.314000000000000945,0.017997653098576087
1.315000000000000835,0.017575700664211005
1.316000000000000947,0.017158104134503895
1.317000000000001059,0.016744852264155806
1.318000000000000949,0.016335933711547505
1.319000000000000838,0.015931337040368972
1.320000000000000950,0.015531050721228349
1.321000000000001062,0.015135063133262966
1.322000000000000952,0.014743362565720303
1.323000000000000842,0.014355937219529772
1.324000000000000954,0.013972775208866658
1.325000000000001066,0.013593864562696142
1.326000000000000956,0.013219193226297807
1.327000000000000846,0.012848749062787884
1.328000000000000957,0.012482519854625437
1.329000000000001069,0.012120493305092291
1.330000000000000959,0.011762657039772121
1.331000000000000849,0.011408998608019458
1.332000000000000961,0.011059505484394883
1.333000000000001073,0.010714165070111118
1.334000000000000963,0.010372964694450395
1.335000000000000853,0.010035891616174141
1.336000000000000965,0.009702933024914645
1.337000000000001076,0.009374076042563045
1.338000000000000966,0.009049307724634515
1.339000000000000856,0.008728615061622735
1.340000000000000968,0.008411984980352347
1.341000000000001080,0.008099404345299077
1.342000000000000970,0.007790859959914800
1.343000000000000860,0.007486338567931910
1.344000000000000972,0.007185826854655594
1.345000000000001084,0.006889311448239588
1.346000000000000973,0.006596778920967441
1.347000000000000863,0.006308215790497287
1.348000000000000975,0.006023608521110793
1.349000000000001087,0.005742943524941119
1.350000000000000977,0.005466207163202693
1.351000000000000867,0.005193385747385924
1.352000000000000979,0.004924465540463062
1.353000000000001091,0.004659432758074497
1.354000000000000981,0.004398273569688654
1.355000000000000870,0.004140974099780548
1.356000000000000982,0.003887520428968665
1.357000000000001094,0.003637898595158395
1.358000000000000984,0.003392094594674089
1.359000000000000874,0.003150094383361049
1.360000000000000986,0.002911883877705333
1.361000000000001098,0.002677448955917569
1.362000000000000988,0.002446775459025730
1.363000000000000878,0.002219849191931976
1.364000000000000989,0.001996655924483738
1.365000000000001101,0.001777181392526914
1.366000000000000991,0.001561411298931377
1.367000000000000881,0.001349331314636451
1.368000000000000993,0.001140927079653672
1.369000000000001105,0.000936184204086370
1.370000000000000995,0.000735088269121803
1.371000000000000885,0.000537624828014416
1.372000000000000997,0.000343779407069996
1.373000000000001108,0.000153537506602714
1.374000000000000998,-0.000033115398092973
1.375000000000000888,-0.000216193855814773
1.376000000000001000,-0.000395712438501471
1.377000000000001112,-0.000571685740319147
1.378000000000001002,-0.000744128376729291
1.379000000000000892,-0.000913054983599545
1.380000000000001004,-0.001078480216286679
1.381000000000001116,-0.001240418748770432
1.382000000000001005,-0.001398885272757337
1.383000000000000895,-0.001553894496819632
1.384000000000001007,-0.001705461145540196
1.385000000000001119,-0.001853599958655400
1.386000000000001009,-0.001998325690215933
1.387000000000000899,-0.002139653107756807
1.388000000000001011,-0.002277596991479617
1.389000000000001123,-0.002412172133425208
1.390000000000001013,-0.002543393336686710
1.391000000000000902,-0.002671275414598399
1.392000000000001014,-0.002795833189962777
1.393000000000001126,-0.002917081494262248
1.394000000000001016,-0.003035035166892559
1.395000000000000906,-0.003149709054407903
1.396000000000001018,-0.003261118009759110
1.397000000000001130,-0.003369276891559535
1.398000000000001020,-0.003474200563344320
1.399000000000000909,-0.003575903892844891
1.400000000000001021,-0.003674401751270903
1.401000000000001133,-0.003769709012598722
1.402000000000001023,-0.003861840552874448
1.403000000000000913,-0.003950811249515967
1.404000000000001025,-0.004036635980618790
1.405000000000001137,-0.004119329624299081
1.406000000000001027,-0.004198907058001056
1.407000000000000917,-0.004275383157854235
1.408000000000001029,-0.004348772798001405
1.409000000000001140,-0.004419090849966697
1.410000000000001030,-0.004486352182008691
1.411000000000000920,-0.004550571658491273
1.412000000000001032,-0.004611764139257958
1.413000000000001144,-0.004669944479019642
1.414000000000001034,-0.004725127526745022
1.415000000000000924,-0.004777328125051434
1.416000000000001036,-0.004826561109622325
1.417000000000001148,-0.004872841308611879
1.418000000000001037,-0.004916183542068644
1.419000000000000927,-0.004956602621364867
1.420000000000001039,-0.004994113348623149
1.421000000000001151,-0.005028730516168345
1.422000000000001041,-0.005060468905968576
1.423000000000000931,-0.005089343289093389
1.424000000000001043,-0.005115368425171746
1.425000000000001155,-0.005138559061870765
1.426000000000001044,-0.005158929934357861
1.427000000000000934,-0.005176495764799519
1.428000000000001046,-0.005191271261833191
1.429000000000001158,-0.005203271120073966
1.430000000000001048,-0.005212510019608678
1.431000000000000938,-0.005219002625517218
1.432000000000001050,-0.005222763587373876
1.433000000000001162,-0.005223807538773205
1.434000000000001052,-0.005222149096860052
1.435000000000000941,-0.005217802861859036
1.436000000000001053,-0.005210783416621277
1.437000000000001165,-0.005201105326159755
1.438000000000001055,-0.005188783137212500
1.439000000000000945,-0.005173831377795496
1.440000000000001057,-0.005156264556764676
1.441000000000001169,-0.005136097163387031
1.442000000000001059,-0.005113343666921213
1.443000000000000949,-0.005088018516196572
1.444000000000001060,-0.005060136139197492
1.445000000000001172,-0.005029710942660441
1.446000000000001062,-0.004996757311671540
1.447000000000000952,-0.004961289609270664
1.448000000000001064,-0.004923322176060933
1.449000000000001176,-0.004882869329831264
1.450000000000001066,-0.004839945365161460
1.451000000000000956,-0.004794564553069296
1.452000000000001068,-0.004746741140625246
1.453000000000001180,-0.004696489350600249
1.454000000000001069,-0.004643823381103650
1.455000000000000959,-0.004588757405231664
1.456000000000001071,-0.004531305570716465
1.457000000000001183,-0.004471481999597635
1.458000000000001073,-0.004409300787867991
1.459000000000000963,-0.004344776005155275
1.460000000000001075,-0.004277921694384219
1.461000000000001187,-0.004208751871467151
1.462000000000001076,-0.004137280524978512
1.463000000000000966,-0.004063521615843464
1.464000000000001078,-0.003987489077031155
1.465000000000001190,-0.003909196813264465
1.466000000000001080,-0.003828658700694047
1.467000000000000970,-0.003745888586636805
1.468000000000001082,-0.003660900289270180
1.469000000000001194,-0.003573707597351162
1.470000000000001084,-0.003484324269937727
1.471000000000000973,-0.003392764036115698
1.472000000000001085,-0.003299040594728289
1.473000000000001197,-0.003203167614112003
1.474000000000001087,-0.003105158731830301
1.475000000000000977,-0.003005027554421201
1.476000000000001089,-0.002902787657145786
1.477000000000001201,-0.002798452583735762
1.478000000000001091,-0.002692035846151959
1.479000000000000981,-0.002583550924347562
1.480000000000001092,-0.002473011266023307
1.481000000000001204,-0.002360430286408328
1.482000000000001094,-0.002245821368022644
1.483000000000000984,-0.002129197860459262
1.484000000000001096,-0.002010573080165498
1.485000000000001208,-0.001889960310221885
1.486000000000001098,-0.001767372800135979
1.487000000000000988,-0.001642823765635037
1.488000000000001100,-0.001516326388459923
1.489000000000001211,-0.001387893816162154
1.490000000000001101,-0.001257539161920097
1.491000000000000991,-0.001125275504331163
1.492000000000001103,-0.000991115887235753
1.493000000000001215,-0.000855073319523606
1.494000000000001105,-0.000717160774958880
1.495000000000000995,-0.000577391191998444
1.496000000000001107,-0.000435777473620769
1.497000000000001219,-0.000292332487150728
1.498000000000001108,-0.000147069064102005
1.499000000000000998,0.000000000000000000
