# Cu110_HUMICACID-NEUTRAL-AC
# h[nm],U(h)[kJ/mol]
0.149999999999999994,177.144020969640308749
0.150999999999999995,174.235607824856572279
0.151999999999999996,169.527461052921097462
0.152999999999999997,164.500406692424320454
0.153999999999999998,159.665864212271827682
0.154999999999999999,155.101553087152581156
0.156000000000000000,150.730274035724249870
0.157000000000000001,146.451565517094479674
0.158000000000000002,142.193273354649505791
0.159000000000000002,137.922768456293397321
0.160000000000000003,133.640437543714426738
0.161000000000000004,129.367599438587319582
0.162000000000000005,125.134785374687865556
0.163000000000000006,120.972789349432019890
0.164000000000000007,116.907011344915048312
0.165000000000000008,112.954716108525417440
0.166000000000000009,109.124490803868596345
0.167000000000000010,105.417144652620351053
0.168000000000000010,101.827395547054706526
0.169000000000000011,98.345842093762428249
0.170000000000000012,94.960875922351263512
0.171000000000000013,91.660324950604319838
0.172000000000000014,88.432724998435986663
0.173000000000000015,85.268194146658501609
0.174000000000000016,82.158935003611517800
0.175000000000000017,79.099419603671933032
0.176000000000000018,76.086325252206705727
0.177000000000000018,73.118291992418662062
0.178000000000000019,70.195567448066412908
0.179000000000000020,67.319595678753287871
0.180000000000000021,64.492595653567292402
0.181000000000000022,61.717163595836666445
0.182000000000000023,58.995922809569812273
0.183000000000000024,56.331235269505825158
0.184000000000000025,53.724981528163631594
0.185000000000000026,51.178409430409317338
0.186000000000000026,48.692047649329786907
0.187000000000000027,46.265677000082675363
0.188000000000000028,43.898350640106272635
0.189000000000000029,41.588453399724230053
0.190000000000000030,39.333790387856282678
0.191000000000000031,37.131695482816652998
0.192000000000000032,34.979151172899534572
0.193000000000000033,32.872912308538744242
0.194000000000000034,30.809627548338646363
0.195000000000000034,28.785953532641467945
0.196000000000000035,26.798658031623283193
0.197000000000000036,24.844709441706530839
0.198000000000000037,22.921351012885228471
0.199000000000000038,21.026159062711492709
0.200000000000000039,19.157085163300543229
0.201000000000000040,17.312482877018460670
0.202000000000000041,15.491120071625871901
0.203000000000000042,13.692178177627928548
0.204000000000000042,11.915239972909512645
0.205000000000000043,10.160267607121735267
0.206000000000000044,8.427572625703755094
0.207000000000000045,6.717779735463051516
0.208000000000000046,5.031785983991321487
0.209000000000000047,3.370716916369763450
0.210000000000000048,1.735881135743135628
0.211000000000000049,0.128724539092688411
0.212000000000000050,-1.449214665880724340
0.213000000000000050,-2.996349225619626910
0.214000000000000051,-4.511083616808456931
0.215000000000000052,-5.991851723386687922
0.216000000000000053,-7.437150954673609426
0.217000000000000054,-8.845572483345865322
0.218000000000000055,-10.215827407075730449
0.219000000000000056,-11.546768748390519477
0.220000000000000057,-12.837409303477864242
0.221000000000000058,-14.086935432377401867
0.222000000000000058,-15.294716950791649168
0.223000000000000059,-16.460313338353305568
0.224000000000000060,-17.583476520565064050
0.225000000000000061,-18.664150512838244111
0.226000000000000062,-19.702468236235468169
0.227000000000000063,-20.698745826835327932
0.228000000000000064,-21.653474765234076216
0.229000000000000065,-22.567312150709977203
0.230000000000000066,-23.441069437057922897
0.231000000000000066,-24.275699935064849910
0.232000000000000067,-25.072285370952652528
0.233000000000000068,-25.832021771708259195
0.234000000000000069,-26.556204927797306681
0.235000000000000070,-27.246215661983445244
0.236000000000000071,-27.903505110428341141
0.237000000000000072,-28.529580199428835385
0.238000000000000073,-29.125989478474366479
0.239000000000000073,-29.694309448132891305
0.240000000000000074,-30.236131499883992291
0.241000000000000075,-30.753049564634522994
0.242000000000000076,-31.246648547450682543
0.243000000000000077,-31.718493608148055074
0.244000000000000078,-32.170120330877622905
0.245000000000000079,-32.603025810784266980
0.246000000000000080,-33.018660672209634299
0.247000000000000081,-33.418422020759905422
0.248000000000000081,-33.803647320828474676
0.249000000000000082,-34.175609180810248233
0.250000000000000111,-34.535511020210307720
0.251000000000000112,-34.884483586061158178
0.252000000000000113,-35.223582280448951565
0.253000000000000114,-35.553785256417725691
0.254000000000000115,-35.875992235999561331
0.255000000000000115,-36.191024001506193031
0.256000000000000116,-36.499622509440108331
0.257000000000000117,-36.802451575347326695
0.258000000000000118,-37.100098077559152898
0.259000000000000119,-37.393073627979191542
0.260000000000000120,-37.681816658785912466
0.261000000000000121,-37.966694875069450177
0.262000000000000122,-38.248008024939267102
0.263000000000000123,-38.525990940461113610
0.264000000000000123,-38.800816804854676434
0.265000000000000124,-39.072600603650741391
0.266000000000000125,-39.341402719924751352
0.267000000000000126,-39.607232636246649804
0.268000000000000127,-39.870052708580182355
0.269000000000000128,-40.129781979989516572
0.270000000000000129,-40.386300004642997408
0.271000000000000130,-40.639450655212769448
0.272000000000000131,-40.889045889335214667
0.273000000000000131,-41.134869453300311193
0.274000000000000132,-41.376680503562788260
0.275000000000000133,-41.614217129002689433
0.276000000000000134,-41.847199759093960836
0.277000000000000135,-42.075334445262299710
0.278000000000000136,-42.298316004720405203
0.279000000000000137,-42.515831017954909044
0.280000000000000138,-42.727560672803683417
0.281000000000000139,-42.933183449702909229
0.282000000000000139,-43.132377644201440603
0.283000000000000140,-43.324823724235635325
0.284000000000000141,-43.510206520933955687
0.285000000000000142,-43.688217252881166530
0.286000000000000143,-43.858555384818529888
0.287000000000000144,-44.020930322694916015
0.288000000000000145,-44.175062947818716452
0.289000000000000146,-44.320686993595423075
0.290000000000000147,-44.457550268977890084
0.291000000000000147,-44.585415733309162079
0.292000000000000148,-44.704062427708748828
0.293000000000000149,-44.813286268544516133
0.294000000000000150,-44.912900708854316179
0.295000000000000151,-45.002737273833879783
0.296000000000000152,-45.082645976700440826
0.297000000000000153,-45.152495621376459667
0.298000000000000154,-45.212173998522757756
0.299000000000000155,-45.261587981486925969
0.300000000000000155,-45.300663528729060658
0.301000000000000156,-45.329345599243268339
0.302000000000000157,-45.347597987418296839
0.303000000000000158,-45.355403083673927256
0.304000000000000159,-45.352761567078104576
0.305000000000000160,-45.339692035994978880
0.306000000000000161,-45.316230582640145030
0.307000000000000162,-45.282430317229220407
0.308000000000000163,-45.238360847201064985
0.309000000000000163,-45.184107716782946795
0.310000000000000164,-45.119771811940658779
0.311000000000000165,-45.045468735526021931
0.312000000000000166,-44.961328157200341593
0.313000000000000167,-44.867493142473904300
0.314000000000000168,-44.764119464963201267
0.315000000000000169,-44.651374905729099396
0.316000000000000170,-44.529438543322349631
0.317000000000000171,-44.398500037928371853
0.318000000000000171,-44.258758912772762528
0.319000000000000172,-44.110423835723793218
0.320000000000000173,-43.953711903806329531
0.321000000000000174,-43.788847933128501211
0.322000000000000175,-43.616063756513185012
0.323000000000000176,-43.435597530926564502
0.324000000000000177,-43.247693056601271167
0.325000000000000178,-43.052599109566465074
0.326000000000000179,-42.850568789119023450
0.327000000000000179,-42.641858881599254971
0.328000000000000180,-42.426729241673228898
0.329000000000000181,-42.205442192170309568
0.330000000000000182,-41.978261943377169985
0.331000000000000183,-41.745454032554142998
0.332000000000000184,-41.507284784308339454
0.333000000000000185,-41.264020792337007038
0.334000000000000186,-41.015928422940760356
0.335000000000000187,-40.763273340598992434
0.336000000000000187,-40.506320055801829483
0.337000000000000188,-40.245331495239611286
0.338000000000000189,-39.980568594367170476
0.339000000000000190,-39.712289912280837711
0.340000000000000191,-39.440751268774263849
0.341000000000000192,-39.166205403374021898
0.342000000000000193,-38.888901656094773784
0.343000000000000194,-38.609085669601228119
0.344000000000000195,-38.326999112413218995
0.345000000000000195,-38.042879422748590912
0.346000000000000196,-37.756959572558024263
0.347000000000000197,-37.469467851272455050
0.348000000000000198,-37.180627668753679416
0.349000000000000199,-36.890657376912820098
0.350000000000000200,-36.599770109439177190
0.351000000000000201,-36.308173639063916482
0.352000000000000202,-36.016070251767416721
0.353000000000000203,-35.723656637328154773
0.354000000000000203,-35.431123795601038751
0.355000000000000204,-35.138656957907279832
0.356000000000000205,-34.846435522914447347
0.357000000000000206,-34.554633006383568272
0.358000000000000207,-34.263417004160622525
0.359000000000000208,-33.972949167793345282
0.360000000000000209,-33.683385192157501820
0.361000000000000210,-33.394874814484019510
0.362000000000000210,-33.107561824185133048
0.363000000000000211,-32.821584082886715805
0.364000000000000212,-32.537073554084557259
0.365000000000000213,-32.254156341852436185
0.366000000000000214,-31.972952738042984322
0.367000000000000215,-31.693577277434211936
0.368000000000000216,-31.416138800289001409
0.369000000000000217,-31.140740521808094599
0.370000000000000218,-30.867480107972816938
0.371000000000000218,-30.596449757287825122
0.372000000000000219,-30.327736287950408212
0.373000000000000220,-30.061421229988063430
0.374000000000000221,-29.797580921922435238
0.375000000000000222,-29.536286611532894142
0.376000000000000223,-29.277604560310145132
0.377000000000000224,-29.021596151205535818
0.378000000000000225,-28.768317999298176346
0.379000000000000226,-28.517822065017632838
0.380000000000000226,-28.270155769576387428
0.381000000000000227,-28.025362112280980398
0.382000000000000228,-27.783479789407216742
0.383000000000000229,-27.544543314339364315
0.384000000000000230,-27.308583138688323544
0.385000000000000231,-27.075625774118940114
0.386000000000000232,-26.845693914630288646
0.387000000000000233,-26.618806559047406779
0.388000000000000234,-26.394979133496253354
0.389000000000000234,-26.174223613647519926
0.390000000000000235,-25.956548646527284774
0.391000000000000236,-25.741959671705910040
0.392000000000000237,-25.530459041687883825
0.393000000000000238,-25.322046141338415026
0.394000000000000239,-25.116717506192635767
0.395000000000000240,-24.914466939505651055
0.396000000000000241,-24.715285627911494970
0.397000000000000242,-24.519162255569717956
0.398000000000000242,-24.326083116688327124
0.399000000000000243,-24.136032226320992322
0.400000000000000244,-23.948991429345763748
0.401000000000000245,-23.764940507541503223
0.402000000000000246,-23.583857284686128963
0.403000000000000247,-23.405717729609168742
0.404000000000000248,-23.230496057138637411
0.405000000000000249,-23.058164826889548493
0.406000000000000250,-22.888695039848222734
0.407000000000000250,-22.722056232713317314
0.408000000000000251,-22.558216569960467979
0.409000000000000252,-22.397142933603973347
0.410000000000000253,-22.238801010633544308
0.411000000000000254,-22.083155378110692624
0.412000000000000255,-21.930169585913159125
0.413000000000000256,-21.779806237121508872
0.414000000000000257,-21.632027066045587560
0.415000000000000258,-21.486793013893411342
0.416000000000000258,-21.344064302088433749
0.417000000000000259,-21.203800503245158637
0.418000000000000260,-21.065960609816244187
0.419000000000000261,-20.930503100427376495
0.420000000000000262,-20.797386003919406505
0.421000000000000263,-20.666566961119791301
0.422000000000000264,-20.538003284367636780
0.423000000000000265,-20.411652014819438250
0.424000000000000266,-20.287469977564647650
0.425000000000000266,-20.165413834581588759
0.426000000000000267,-20.045440135566721551
0.427000000000000268,-19.927505366671553588
0.428000000000000269,-19.811565997182722043
0.429000000000000270,-19.697578524182514315
0.430000000000000271,-19.585499515227759559
0.431000000000000272,-19.475285649086462314
0.432000000000000273,-19.366893754572053865
0.433000000000000274,-19.260280847516167313
0.434000000000000274,-19.155404165921300574
0.435000000000000275,-19.052221203335342636
0.436000000000000276,-18.950689740490393120
0.437000000000000277,-18.850767875248440220
0.438000000000000278,-18.752414050896952347
0.439000000000000279,-18.655587082837467250
0.440000000000000280,-18.560246183710159329
0.441000000000000281,-18.466350986997667860
0.442000000000000282,-18.373861569151262785
0.443000000000000282,-18.282738470281945098
0.444000000000000283,-18.192942713459558490
0.445000000000000284,-18.104435822662058087
0.446000000000000285,-18.017179839416943565
0.447000000000000286,-17.931137338176988294
0.448000000000000287,-17.846271440470946601
0.449000000000000288,-17.762545827870649617
0.450000000000000289,-17.679924753814393767
0.451000000000000290,-17.598373054326639675
0.452000000000000290,-17.517856157673286077
0.453000000000000291,-17.438340092990831209
0.454000000000000292,-17.359791497927975712
0.455000000000000293,-17.282177625336466065
0.456000000000000294,-17.205466349048322172
0.457000000000000295,-17.129626168775249795
0.458000000000000296,-17.054626214165612197
0.459000000000000297,-16.980436248053628390
0.460000000000000298,-16.907026668934591385
0.461000000000000298,-16.834368512699374065
0.462000000000000299,-16.762433453660580795
0.463000000000000300,-16.691193804901956810
0.464000000000000301,-16.620622517982123867
0.465000000000000302,-16.550693182022683914
0.466000000000000303,-16.481380022210142755
0.467000000000000304,-16.412657897740270840
0.468000000000000305,-16.344502299232875231
0.469000000000000306,-16.276889345644033114
0.470000000000000306,-16.209795780702314971
0.471000000000000307,-16.143198968894399314
0.472000000000000308,-16.077076891025349425
0.473000000000000309,-16.011408139377422799
0.474000000000000310,-15.946171912490921585
0.475000000000000311,-15.881348009589988379
0.476000000000000312,-15.816916824675223197
0.477000000000000313,-15.752859340304373958
0.478000000000000314,-15.689157121081908741
0.479000000000000314,-15.625792306877306359
0.480000000000000315,-15.562747605791319216
0.481000000000000316,-15.500006286888915241
0.482000000000000317,-15.437552172716753063
0.483000000000000318,-15.375369631622557876
0.484000000000000319,-15.313443569893166796
0.485000000000000320,-15.251759423727154541
0.486000000000000321,-15.190303151057765518
0.487000000000000322,-15.129061223240739764
0.488000000000000322,-15.068020616621609520
0.489000000000000323,-15.007168803996098205
0.490000000000000324,-14.946493745976795253
0.491000000000000325,-14.885983882278850388
0.492000000000000326,-14.825628122936706177
0.493000000000000327,-14.765415839463582159
0.494000000000000328,-14.705336855964764808
0.495000000000000329,-14.645381440215412994
0.496000000000000330,-14.585540294712847853
0.497000000000000330,-14.525804547713310200
0.498000000000000331,-14.466165744262067250
0.499000000000000332,-14.406615837226004473
0.500000000000000333,-14.347147178336877360
0.501000000000000334,-14.287752509253218491
0.502000000000000335,-14.228424952648467183
0.503000000000000336,-14.169158003332620765
0.504000000000000337,-14.109945519413926718
0.505000000000000338,-14.050781713507342729
0.506000000000000338,-13.991661143995631988
0.507000000000000339,-13.932578706348929032
0.508000000000000340,-13.873529624508103453
0.509000000000000341,-13.814509442337140399
0.510000000000000342,-13.755514015149088891
0.511000000000000343,-13.696539501310288856
0.512000000000000344,-13.637582353926807954
0.513000000000000345,-13.578639312617212909
0.514000000000000346,-13.519707395375217374
0.515000000000000346,-13.460783890525496176
0.516000000000000347,-13.401866348775905990
0.517000000000000348,-13.342952575368997259
0.518000000000000349,-13.284040622335302473
0.519000000000000350,-13.225128780851065358
0.520000000000000351,-13.166215573702407582
0.521000000000000352,-13.107299747858103700
0.522000000000000353,-13.048380267152666079
0.523000000000000353,-12.989456305081310106
0.524000000000000354,-12.930527237708506760
0.525000000000000355,-12.871592636691014278
0.526000000000000356,-12.812652262416742488
0.527000000000000357,-12.753706057260313145
0.528000000000000358,-12.694754138956049871
0.529000000000000359,-12.635796794089145578
0.530000000000000360,-12.576834471705348406
0.531000000000000361,-12.517867777039716870
0.532000000000000361,-12.458897465364497492
0.533000000000000362,-12.399924435956400259
0.534000000000000363,-12.340949726183168877
0.535000000000000364,-12.281974505709388978
0.536000000000000365,-12.223000070821296248
0.537000000000000366,-12.164027838870351772
0.538000000000000367,-12.105059342835012615
0.539000000000000368,-12.046096226000475582
0.540000000000000369,-11.987140236755498890
0.541000000000000369,-11.928193223505981990
0.542000000000000370,-11.869257129704298137
0.543000000000000371,-11.810333988993749088
0.544000000000000372,-11.751425920467259090
0.545000000000000373,-11.692535124039331151
0.546000000000000374,-11.633663875930320586
0.547000000000000375,-11.574814524261967108
0.548000000000000376,-11.515989484763213824
0.549000000000000377,-11.457191236585018146
0.550000000000000377,-11.398422318223028427
0.551000000000000378,-11.339685323547028517
0.552000000000000379,-11.280982897935745157
0.553000000000000380,-11.222317734515817378
0.554000000000000381,-11.163692570503551238
0.555000000000000382,-11.105110183648282174
0.556000000000000383,-11.046573388775620117
0.557000000000000384,-10.988085034429639464
0.558000000000000385,-10.929647999612189579
0.559000000000000385,-10.871265190618185414
0.560000000000000386,-10.812939537965208459
0.561000000000000387,-10.754673993416123068
0.562000000000000388,-10.696471527093130760
0.563000000000000389,-10.638335124681789878
0.564000000000000390,-10.580267784723524471
0.565000000000000391,-10.522272515995096498
0.566000000000000392,-10.464352334973570535
0.567000000000000393,-10.406510263385207793
0.568000000000000393,-10.348749325836806179
0.569000000000000394,-10.291072547527910785
0.570000000000000395,-10.233482952042576741
0.571000000000000396,-10.175983559218822805
0.572000000000000397,-10.118577383094645938
0.573000000000000398,-10.061267429928822281
0.574000000000000399,-10.004056696295137385
0.575000000000000400,-9.946948167248454098
0.576000000000000401,-9.889944814561218323
0.577000000000000401,-9.833049595028928280
0.578000000000000402,-9.776265448842970329
0.579000000000000403,-9.719595298029544139
0.580000000000000404,-9.663042044953119358
0.581000000000000405,-9.606608570883016895
0.582000000000000406,-9.550297734621675971
0.583000000000000407,-9.494112371193235589
0.584000000000000408,-9.438055290591028879
0.585000000000000409,-9.382129276582571009
0.586000000000000409,-9.326337085570694185
0.587000000000000410,-9.270681445509534768
0.588000000000000411,-9.215165054873924788
0.589000000000000412,-9.159790581680992361
0.590000000000000413,-9.104560662562553475
0.591000000000000414,-9.049477901887085451
0.592000000000000415,-8.994544870930038627
0.593000000000000416,-8.939764107091082934
0.594000000000000417,-8.885138113157220019
0.595000000000000417,-8.830669356610558296
0.596000000000000418,-8.776360268979260582
0.597000000000000419,-8.722213245230964418
0.598000000000000420,-8.668230643207033737
0.599000000000000421,-8.614414783096822958
0.600000000000000422,-8.560767946950662122
0.601000000000000423,-8.507292378230548735
0.602000000000000424,-8.453990281397386397
0.603000000000000425,-8.400863821533725684
0.604000000000000425,-8.347915124000978793
0.605000000000000426,-8.295146274130027919
0.606000000000000427,-8.242559316944307213
0.607000000000000428,-8.190156256914132626
0.608000000000000429,-8.137939057741681026
0.609000000000000430,-8.085909642175222345
0.610000000000000431,-8.034069891852052336
0.611000000000000432,-7.982421647168921552
0.612000000000000433,-7.930966707179187836
0.613000000000000433,-7.879706829515798816
0.614000000000000434,-7.828643730339241991
0.615000000000000435,-7.777779084309488056
0.616000000000000436,-7.727114524581265798
0.617000000000000437,-7.676651642821792798
0.618000000000000438,-7.626391989250107528
0.619000000000000439,-7.576337072697233666
0.620000000000000440,-7.526488360686504286
0.621000000000000441,-7.476847279533177293
0.622000000000000441,-7.427415214462716797
0.623000000000000442,-7.378193509746907353
0.624000000000000443,-7.329183468857205064
0.625000000000000444,-7.280386354634641677
0.626000000000000445,-7.231803389475466304
0.627000000000000446,-7.183435755532144640
0.628000000000000447,-7.135284594928767987
0.629000000000000448,-7.087351009990520367
0.630000000000000449,-7.039636063486415019
0.631000000000000449,-6.992140778884794017
0.632000000000000450,-6.944866140621028805
0.633000000000000451,-6.897813094376791909
0.634000000000000452,-6.850982547370426445
0.635000000000000453,-6.804375368657825440
0.636000000000000454,-6.757992389443307601
0.637000000000000455,-6.711834403400059657
0.638000000000000456,-6.665902166999510214
0.639000000000000457,-6.620196399849310076
0.640000000000000457,-6.574717785039348783
0.641000000000000458,-6.529466969495348216
0.642000000000000459,-6.484444564339749029
0.643000000000000460,-6.439651145259179366
0.644000000000000461,-6.395087252878387751
0.645000000000000462,-6.350753393140044167
0.646000000000000463,-6.306650037690046062
0.647000000000000464,-6.262777624268019316
0.648000000000000465,-6.219136557102592278
0.649000000000000465,-6.175727207311030753
0.650000000000000466,-6.132549913303032341
0.651000000000000467,-6.089604981188166732
0.652000000000000468,-6.046892685186770144
0.653000000000000469,-6.004413268043880869
0.654000000000000470,-5.962166941446016111
0.655000000000000471,-5.920153886440338908
0.656000000000000472,-5.878374253856092579
0.657000000000000473,-5.836828164727887902
0.658000000000000473,-5.795515710720653857
0.659000000000000474,-5.754436954555957051
0.660000000000000475,-5.713591930439464228
0.661000000000000476,-5.672980644489233448
0.662000000000000477,-5.632603075164710482
0.663000000000000478,-5.592459173696082253
0.664000000000000479,-5.552548864513899396
0.665000000000000480,-5.512872045678563815
0.666000000000000481,-5.473428589309746961
0.667000000000000481,-5.434218342015228131
0.668000000000000482,-5.395241125319275355
0.669000000000000483,-5.356496736090130995
0.670000000000000484,-5.317984946966566540
0.671000000000000485,-5.279705506783308522
0.672000000000000486,-5.241658140995138382
0.673000000000000487,-5.203842552099608554
0.674000000000000488,-5.166258420058054135
0.675000000000000488,-5.128905402714906359
0.676000000000000489,-5.091783136215182637
0.677000000000000490,-5.054891235419834317
0.678000000000000491,-5.018229294319056066
0.679000000000000492,-4.981796886443296657
0.680000000000000493,-4.945593565271866332
0.681000000000000494,-4.909618864639108793
0.682000000000000495,-4.873872299137919306
0.683000000000000496,-4.838353364520639133
0.684000000000000496,-4.803061538097088246
0.685000000000000497,-4.767996279129792292
0.686000000000000498,-4.733157029226182644
0.687000000000000499,-4.698543212727800622
0.688000000000000500,-4.664154237096332700
0.689000000000000501,-4.629989493296496228
0.690000000000000502,-4.596048356175640670
0.691000000000000503,-4.562330184840002190
0.692000000000000504,-4.528834323027591147
0.693000000000000504,-4.495560099477664551
0.694000000000000505,-4.462506828296595174
0.695000000000000506,-4.429673809320324729
0.696000000000000507,-4.397060328473104462
0.697000000000000508,-4.364665658122661718
0.698000000000000509,-4.332489057431692103
0.699000000000000510,-4.300529772705549370
0.700000000000000511,-4.268787037736315071
0.701000000000000512,-4.237260074142962907
0.702000000000000512,-4.205948091707795378
0.703000000000000513,-4.174850288709004431
0.704000000000000514,-4.143965852249382742
0.705000000000000515,-4.113293958581158982
0.706000000000000516,-4.082833773426928659
0.707000000000000517,-4.052584452296698281
0.708000000000000518,-4.022545140800946939
0.709000000000000519,-3.992714974959832741
0.710000000000000520,-3.963093081508372251
0.711000000000000520,-3.933678578197733255
0.712000000000000521,-3.904470574092537838
0.713000000000000522,-3.875468169864193069
0.714000000000000523,-3.846670458080338140
0.715000000000000524,-3.818076523490205432
0.716000000000000525,-3.789685443306167745
0.717000000000000526,-3.761496287481230105
0.718000000000000527,-3.733508118982617585
0.719000000000000528,-3.705719994061420941
0.720000000000000528,-3.678130962518344482
0.721000000000000529,-3.650740067965446034
0.722000000000000530,-3.623546348084100366
0.723000000000000531,-3.596548834878952938
0.724000000000000532,-3.569746554928060700
0.725000000000000533,-3.543138529629177302
0.726000000000000534,-3.516723775442131661
0.727000000000000535,-3.490501304127452187
0.728000000000000536,-3.464470122981121669
0.729000000000000536,-3.438629235065589373
0.730000000000000537,-3.412977639437004829
0.731000000000000538,-3.387514331368672860
0.732000000000000539,-3.362238302570843107
0.733000000000000540,-3.337148541406758540
0.734000000000000541,-3.312244033105042007
0.735000000000000542,-3.287523759968417725
0.736000000000000543,-3.262986701578876048
0.737000000000000544,-3.238631834999128323
0.738000000000000544,-3.214458134970620939
0.739000000000000545,-3.190464574107887419
0.740000000000000546,-3.166650123089489455
0.741000000000000547,-3.143013750845377707
0.742000000000000548,-3.119554424740926812
0.743000000000000549,-3.096271110757402134
0.744000000000000550,-3.073162773669110059
0.745000000000000551,-3.050228377217210074
0.746000000000000552,-3.027466884280117121
0.747000000000000552,-3.004877257040690530
0.748000000000000553,-2.982458457150077180
0.749000000000000554,-2.960209445888353663
0.750000000000000555,-2.938129184321995879
0.751000000000000556,-2.916216633458098784
0.752000000000000557,-2.894470754395558565
0.753000000000000558,-2.872890508473040949
0.754000000000000559,-2.851474857413985209
0.755000000000000560,-2.830222763468477343
0.756000000000000560,-2.809133189552211807
0.757000000000000561,-2.788205099382381036
0.758000000000000562,-2.767437457610710361
0.759000000000000563,-2.746829229953555718
0.760000000000000564,-2.726379383319145866
0.761000000000000565,-2.706086885931976660
0.762000000000000566,-2.685950707454412001
0.763000000000000567,-2.665969819105535876
0.764000000000000568,-2.646143193777230174
0.765000000000000568,-2.626469806147614161
0.766000000000000569,-2.606948632791775466
0.767000000000000570,-2.587578652289899139
0.768000000000000571,-2.568358845332757934
0.769000000000000572,-2.549288194824717912
0.770000000000000573,-2.530365685984144797
0.771000000000000574,-2.511590306441365605
0.772000000000000575,-2.492961046334138953
0.773000000000000576,-2.474476898400719715
0.774000000000000576,-2.456136858070516293
0.775000000000000577,-2.437939923552435051
0.776000000000000578,-2.419885095920797369
0.777000000000000579,-2.401971379199108636
0.778000000000000580,-2.384197780441428272
0.779000000000000581,-2.366563309811606342
0.780000000000000582,-2.349066980660282855
0.781000000000000583,-2.331707809599754100
0.782000000000000584,-2.314484816576679815
0.783000000000000584,-2.297397024942704480
0.784000000000000585,-2.280443461523039339
0.785000000000000586,-2.263623156682950555
0.786000000000000587,-2.246935144392320005
0.787000000000000588,-2.230378462288187702
0.788000000000000589,-2.213952151735329554
0.789000000000000590,-2.197655257885014812
0.790000000000000591,-2.181486829731786425
0.791000000000000592,-2.165445920168461491
0.792000000000000592,-2.149531586039274078
0.793000000000000593,-2.133742888191240361
0.794000000000000594,-2.118078891523776264
0.795000000000000595,-2.102538665036580490
0.796000000000000596,-2.087121281875780276
0.797000000000000597,-2.071825819378475764
0.798000000000000598,-2.056651359115564848
0.799000000000000599,-2.041596986933006619
0.800000000000000600,-2.026661792991474975
0.801000000000000600,-2.011844871804446822
0.802000000000000601,-1.997145322274772372
0.803000000000000602,-1.982562247729718674
0.804000000000000603,-1.968094755954564290
0.805000000000000604,-1.953741959224726044
0.806000000000000605,-1.939502974336420937
0.807000000000000606,-1.925376922636020227
0.808000000000000607,-1.911362930047925346
0.809000000000000608,-1.897460127101159966
0.810000000000000608,-1.883667648954646001
0.811000000000000609,-1.869984635421103381
0.812000000000000610,-1.856410230989782306
0.813000000000000611,-1.842943584847834160
0.814000000000000612,-1.829583850900553532
0.815000000000000613,-1.816330187790376582
0.816000000000000614,-1.803181758914660149
0.817000000000000615,-1.790137732442380170
0.818000000000000616,-1.777197281329659262
0.819000000000000616,-1.764359583334168091
0.820000000000000617,-1.751623821028455152
0.821000000000000618,-1.738989181812224727
0.822000000000000619,-1.726454857923563235
0.823000000000000620,-1.714020046449113099
0.824000000000000621,-1.701683949333276713
0.825000000000000622,-1.689445773386430316
0.826000000000000623,-1.677304730292187074
0.827000000000000624,-1.665260036613693373
0.828000000000000624,-1.653310913799042270
0.829000000000000625,-1.641456588185743470
0.830000000000000626,-1.629696291004351538
0.831000000000000627,-1.618029258381206814
0.832000000000000628,-1.606454731340378528
0.833000000000000629,-1.594971955804694419
0.834000000000000630,-1.583580182596065367
0.835000000000000631,-1.572278667434967803
0.836000000000000631,-1.561066670939153855
0.837000000000000632,-1.549943458621655834
0.838000000000000633,-1.538908300887992464
0.839000000000000634,-1.527960473032710098
0.840000000000000635,-1.517099255235215383
0.841000000000000636,-1.506323932554885392
0.842000000000000637,-1.495633794925582905
0.843000000000000638,-1.485028137149444927
0.844000000000000639,-1.474506258890085908
0.845000000000000639,-1.464067464665178120
0.846000000000000640,-1.453711063838385886
0.847000000000000641,-1.443436370610792663
0.848000000000000642,-1.433242704011669755
0.849000000000000643,-1.423129387888719455
0.850000000000000644,-1.413095750897825909
0.851000000000000645,-1.403141126492159607
0.852000000000000646,-1.393264852910899299
0.853000000000000647,-1.383466273167348826
0.854000000000000647,-1.373744735036614761
0.855000000000000648,-1.364099591042794435
0.856000000000000649,-1.354530198445725198
0.857000000000000650,-1.345035919227250742
0.858000000000000651,-1.335616120077062430
0.859000000000000652,-1.326270172378126500
0.860000000000000653,-1.316997452191712936
0.861000000000000654,-1.307797340241971584
0.862000000000000655,-1.298669221900192072
0.863000000000000655,-1.289612487168622978
0.864000000000000656,-1.280626530663979690
0.865000000000000657,-1.271710751600553246
0.866000000000000658,-1.262864553773012322
0.867000000000000659,-1.254087345538869913
0.868000000000000660,-1.245378539800600315
0.869000000000000661,-1.236737553987472316
0.870000000000000662,-1.228163810037088632
0.871000000000000663,-1.219656734376616480
0.872000000000000663,-1.211215757903741697
0.873000000000000664,-1.202840315967372842
0.874000000000000665,-1.194529848348044654
0.875000000000000666,-1.186283799238128545
0.876000000000000667,-1.178101617221738451
0.877000000000000668,-1.169982755254455942
0.878000000000000669,-1.161926670642805526
0.879000000000000670,-1.153932825023503916
0.880000000000000671,-1.146000684342548981
0.881000000000000671,-1.138129718834046455
0.882000000000000672,-1.130319402998913425
0.883000000000000673,-1.122569215583340219
0.884000000000000674,-1.114878639557126627
0.885000000000000675,-1.107247162091811399
0.886000000000000676,-1.099674274538684049
0.887000000000000677,-1.092159472406614817
0.888000000000000678,-1.084702255339734300
0.889000000000000679,-1.077302127095023820
0.890000000000000679,-1.069958595519720612
0.891000000000000680,-1.062671172528640628
0.892000000000000681,-1.055439374081357684
0.893000000000000682,-1.048262720159294004
0.894000000000000683,-1.041140734742690199
0.895000000000000684,-1.034072945787493758
0.896000000000000685,-1.027058885202150496
0.897000000000000686,-1.020098088824300309
0.898000000000000687,-1.013190096397435180
0.899000000000000687,-1.006334451547415298
0.900000000000000688,-0.999530701758988060
0.901000000000000689,-0.992778398352195390
0.902000000000000690,-0.986077096458765845
0.903000000000000691,-0.979426354998418569
0.904000000000000692,-0.972825736655146045
0.905000000000000693,-0.966274807853438444
0.906000000000000694,-0.959773138734508757
0.907000000000000695,-0.953320303132417557
0.908000000000000695,-0.946915878550265822
0.909000000000000696,-0.940559446136272070
0.910000000000000697,-0.934250590659908120
0.911000000000000698,-0.927988900487972890
0.912000000000000699,-0.921773967560681085
0.913000000000000700,-0.915605387367758761
0.914000000000000701,-0.909482758924485379
0.915000000000000702,-0.903405684747825455
0.916000000000000703,-0.897373770832484707
0.917000000000000703,-0.891386626627037826
0.918000000000000704,-0.885443865010039799
0.919000000000000705,-0.879545102266160561
0.920000000000000706,-0.873689958062366379
0.921000000000000707,-0.867878055424088801
0.922000000000000708,-0.862109020711448792
0.923000000000000709,-0.856382483595533595
0.924000000000000710,-0.850698077034641842
0.925000000000000711,-0.845055437250651686
0.926000000000000711,-0.839454203705365942
0.927000000000000712,-0.833894019076937498
0.928000000000000713,-0.828374529236332591
0.929000000000000714,-0.822895383223852250
0.930000000000000715,-0.817456233225683393
0.931000000000000716,-0.812056734550538173
0.932000000000000717,-0.806696545606342852
0.933000000000000718,-0.801375327876960752
0.934000000000000719,-0.796092745899024568
0.935000000000000719,-0.790848467238803421
0.936000000000000720,-0.785642162469144201
0.937000000000000721,-0.780473505146486835
0.938000000000000722,-0.775342171787958279
0.939000000000000723,-0.770247841848527459
0.940000000000000724,-0.765190197698250030
0.941000000000000725,-0.760168924599582185
0.942000000000000726,-0.755183710684787846
0.943000000000000727,-0.750234246933407456
0.944000000000000727,-0.745320227149838588
0.945000000000000728,-0.740441347940986483
0.946000000000000729,-0.735597308693993313
0.947000000000000730,-0.730787811554083677
0.948000000000000731,-0.726012561402468060
0.949000000000000732,-0.721271265834377395
0.950000000000000733,-0.716563635137146937
0.951000000000000734,-0.711889382268448556
0.952000000000000735,-0.707248222834566675
0.953000000000000735,-0.702639875068798658
0.954000000000000736,-0.698064059809960558
0.955000000000000737,-0.693520500480981461
0.956000000000000738,-0.689008923067604750
0.957000000000000739,-0.684529056097180955
0.958000000000000740,-0.680080630617584281
0.959000000000000741,-0.675663380176213746
0.960000000000000742,-0.671277040799123537
0.961000000000000743,-0.666921350970227755
0.962000000000000743,-0.662596051610646053
0.963000000000000744,-0.658300886058124868
0.964000000000000745,-0.654035600046615762
0.965000000000000746,-0.649799941685904159
0.966000000000000747,-0.645593661441392519
0.967000000000000748,-0.641416512113973880
0.968000000000000749,-0.637268248820041849
0.969000000000000750,-0.633148628971569094
0.970000000000000751,-0.629057412256358917
0.971000000000000751,-0.624994360618347122
0.972000000000000752,-0.620959238238058653
0.973000000000000753,-0.616951811513192117
0.974000000000000754,-0.612971849039264272
0.975000000000000755,-0.609019121590427148
0.976000000000000756,-0.605093402100367217
0.977000000000000757,-0.601194465643337006
0.978000000000000758,-0.597322089415283974
0.979000000000000759,-0.593476052715142477
0.980000000000000759,-0.589656136926178021
0.981000000000000760,-0.585862125497495168
0.982000000000000761,-0.582093803925669229
0.983000000000000762,-0.578350959736450898
0.984000000000000763,-0.574633382466624321
0.985000000000000764,-0.570940863645993946
0.986000000000000765,-0.567273196779454980
0.987000000000000766,-0.563630177329191406
0.988000000000000766,-0.560011602697021660
0.989000000000000767,-0.556417272206838454
0.990000000000000768,-0.552846987087166175
0.991000000000000769,-0.549300550453838743
0.992000000000000770,-0.545777767292806026
0.993000000000000771,-0.542278444443063168
0.994000000000000772,-0.538802390579668389
0.995000000000000773,-0.535349416196924000
0.996000000000000774,-0.531919333591632681
0.997000000000000774,-0.528511956846503761
0.998000000000000775,-0.525127101813662622
0.999000000000000776,-0.521764586098282690
1.000000000000000666,-0.518424229042335538
1.001000000000000778,-0.515105851708463791
1.002000000000000668,-0.511809276863958051
1.003000000000000780,-0.508534328964858950
1.004000000000000670,-0.505280834140193980
1.005000000000000782,-0.502048620176294924
1.006000000000000671,-0.498837516501276834
1.007000000000000783,-0.495647354169577947
1.008000000000000673,-0.492477965846677024
1.009000000000000785,-0.489329185793881016
1.010000000000000675,-0.486200849853252681
1.011000000000000787,-0.483092795432632560
1.012000000000000677,-0.480004861490810675
1.013000000000000789,-0.476936888522776770
1.014000000000000679,-0.473888718545098508
1.015000000000000790,-0.470860195081419797
1.016000000000000680,-0.467851163148082727
1.017000000000000792,-0.464861469239813530
1.018000000000000682,-0.461890961315592485
1.019000000000000794,-0.458939488784577077
1.020000000000000684,-0.456006902492170796
1.021000000000000796,-0.453093054706190546
1.022000000000000686,-0.450197799103146612
1.023000000000000798,-0.447320990754637382
1.024000000000000687,-0.444462486113847199
1.025000000000000799,-0.441622143002170842
1.026000000000000689,-0.438799820595917489
1.027000000000000801,-0.435995379413155137
1.028000000000000691,-0.433208681300652376
1.029000000000000803,-0.430439589420910429
1.030000000000000693,-0.427687968239332972
1.031000000000000805,-0.424953683511485270
1.032000000000000695,-0.422236602270450345
1.033000000000000806,-0.419536592814329812
1.034000000000000696,-0.416853524693801269
1.035000000000000808,-0.414187268699805600
1.036000000000000698,-0.411537696851342727
1.037000000000000810,-0.408904682383380513
1.038000000000000700,-0.406288099734819053
1.039000000000000812,-0.403687824536611117
1.040000000000000702,-0.401103733599964873
1.041000000000000814,-0.398535704904648402
1.042000000000000703,-0.395983617587375936
1.043000000000000815,-0.393447351930342804
1.044000000000000705,-0.390926789349816672
1.045000000000000817,-0.388421812384833531
1.046000000000000707,-0.385932304686022742
1.047000000000000819,-0.383458151004506087
1.048000000000000709,-0.380999237180874306
1.049000000000000821,-0.378555450134324789
1.050000000000000711,-0.376126677851817803
1.051000000000000822,-0.373712809377401978
1.052000000000000712,-0.371313734801577422
1.053000000000000824,-0.368929345250781249
1.054000000000000714,-0.366559532876970962
1.055000000000000826,-0.364204190847288500
1.056000000000000716,-0.361863213333830369
1.057000000000000828,-0.359536495503488818
1.058000000000000718,-0.357223933507915759
1.059000000000000830,-0.354925424473547024
1.060000000000000719,-0.352640866491749139
1.061000000000000831,-0.350370158609016547
1.062000000000000721,-0.348113200817303903
1.063000000000000833,-0.345869894044415982
1.064000000000000723,-0.343640140144488460
1.065000000000000835,-0.341423841888569057
1.066000000000000725,-0.339220902955289838
1.067000000000000837,-0.337031227921589849
1.068000000000000727,-0.334854722253582093
1.069000000000000838,-0.332691292297444208
1.070000000000000728,-0.330540845270449135
1.071000000000000840,-0.328403289252036490
1.072000000000000730,-0.326278533175000329
1.073000000000000842,-0.324166486816734156
1.074000000000000732,-0.322067060790574677
1.075000000000000844,-0.319980166537222999
1.076000000000000734,-0.317905716316248144
1.077000000000000846,-0.315843623197663903
1.078000000000000735,-0.313793801053605437
1.079000000000000847,-0.311756164550049175
1.080000000000000737,-0.309730629138667113
1.081000000000000849,-0.307717111048688263
1.082000000000000739,-0.305715527278909383
1.083000000000000851,-0.303725795589729453
1.084000000000000741,-0.301747834495296130
1.085000000000000853,-0.299781563255697381
1.086000000000000743,-0.297826901869258642
1.087000000000000854,-0.295883771064887724
1.088000000000000744,-0.293952092294530676
1.089000000000000856,-0.292031787725642256
1.090000000000000746,-0.290122780233791566
1.091000000000000858,-0.288224993395311380
1.092000000000000748,-0.286338351480010245
1.093000000000000860,-0.284462779443978186
1.094000000000000750,-0.282598202922442865
1.095000000000000862,-0.280744548222715440
1.096000000000000751,-0.278901742317196111
1.097000000000000863,-0.277069712836434667
1.098000000000000753,-0.275248388062295124
1.099000000000000865,-0.273437696921158380
1.100000000000000755,-0.271637568977192545
1.101000000000000867,-0.269847934425710312
1.102000000000000757,-0.268068724086581833
1.103000000000000869,-0.266299869397712496
1.104000000000000759,-0.264541302408571211
1.105000000000000870,-0.262792955773830328
1.106000000000000760,-0.261054762747003843
1.107000000000000872,-0.259326657174207498
1.108000000000000762,-0.257608573487955128
1.109000000000000874,-0.255900446701010809
1.110000000000000764,-0.254202212400326033
1.111000000000000876,-0.252513806741010094
1.112000000000000766,-0.250835166440391832
1.113000000000000878,-0.249166228772119330
1.114000000000000767,-0.247506931560336207
1.115000000000000879,-0.245857213173891115
1.116000000000000769,-0.244217012520641485
1.117000000000000881,-0.242586269041787178
1.118000000000000771,-0.240964922706279921
1.119000000000000883,-0.239352914005275114
1.120000000000000773,-0.237750183946662419
1.121000000000000885,-0.236156674049618098
1.122000000000000774,-0.234572326339251347
1.123000000000000886,-0.232997083341283023
1.124000000000000776,-0.231430888076788938
1.125000000000000888,-0.229873684056981886
1.126000000000000778,-0.228325415278070348
1.127000000000000890,-0.226786026216168141
1.128000000000000780,-0.225255461822222169
1.129000000000000892,-0.223733667517045959
1.130000000000000782,-0.222220589186365919
1.131000000000000894,-0.220716173175934172
1.132000000000000783,-0.219220366286688895
1.133000000000000895,-0.217733115769978669
1.134000000000000785,-0.216254369322795542
1.135000000000000897,-0.214784075083128773
1.136000000000000787,-0.213322181625290430
1.137000000000000899,-0.211868637955347827
1.138000000000000789,-0.210423393506563638
1.139000000000000901,-0.208986398134932111
1.140000000000000790,-0.207557602114710138
1.141000000000000902,-0.206136956134006816
1.142000000000000792,-0.204724411290469671
1.143000000000000904,-0.203319919086947631
1.144000000000000794,-0.201923431427252581
1.145000000000000906,-0.200534900611909928
1.146000000000000796,-0.199154279334037454
1.147000000000000908,-0.197781520675180011
1.148000000000000798,-0.196416578101248296
1.149000000000000909,-0.195059405458477997
1.150000000000000799,-0.193709956969421004
1.151000000000000689,-0.192368187229017801
1.152000000000000801,-0.191034051200673127
1.153000000000000913,-0.189707504212389994
1.154000000000000803,-0.188388501952947846
1.155000000000000693,-0.187077000468106741
1.156000000000000805,-0.185772956156889879
1.157000000000000917,-0.184476325767845173
1.158000000000000806,-0.183187066395411824
1.159000000000000696,-0.181905135476278346
1.160000000000000808,-0.180630490785806258
1.161000000000000920,-0.179363090434478123
1.162000000000000810,-0.178102892864404477
1.163000000000000700,-0.176849856845833098
1.164000000000000812,-0.175603941473739783
1.165000000000000924,-0.174365106164413863
1.166000000000000814,-0.173133310652119482
1.167000000000000703,-0.171908514985759375
1.168000000000000815,-0.170690679525607292
1.169000000000000927,-0.169479764940040717
1.170000000000000817,-0.168275732202350703
1.171000000000000707,-0.167078542587534712
1.172000000000000819,-0.165888157669184522
1.173000000000000931,-0.164704539316362364
1.174000000000000821,-0.163527649690522248
1.175000000000000711,-0.162357451242481854
1.176000000000000822,-0.161193906709410584
1.177000000000000934,-0.160036979111853161
1.178000000000000824,-0.158886631750793178
1.179000000000000714,-0.157742828204735369
1.180000000000000826,-0.156605532326851454
1.181000000000000938,-0.155474708242106463
1.182000000000000828,-0.154350320344465747
1.183000000000000718,-0.153232333294110873
1.184000000000000830,-0.152120712014683718
1.185000000000000941,-0.151015421690557511
1.186000000000000831,-0.149916427764173743
1.187000000000000721,-0.148823695933350708
1.188000000000000833,-0.147737192148676894
1.189000000000000945,-0.146656882610894879
1.190000000000000835,-0.145582733768339356
1.191000000000000725,-0.144514712314370630
1.192000000000000837,-0.143452785184906728
1.193000000000000949,-0.142396919555876023
1.194000000000000838,-0.141347082840809379
1.195000000000000728,-0.140303242688373853
1.196000000000000840,-0.139265366979986149
1.197000000000000952,-0.138233423827435142
1.198000000000000842,-0.137207381570517928
1.199000000000000732,-0.136187208774732671
1.200000000000000844,-0.135172874228957351
1.201000000000000956,-0.134164346943205504
1.202000000000000846,-0.133161596146354588
1.203000000000000735,-0.132164591283943256
1.204000000000000847,-0.131173302015952176
1.205000000000000959,-0.130187698214665193
1.206000000000000849,-0.129207749962486490
1.207000000000000739,-0.128233427549840961
1.208000000000000851,-0.127264701473066316
1.209000000000000963,-0.126301542432343261
1.210000000000000853,-0.125343921329637675
1.211000000000000743,-0.124391809266671302
1.212000000000000854,-0.123445177542925208
1.213000000000000966,-0.122503997653646085
1.214000000000000856,-0.121568241287898823
1.215000000000000746,-0.120637880326609007
1.216000000000000858,-0.119712886840671565
1.217000000000000970,-0.118793233089035513
1.218000000000000860,-0.117878891516839696
1.219000000000000750,-0.116969834753568661
1.220000000000000862,-0.116066035611208346
1.221000000000000973,-0.115167467082443409
1.222000000000000863,-0.114274102338876610
1.223000000000000753,-0.113385914729240908
1.224000000000000865,-0.112502877777671678
1.225000000000000977,-0.111624965181972333
1.226000000000000867,-0.110752150811896155
1.227000000000000757,-0.109884408707472805
1.228000000000000869,-0.109021713077317145
1.229000000000000981,-0.108164038297016818
1.230000000000000870,-0.107311358907455537
1.231000000000000760,-0.106463649613229294
1.232000000000000872,-0.105620885281053928
1.233000000000000984,-0.104783040938161237
1.234000000000000874,-0.103950091770780378
1.235000000000000764,-0.103122013122561529
1.236000000000000876,-0.102298780493079236
1.237000000000000988,-0.101480369536310233
1.238000000000000878,-0.100666756059165113
1.239000000000000767,-0.099857916019998424
1.240000000000000879,-0.099053825527167377
1.241000000000000991,-0.098254460837590152
1.242000000000000881,-0.097459798355327670
1.243000000000000771,-0.096669814630184286
1.244000000000000883,-0.095884486356303492
1.245000000000000995,-0.095103790370822325
1.246000000000000885,-0.094327703652496736
1.247000000000000774,-0.093556203320365613
1.248000000000000886,-0.092789266632426010
1.249000000000000998,-0.092026870984329795
1.250000000000000888,-0.091268993908087029
1.251000000000000778,-0.090515613070777573
1.252000000000000890,-0.089766706273301286
1.253000000000001002,-0.089022251449111689
1.254000000000000892,-0.088282226663003532
1.255000000000000782,-0.087546610109868278
1.256000000000000894,-0.086815380113500512
1.257000000000001005,-0.086088515125402096
1.258000000000000895,-0.085365993723608175
1.259000000000000785,-0.084647794611507496
1.260000000000000897,-0.083933896616707457
1.261000000000001009,-0.083224278689887243
1.262000000000000899,-0.082518919903667179
1.263000000000000789,-0.081817799451509104
1.264000000000000901,-0.081120896646610138
1.265000000000001013,-0.080428190920813353
1.266000000000000902,-0.079739661823537950
1.267000000000000792,-0.079055289020719871
1.268000000000000904,-0.078375052293754702
1.269000000000001016,-0.077698931538466312
1.270000000000000906,-0.077026906764086286
1.271000000000000796,-0.076358958092230284
1.272000000000000908,-0.075695065755901209
1.273000000000001020,-0.075035210098502558
1.274000000000000909,-0.074379371572861036
1.275000000000000799,-0.073727530740245711
1.276000000000000911,-0.073079668269436779
1.277000000000001023,-0.072435764935757985
1.278000000000000913,-0.071795801620157057
1.279000000000000803,-0.071159759308272300
1.280000000000000915,-0.070527619089542123
1.281000000000001027,-0.069899362156265771
1.282000000000000917,-0.069274969802752454
1.283000000000000806,-0.068654423424416730
1.284000000000000918,-0.068037704516915834
1.285000000000001030,-0.067424794675284061
1.286000000000000920,-0.066815675593094120
1.287000000000000810,-0.066210329061601042
1.288000000000000922,-0.065608736968928147
1.289000000000001034,-0.065010881299232076
1.290000000000000924,-0.064416744131892106
1.291000000000000814,-0.063826307640725860
1.292000000000000925,-0.063239554093167699
1.293000000000001037,-0.062656465849514911
1.294000000000000927,-0.062077025362129688
1.295000000000000817,-0.061501215174688720
1.296000000000000929,-0.060929017921417174
1.297000000000001041,-0.060360416326340191
1.298000000000000931,-0.059795393202559090
1.299000000000000821,-0.059233931451503810
1.300000000000000933,-0.058676014062213275
1.301000000000001044,-0.058121624110628690
1.302000000000000934,-0.057570744758880098
1.303000000000000824,-0.057023359254600448
1.304000000000000936,-0.056479450930215766
1.305000000000001048,-0.055939003202287084
1.306000000000000938,-0.055401999570830938
1.307000000000000828,-0.054868423618630778
1.308000000000000940,-0.054338259010607216
1.309000000000001052,-0.053811489493163188
1.310000000000000941,-0.053288098893530846
1.311000000000000831,-0.052768071119135618
1.312000000000000943,-0.052251390156967246
1.313000000000001055,-0.051738040072984305
1.314000000000000945,-0.051228005011466272
1.315000000000000835,-0.050721269194419404
1.316000000000000947,-0.050217816920978195
1.317000000000001059,-0.049717632566821129
1.318000000000000949,-0.049220700583562829
1.319000000000000838,-0.048727005498197286
1.320000000000000950,-0.048236531912513717
1.321000000000001062,-0.047749264502524792
1.322000000000000952,-0.047265188017919110
1.323000000000000842,-0.046784287281500254
1.324000000000000954,-0.046306547188648225
1.325000000000001066,-0.045831952706761284
1.326000000000000956,-0.045360488874743927
1.327000000000000846,-0.044892140802455162
1.328000000000000957,-0.044426893670210091
1.329000000000001069,-0.043964732728238261
1.330000000000000959,-0.043505643296198923
1.331000000000000849,-0.043049610762653935
1.332000000000000961,-0.042596620584579387
1.333000000000001073,-0.042146658286869067
1.334000000000000963,-0.041699709461854820
1.335000000000000853,-0.041255759768804474
1.336000000000000965,-0.040814794933469387
1.337000000000001076,-0.040376800747596912
1.338000000000000966,-0.039941763068466321
1.339000000000000856,-0.039509667818436942
1.340000000000000968,-0.039080500984476033
1.341000000000001080,-0.038654248617723132
1.342000000000000970,-0.038230896833039020
1.343000000000000860,-0.037810431808560169
1.344000000000000972,-0.037392839785271331
1.345000000000001084,-0.036978107066578413
1.346000000000000973,-0.036566220017863790
1.347000000000000863,-0.036157165066083886
1.348000000000000975,-0.035750928699340191
1.349000000000001087,-0.035347497466480651
1.350000000000000977,-0.034946857976676717
1.351000000000000867,-0.034548996899038717
1.352000000000000979,-0.034153900962191557
1.353000000000001091,-0.033761556953909068
1.354000000000000981,-0.033371951720717705
1.355000000000000870,-0.032985072167486910
1.356000000000000982,-0.032600905257079017
1.357000000000001094,-0.032219438009964969
1.358000000000000984,-0.031840657503834288
1.359000000000000874,-0.031464550873248613
1.360000000000000986,-0.031091105309265527
1.361000000000001098,-0.030720308059085356
1.362000000000000988,-0.030352146425677677
1.363000000000000878,-0.029986607767450619
1.364000000000000989,-0.029623679497895176
1.365000000000001101,-0.029263349085228256
1.366000000000000991,-0.028905604052063667
1.367000000000000881,-0.028550431975072732
1.368000000000000993,-0.028197820484647494
1.369000000000001105,-0.027847757264573024
1.370000000000000995,-0.027500230051696262
1.371000000000000885,-0.027155226635606829
1.372000000000000997,-0.026812734858317346
1.373000000000001108,-0.026472742613954697
1.374000000000000998,-0.026135237848409897
1.375000000000000888,-0.025800208559090064
1.376000000000001000,-0.025467642794556232
1.377000000000001112,-0.025137528654254719
1.378000000000001002,-0.024809854288197104
1.379000000000000892,-0.024484607896676076
1.380000000000001004,-0.024161777729962152
1.381000000000001116,-0.023841352088026492
1.382000000000001005,-0.023523319320237039
1.383000000000000895,-0.023207667825083187
1.384000000000001007,-0.022894386049896860
1.385000000000001119,-0.022583462490565968
1.386000000000001009,-0.022274885691268741
1.387000000000000899,-0.021968644244181962
1.388000000000001011,-0.021664726789248422
1.389000000000001123,-0.021363122013858659
1.390000000000001013,-0.021063818652628984
1.391000000000000902,-0.020766805487117894
1.392000000000001014,-0.020472071345576194
1.393000000000001126,-0.020179605102682588
1.394000000000001016,-0.019889395679304513
1.395000000000000906,-0.019601432042229524
1.396000000000001018,-0.019315703203919794
1.397000000000001130,-0.019032198222280795
1.398000000000001020,-0.018750906200403671
1.399000000000000909,-0.018471816286325087
1.400000000000001021,-0.018194917672788580
1.401000000000001133,-0.017920199597020452
1.402000000000001023,-0.017647651340474798
1.403000000000000913,-0.017377262228616509
1.404000000000001025,-0.017109021630690092
1.405000000000001137,-0.016842918959485347
1.406000000000001027,-0.016578943671116220
1.407000000000000917,-0.016317085264812299
1.408000000000001029,-0.016057333282664697
1.409000000000001140,-0.015799677309444128
1.410000000000001030,-0.015544106972360399
1.411000000000000920,-0.015290611940857244
1.412000000000001032,-0.015039181926399353
1.413000000000001144,-0.014789806682262468
1.414000000000001034,-0.014542476003324450
1.415000000000000924,-0.014297179725853560
1.416000000000001036,-0.014053907727319639
1.417000000000001148,-0.013812649926176456
1.418000000000001037,-0.013573396281668879
1.419000000000000927,-0.013336136793630163
1.420000000000001039,-0.013100861502286889
1.421000000000001151,-0.012867560488070185
1.422000000000001041,-0.012636223871418361
1.423000000000000931,-0.012406841812575313
1.424000000000001043,-0.012179404511418444
1.425000000000001155,-0.011953902207261811
1.426000000000001044,-0.011730325178672093
1.427000000000000934,-0.011508663743287049
1.428000000000001046,-0.011288908257625090
1.429000000000001158,-0.011071049116906454
1.430000000000001048,-0.010855076754883664
1.431000000000000938,-0.010640981643654384
1.432000000000001050,-0.010428754293486397
1.433000000000001162,-0.010218385252645627
1.434000000000001052,-0.010009865107218741
1.435000000000000941,-0.009803184480950911
1.436000000000001053,-0.009598334035065473
1.437000000000001165,-0.009395304468093710
1.438000000000001055,-0.009194086515728212
1.439000000000000945,-0.008994670950632711
1.440000000000001057,-0.008797048582293158
1.441000000000001169,-0.008601210256839764
1.442000000000001059,-0.008407146856904980
1.443000000000000949,-0.008214849301457810
1.444000000000001060,-0.008024308545634139
1.445000000000001172,-0.007835515580585282
1.446000000000001062,-0.007648461433334221
1.447000000000000952,-0.007463137166598357
1.448000000000001064,-0.007279533878656133
1.449000000000001176,-0.007097642703190956
1.450000000000001066,-0.006917454809122261
1.451000000000000956,-0.006738961400481649
1.452000000000001068,-0.006562153716251129
1.453000000000001180,-0.006387023030212625
1.454000000000001069,-0.006213560650814247
1.455000000000000959,-0.006041757921012358
1.456000000000001071,-0.005871606218132043
1.457000000000001183,-0.005703096953734934
1.458000000000001073,-0.005536221573464681
1.459000000000000963,-0.005370971556905339
1.460000000000001075,-0.005207338417455976
1.461000000000001187,-0.005045313702174342
1.462000000000001076,-0.004884888991666471
1.463000000000000966,-0.004726055899917312
1.464000000000001078,-0.004568806074175212
1.465000000000001190,-0.004413131194830120
1.466000000000001080,-0.004259022975241586
1.467000000000000970,-0.004106473161648275
1.468000000000001082,-0.003955473533016629
1.469000000000001194,-0.003806015900907622
1.470000000000001084,-0.003658092109358788
1.471000000000000973,-0.003511694034747065
1.472000000000001085,-0.003366813585670342
1.473000000000001197,-0.003223442702816999
1.474000000000001087,-0.003081573358836029
1.475000000000000977,-0.002941197558214972
1.476000000000001089,-0.002802307337166376
1.477000000000001201,-0.002664894763491457
1.478000000000001091,-0.002528951936461594
1.479000000000000981,-0.002394470986707504
1.480000000000001092,-0.002261444076078013
1.481000000000001204,-0.002129863397547930
1.482000000000001094,-0.001999721175072020
1.483000000000000984,-0.001871009663493970
1.484000000000001096,-0.001743721148414504
1.485000000000001208,-0.001617847946061482
1.486000000000001098,-0.001493382403209338
1.487000000000000988,-0.001370316897037455
1.488000000000001100,-0.001248643835022756
1.489000000000001211,-0.001128355654828950
1.490000000000001101,-0.001009444824201092
1.491000000000000991,-0.000891903840831234
1.492000000000001103,-0.000775725232282547
1.493000000000001215,-0.000660901555843569
1.494000000000001105,-0.000547425398440896
1.495000000000000995,-0.000435289376524771
1.496000000000001107,-0.000324486135962394
1.497000000000001219,-0.000215008351920314
1.498000000000001108,-0.000106848728779703
1.499000000000000998,0.000000000000000000
