# AlFCC100UCD_BSAI1
# h[nm],U(h)[kJ/mol]
0.149999999999999994,119.659795729125832509
0.150999999999999995,115.850476031703507829
0.151999999999999996,111.846999040673949821
0.152999999999999997,107.873547979728556356
0.153999999999999998,104.032173541204812750
0.154999999999999999,100.352249950081471752
0.156000000000000000,96.824840582251184173
0.157000000000000001,93.424994743989216772
0.158000000000000002,90.125032181196701231
0.159000000000000002,86.901499179945801643
0.160000000000000003,83.737960017293872284
0.161000000000000004,80.625260016308956779
0.162000000000000005,77.560429081174817156
0.163000000000000006,74.545012858453446825
0.164000000000000007,71.583325127494674689
0.165000000000000008,68.680900807390315777
0.166000000000000009,65.843280633512762279
0.167000000000000010,63.075161870720990009
0.168000000000000010,60.379891319831997976
0.169000000000000011,57.759246266112469925
0.170000000000000012,55.213437050292426989
0.171000000000000013,52.741264836300821628
0.172000000000000014,50.340374934609556590
0.173000000000000015,48.007556222827751924
0.174000000000000016,45.739048450017683933
0.175000000000000017,43.530830053470559449
0.176000000000000018,41.378868724029182147
0.177000000000000018,39.279324936978653682
0.178000000000000019,37.228704921559781837
0.179000000000000020,35.223964157484616067
0.180000000000000021,33.262565648664789819
0.181000000000000022,31.342499167530796456
0.182000000000000023,29.462268633467623147
0.183000000000000024,27.620855019446985068
0.184000000000000025,25.817661880067106495
0.185000000000000026,24.052449938685651176
0.186000000000000026,22.325266305030055491
0.187000000000000027,20.636372930002572446
0.188000000000000028,18.986177925406501288
0.189000000000000029,17.375172442620932856
0.190000000000000030,15.803874955188920381
0.191000000000000031,14.272784048988139460
0.192000000000000032,12.782340200718060430
0.193000000000000033,11.332896522153340868
0.194000000000000034,9.924698058702130510
0.195000000000000034,8.557868946627088746
0.196000000000000035,7.232406541633940478
0.197000000000000036,5.948181518971217940
0.198000000000000037,4.704942898077730362
0.199000000000000038,3.502326950028997743
0.200000000000000039,2.339868991422613842
0.201000000000000040,1.217017143032399051
0.202000000000000041,0.133147226103094429
0.203000000000000042,-0.912421924439135168
0.204000000000000042,-1.920413338891430843
0.205000000000000043,-2.891577481075113365
0.206000000000000044,-3.826678895544811443
0.207000000000000045,-4.726484222388814160
0.208000000000000046,-5.591751776466638901
0.209000000000000047,-6.423222806354483616
0.210000000000000048,-7.221614477597458226
0.211000000000000049,-7.987614565227684871
0.212000000000000050,-8.721877791641734490
0.213000000000000050,-9.425023707278047169
0.214000000000000051,-10.097635982337338945
0.215000000000000052,-10.740262957143508871
0.216000000000000053,-11.353419285674682726
0.217000000000000054,-11.937588500300284622
0.218000000000000055,-12.493226324843261565
0.219000000000000056,-13.020764566787894623
0.220000000000000057,-13.520615426874453391
0.221000000000000058,-13.993176074625633731
0.222000000000000058,-14.438833350796164368
0.223000000000000059,-14.857968471651247455
0.224000000000000060,-15.250961624788718751
0.225000000000000061,-15.618196361425921381
0.226000000000000062,-15.960063705258187738
0.227000000000000063,-16.276965912823090576
0.228000000000000064,-16.569319834498298150
0.229000000000000065,-16.837559838614705399
0.230000000000000066,-17.082140273521588369
0.231000000000000066,-17.303537453695415849
0.232000000000000067,-17.502251166071065569
0.233000000000000068,-17.678805701667823058
0.234000000000000069,-17.833750425281891694
0.235000000000000070,-17.967659902549051765
0.236000000000000071,-18.081133609089420133
0.237000000000000072,-18.174795250791639489
0.238000000000000073,-18.249291727645982064
0.239000000000000073,-18.305291775972982293
0.240000000000000074,-18.343484325501222543
0.241000000000000075,-18.364576608607315222
0.242000000000000076,-18.369292059230808434
0.243000000000000077,-18.358368038599557792
0.244000000000000078,-18.332553424029846667
0.245000000000000079,-18.292606095775447272
0.246000000000000080,-18.239290355266938093
0.247000000000000081,-18.173374306172853210
0.248000000000000081,-18.095627227590650676
0.249000000000000082,-18.006816966395398083
0.250000000000000111,-17.907707373388781491
0.251000000000000112,-17.799055805444591982
0.252000000000000113,-17.681610713382475808
0.253000000000000114,-17.556109332849906934
0.254000000000000115,-17.423275493087810872
0.255000000000000115,-17.283817556118453496
0.256000000000000116,-17.138426496649678654
0.257000000000000117,-16.987774130851725829
0.258000000000000118,-16.832511500145564298
0.259000000000000119,-16.673267414254869578
0.260000000000000120,-16.510647156024660376
0.261000000000000121,-16.345231348900679080
0.262000000000000122,-16.177574986499507759
0.263000000000000123,-16.008206622377315398
0.264000000000000123,-15.837627716925805288
0.265000000000000124,-15.666312137281664718
0.266000000000000125,-15.494705805228912610
0.267000000000000126,-15.323226487293917231
0.268000000000000127,-15.152263720576524264
0.269000000000000128,-14.982178867320039117
0.270000000000000129,-14.813305290790111712
0.271000000000000130,-14.645948644701871189
0.272000000000000131,-14.480387268196812656
0.273000000000000131,-14.316872678219116466
0.274000000000000132,-14.155630151067914113
0.275000000000000133,-13.996859384899101642
0.276000000000000134,-13.840735235011146997
0.277000000000000135,-13.687408513866724746
0.278000000000000136,-13.537006847968907408
0.279000000000000137,-13.389635583920398432
0.280000000000000138,-13.245378736242207296
0.281000000000000139,-13.104299969805932591
0.282000000000000139,-12.966443610039027234
0.283000000000000140,-12.831835674387537694
0.284000000000000141,-12.700484918862867900
0.285000000000000142,-12.572383893853221082
0.286000000000000143,-12.447510003742621620
0.287000000000000144,-12.325826565247457012
0.288000000000000145,-12.207283859749489707
0.289000000000000146,-12.091820175271504212
0.290000000000000147,-11.979362834105842239
0.291000000000000147,-11.869829202463778373
0.292000000000000148,-11.763127678864167436
0.293000000000000149,-11.659158658320137647
0.294000000000000150,-11.557815469712547696
0.295000000000000151,-11.458985284056922183
0.296000000000000152,-11.362549991675010119
0.297000000000000153,-11.268387046573755228
0.298000000000000154,-11.176370276610708032
0.299000000000000155,-11.086370658287483693
0.300000000000000155,-10.998257055259674786
0.301000000000000156,-10.911896919883822932
0.302000000000000157,-10.827156957338633703
0.303000000000000158,-10.743903752059843271
0.304000000000000159,-10.662004356414712447
0.305000000000000160,-10.581326841714652431
0.306000000000000161,-10.501740811822541488
0.307000000000000162,-10.423117879755515958
0.308000000000000163,-10.345332107814554590
0.309000000000000163,-10.268260411890260286
0.310000000000000164,-10.191782930699305965
0.311000000000000165,-10.115783360799472490
0.312000000000000166,-10.040149258313299185
0.313000000000000167,-9.964772308361620645
0.314000000000000168,-9.889548563269105586
0.315000000000000169,-9.814378650655571690
0.316000000000000170,-9.739167952569054876
0.317000000000000171,-9.663826756850559363
0.318000000000000171,-9.588270381946212950
0.319000000000000172,-9.512419276401541168
0.320000000000000173,-9.436199094283997724
0.321000000000000174,-9.359540747785729309
0.322000000000000175,-9.282380438258215349
0.323000000000000176,-9.204659666925074646
0.324000000000000177,-9.126325226508942734
0.325000000000000178,-9.047329174993850032
0.326000000000000179,-8.967628792726147324
0.327000000000000179,-8.887186524034882851
0.328000000000000180,-8.805969904527591652
0.329000000000000181,-8.723951475190037996
0.330000000000000182,-8.641108684387681649
0.331000000000000183,-8.557423778835341110
0.332000000000000184,-8.472883684567012352
0.333000000000000185,-8.387479878903006281
0.334000000000000186,-8.301208254374936146
0.335000000000000187,-8.214068975531743533
0.336000000000000187,-8.126066329512235953
0.337000000000000188,-8.037208571230692655
0.338000000000000189,-7.947507763983905349
0.339000000000000190,-7.856979616248858989
0.340000000000000191,-7.765643315401510094
0.341000000000000192,-7.673521359049193968
0.342000000000000193,-7.580639384630133648
0.343000000000000194,-7.487025997896898488
0.344000000000000195,-7.392712600862770600
0.345000000000000195,-7.297733219754301004
0.346000000000000196,-7.202124333477250673
0.347000000000000197,-7.105924703068723147
0.348000000000000198,-7.009175202574351893
0.349000000000000199,-6.911918651756463028
0.350000000000000200,-6.814199651007625036
0.351000000000000201,-6.716064418812733194
0.352000000000000202,-6.617560632073484328
0.353000000000000203,-6.518737269580336502
0.354000000000000203,-6.419644458889417038
0.355000000000000204,-6.320333326835720911
0.356000000000000205,-6.220855853888540565
0.357000000000000206,-6.121264732531080277
0.358000000000000207,-6.021613229823044477
0.359000000000000208,-5.921955054283411179
0.360000000000000209,-5.822344227209660161
0.361000000000000210,-5.722834958530105709
0.362000000000000210,-5.623481527267442104
0.363000000000000211,-5.524338166674120032
0.364000000000000212,-5.425458954083596019
0.365000000000000213,-5.326897705506088876
0.366000000000000214,-5.228707874982935877
0.367000000000000215,-5.130942458700103792
0.368000000000000216,-5.033653903848873234
0.369000000000000217,-4.936894022209784794
0.370000000000000218,-4.840713908425355427
0.371000000000000218,-4.745163862916786712
0.372000000000000219,-4.650293319390838676
0.373000000000000220,-4.556150776874538622
0.374000000000000221,-4.462783736207694751
0.375000000000000222,-4.370238640916142003
0.376000000000000223,-4.278560822382413420
0.377000000000000224,-4.187794449224746529
0.378000000000000225,-4.097982480790439475
0.379000000000000226,-4.009166624664851852
0.380000000000000226,-3.921387298093744533
0.381000000000000227,-3.834683593212930841
0.382000000000000228,-3.749093245976604205
0.383000000000000229,-3.664652608673150347
0.384000000000000230,-3.581396625915175491
0.385000000000000231,-3.499358813989252415
0.386000000000000232,-3.418571243449303410
0.387000000000000233,-3.339064524837067616
0.388000000000000234,-3.260867797412419833
0.389000000000000234,-3.184008720776402512
0.390000000000000235,-3.108513469269646556
0.391000000000000236,-3.034406729029716310
0.392000000000000237,-2.961711697591167258
0.393000000000000238,-2.890450085913437661
0.394000000000000239,-2.820642122722462286
0.395000000000000240,-2.752306561053524891
0.396000000000000241,-2.685460686884226345
0.397000000000000242,-2.620120329748135024
0.398000000000000242,-2.556299875221641038
0.399000000000000243,-2.494012279178333458
0.400000000000000244,-2.433269083707320313
0.401000000000000245,-2.374080434594360245
0.402000000000000246,-2.316455100266566980
0.403000000000000247,-2.260400492104017278
0.404000000000000248,-2.205922686024119450
0.405000000000000249,-2.153026445246871479
0.406000000000000250,-2.101715244151823203
0.407000000000000250,-2.051991293140112305
0.408000000000000251,-2.003855564417472035
0.409000000000000252,-1.957307818616951467
0.410000000000000253,-1.912346632182381656
0.411000000000000254,-1.868969425436725729
0.412000000000000255,-1.827172491261648046
0.413000000000000256,-1.786951024317696923
0.414000000000000257,-1.748299150736771113
0.415000000000000258,-1.711209958221487026
0.416000000000000258,-1.675675526488391798
0.417000000000000259,-1.641686957994734630
0.418000000000000260,-1.609234408890965140
0.419000000000000261,-1.578307120143600750
0.420000000000000262,-1.548893448775698234
0.421000000000000263,-1.520980899174538603
0.422000000000000264,-1.494556154418414051
0.423000000000000265,-1.469605107576952507
0.424000000000000266,-1.446112892941621597
0.425000000000000266,-1.424063917145217628
0.426000000000000267,-1.403441890131479131
0.427000000000000268,-1.384229855938066134
0.428000000000000269,-1.366410223258195389
0.429000000000000270,-1.349964795748297641
0.430000000000000271,-1.334874802051083664
0.431000000000000272,-1.321120925505235855
0.432000000000000273,-1.308683333514911507
0.433000000000000274,-1.297541706553999585
0.434000000000000274,-1.287675266781898920
0.435000000000000275,-1.279062806249139594
0.436000000000000276,-1.271682714673055825
0.437000000000000277,-1.265513006765050186
0.438000000000000278,-1.260531349092708142
0.439000000000000279,-1.256715086461450026
0.440000000000000280,-1.254041267801778492
0.441000000000000281,-1.252486671549589259
0.442000000000000282,-1.252027830508430029
0.443000000000000282,-1.252641056183606993
0.444000000000000283,-1.254302462579547361
0.445000000000000284,-1.256987989452781340
0.446000000000000285,-1.260673425014054994
0.447000000000000286,-1.265334428074288642
0.448000000000000287,-1.270946549629857980
0.449000000000000288,-1.277485253883912097
0.450000000000000289,-1.284925938701174664
0.451000000000000290,-1.293243955494618458
0.452000000000000290,-1.302414628543264952
0.453000000000000291,-1.312413273741098063
0.454000000000000292,-1.323215216777868575
0.455000000000000293,-1.334795810753262701
0.456000000000000294,-1.347130453226581981
0.457000000000000295,-1.360194602704674294
0.458000000000000296,-1.373963794571569252
0.459000000000000297,-1.388413656463648449
0.460000000000000298,-1.403519923094916688
0.461000000000000298,-1.419258450537182581
0.462000000000000299,-1.435605229960727369
0.463000000000000300,-1.452536400841139663
0.464000000000000301,-1.470028263638661681
0.465000000000000302,-1.488057291956547568
0.466000000000000303,-1.506600144185523682
0.467000000000000304,-1.525633674641413418
0.468000000000000305,-1.545134944203641725
0.469000000000000306,-1.565081230462339379
0.470000000000000306,-1.585450037382097888
0.471000000000000307,-1.606219104490651306
0.472000000000000308,-1.627366415600957739
0.473000000000000309,-1.648870207075275429
0.474000000000000310,-1.670708975639990879
0.475000000000000311,-1.692861485760241980
0.476000000000000312,-1.715306776583154669
0.477000000000000313,-1.738024168459042285
0.478000000000000314,-1.760993269049596632
0.479000000000000314,-1.784193979032473010
0.480000000000000315,-1.807606497411483604
0.481000000000000316,-1.831211326441863019
0.482000000000000317,-1.854989276179887625
0.483000000000000318,-1.878921468666306938
0.484000000000000319,-1.902989341752933772
0.485000000000000320,-1.927174652581775671
0.486000000000000321,-1.951459480726070783
0.487000000000000322,-1.975826231002483002
0.488000000000000322,-2.000257635963792691
0.489000000000000323,-2.024736758081204790
0.490000000000000324,-2.049246991625503611
0.491000000000000325,-2.073772064256074188
0.492000000000000326,-2.098296038326789681
0.493000000000000327,-2.122803311917691449
0.494000000000000328,-2.147278619601253435
0.495000000000000329,-2.171707032951990080
0.496000000000000330,-2.196073960807951142
0.497000000000000330,-2.220365149292701457
0.498000000000000331,-2.244566681606102510
0.499000000000000332,-2.268664977592180776
0.500000000000000333,-2.292646793092281587
0.501000000000000334,-2.316499219091492368
0.502000000000000335,-2.340209680666244019
0.503000000000000336,-2.363765935740856694
0.504000000000000337,-2.387156073660683386
0.505000000000000338,-2.410368513589317807
0.506000000000000338,-2.433392002737240212
0.507000000000000339,-2.456215614429142047
0.508000000000000340,-2.478828746016975781
0.509000000000000341,-2.501221116645670595
0.510000000000000342,-2.523382764878329798
0.511000000000000343,-2.545304046187547797
0.512000000000000344,-2.566975630319344948
0.513000000000000345,-2.588388498536058346
0.514000000000000346,-2.609533940744496849
0.515000000000000346,-2.630403552515294674
0.516000000000000347,-2.650989231999496987
0.517000000000000348,-2.671283176748119548
0.518000000000000349,-2.691277880440321013
0.519000000000000350,-2.710966129525673729
0.520000000000000351,-2.730340999785926925
0.521000000000000352,-2.749395852821435504
0.522000000000000353,-2.768124332467314819
0.523000000000000353,-2.786520361144331215
0.524000000000000354,-2.804578136149226353
0.525000000000000355,-2.822292125889217740
0.526000000000000356,-2.839657066065147006
0.527000000000000357,-2.856667955807671522
0.528000000000000358,-2.873320053770859861
0.529000000000000359,-2.889608874187110210
0.530000000000000360,-2.905530182887641644
0.531000000000000361,-2.921079993292242882
0.532000000000000361,-2.936254562372160315
0.533000000000000362,-2.951050386589644248
0.534000000000000363,-2.965464197817772263
0.535000000000000364,-2.979492959243858152
0.536000000000000365,-2.993133861259746897
0.537000000000000366,-3.006384317342182033
0.538000000000000367,-3.019241959926232344
0.539000000000000368,-3.031704636274787035
0.540000000000000369,-3.043770404346881175
0.541000000000000369,-3.055437528667622082
0.542000000000000370,-3.066704476202291918
0.543000000000000371,-3.077569912237187566
0.544000000000000372,-3.088032696269574995
0.545000000000000373,-3.098091877909086467
0.546000000000000374,-3.107746692792809906
0.547000000000000375,-3.116996558516132776
0.548000000000000376,-3.125841070581476977
0.549000000000000377,-3.134279998366757081
0.550000000000000377,-3.142313281115531431
0.551000000000000378,-3.149941023950526997
0.552000000000000379,-3.157163493912312102
0.553000000000000380,-3.163981116024662477
0.554000000000000381,-3.170394469388185588
0.555000000000000382,-3.176404283303678078
0.556000000000000383,-3.182011433426526370
0.557000000000000384,-3.187216937953549323
0.558000000000000385,-3.192021953843434900
0.559000000000000385,-3.196427773072007650
0.560000000000000386,-3.200435818923366149
0.561000000000000387,-3.204047642317978450
0.562000000000000388,-3.207264918178664992
0.563000000000000389,-3.210089441835412227
0.564000000000000390,-3.212523125469826546
0.565000000000000391,-3.214567994600067813
0.566000000000000392,-3.216226184606964189
0.567000000000000393,-3.217499937302002344
0.568000000000000393,-3.218391597537805460
0.569000000000000394,-3.218903609861700765
0.570000000000000395,-3.219038515212912621
0.571000000000000396,-3.218798947663775500
0.572000000000000397,-3.218187631205537969
0.573000000000000398,-3.217207376579028555
0.574000000000000399,-3.215861078150580532
0.575000000000000400,-3.214151710833521580
0.576000000000000401,-3.212082327055449493
0.577000000000000401,-3.209656053771593687
0.578000000000000402,-3.206876089524366868
0.579000000000000403,-3.203745701549295610
0.580000000000000404,-3.200268222927467487
0.581000000000000405,-3.196447049784528094
0.582000000000000406,-3.192285638536312753
0.583000000000000407,-3.187787503181105819
0.584000000000000408,-3.182956212638559101
0.585000000000000409,-3.177795388135169929
0.586000000000000409,-3.172308700636288670
0.587000000000000410,-3.166499868324593514
0.588000000000000411,-3.160372654124807390
0.589000000000000412,-3.153930863274660545
0.590000000000000413,-3.147178340941785724
0.591000000000000414,-3.140118969886483313
0.592000000000000415,-3.132756668170066483
0.593000000000000416,-3.125095386908574469
0.594000000000000417,-3.117139108071639964
0.595000000000000417,-3.108891842326213073
0.596000000000000418,-3.100357626924831855
0.597000000000000419,-3.091540523638239613
0.598000000000000420,-3.082444616731883080
0.599000000000000421,-3.073074010986124982
0.600000000000000422,-3.063432829759685561
0.601000000000000423,-3.053525213096043078
0.602000000000000424,-3.043355315872387390
0.603000000000000425,-3.032927305990778422
0.604000000000000425,-3.022245362611041930
0.605000000000000426,-3.011313674425098341
0.606000000000000427,-3.000136437972254377
0.607000000000000428,-2.988717855995008943
0.608000000000000429,-2.977062135835032652
0.609000000000000430,-2.965173487868782765
0.610000000000000431,-2.953056123982399583
0.611000000000000432,-2.940714256085344758
0.612000000000000433,-2.928152094662396898
0.613000000000000433,-2.915373847363506687
0.614000000000000434,-2.902383717631049187
0.615000000000000435,-2.889185903363973296
0.616000000000000436,-2.875784595618440243
0.617000000000000437,-2.862183977344396002
0.618000000000000438,-2.848388222157645089
0.619000000000000439,-2.834401493146883055
0.620000000000000440,-2.820227941715289344
0.621000000000000441,-2.805871706456075199
0.622000000000000441,-2.791336912061604281
0.623000000000000442,-2.776627668265495341
0.624000000000000443,-2.761748068817293067
0.625000000000000444,-2.746702190489155537
0.626000000000000445,-2.731494092114076011
0.627000000000000446,-2.716127813655174972
0.628000000000000447,-2.700607375305522417
0.629000000000000448,-2.684936776618026322
0.630000000000000449,-2.669119995664854805
0.631000000000000449,-2.653160988225965689
0.632000000000000450,-2.637063687006193646
0.633000000000000451,-2.620832000880423784
0.634000000000000452,-2.604469814166375130
0.635000000000000453,-2.587980985924481558
0.636000000000000454,-2.571369349284423400
0.637000000000000455,-2.554638710797805690
0.638000000000000456,-2.537792849816500329
0.639000000000000457,-2.520835517896192535
0.640000000000000457,-2.503770438224664829
0.641000000000000458,-2.486601305074300772
0.642000000000000459,-2.469331783278438053
0.643000000000000460,-2.451965507730994087
0.644000000000000461,-2.434506082909002167
0.645000000000000462,-2.416957082417553249
0.646000000000000463,-2.399322048556685072
0.647000000000000464,-2.381604491909820265
0.648000000000000465,-2.363807890953266266
0.649000000000000465,-2.345935691686348523
0.650000000000000466,-2.327991307281763955
0.651000000000000467,-2.309978117755691951
0.652000000000000468,-2.291899469657269428
0.653000000000000469,-2.273758675776967220
0.654000000000000470,-2.255559014873525392
0.655000000000000471,-2.237303731418941677
0.656000000000000472,-2.218996035361181729
0.657000000000000473,-2.200639101904164008
0.658000000000000473,-2.182236071304656466
0.659000000000000474,-2.163790048685657830
0.660000000000000475,-2.145304103865912637
0.661000000000000476,-2.126781271205126167
0.662000000000000477,-2.108224549464574160
0.663000000000000478,-2.089636901682659254
0.664000000000000479,-2.071021255065101041
0.665000000000000480,-2.052380500889357862
0.666000000000000481,-2.033717494422978778
0.667000000000000481,-2.015035054855436325
0.668000000000000482,-1.996335965243213106
0.669000000000000483,-1.977622972467703022
0.670000000000000484,-1.958898787205625824
0.671000000000000485,-1.940166083911642358
0.672000000000000486,-1.921427500812788791
0.673000000000000487,-1.902685639914491800
0.674000000000000488,-1.883943067017735062
0.675000000000000488,-1.865202311747160335
0.676000000000000489,-1.846465867589780485
0.677000000000000490,-1.827736191943923227
0.678000000000000491,-1.809015706178226823
0.679000000000000492,-1.790306795700305376
0.680000000000000493,-1.771611810034823709
0.681000000000000494,-1.752933062910717599
0.682000000000000495,-1.734272832357241168
0.683000000000000496,-1.715633360808628272
0.684000000000000496,-1.697016855217015063
0.685000000000000497,-1.678425487173459185
0.686000000000000498,-1.659861393036696331
0.687000000000000499,-1.641326674069468083
0.688000000000000500,-1.622823396582103728
0.689000000000000501,-1.604353592083151536
0.690000000000000502,-1.585919257436817720
0.691000000000000503,-1.567522355026934155
0.692000000000000504,-1.549164812927277701
0.693000000000000504,-1.530848525078003730
0.694000000000000505,-1.512575351467912110
0.695000000000000506,-1.494347118322429280
0.696000000000000507,-1.476165618296993554
0.697000000000000508,-1.458032610675687346
0.698000000000000509,-1.439949821574933120
0.699000000000000510,-1.421918944151950415
0.700000000000000511,-1.403941638817922666
0.701000000000000512,-1.386019533455536301
0.702000000000000512,-1.368154223640813072
0.703000000000000513,-1.350347272868984705
0.704000000000000514,-1.332600212784259774
0.705000000000000515,-1.314914543413286951
0.706000000000000516,-1.297291733402162528
0.707000000000000517,-1.279733220256783488
0.708000000000000518,-1.262240410586406458
0.709000000000000519,-1.244814680350250669
0.710000000000000520,-1.227457375106943527
0.711000000000000520,-1.210169810266722656
0.712000000000000521,-1.192953271346174127
0.713000000000000522,-1.175809014225407179
0.714000000000000523,-1.158738265407508905
0.715000000000000524,-1.141742222280109020
0.716000000000000525,-1.124822053378967235
0.717000000000000526,-1.107978898653400046
0.718000000000000527,-1.091213869733448361
0.719000000000000528,-1.074528050198633844
0.720000000000000528,-1.057922495848223399
0.721000000000000529,-1.041398234972787940
0.722000000000000530,-1.024956268627062794
0.723000000000000531,-1.008597570903874141
0.724000000000000532,-0.992323089209102394
0.725000000000000533,-0.976133744537533099
0.726000000000000534,-0.960030431749481550
0.727000000000000535,-0.944014019848123276
0.728000000000000536,-0.928085352257391305
0.729000000000000536,-0.912245247100358037
0.730000000000000537,-0.896494497478021124
0.731000000000000538,-0.880833871748343711
0.732000000000000539,-0.865264113805547574
0.733000000000000540,-0.849785943359470997
0.734000000000000541,-0.834400056214989361
0.735000000000000542,-0.819107124551344712
0.736000000000000543,-0.803907797201392271
0.737000000000000544,-0.788802699930551077
0.738000000000000544,-0.773792435715548121
0.739000000000000545,-0.758877585022717183
0.740000000000000546,-0.744058706085915733
0.741000000000000547,-0.729336335183891404
0.742000000000000548,-0.714710986917109770
0.743000000000000549,-0.700183154483899783
0.744000000000000550,-0.685753309955910773
0.745000000000000551,-0.671421904552813475
0.746000000000000552,-0.657189368916144323
0.747000000000000552,-0.643056113382298844
0.748000000000000553,-0.629022528254553737
0.749000000000000554,-0.615088984074098843
0.750000000000000555,-0.601255831890047276
0.751000000000000556,-0.587523403528315447
0.752000000000000557,-0.573892011859379769
0.753000000000000558,-0.560361951064821118
0.754000000000000559,-0.546933496902662464
0.755000000000000560,-0.533606906971390460
0.756000000000000560,-0.520382420972686166
0.757000000000000561,-0.507260260972762667
0.758000000000000562,-0.494240631662318630
0.759000000000000563,-0.481323720615064954
0.760000000000000564,-0.468509698544752440
0.761000000000000565,-0.455798719560701948
0.762000000000000566,-0.443190921421792949
0.763000000000000567,-0.430686425788896099
0.764000000000000568,-0.418285338475662016
0.765000000000000568,-0.405987749697729328
0.766000000000000569,-0.393793734320237843
0.767000000000000570,-0.381703352103672511
0.768000000000000571,-0.369716647947991583
0.769000000000000572,-0.357833652135027491
0.770000000000000573,-0.346054380569133069
0.771000000000000574,-0.334378835016041154
0.772000000000000575,-0.322807003339946774
0.773000000000000576,-0.311338859738737761
0.774000000000000576,-0.299974364977432795
0.775000000000000577,-0.288713466619750170
0.776000000000000578,-0.277556099257785072
0.777000000000000579,-0.266502184739865478
0.778000000000000580,-0.255551632396441242
0.779000000000000581,-0.244704339264120302
0.780000000000000582,-0.233960190307744481
0.781000000000000583,-0.223319058640572832
0.782000000000000584,-0.212780805742474655
0.783000000000000584,-0.202345281676212407
0.784000000000000585,-0.192012325301748332
0.785000000000000586,-0.181781764488565145
0.786000000000000587,-0.171653416326048636
0.787000000000000588,-0.161627087331857433
0.788000000000000589,-0.151702573658309386
0.789000000000000590,-0.141879661296798798
0.790000000000000591,-0.132158126280183308
0.791000000000000592,-0.122537734883207336
0.792000000000000592,-0.113018243820887182
0.793000000000000593,-0.103599400444923620
0.794000000000000594,-0.094280942938090376
0.795000000000000595,-0.085062600506620289
0.796000000000000596,-0.075944093570581003
0.797000000000000597,-0.066925133952262877
0.798000000000000598,-0.058005425062533575
0.799000000000000599,-0.049184662085202745
0.800000000000000600,-0.040462532159399080
0.801000000000000600,-0.031838714559916693
0.802000000000000601,-0.023312880875589193
0.803000000000000602,-0.014884695185665753
0.804000000000000603,-0.006553814234192368
0.805000000000000604,0.001680112397585065
0.806000000000000605,0.009817442120807152
0.807000000000000606,0.017858539170538878
0.808000000000000607,0.025803774439316716
0.809000000000000608,0.033653525312612308
0.810000000000000608,0.041408175506274826
0.811000000000000609,0.049068114905941693
0.812000000000000610,0.056633739408346616
0.813000000000000611,0.064105450764605415
0.814000000000000612,0.071483656425408174
0.815000000000000613,0.078768769388115681
0.816000000000000614,0.085961208045807799
0.817000000000000615,0.093061396038194466
0.818000000000000616,0.100069762104429222
0.819000000000000616,0.106986739937818348
0.820000000000000617,0.113812768042393084
0.821000000000000618,0.120548289591349583
0.822000000000000619,0.127193752287325296
0.823000000000000620,0.133749608224547734
0.824000000000000621,0.140216313752798222
0.825000000000000622,0.146594329343195134
0.826000000000000623,0.152884119455796996
0.827000000000000624,0.159086152409002757
0.828000000000000624,0.165200900250726507
0.829000000000000625,0.171228838631384661
0.830000000000000626,0.177170446678605709
0.831000000000000627,0.183026206873718678
0.832000000000000628,0.188796604929974465
0.833000000000000629,0.194482129672505361
0.834000000000000630,0.200083272919987565
0.835000000000000631,0.205600529368019341
0.836000000000000631,0.211034396474184816
0.837000000000000632,0.216385374344793213
0.838000000000000633,0.221653965623308219
0.839000000000000634,0.226840675380392071
0.840000000000000635,0.231946011005620845
0.841000000000000636,0.236970482100823110
0.842000000000000637,0.241914600375013944
0.843000000000000638,0.246778879540958229
0.844000000000000639,0.251563835213292952
0.845000000000000639,0.256269984808249862
0.846000000000000640,0.260897847444926889
0.847000000000000641,0.265447943848101775
0.848000000000000642,0.269920796252588691
0.849000000000000643,0.274316928309125019
0.850000000000000644,0.278636864991729738
0.851000000000000645,0.282881132506604960
0.852000000000000646,0.287050258202477426
0.853000000000000647,0.291144770482420712
0.854000000000000647,0.295165198717133148
0.855000000000000648,0.299112073159655600
0.856000000000000649,0.302985924861497502
0.857000000000000650,0.306787285590196690
0.858000000000000651,0.310516687748267017
0.859000000000000652,0.314174664293522365
0.860000000000000653,0.317761748660784216
0.861000000000000654,0.321278474684943249
0.862000000000000655,0.324725376525346998
0.863000000000000655,0.328102988591547018
0.864000000000000656,0.331411845470333866
0.865000000000000657,0.334652481854085360
0.866000000000000658,0.337825432470413134
0.867000000000000659,0.340931232013054530
0.868000000000000660,0.343970415074064562
0.869000000000000661,0.346943516077224012
0.870000000000000662,0.349851069212699262
0.871000000000000663,0.352693608372907808
0.872000000000000663,0.355471667089611254
0.873000000000000664,0.358185778472187077
0.874000000000000665,0.360836475147082225
0.875000000000000666,0.363424289198446382
0.876000000000000667,0.365949752109900328
0.877000000000000668,0.368413394707461372
0.878000000000000669,0.370815747103592219
0.879000000000000670,0.373157338642363723
0.880000000000000671,0.375438697845714986
0.881000000000000671,0.377660352360814744
0.882000000000000672,0.379822828908485843
0.883000000000000673,0.381926653232706581
0.884000000000000674,0.383972350051147548
0.885000000000000675,0.385960443006758691
0.886000000000000676,0.387891454620382048
0.887000000000000677,0.389765906244360416
0.888000000000000678,0.391584318017181854
0.889000000000000679,0.393347208819068928
0.890000000000000679,0.395055096228579095
0.891000000000000680,0.396708496480146389
0.892000000000000681,0.398307924422589221
0.893000000000000682,0.399853893478555655
0.894000000000000683,0.401346915604884891
0.895000000000000684,0.402787501253899560
0.896000000000000685,0.404176159335587926
0.897000000000000686,0.405513397180698121
0.898000000000000687,0.406799720504679718
0.899000000000000687,0.408035633372537732
0.900000000000000688,0.409221638164507795
0.901000000000000689,0.410358235542594929
0.902000000000000690,0.411445924417943754
0.903000000000000691,0.412485201919023603
0.904000000000000692,0.413476563360648974
0.905000000000000693,0.414420502213775688
0.906000000000000694,0.415317510076100571
0.907000000000000695,0.416168076643443630
0.908000000000000695,0.416972689681884279
0.909000000000000696,0.417731835000676288
0.910000000000000697,0.418445996425889533
0.911000000000000698,0.419115655774807139
0.912000000000000699,0.419741292831035451
0.913000000000000700,0.420323385320327869
0.914000000000000701,0.420862408887140382
0.915000000000000702,0.421358837071849290
0.916000000000000703,0.421813141288673144
0.917000000000000703,0.422225790804267032
0.918000000000000704,0.422597252716985949
0.919000000000000705,0.422927991936797476
0.920000000000000706,0.423218471165844767
0.921000000000000707,0.423469150879640044
0.922000000000000708,0.423680489308907948
0.923000000000000709,0.423852942422005774
0.924000000000000710,0.423986963907995285
0.925000000000000711,0.424083005160281412
0.926000000000000711,0.424141515260863577
0.927000000000000712,0.424162940965148116
0.928000000000000713,0.424147726687353288
0.929000000000000714,0.424096314486450854
0.930000000000000715,0.424009144052695741
0.931000000000000716,0.423886652694674015
0.932000000000000717,0.423729275326884092
0.933000000000000718,0.423537444457885992
0.934000000000000719,0.423311590178920227
0.935000000000000719,0.423052140153067746
0.936000000000000720,0.422759519604909095
0.937000000000000721,0.422434151310672967
0.938000000000000722,0.422076455588875188
0.939000000000000723,0.421686850291434934
0.940000000000000724,0.421265750795267180
0.941000000000000725,0.420813569994325731
0.942000000000000726,0.420330718292118100
0.943000000000000727,0.419817603594652700
0.944000000000000727,0.419274631303840017
0.945000000000000728,0.418702204311313442
0.946000000000000729,0.418100722992686191
0.947000000000000730,0.417470585202218802
0.948000000000000731,0.416812186267899620
0.949000000000000732,0.416125918986926469
0.950000000000000733,0.415412173621598158
0.951000000000000734,0.414671337895565428
0.952000000000000735,0.413903796990498674
0.953000000000000735,0.413109933543109986
0.954000000000000736,0.412290127642546966
0.955000000000000737,0.411444756828161284
0.956000000000000738,0.410574196087609256
0.957000000000000739,0.409678817855318678
0.958000000000000740,0.408758992011305888
0.959000000000000741,0.407815085880302353
0.960000000000000742,0.406847464231231637
0.961000000000000743,0.405856489277012789
0.962000000000000743,0.404842520674660811
0.963000000000000744,0.403805915525720149
0.964000000000000745,0.402747028376988170
0.965000000000000746,0.401666211221548886
0.966000000000000747,0.400563813500096788
0.967000000000000748,0.399440182102544505
0.968000000000000749,0.398295661369919229
0.969000000000000750,0.397130593096533757
0.970000000000000751,0.395945316532423708
0.971000000000000751,0.394740168386054802
0.972000000000000752,0.393515482827302421
0.973000000000000753,0.392271591490651550
0.974000000000000754,0.391008823478689482
0.975000000000000755,0.389727505365808802
0.976000000000000756,0.388427961202170158
0.977000000000000757,0.387110512517886973
0.978000000000000758,0.385775478327454402
0.979000000000000759,0.384423175134377904
0.980000000000000759,0.383053916936045791
0.981000000000000760,0.381668015228811830
0.982000000000000761,0.380265779013268024
0.983000000000000762,0.378847514799747764
0.984000000000000763,0.377413526614024664
0.985000000000000764,0.375964116003183080
0.986000000000000765,0.374499582041722234
0.987000000000000766,0.373020221337810542
0.988000000000000766,0.371526328039741227
0.989000000000000767,0.370018193842558851
0.990000000000000768,0.368496107994875088
0.991000000000000769,0.366960357305829987
0.992000000000000770,0.365411226152241031
0.993000000000000771,0.363848996485903353
0.994000000000000772,0.362273947841051436
0.995000000000000773,0.360686357341971742
0.996000000000000774,0.359086499710773832
0.997000000000000774,0.357474647275294988
0.998000000000000775,0.355851069977163370
0.999000000000000776,0.354216035379977645
1.000000000000000666,0.352569808677650864
1.001000000000000778,0.350912652702858430
1.002000000000000668,0.349244827935632718
1.003000000000000780,0.347566592512078887
1.004000000000000670,0.345878202233194376
1.005000000000000782,0.344179910573837844
1.006000000000000671,0.342471968691783535
1.007000000000000783,0.340754625436902381
1.008000000000000673,0.339028127360449183
1.009000000000000785,0.337292718724445439
1.010000000000000675,0.335548641511181134
1.011000000000000787,0.333796135432790630
1.012000000000000677,0.332035437940946587
1.013000000000000789,0.330266784236638411
1.014000000000000679,0.328490407280029317
1.015000000000000790,0.326706537800421359
1.016000000000000680,0.324915404306278910
1.017000000000000792,0.323117233095361445
1.018000000000000682,0.321312248264903455
1.019000000000000794,0.319500671721896834
1.020000000000000684,0.317682723193426775
1.021000000000000796,0.315858620237088772
1.022000000000000686,0.314028578251470680
1.023000000000000798,0.312192810486690897
1.024000000000000687,0.310351528055019810
1.025000000000000799,0.308504939941527223
1.026000000000000689,0.306653253014831706
1.027000000000000801,0.304796672037856653
1.028000000000000691,0.302935399678682438
1.029000000000000803,0.301069636521413275
1.030000000000000693,0.299199581077123467
1.031000000000000805,0.297325429794820295
1.032000000000000695,0.295447377072475759
1.033000000000000806,0.293565615268082392
1.034000000000000696,0.291680334710750278
1.035000000000000808,0.289791723711859739
1.036000000000000698,0.287899968576221188
1.037000000000000810,0.286005253613286325
1.038000000000000700,0.284107761148389759
1.039000000000000812,0.282207671534012938
1.040000000000000702,0.280305163161076953
1.041000000000000814,0.278400412470264702
1.042000000000000703,0.276493593963373030
1.043000000000000815,0.274584880214662375
1.044000000000000705,0.272674441882254648
1.045000000000000817,0.270762447719532340
1.046000000000000707,0.268849064586560549
1.047000000000000819,0.266934457461515839
1.048000000000000709,0.265018789452156955
1.049000000000000821,0.263102221807252956
1.050000000000000711,0.261184913928080520
1.051000000000000822,0.259267023379886385
1.052000000000000712,0.257348705903384434
1.053000000000000824,0.255430115426240778
1.054000000000000714,0.253511404074569680
1.055000000000000826,0.251592722184435069
1.056000000000000716,0.249674218313343882
1.057000000000000828,0.247756039251749993
1.058000000000000718,0.245838330034551605
1.059000000000000830,0.243921233952582084
1.060000000000000719,0.242004892564099267
1.061000000000000831,0.240089445706279603
1.062000000000000721,0.238175031506683510
1.063000000000000833,0.236261786394727835
1.064000000000000723,0.234349845113154875
1.065000000000000835,0.232439340729476612
1.066000000000000725,0.230530404647407039
1.067000000000000837,0.228623166618303564
1.068000000000000727,0.226717754752561229
1.069000000000000838,0.224814295531025277
1.070000000000000728,0.222912913816363856
1.071000000000000840,0.221013732864434376
1.072000000000000730,0.219116874335630263
1.073000000000000842,0.217222458306206651
1.074000000000000732,0.215330603279594301
1.075000000000000844,0.213441426197674117
1.076000000000000734,0.211555042452055281
1.077000000000000846,0.209671565895308054
1.078000000000000735,0.207791108852183909
1.079000000000000847,0.205913782130814405
1.080000000000000737,0.204039695033868096
1.081000000000000849,0.202168955369710301
1.082000000000000739,0.200301669463501503
1.083000000000000851,0.198437942168295356
1.084000000000000741,0.196577876876091212
1.085000000000000853,0.194721575528870927
1.086000000000000743,0.192869138629592818
1.087000000000000854,0.191020665253161498
1.088000000000000744,0.189176253057366545
1.089000000000000856,0.187335998293792050
1.090000000000000746,0.185499995818679458
1.091000000000000858,0.183668339103772726
1.092000000000000748,0.181841120247128424
1.093000000000000860,0.180018429983874545
1.094000000000000750,0.178200357696954914
1.095000000000000862,0.176386991427825657
1.096000000000000751,0.174578417887117116
1.097000000000000863,0.172774722465262653
1.098000000000000753,0.170975989243082965
1.099000000000000865,0.169182301002335056
1.100000000000000755,0.167393739236239958
1.101000000000000867,0.165610384159929153
1.102000000000000757,0.163832314720902650
1.103000000000000869,0.162059608609404077
1.104000000000000759,0.160292342268788468
1.105000000000000870,0.158530590905821472
1.106000000000000760,0.156774428500964985
1.107000000000000872,0.155023927818587814
1.108000000000000762,0.153279160417169269
1.109000000000000874,0.151540196659433274
1.110000000000000764,0.149807105722457617
1.111000000000000876,0.148079955607727853
1.112000000000000766,0.146358813151156480
1.113000000000000878,0.144643744033048943
1.114000000000000767,0.142934812788033938
1.115000000000000879,0.141232082814944482
1.116000000000000769,0.139535616386663813
1.117000000000000881,0.137845474659905459
1.118000000000000771,0.136161717684966932
1.119000000000000883,0.134484404415434300
1.120000000000000773,0.132813592717831025
1.121000000000000885,0.131149339381235408
1.122000000000000774,0.129491700126840664
1.123000000000000886,0.127840729617468923
1.124000000000000776,0.126196481467044402
1.125000000000000888,0.124559008250018352
1.126000000000000778,0.122928361510740852
1.127000000000000890,0.121304591772789516
1.128000000000000780,0.119687748548255118
1.129000000000000892,0.118077880346967271
1.130000000000000782,0.116475034685688941
1.131000000000000894,0.114879258097242420
1.132000000000000783,0.113290596139612121
1.133000000000000895,0.111709093404968443
1.134000000000000785,0.110134793528678415
1.135000000000000897,0.108567739198233121
1.136000000000000787,0.107007972162152049
1.137000000000000899,0.105455533238826907
1.138000000000000789,0.103910462325324332
1.139000000000000901,0.102372798406118196
1.140000000000000790,0.100842579561804827
1.141000000000000902,0.099319842977754369
1.142000000000000792,0.097804624952701535
1.143000000000000904,0.096296960907294477
1.144000000000000794,0.094796885392613245
1.145000000000000906,0.093304432098613860
1.146000000000000796,0.091819633862528852
1.147000000000000908,0.090342522677227949
1.148000000000000798,0.088873129699520312
1.149000000000000909,0.087411485258410138
1.150000000000000799,0.085957618863304677
1.151000000000000689,0.084511559212169657
1.152000000000000801,0.083073334199633711
1.153000000000000913,0.081642970925051433
1.154000000000000803,0.080220495700511346
1.155000000000000693,0.078805934058789287
1.156000000000000805,0.077399310761260831
1.157000000000000917,0.076000649805767692
1.158000000000000806,0.074609974434417733
1.159000000000000696,0.073227307141354586
1.160000000000000808,0.071852669680465983
1.161000000000000920,0.070486083073049779
1.162000000000000810,0.069127567615421742
1.163000000000000700,0.067777142886492087
1.164000000000000812,0.066434827755263687
1.165000000000000924,0.065100640388318448
1.166000000000000814,0.063774598257221843
1.167000000000000703,0.062456718145894777
1.168000000000000815,0.061147016157933810
1.169000000000000927,0.059845507723888282
1.170000000000000817,0.058552207608472087
1.171000000000000707,0.057267129917751326
1.172000000000000819,0.055990288106259133
1.173000000000000931,0.054721694984078528
1.174000000000000821,0.053461362723874847
1.175000000000000711,0.052209302867868977
1.176000000000000822,0.050965526334778688
1.177000000000000934,0.049730043426697755
1.178000000000000824,0.048502863835942732
1.179000000000000714,0.047283996651834817
1.180000000000000826,0.046073450367440948
1.181000000000000938,0.044871232886279387
1.182000000000000828,0.043677351528957027
1.183000000000000718,0.042491813039776352
1.184000000000000830,0.041314623593288705
1.185000000000000941,0.040145788800798901
1.186000000000000831,0.038985313716823657
1.187000000000000721,0.037833202845513045
1.188000000000000833,0.036689460147007538
1.189000000000000945,0.035554089043767403
1.190000000000000835,0.034427092426840097
1.191000000000000725,0.033308472662100332
1.192000000000000837,0.032198231596411921
1.193000000000000949,0.031096370563791276
1.194000000000000838,0.030002890391478309
1.195000000000000728,0.028917791405991912
1.196000000000000840,0.027841073439131593
1.197000000000000952,0.026772735833923568
1.198000000000000842,0.025712777450549763
1.199000000000000732,0.024661196672190806
1.200000000000000844,0.023617991410875679
1.201000000000000956,0.022583159113229119
1.202000000000000846,0.021556696766229361
1.203000000000000735,0.020538600902882977
1.204000000000000847,0.019528867607877282
1.205000000000000959,0.018527492523177570
1.206000000000000849,0.017534470853589161
1.207000000000000739,0.016549797372267951
1.208000000000000851,0.015573466426197346
1.209000000000000963,0.014605471941610831
1.210000000000000853,0.013645807429382834
1.211000000000000743,0.012694465990371221
1.212000000000000854,0.011751440320716242
1.213000000000000966,0.010816722717102894
1.214000000000000856,0.009890305081972748
1.215000000000000746,0.008972178928705828
1.216000000000000858,0.008062335386743166
1.217000000000000970,0.007160765206692471
1.218000000000000860,0.006267458765371954
1.219000000000000750,0.005382406070813453
1.220000000000000862,0.004505596767243067
1.221000000000000973,0.003637020140002514
1.222000000000000863,0.002776665120438712
1.223000000000000753,0.001924520290750933
1.224000000000000865,0.001080573888797950
1.225000000000000977,0.000244813812865335
1.226000000000000867,-0.000582772373607141
1.227000000000000757,-0.001402197437337418
1.228000000000000869,-0.002213474470544111
1.229000000000000981,-0.003016616886351875
1.230000000000000870,-0.003811638414206489
1.231000000000000760,-0.004598553095349703
1.232000000000000872,-0.005377375278324162
1.233000000000000984,-0.006148119614507166
1.234000000000000874,-0.006910801053717256
1.235000000000000764,-0.007665434839805169
1.236000000000000876,-0.008412036506333436
1.237000000000000988,-0.009150621872257963
1.238000000000000878,-0.009881207037668835
1.239000000000000767,-0.010603808379556453
1.240000000000000879,-0.011318442547618690
1.241000000000000991,-0.012025126460098170
1.242000000000000881,-0.012723877299670497
1.243000000000000771,-0.013414712509356158
1.244000000000000883,-0.014097649788464648
1.245000000000000995,-0.014772707088591214
1.246000000000000885,-0.015439902609639533
1.247000000000000774,-0.016099254795873305
1.248000000000000886,-0.016750782332011976
1.249000000000000998,-0.017394504139360490
1.250000000000000888,-0.018030439371975328
1.251000000000000778,-0.018658607412851556
1.252000000000000890,-0.019279027870170360
1.253000000000001002,-0.019891720573546795
1.254000000000000892,-0.020496705570345709
1.255000000000000782,-0.021094003122005746
1.256000000000000894,-0.021683633700413513
1.257000000000001005,-0.022265617984298023
1.258000000000000895,-0.022839976855669152
1.259000000000000785,-0.023406731396276775
1.260000000000000897,-0.023965902884124025
1.261000000000001009,-0.024517512789982730
1.262000000000000899,-0.025061582773969783
1.263000000000000789,-0.025598134682135100
1.264000000000000901,-0.026127190543100733
1.265000000000001013,-0.026648772564706824
1.266000000000000902,-0.027162903130710923
1.267000000000000792,-0.027669604797510870
1.268000000000000904,-0.028168900290897046
1.269000000000001016,-0.028660812502836454
1.270000000000000906,-0.029145364488287785
1.271000000000000796,-0.029622579462050568
1.272000000000000908,-0.030092480795633758
1.273000000000001020,-0.030555092014172690
1.274000000000000909,-0.031010436793353392
1.275000000000000799,-0.031458538956385729
1.276000000000000911,-0.031899422471000673
1.277000000000001023,-0.032333111446466382
1.278000000000000913,-0.032759630130649073
1.279000000000000803,-0.033179002907089819
1.280000000000000915,-0.033591254292127184
1.281000000000001027,-0.033996408932017927
1.282000000000000917,-0.034394491600123214
1.283000000000000806,-0.034785527194094792
1.284000000000000918,-0.035169540733102633
1.285000000000001030,-0.035546557355084885
1.286000000000000920,-0.035916602314032951
1.287000000000000810,-0.036279700977286319
1.288000000000000922,-0.036635878822881773
1.289000000000001034,-0.036985161436901219
1.290000000000000924,-0.037327574510864790
1.291000000000000814,-0.037663143839151911
1.292000000000000925,-0.037991895316422920
1.293000000000001037,-0.038313854935111531
1.294000000000000927,-0.038629048782895012
1.295000000000000817,-0.038937503040228985
1.296000000000000929,-0.039239243977881796
1.297000000000001041,-0.039534297954505304
1.298000000000000931,-0.039822691414241794
1.299000000000000821,-0.040104450884329762
1.300000000000000933,-0.040379602972753600
1.301000000000001044,-0.040648174365920865
1.302000000000000934,-0.040910191826347204
1.303000000000000824,-0.041165682190380623
1.304000000000000936,-0.041414672365939695
1.305000000000001048,-0.041657189330291833
1.306000000000000938,-0.041893260127833100
1.307000000000000828,-0.042122911867906711
1.308000000000000940,-0.042346171722640838
1.309000000000001052,-0.042563066924813327
1.310000000000000941,-0.042773624765735728
1.311000000000000831,-0.042977872593154894
1.312000000000000943,-0.043175837809185623
1.313000000000001055,-0.043367547868275756
1.314000000000000945,-0.043553030275167173
1.315000000000000835,-0.043732312582894381
1.316000000000000947,-0.043905422390814033
1.317000000000001059,-0.044072387342641808
1.318000000000000949,-0.044233235124510620
1.319000000000000838,-0.044387993463066336
1.320000000000000950,-0.044536690123569186
1.321000000000001062,-0.044679352908017750
1.322000000000000952,-0.044816009653304914
1.323000000000000842,-0.044946688229385093
1.324000000000000954,-0.045071416537465978
1.325000000000001066,-0.045190222508216006
1.326000000000000956,-0.045303134100003327
1.327000000000000846,-0.045410179297142868
1.328000000000000957,-0.045511386108167254
1.329000000000001069,-0.045606782564122497
1.330000000000000959,-0.045696396716885399
1.331000000000000849,-0.045780256637481850
1.332000000000000961,-0.045858390414448197
1.333000000000001073,-0.045930826152198401
1.334000000000000963,-0.045997591969416628
1.335000000000000853,-0.046058715997460663
1.336000000000000965,-0.046114226378796128
1.337000000000001076,-0.046164151265437256
1.338000000000000966,-0.046208518817414543
1.339000000000000856,-0.046247357201263113
1.340000000000000968,-0.046280694588509787
1.341000000000001080,-0.046308559154209360
1.342000000000000970,-0.046330979075472054
1.343000000000000860,-0.046347982530023639
1.344000000000000972,-0.046359597694774192
1.345000000000001084,-0.046365852744420531
1.346000000000000973,-0.046366775850035166
1.347000000000000863,-0.046362395177711249
1.348000000000000975,-0.046352738887189548
1.349000000000001087,-0.046337835130528096
1.350000000000000977,-0.046317712050773820
1.351000000000000867,-0.046292397780659834
1.352000000000000979,-0.046261920441306170
1.353000000000001091,-0.046226308140953479
1.354000000000000981,-0.046185588973707462
1.355000000000000870,-0.046139791018283235
1.356000000000000982,-0.046088942336796938
1.357000000000001094,-0.046033070973544553
1.358000000000000984,-0.045972204953806148
1.359000000000000874,-0.045906372282680505
1.360000000000000986,-0.045835600943903425
1.361000000000001098,-0.045759918898720754
1.362000000000000988,-0.045679354084728618
1.363000000000000878,-0.045593934414784022
1.364000000000000989,-0.045503687775888313
1.365000000000001101,-0.045408642028088954
1.366000000000000991,-0.045308825003428116
1.367000000000000881,-0.045204264504868578
1.368000000000000993,-0.045094988305253200
1.369000000000001105,-0.044981024146272898
1.370000000000000995,-0.044862399737453748
1.371000000000000885,-0.044739142755156072
1.372000000000000997,-0.044611280841578241
1.373000000000001108,-0.044478841603795852
1.374000000000000998,-0.044341852612777469
1.375000000000000888,-0.044200341402468805
1.376000000000001000,-0.044054335468832938
1.377000000000001112,-0.043903862268941565
1.378000000000001002,-0.043748949220064413
1.379000000000000892,-0.043589623698779160
1.380000000000001004,-0.043425913040078326
1.381000000000001116,-0.043257844536517806
1.382000000000001005,-0.043085445437345868
1.383000000000000895,-0.042908742947664190
1.384000000000001007,-0.042727764227605533
1.385000000000001119,-0.042542536391500227
1.386000000000001009,-0.042353086507084040
1.387000000000000899,-0.042159441594687298
1.388000000000001011,-0.041961628626477579
1.389000000000001123,-0.041759674525660415
1.390000000000001013,-0.041553606165743183
1.391000000000000902,-0.041343450369774264
1.392000000000001014,-0.041129233909617834
1.393000000000001126,-0.040910983505223743
1.394000000000001016,-0.040688725823917152
1.395000000000000906,-0.040462487479696885
1.396000000000001018,-0.040232295032543233
1.397000000000001130,-0.039998174987744779
1.398000000000001020,-0.039760153795226218
1.399000000000000909,-0.039518257848886781
1.400000000000001021,-0.039272513485963487
1.401000000000001133,-0.039022946986389015
1.402000000000001023,-0.038769584572167830
1.403000000000000913,-0.038512452406757360
1.404000000000001025,-0.038251576594468678
1.405000000000001137,-0.037986983179874458
1.406000000000001027,-0.037718698147209892
1.407000000000000917,-0.037446747419824358
1.408000000000001029,-0.037171156859586066
1.409000000000001140,-0.036891952266352113
1.410000000000001030,-0.036609159377415157
1.411000000000000920,-0.036322803866965007
1.412000000000001032,-0.036032911345563065
1.413000000000001144,-0.035739507359637830
1.414000000000001034,-0.035442617390964305
1.415000000000000924,-0.035142266856167517
1.416000000000001036,-0.034838481106247432
1.417000000000001148,-0.034531285426086598
1.418000000000001037,-0.034220705033983959
1.419000000000000927,-0.033906765081194910
1.420000000000001039,-0.033589490651474881
1.421000000000001151,-0.033268906760645686
1.422000000000001041,-0.032945038356146462
1.423000000000000931,-0.032617910316617690
1.424000000000001043,-0.032287547451477355
1.425000000000001155,-0.031953974500515410
1.426000000000001044,-0.031617216133489848
1.427000000000000934,-0.031277296949737264
1.428000000000001046,-0.030934241477782960
1.429000000000001158,-0.030588074174963752
1.430000000000001048,-0.030238819427063239
1.431000000000000938,-0.029886501547951021
1.432000000000001050,-0.029531144779225506
1.433000000000001162,-0.029172773289872434
1.434000000000001052,-0.028811411175919944
1.435000000000000941,-0.028447082460118990
1.436000000000001053,-0.028079811091611600
1.437000000000001165,-0.027709620945617741
1.438000000000001055,-0.027336535823134101
1.439000000000000945,-0.026960579450621653
1.440000000000001057,-0.026581775479721560
1.441000000000001169,-0.026200147486960878
1.442000000000001059,-0.025815718973479111
1.443000000000000949,-0.025428513364758730
1.444000000000001060,-0.025038554010347248
1.445000000000001172,-0.024645864183608850
1.446000000000001062,-0.024250467081473628
1.447000000000000952,-0.023852385824180106
1.448000000000001064,-0.023451643455049728
1.449000000000001176,-0.023048262940250395
1.450000000000001066,-0.022642267168563941
1.451000000000000956,-0.022233678951176006
1.452000000000001068,-0.021822521021458124
1.453000000000001180,-0.021408816034764078
1.454000000000001069,-0.020992586568223358
1.455000000000000959,-0.020573855120552993
1.456000000000001071,-0.020152644111862756
1.457000000000001183,-0.019728975883482738
1.458000000000001073,-0.019302872697773830
1.459000000000000963,-0.018874356737965056
1.460000000000001075,-0.018443450107988823
1.461000000000001187,-0.018010174832316060
1.462000000000001076,-0.017574552855811887
1.463000000000000966,-0.017136606043574081
1.464000000000001078,-0.016696356180802601
1.465000000000001190,-0.016253824972664012
1.466000000000001080,-0.015809034044140191
1.467000000000000970,-0.015362004939927842
1.468000000000001082,-0.014912759124302502
1.469000000000001194,-0.014461317981002702
1.470000000000001084,-0.014007702813125683
1.471000000000000973,-0.013551934843016211
1.472000000000001085,-0.013094035212172126
1.473000000000001197,-0.012634024981143466
1.474000000000001087,-0.012171925129442915
1.475000000000000977,-0.011707756555459817
1.476000000000001089,-0.011241540076385302
1.477000000000001201,-0.010773296428127912
1.478000000000001091,-0.010303046265244406
1.479000000000000981,-0.009830810160878658
1.480000000000001092,-0.009356608606688941
1.481000000000001204,-0.008880462012802952
1.482000000000001094,-0.008402390707751978
1.483000000000000984,-0.007922414938434704
1.484000000000001096,-0.007440554870063803
1.485000000000001208,-0.006956830586124688
1.486000000000001098,-0.006471262088351073
1.487000000000000988,-0.005983869296681573
1.488000000000001100,-0.005494672049238052
1.489000000000001211,-0.005003690102299529
1.490000000000001101,-0.004510943130292074
1.491000000000000991,-0.004016450725756010
1.492000000000001103,-0.003520232399354786
1.493000000000001215,-0.003022307579853384
1.494000000000001105,-0.002522695614119978
1.495000000000000995,-0.002021415767126751
1.496000000000001107,-0.001518487221957170
1.497000000000001219,-0.001013929079805968
1.498000000000001108,-0.000507760359999587
1.499000000000000998,0.000000000000000000
