# hydroxyapatite-101-ph14_CS-72545-AC
# h[nm],U(h)[kJ/mol]
0.149999999999999994,121.335129074490509993
0.150999999999999995,118.770067668524660576
0.151999999999999996,116.224882737405465605
0.152999999999999997,113.753479037622611258
0.153999999999999998,111.361249585745483159
0.154999999999999999,109.036516932186785311
0.156000000000000000,106.765157348773229273
0.157000000000000001,104.536212341171491857
0.158000000000000002,102.343050194645726947
0.159000000000000002,100.182632014483004923
0.160000000000000003,98.054224073392958871
0.161000000000000004,95.958190517749358150
0.162000000000000005,93.895106682627016426
0.163000000000000006,91.865229648080003244
0.164000000000000007,89.868270266985149419
0.165000000000000008,87.903380323577238187
0.166000000000000009,85.969269649362558994
0.167000000000000010,84.064383226845194486
0.168000000000000010,82.187087654097780387
0.169000000000000011,80.335834723353713116
0.170000000000000012,78.509285032246381775
0.171000000000000013,76.706385856605649565
0.172000000000000014,74.926405172051687487
0.173000000000000015,73.168928302729554503
0.174000000000000016,71.433825899844691776
0.175000000000000017,69.721202483809094019
0.176000000000000018,68.031334201305824649
0.177000000000000018,66.364603214733321579
0.178000000000000019,64.721434602645331324
0.179000000000000020,63.102240049669816813
0.180000000000000021,61.507371102205546265
0.181000000000000022,59.937083455355534056
0.182000000000000023,58.391512661768352643
0.183000000000000024,56.870660824817548473
0.184000000000000025,55.374393244866880082
0.185000000000000026,53.902443602769018582
0.186000000000000026,52.454426056933584732
0.187000000000000027,51.029852564847239194
0.188000000000000028,49.628153783413537781
0.189000000000000029,48.248702024424616752
0.190000000000000030,46.890834915389326909
0.191000000000000031,45.553878619740110878
0.192000000000000032,44.237169686435535709
0.193000000000000033,42.940074813578206658
0.194000000000000034,41.662008013964339170
0.195000000000000034,40.402444855683768310
0.196000000000000035,39.160933613827204169
0.197000000000000036,37.937103307943168318
0.198000000000000037,36.730668713651695612
0.199000000000000038,35.541432526497921174
0.200000000000000039,34.369284923299417756
0.201000000000000040,33.214200813037514592
0.202000000000000041,32.076235098221566489
0.203000000000000042,30.955516281200107898
0.204000000000000042,29.852238750682069224
0.205000000000000043,28.766654074239728089
0.206000000000000044,27.699061605080789406
0.207000000000000045,26.649798687977501288
0.208000000000000046,25.619230721749964630
0.209000000000000047,24.607741305694581513
0.210000000000000048,23.615722666153011744
0.211000000000000049,22.643566528122828885
0.212000000000000050,21.691655566284367751
0.213000000000000050,20.760355540738732572
0.214000000000000051,19.850008195609035511
0.215000000000000052,18.960924973801734694
0.216000000000000053,18.093381578870484816
0.217000000000000054,17.247613395180060536
0.218000000000000055,16.423811760451513919
0.219000000000000056,15.622121070234459950
0.220000000000000057,14.842636681787260144
0.221000000000000058,14.085403575116862029
0.222000000000000058,13.350415721351035714
0.223000000000000059,12.637616103008181057
0.224000000000000060,11.946897326884416302
0.225000000000000061,11.278102767994136357
0.226000000000000062,10.631028182077553623
0.227000000000000063,10.005423724430617227
0.228000000000000064,9.400996314037376678
0.229000000000000065,8.817412284015826884
0.230000000000000066,8.254300262071543770
0.231000000000000066,7.711254227839781095
0.232000000000000067,7.187836697560371135
0.233000000000000068,6.683581990352967850
0.234000000000000069,6.197999534344392991
0.235000000000000070,5.730577174956766662
0.236000000000000071,5.280784451722448480
0.237000000000000072,4.848075813985298410
0.238000000000000073,4.431893749729076681
0.239000000000000073,4.031671805501599870
0.240000000000000074,3.646837478942896560
0.241000000000000075,3.276814968758329005
0.242000000000000076,2.921027770082142094
0.243000000000000077,2.578901106044695357
0.244000000000000078,2.249864188981875568
0.245000000000000079,1.933352307106706247
0.246000000000000080,1.628808734604125119
0.247000000000000081,1.335686465014636726
0.248000000000000081,1.053449769451388462
0.249000000000000082,0.781575582656586443
0.250000000000000111,0.519554721158768551
0.251000000000000112,0.266892938856183370
0.252000000000000113,0.023111826233930266
0.253000000000000114,-0.212250439858527595
0.254000000000000115,-0.439638488378993109
0.255000000000000115,-0.659479280295045101
0.256000000000000116,-0.872181760598247147
0.257000000000000117,-1.078136627721418161
0.258000000000000118,-1.277716211860200790
0.259000000000000119,-1.471274453698718121
0.260000000000000120,-1.659146975113792832
0.261000000000000121,-1.841651233572592528
0.262000000000000122,-2.019086752136165508
0.263000000000000123,-2.191735417225107785
0.264000000000000123,-2.359861836587384243
0.265000000000000124,-2.523713750222407626
0.266000000000000125,-2.683522487355098463
0.267000000000000126,-2.839503462910522025
0.268000000000000127,-2.991856707310386554
0.269000000000000128,-3.140767423790260970
0.270000000000000129,-3.286406567818049407
0.271000000000000130,-3.428931443575662374
0.272000000000000131,-3.568486312843311303
0.273000000000000131,-3.705203011997459051
0.274000000000000132,-3.839201573195818007
0.275000000000000133,-3.970590846175166000
0.276000000000000134,-4.099469117427188891
0.277000000000000135,-4.225924723843454522
0.278000000000000136,-4.350036658232551368
0.279000000000000137,-4.471875164408208647
0.280000000000000138,-4.591502319827546863
0.281000000000000139,-4.708972604022946484
0.282000000000000139,-4.824333451318634225
0.283000000000000140,-4.937625786554928453
0.284000000000000141,-5.048884542758445448
0.285000000000000142,-5.158139159896459880
0.286000000000000143,-5.265414064037841513
0.287000000000000144,-5.370729126412149057
0.288000000000000145,-5.474100102013781388
0.289000000000000146,-5.575539047538324411
0.290000000000000147,-5.675054718566585166
0.291000000000000147,-5.772652946026165743
0.292000000000000148,-5.868336992063936997
0.293000000000000149,-5.962107885553871611
0.294000000000000150,-6.053964737545962649
0.295000000000000151,-6.143905037032730831
0.296000000000000152,-6.231924927471315989
0.297000000000000153,-6.318019464552079967
0.298000000000000154,-6.402182855749247281
0.299000000000000155,-6.484408682226527887
0.300000000000000155,-6.564690103700963064
0.301000000000000156,-6.643020046892212704
0.302000000000000157,-6.719391378203115828
0.303000000000000158,-6.793797061290021588
0.304000000000000159,-6.866230300190070857
0.305000000000000160,-6.936684668676328158
0.306000000000000161,-7.005154226512049220
0.307000000000000162,-7.071633623272042257
0.308000000000000163,-7.136118190392778615
0.309000000000000163,-7.198604022103912925
0.310000000000000164,-7.259088045882663209
0.311000000000000165,-7.317568083059013517
0.312000000000000166,-7.374042900184734961
0.313000000000000167,-7.428512251762616536
0.314000000000000168,-7.480976914914483800
0.315000000000000169,-7.531438716547823375
0.316000000000000170,-7.579900553561361498
0.317000000000000171,-7.626366406609564663
0.318000000000000171,-7.670841347925460241
0.319000000000000172,-7.713331543680472357
0.320000000000000173,-7.753844251338573024
0.321000000000000174,-7.792387812441179840
0.322000000000000175,-7.828971641238183565
0.323000000000000176,-7.863606209559653948
0.324000000000000177,-7.896303028302201987
0.325000000000000178,-7.927074625883696157
0.326000000000000179,-7.955934524000442210
0.327000000000000179,-7.982897211001224846
0.328000000000000180,-8.007978113173995993
0.329000000000000181,-8.031193564222743220
0.330000000000000182,-8.052560773193885524
0.331000000000000183,-8.072097791095092845
0.332000000000000184,-8.089823476432176363
0.333000000000000185,-8.105757459874311621
0.334000000000000186,-8.119920108242396850
0.335000000000000187,-8.132332488000633575
0.336000000000000187,-8.143016328417804317
0.337000000000000188,-8.151993984550847117
0.338000000000000189,-8.159288400191222479
0.339000000000000190,-8.164923070902172952
0.340000000000000191,-8.168922007263429208
0.341000000000000192,-8.171309698429601198
0.342000000000000193,-8.172111076097616333
0.343000000000000194,-8.171351478969501869
0.344000000000000195,-8.169056617787163077
0.345000000000000195,-8.165252541007886222
0.346000000000000196,-8.159965601180646289
0.347000000000000197,-8.153222422076307652
0.348000000000000198,-8.145049866617503298
0.349000000000000199,-8.135475005647517577
0.350000000000000200,-8.124525087571472071
0.351000000000000201,-8.112227508897351669
0.352000000000000202,-8.098609785699222741
0.353000000000000203,-8.083699526020186710
0.354000000000000203,-8.067524403228111041
0.355000000000000204,-8.050112130332934157
0.356000000000000205,-8.031490435270830730
0.357000000000000206,-8.011687037156956848
0.358000000000000207,-7.990729623505106183
0.359000000000000208,-7.968645828410155119
0.360000000000000209,-7.945463211686370819
0.361000000000000210,-7.921209238952195975
0.362000000000000210,-7.895911262650310292
0.363000000000000211,-7.869596503989583880
0.364000000000000212,-7.842292035794240057
0.365000000000000213,-7.814024766243607090
0.366000000000000214,-7.784821423485027481
0.367000000000000215,-7.754708541100979957
0.368000000000000216,-7.723712444410848477
0.369000000000000217,-7.691859237586633924
0.370000000000000218,-7.659174791561552453
0.371000000000000218,-7.625684732709610003
0.372000000000000219,-7.591414432274030233
0.373000000000000220,-7.556388996522061419
0.374000000000000221,-7.520633257603297928
0.375000000000000222,-7.484171765088670547
0.376000000000000223,-7.447028778167225305
0.377000000000000224,-7.409228258477659423
0.378000000000000225,-7.370793863551845959
0.379000000000000226,-7.331748940847577778
0.380000000000000226,-7.292116522348183416
0.381000000000000227,-7.251919319706550127
0.382000000000000228,-7.211179719911828379
0.383000000000000229,-7.169919781457108066
0.384000000000000230,-7.128161230986728825
0.385000000000000231,-7.085925460402641818
0.386000000000000232,-7.043233524409117763
0.387000000000000233,-7.000106138476043682
0.388000000000000234,-6.956563677201145879
0.389000000000000234,-6.912626173052309753
0.390000000000000235,-6.868313315471231917
0.391000000000000236,-6.823644450320631272
0.392000000000000237,-6.778638579657290109
0.393000000000000238,-6.733314361814146665
0.394000000000000239,-6.687690111774756474
0.395000000000000240,-6.641783801824365341
0.396000000000000241,-6.595613062462087228
0.397000000000000242,-6.549195183559213262
0.398000000000000242,-6.502547115749480966
0.399000000000000243,-6.455685472037179906
0.400000000000000244,-6.408626529609880329
0.401000000000000245,-6.361386231842934613
0.402000000000000246,-6.313980190483285959
0.403000000000000247,-6.266423688000733350
0.404000000000000248,-6.218731680095291203
0.405000000000000249,-6.170918798349663170
0.406000000000000250,-6.122999353016281177
0.407000000000000250,-6.074987335929000309
0.408000000000000251,-6.026896423529682245
0.409000000000000252,-5.978739980000630894
0.410000000000000253,-5.930531060493978046
0.411000000000000254,-5.882282414449726993
0.412000000000000255,-5.834006488994421424
0.413000000000000256,-5.785715432412901649
0.414000000000000257,-5.737421097685747817
0.415000000000000258,-5.689135046085741720
0.416000000000000258,-5.640868550826589001
0.417000000000000259,-5.592632600757810657
0.418000000000000260,-5.544437904099871695
0.419000000000000261,-5.496294892213912320
0.420000000000000262,-5.448213723400835207
0.421000000000000263,-5.400204286724754610
0.422000000000000264,-5.352276205855966751
0.423000000000000265,-5.304438842929044995
0.424000000000000266,-5.256701302411885379
0.425000000000000266,-5.209072434981583122
0.426000000000000267,-5.161560841403505684
0.427000000000000268,-5.114174876410008785
0.428000000000000269,-5.066922652575439834
0.429000000000000270,-5.019812044184424948
0.430000000000000271,-4.972850691090395792
0.431000000000000272,-4.926046002561742299
0.432000000000000273,-4.879405161112986278
0.433000000000000274,-4.832935126318631092
0.434000000000000274,-4.786642638607431444
0.435000000000000275,-4.740534223035068884
0.436000000000000276,-4.694616193033319007
0.437000000000000277,-4.648894654133873594
0.438000000000000278,-4.603375507665260713
0.439000000000000279,-4.558064454421325351
0.440000000000000280,-4.512966998299832611
0.441000000000000281,-4.468088449909955351
0.442000000000000282,-4.423433930147519177
0.443000000000000282,-4.379008373736805737
0.444000000000000283,-4.334816532738103412
0.445000000000000284,-4.290862980020010653
0.446000000000000285,-4.247152112695703252
0.447000000000000286,-4.203688155522584680
0.448000000000000287,-4.160475164264473946
0.449000000000000288,-4.117517029015992591
0.450000000000000289,-4.074817477488480222
0.451000000000000290,-4.032380078257117084
0.452000000000000290,-3.990208243968878854
0.453000000000000291,-3.948305234510947948
0.454000000000000292,-3.906674160139432583
0.455000000000000293,-3.865317984568077403
0.456000000000000294,-3.824239528016919909
0.457000000000000295,-3.783441470220693326
0.458000000000000296,-3.742926353396954564
0.459000000000000297,-3.702696585173907984
0.460000000000000298,-3.662754441477885425
0.461000000000000298,-3.623102069380589541
0.462000000000000299,-3.583741489906135058
0.463000000000000300,-3.544674600797953268
0.464000000000000301,-3.505903179245765777
0.465000000000000302,-3.467428884572743897
0.466000000000000303,-3.429253260883003751
0.467000000000000304,-3.391377739669663605
0.468000000000000305,-3.353803642383707651
0.469000000000000306,-3.316532182963820130
0.470000000000000306,-3.279564470327555714
0.471000000000000307,-3.242901510823963385
0.472000000000000308,-3.206544210648123450
0.473000000000000309,-3.170493378217735803
0.474000000000000310,-3.134749726512186641
0.475000000000000311,-3.099313875374304583
0.476000000000000312,-3.064186353775297356
0.477000000000000313,-3.029367602042997376
0.478000000000000314,-2.994857974053923400
0.479000000000000314,-2.960657739389471743
0.480000000000000315,-2.926767085456531081
0.481000000000000316,-2.893186119572995096
0.482000000000000317,-2.859914871018433669
0.483000000000000318,-2.826953293050377347
0.484000000000000319,-2.794301264886524194
0.485000000000000320,-2.761958593653323746
0.486000000000000321,-2.729925016301252505
0.487000000000000322,-2.698200201487199745
0.488000000000000322,-2.666783751424303794
0.489000000000000323,-2.635675203699716196
0.490000000000000324,-2.604874033060581517
0.491000000000000325,-2.574379653168680004
0.492000000000000326,-2.544191418324062148
0.493000000000000327,-2.514308625158144572
0.494000000000000328,-2.484730514296562109
0.495000000000000329,-2.455456271992234374
0.496000000000000330,-2.426485031728956798
0.497000000000000330,-2.397815875795979768
0.498000000000000331,-2.369447836833848964
0.499000000000000332,-2.341379899352012295
0.500000000000000333,-2.313611001218453644
0.501000000000000334,-2.286140035121778435
0.502000000000000335,-2.258965850006115605
0.503000000000000336,-2.232087252479217909
0.504000000000000337,-2.205503008194082959
0.505000000000000338,-2.179211843204497345
0.506000000000000338,-2.153212445294847122
0.507000000000000339,-2.127503465284547701
0.508000000000000340,-2.102083518307434229
0.509000000000000341,-2.076951185066521877
0.510000000000000342,-2.052105013064387862
0.511000000000000343,-2.027543517809603735
0.512000000000000344,-2.003265183999505261
0.513000000000000345,-1.979268466679653171
0.514000000000000346,-1.955551792380352483
0.515000000000000346,-1.932113560230483085
0.516000000000000347,-1.908952143049032601
0.517000000000000348,-1.886065888414674374
0.518000000000000349,-1.863453119713595285
0.519000000000000350,-1.841112137166044604
0.520000000000000351,-1.819041218831789042
0.521000000000000352,-1.797238621594873464
0.522000000000000353,-1.775702582127931972
0.523000000000000353,-1.754431317836375515
0.524000000000000354,-1.733423027782792669
0.525000000000000355,-1.712675893591782739
0.526000000000000356,-1.692188080335578659
0.527000000000000357,-1.671957737400750599
0.528000000000000358,-1.651982999336202962
0.529000000000000359,-1.632261986682860933
0.530000000000000360,-1.612792806785218191
0.531000000000000361,-1.593573554585114405
0.532000000000000361,-1.574602313397933440
0.533000000000000362,-1.555877155671572698
0.534000000000000363,-1.537396143728389841
0.535000000000000364,-1.519157330490416902
0.536000000000000365,-1.501158760188108676
0.537000000000000366,-1.483398469052879864
0.538000000000000367,-1.465874485993653886
0.539000000000000368,-1.448584833257755333
0.540000000000000369,-1.431527527076289497
0.541000000000000369,-1.414700578294358246
0.542000000000000370,-1.398101992986279907
0.543000000000000371,-1.381729773056082911
0.544000000000000372,-1.365581916823531916
0.545000000000000373,-1.349656419595879786
0.546000000000000374,-1.333951274225606998
0.547000000000000375,-1.318464471654351655
0.548000000000000376,-1.303194001443308325
0.549000000000000377,-1.288137852290256458
0.550000000000000377,-1.273294012533468855
0.551000000000000378,-1.258660470642730456
0.552000000000000379,-1.244235215697664376
0.553000000000000380,-1.230016237853586158
0.554000000000000381,-1.216001528795079389
0.555000000000000382,-1.202189082177556489
0.556000000000000383,-1.188576894056909028
0.557000000000000384,-1.175162963307579300
0.558000000000000385,-1.161945292029123999
0.559000000000000385,-1.148921885941573517
0.560000000000000386,-1.136090754769712330
0.561000000000000387,-1.123449912616511392
0.562000000000000388,-1.110997378325885521
0.563000000000000389,-1.098731175834972484
0.564000000000000390,-1.086649334516110343
0.565000000000000391,-1.074749889508710865
0.566000000000000392,-1.063030882041189340
0.567000000000000393,-1.051490359743162184
0.568000000000000393,-1.040126376948040221
0.569000000000000394,-1.028936994986245468
0.570000000000000395,-1.017920282469186644
0.571000000000000396,-1.007074315564163491
0.572000000000000397,-0.996397178260412075
0.573000000000000398,-0.985886962626377206
0.574000000000000399,-0.975541769058467345
0.575000000000000400,-0.965359706521366712
0.576000000000000401,-0.955338892780119409
0.577000000000000401,-0.945477454624142011
0.578000000000000402,-0.935773528083281958
0.579000000000000403,-0.926225258636086957
0.580000000000000404,-0.916830801410483121
0.581000000000000405,-0.907588321376937124
0.582000000000000406,-0.898495993534300430
0.583000000000000407,-0.889552003088457277
0.584000000000000408,-0.880754545623934959
0.585000000000000409,-0.872101827268594754
0.586000000000000409,-0.863592064851557595
0.587000000000000410,-0.855223486054519255
0.588000000000000411,-0.846994329556532755
0.589000000000000412,-0.838902845172463940
0.590000000000000413,-0.830947293985189850
0.591000000000000414,-0.823125948471703950
0.592000000000000415,-0.815437092623249926
0.593000000000000416,-0.807879022059598162
0.594000000000000417,-0.800450044137585359
0.595000000000000417,-0.793148478054095052
0.596000000000000418,-0.785972654943485782
0.597000000000000419,-0.778920917969720406
0.598000000000000420,-0.771991622413193856
0.599000000000000421,-0.765183135752464771
0.600000000000000422,-0.758493837740946808
0.601000000000000423,-0.751922120478691669
0.602000000000000424,-0.745466388479378517
0.603000000000000425,-0.739125058732620133
0.604000000000000425,-0.732896560761664095
0.605000000000000426,-0.726779336676622201
0.606000000000000427,-0.720771841223360132
0.607000000000000428,-0.714872541828024843
0.608000000000000429,-0.709079918637520734
0.609000000000000430,-0.703392464555780750
0.610000000000000431,-0.697808685276167795
0.611000000000000432,-0.692327099309932192
0.612000000000000433,-0.686946238010883392
0.613000000000000433,-0.681664645596401386
0.614000000000000434,-0.676480879164812920
0.615000000000000435,-0.671393508709247522
0.616000000000000436,-0.666401117128086140
0.617000000000000437,-0.661502300232066354
0.618000000000000438,-0.656695666748124074
0.619000000000000439,-0.651979838320054461
0.620000000000000440,-0.647353449506110179
0.621000000000000441,-0.642815147773567852
0.622000000000000441,-0.638363593490384185
0.623000000000000442,-0.633997459913978489
0.624000000000000443,-0.629715433177266193
0.625000000000000444,-0.625516212271983729
0.626000000000000445,-0.621398509029389978
0.627000000000000446,-0.617361048098414633
0.628000000000000447,-0.613402566921347758
0.629000000000000448,-0.609521815707095849
0.630000000000000449,-0.605717557402112861
0.631000000000000449,-0.601988567659060947
0.632000000000000450,-0.598333634803264180
0.633000000000000451,-0.594751559797036866
0.634000000000000452,-0.591241156201917528
0.635000000000000453,-0.587801250138912268
0.636000000000000454,-0.584430680246778911
0.637000000000000455,-0.581128297638434765
0.638000000000000456,-0.577892965855524743
0.639000000000000457,-0.574723560821230661
0.640000000000000457,-0.571618970791378245
0.641000000000000458,-0.568578096303859915
0.642000000000000459,-0.565599850126504933
0.643000000000000460,-0.562683157203356932
0.644000000000000461,-0.559826954599504822
0.645000000000000462,-0.557030191444447431
0.646000000000000463,-0.554291828874076353
0.647000000000000464,-0.551610839971330091
0.648000000000000465,-0.548986209705559447
0.649000000000000465,-0.546416934870647020
0.650000000000000466,-0.543902024021947539
0.651000000000000467,-0.541440497412067678
0.652000000000000468,-0.539031386925564737
0.653000000000000469,-0.536673736012568070
0.654000000000000470,-0.534366599621414751
0.655000000000000471,-0.532109044130299580
0.656000000000000472,-0.529900147278007161
0.657000000000000473,-0.527738998093740586
0.658000000000000473,-0.525624696826135995
0.659000000000000474,-0.523556354871449914
0.660000000000000475,-0.521533094700976751
0.661000000000000476,-0.519554049787745553
0.662000000000000477,-0.517618364532521857
0.663000000000000478,-0.515725194189145197
0.664000000000000479,-0.513873704789264751
0.665000000000000480,-0.512063073066445384
0.666000000000000481,-0.510292486379780308
0.667000000000000481,-0.508561142636913877
0.668000000000000482,-0.506868250216642613
0.669000000000000483,-0.505213027891002531
0.670000000000000484,-0.503594704746966437
0.671000000000000485,-0.502012520107726901
0.672000000000000486,-0.500465723453610289
0.673000000000000487,-0.498953574342672845
0.674000000000000488,-0.497475342330955417
0.675000000000000488,-0.496030306892468353
0.676000000000000489,-0.494617757338937092
0.677000000000000490,-0.493236992739277902
0.678000000000000491,-0.491887321838901159
0.679000000000000492,-0.490568062978821939
0.680000000000000493,-0.489278544014599581
0.681000000000000494,-0.488018102235174223
0.682000000000000495,-0.486786084281557507
0.683000000000000496,-0.485581846065463896
0.684000000000000496,-0.484404752687856988
0.685000000000000497,-0.483254178357455433
0.686000000000000498,-0.482129506309222466
0.687000000000000499,-0.481030128722831130
0.688000000000000500,-0.479955446641160854
0.689000000000000501,-0.478904869888821083
0.690000000000000502,-0.477877816990729010
0.691000000000000503,-0.476873715090758654
0.692000000000000504,-0.475891999870461990
0.693000000000000504,-0.474932115467930793
0.694000000000000505,-0.473993514396725657
0.695000000000000506,-0.473075657465001687
0.696000000000000507,-0.472178013694740106
0.697000000000000508,-0.471300060241166441
0.698000000000000509,-0.470441282312355991
0.699000000000000510,-0.469601173089028379
0.700000000000000511,-0.468779233644545823
0.701000000000000512,-0.467974972865154881
0.702000000000000512,-0.467187907370443078
0.703000000000000513,-0.466417561434061212
0.704000000000000514,-0.465663466904700729
0.705000000000000515,-0.464925163127341889
0.706000000000000516,-0.464202196864788530
0.707000000000000517,-0.463494122219512250
0.708000000000000518,-0.462800500555763772
0.709000000000000519,-0.462120900422062220
0.710000000000000520,-0.461454897473943859
0.711000000000000520,-0.460802074397100525
0.712000000000000521,-0.460162020830838236
0.713000000000000522,-0.459534333291883534
0.714000000000000523,-0.458918615098581839
0.715000000000000524,-0.458314476295426210
0.716000000000000525,-0.457721533578014594
0.717000000000000526,-0.457139410218347475
0.718000000000000527,-0.456567735990546286
0.719000000000000528,-0.456006147096956915
0.720000000000000528,-0.455454286094699679
0.721000000000000529,-0.454911801822561412
0.722000000000000530,-0.454378349328391440
0.723000000000000531,-0.453853589796858248
0.724000000000000532,-0.453337190477673069
0.725000000000000533,-0.452828824614255665
0.726000000000000534,-0.452328171372805066
0.727000000000000535,-0.451834915771866907
0.728000000000000536,-0.451348748612312278
0.729000000000000536,-0.450869366407801953
0.730000000000000537,-0.450396471315699098
0.731000000000000538,-0.449929771068445561
0.732000000000000539,-0.449468978905412986
0.733000000000000540,-0.449013813505227788
0.734000000000000541,-0.448563998918563578
0.735000000000000542,-0.448119264501416925
0.736000000000000543,-0.447679344848871896
0.737000000000000544,-0.447243979729336161
0.738000000000000544,-0.446812914019278473
0.739000000000000545,-0.446385897638442386
0.740000000000000546,-0.445962685485564392
0.741000000000000547,-0.445543037374565021
0.742000000000000548,-0.445126717971283892
0.743000000000000549,-0.444713496730638536
0.744000000000000550,-0.444303147834345158
0.745000000000000551,-0.443895450129115798
0.746000000000000552,-0.443490187065348540
0.747000000000000552,-0.443087146636344187
0.748000000000000553,-0.442686121317995618
0.749000000000000554,-0.442286908009005386
0.750000000000000555,-0.441889307971603251
0.751000000000000556,-0.441493126772753430
0.752000000000000557,-0.441098174225901141
0.753000000000000558,-0.440704264333172002
0.754000000000000559,-0.440311215228137098
0.755000000000000560,-0.439918849119039446
0.756000000000000560,-0.439526992232551261
0.757000000000000561,-0.439135474758018340
0.758000000000000562,-0.438744130792214027
0.759000000000000563,-0.438352798284619538
0.760000000000000564,-0.437961318983171810
0.761000000000000565,-0.437569538380541689
0.762000000000000566,-0.437177305660905791
0.763000000000000567,-0.436784473647213900
0.764000000000000568,-0.436390898748959255
0.765000000000000568,-0.435996440910466798
0.766000000000000569,-0.435600963559644061
0.767000000000000570,-0.435204333557266843
0.768000000000000571,-0.434806421146716970
0.769000000000000572,-0.434407099904268734
0.770000000000000573,-0.434006246689810027
0.771000000000000574,-0.433603741598104164
0.772000000000000575,-0.433199467910505842
0.773000000000000576,-0.432793312047182188
0.774000000000000576,-0.432385163519812044
0.775000000000000577,-0.431974914884779349
0.776000000000000578,-0.431562461696827715
0.777000000000000579,-0.431147702463226312
0.778000000000000580,-0.430730538598379120
0.779000000000000581,-0.430310874378937225
0.780000000000000582,-0.429888616899361697
0.781000000000000583,-0.429463676027985630
0.782000000000000584,-0.429035964363521038
0.783000000000000584,-0.428605397192033777
0.784000000000000585,-0.428171892444407676
0.785000000000000586,-0.427735370654233837
0.786000000000000587,-0.427295754916194259
0.787000000000000588,-0.426852970844880275
0.788000000000000589,-0.426406946534064080
0.789000000000000590,-0.425957612516446649
0.790000000000000591,-0.425504901723826545
0.791000000000000592,-0.425048749447730412
0.792000000000000592,-0.424589093300486387
0.793000000000000593,-0.424125873176731338
0.794000000000000594,-0.423659031215364745
0.795000000000000595,-0.423188511761947161
0.796000000000000596,-0.422714261331492369
0.797000000000000597,-0.422236228571746530
0.798000000000000598,-0.421754364226849088
0.799000000000000599,-0.421268621101434815
0.800000000000000600,-0.420778954025167296
0.801000000000000600,-0.420285319817671366
0.802000000000000601,-0.419787677253891545
0.803000000000000602,-0.419285987029862361
0.804000000000000603,-0.418780211728894458
0.805000000000000604,-0.418270315788159652
0.806000000000000605,-0.417756265465667465
0.807000000000000606,-0.417238028807679295
0.808000000000000607,-0.416715575616481260
0.809000000000000608,-0.416188877418568359
0.810000000000000608,-0.415657907433238383
0.811000000000000609,-0.415122640541525090
0.812000000000000610,-0.414583053255582701
0.813000000000000611,-0.414039123688386801
0.814000000000000612,-0.413490831523863622
0.815000000000000613,-0.412938157987384535
0.816000000000000614,-0.412381085816606152
0.817000000000000615,-0.411819599232715383
0.818000000000000616,-0.411253683912032986
0.819000000000000616,-0.410683326957968386
0.820000000000000617,-0.410108516873338047
0.821000000000000618,-0.409529243533056087
0.822000000000000619,-0.408945498157177123
0.823000000000000620,-0.408357273284269628
0.824000000000000621,-0.407764562745153658
0.825000000000000622,-0.407167361636994740
0.826000000000000623,-0.406565666297720452
0.827000000000000624,-0.405959474280785382
0.828000000000000624,-0.405348784330272938
0.829000000000000625,-0.404733596356322223
0.830000000000000626,-0.404113911410899695
0.831000000000000627,-0.403489731663884688
0.832000000000000628,-0.402861060379491764
0.833000000000000629,-0.402227901892994677
0.834000000000000630,-0.401590261587787267
0.835000000000000631,-0.400948145872749406
0.836000000000000631,-0.400301562159930679
0.837000000000000632,-0.399650518842539493
0.838000000000000633,-0.398995025273231940
0.839000000000000634,-0.398335091742713865
0.840000000000000635,-0.397670729458647287
0.841000000000000636,-0.397001950524827063
0.842000000000000637,-0.396328767920692826
0.843000000000000638,-0.395651195481088902
0.844000000000000639,-0.394969247876345131
0.845000000000000639,-0.394282940592627529
0.846000000000000640,-0.393592289912567339
0.847000000000000641,-0.392897312896194562
0.848000000000000642,-0.392198027362108737
0.849000000000000643,-0.391494451868954041
0.850000000000000644,-0.390786605697167944
0.851000000000000645,-0.390074508830961064
0.852000000000000646,-0.389358181940608006
0.853000000000000647,-0.388637646364973333
0.854000000000000647,-0.387912924094297007
0.855000000000000648,-0.387184037753252053
0.856000000000000649,-0.386451010584242360
0.857000000000000650,-0.385713866430965280
0.858000000000000651,-0.384972629722199922
0.859000000000000652,-0.384227325455866020
0.860000000000000653,-0.383477979183320106
0.861000000000000654,-0.382724616993871947
0.862000000000000655,-0.381967265499577213
0.863000000000000655,-0.381205951820219713
0.864000000000000656,-0.380440703568571070
0.865000000000000657,-0.379671548835839867
0.866000000000000658,-0.378898516177381295
0.867000000000000659,-0.378121634598617640
0.868000000000000660,-0.377340933541170043
0.869000000000000661,-0.376556442869228347
0.870000000000000662,-0.375768192856129113
0.871000000000000663,-0.374976214171159061
0.872000000000000663,-0.374180537866545260
0.873000000000000664,-0.373381195364685392
0.874000000000000665,-0.372578218445564491
0.875000000000000666,-0.371771639234387219
0.876000000000000667,-0.370961490189408605
0.877000000000000668,-0.370147804089960064
0.878000000000000669,-0.369330614024692527
0.879000000000000670,-0.368509953379980493
0.880000000000000671,-0.367685855828559727
0.881000000000000671,-0.366858355318318397
0.882000000000000672,-0.366027486061306695
0.883000000000000673,-0.365193282522910334
0.884000000000000674,-0.364355779411226322
0.885000000000000675,-0.363515011666598276
0.886000000000000676,-0.362671014451358187
0.887000000000000677,-0.361823823139723499
0.888000000000000678,-0.360973473307870107
0.889000000000000679,-0.360120000724199640
0.890000000000000679,-0.359263441339751854
0.891000000000000680,-0.358403831278801654
0.892000000000000681,-0.357541206829616987
0.893000000000000682,-0.356675604435377269
0.894000000000000683,-0.355807060685257637
0.895000000000000684,-0.354935612305680659
0.896000000000000685,-0.354061296151714944
0.897000000000000686,-0.353184149198633501
0.898000000000000687,-0.352304208533628760
0.899000000000000687,-0.351421511347679183
0.900000000000000688,-0.350536094927560271
0.901000000000000689,-0.349647996648009163
0.902000000000000690,-0.348757253964044112
0.903000000000000691,-0.347863904403406754
0.904000000000000692,-0.346967985559164360
0.905000000000000693,-0.346069535082446922
0.906000000000000694,-0.345168590675327680
0.907000000000000695,-0.344265190083823946
0.908000000000000695,-0.343359371091063792
0.909000000000000696,-0.342451171510548991
0.910000000000000697,-0.341540629179583999
0.911000000000000698,-0.340627781952805908
0.912000000000000699,-0.339712667695861725
0.913000000000000700,-0.338795324279213217
0.914000000000000701,-0.337875789572035623
0.915000000000000702,-0.336954101436287679
0.916000000000000703,-0.336030297720860849
0.917000000000000703,-0.335104416255873061
0.918000000000000704,-0.334176494847066796
0.919000000000000705,-0.333246571270323588
0.920000000000000706,-0.332314683266314082
0.921000000000000707,-0.331380868535226081
0.922000000000000708,-0.330445164731629659
0.923000000000000709,-0.329507609459454787
0.924000000000000710,-0.328568240267048839
0.925000000000000711,-0.327627094642376382
0.926000000000000711,-0.326684210008295728
0.927000000000000712,-0.325739623717958060
0.928000000000000713,-0.324793373050294654
0.929000000000000714,-0.323845495205625444
0.930000000000000715,-0.322896027301336930
0.931000000000000716,-0.321945006367679976
0.932000000000000717,-0.320992469343667097
0.933000000000000718,-0.320038453073043350
0.934000000000000719,-0.319082994300372014
0.935000000000000719,-0.318126129667204327
0.936000000000000720,-0.317167895708335368
0.937000000000000721,-0.316208328848156695
0.938000000000000722,-0.315247465397100135
0.939000000000000723,-0.314285341548155017
0.940000000000000724,-0.313321993373484098
0.941000000000000725,-0.312357456821118373
0.942000000000000726,-0.311391767711739431
0.943000000000000727,-0.310424961735532523
0.944000000000000727,-0.309457074449134728
0.945000000000000728,-0.308488141272658389
0.946000000000000729,-0.307518197486776057
0.947000000000000730,-0.306547278229914233
0.948000000000000731,-0.305575418495488471
0.949000000000000732,-0.304602653129246781
0.950000000000000733,-0.303629016826649889
0.951000000000000734,-0.302654544130366632
0.952000000000000735,-0.301679269427801044
0.953000000000000735,-0.300703226948703939
0.954000000000000736,-0.299726450762868246
0.955000000000000737,-0.298748974777870768
0.956000000000000738,-0.297770832736892421
0.957000000000000739,-0.296792058216600041
0.958000000000000740,-0.295812684625095745
0.959000000000000741,-0.294832745199923862
0.960000000000000742,-0.293852273006155296
0.961000000000000743,-0.292871300934511913
0.962000000000000743,-0.291889861699567210
0.963000000000000744,-0.290907987838001814
0.964000000000000745,-0.289925711706925715
0.965000000000000746,-0.288943065482238137
0.966000000000000747,-0.287960081157065173
0.967000000000000748,-0.286976790540238336
0.968000000000000749,-0.285993225254846162
0.969000000000000750,-0.285009416736812293
0.970000000000000751,-0.284025396233559935
0.971000000000000751,-0.283041194802695240
0.972000000000000752,-0.282056843310758532
0.973000000000000753,-0.281072372432044637
0.974000000000000754,-0.280087812647428103
0.975000000000000755,-0.279103194243278729
0.976000000000000756,-0.278118547310402309
0.977000000000000757,-0.277133901743035482
0.978000000000000758,-0.276149287237881402
0.979000000000000759,-0.275164733293211228
0.980000000000000759,-0.274180269207970784
0.981000000000000760,-0.273195924080971153
0.982000000000000761,-0.272211726810107302
0.983000000000000762,-0.271227706091605736
0.984000000000000763,-0.270243890419330557
0.985000000000000764,-0.269260308084131927
0.986000000000000765,-0.268276987173219073
0.987000000000000766,-0.267293955569584019
0.988000000000000766,-0.266311240951457751
0.989000000000000767,-0.265328870791820381
0.990000000000000768,-0.264346872357925755
0.991000000000000769,-0.263365272710869902
0.992000000000000770,-0.262384098705202462
0.993000000000000771,-0.261403376988578906
0.994000000000000772,-0.260423134001415701
0.995000000000000773,-0.259443395976623914
0.996000000000000774,-0.258464188939336703
0.997000000000000774,-0.257485538706694217
0.998000000000000775,-0.256507470887649747
0.999000000000000776,-0.255530010882809688
1.000000000000000666,-0.254553183884301704
1.001000000000000778,-0.253577014875682294
1.002000000000000668,-0.252601528631859196
1.003000000000000780,-0.251626749719054021
1.004000000000000670,-0.250652702494789659
1.005000000000000782,-0.249679411107906812
1.006000000000000671,-0.248706899498609163
1.007000000000000783,-0.247735191398521654
1.008000000000000673,-0.246764310330798431
1.009000000000000785,-0.245794279610239641
1.010000000000000675,-0.244825122343435092
1.011000000000000787,-0.243856861428935145
1.012000000000000677,-0.242889519557452305
1.013000000000000789,-0.241923119212073434
1.014000000000000679,-0.240957682668497986
1.015000000000000790,-0.239993231995311002
1.016000000000000680,-0.239029789054267916
1.017000000000000792,-0.238067375500592371
1.018000000000000682,-0.237106012783315862
1.019000000000000794,-0.236145722145620324
1.020000000000000684,-0.235186524625216137
1.021000000000000796,-0.234228441054723513
1.022000000000000686,-0.233271492062082114
1.023000000000000798,-0.232315698070984122
1.024000000000000687,-0.231361079301314498
1.025000000000000799,-0.230407655769617359
1.026000000000000689,-0.229455447289581060
1.027000000000000801,-0.228504473472531361
1.028000000000000691,-0.227554753727950893
1.029000000000000803,-0.226606307264011153
1.030000000000000693,-0.225659153088115794
1.031000000000000805,-0.224713310007475325
1.032000000000000695,-0.223768796629669808
1.033000000000000806,-0.222825631363261140
1.034000000000000696,-0.221883832418389076
1.035000000000000808,-0.220943417807393405
1.036000000000000698,-0.220004405345452458
1.037000000000000810,-0.219066812651244947
1.038000000000000700,-0.218130657147589557
1.039000000000000812,-0.217195956062134987
1.040000000000000702,-0.216262726428047308
1.041000000000000814,-0.215330985084709992
1.042000000000000703,-0.214400748678423486
1.043000000000000815,-0.213472033663144212
1.044000000000000705,-0.212544856301213392
1.045000000000000817,-0.211619232664092299
1.046000000000000707,-0.210695178633132307
1.047000000000000819,-0.209772709900333171
1.048000000000000709,-0.208851841969113744
1.049000000000000821,-0.207932590155107289
1.050000000000000711,-0.207014969586943293
1.051000000000000822,-0.206098995207064928
1.052000000000000712,-0.205184681772528965
1.053000000000000824,-0.204272043855828256
1.054000000000000714,-0.203361095845727646
1.055000000000000826,-0.202451851948090539
1.056000000000000716,-0.201544326186732764
1.057000000000000828,-0.200638532404266018
1.058000000000000718,-0.199734484262957784
1.059000000000000830,-0.198832195245601639
1.060000000000000719,-0.197931678656387777
1.061000000000000831,-0.197032947621776172
1.062000000000000721,-0.196136015091386950
1.063000000000000833,-0.195240893838896590
1.064000000000000723,-0.194347596462919658
1.065000000000000835,-0.193456135387921557
1.066000000000000725,-0.192566522865129985
1.067000000000000837,-0.191678770973429197
1.068000000000000727,-0.190792891620302107
1.069000000000000838,-0.189908896542729855
1.070000000000000728,-0.189026797308131156
1.071000000000000840,-0.188146605315290594
1.072000000000000730,-0.187268331795291593
1.073000000000000842,-0.186391987812458637
1.074000000000000732,-0.185517584265288915
1.075000000000000844,-0.184645131887413216
1.076000000000000734,-0.183774641248537762
1.077000000000000846,-0.182906122755389644
1.078000000000000735,-0.182039586652686769
1.079000000000000847,-0.181175043024079996
1.080000000000000737,-0.180312501793129520
1.081000000000000849,-0.179451972724252645
1.082000000000000739,-0.178593465423697612
1.083000000000000851,-0.177736989340508467
1.084000000000000741,-0.176882553767499173
1.085000000000000853,-0.176030167842214091
1.086000000000000743,-0.175179840547909610
1.087000000000000854,-0.174331580714524620
1.088000000000000744,-0.173485397019661730
1.089000000000000856,-0.172641297989550691
1.090000000000000746,-0.171799292000038295
1.091000000000000858,-0.170959387277565600
1.092000000000000748,-0.170121591900140035
1.093000000000000860,-0.169285913798325083
1.094000000000000750,-0.168452360756210423
1.095000000000000862,-0.167620940412402469
1.096000000000000751,-0.166791660261001978
1.097000000000000863,-0.165964527652578853
1.098000000000000753,-0.165139549795166596
1.099000000000000865,-0.164316733755234340
1.100000000000000755,-0.163496086458667700
1.101000000000000867,-0.162677614691751043
1.102000000000000757,-0.161861325102152370
1.103000000000000869,-0.161047224199899308
1.104000000000000759,-0.160235318358350531
1.105000000000000870,-0.159425613815190853
1.106000000000000760,-0.158618116673389625
1.107000000000000872,-0.157812832902192113
1.108000000000000762,-0.157009768338090411
1.109000000000000874,-0.156208928685794002
1.110000000000000764,-0.155410319519205309
1.111000000000000876,-0.154613946282390835
1.112000000000000766,-0.153819814290551388
1.113000000000000878,-0.153027928730991719
1.114000000000000767,-0.152238294664089252
1.115000000000000879,-0.151450917024251702
1.116000000000000769,-0.150665800620888968
1.117000000000000881,-0.149882950139369475
1.118000000000000771,-0.149102370141983076
1.119000000000000883,-0.148324065068898447
1.120000000000000773,-0.147548039239118245
1.121000000000000885,-0.146774296851430508
1.122000000000000774,-0.146002841985362009
1.123000000000000886,-0.145233678602124827
1.124000000000000776,-0.144466810545573171
1.125000000000000888,-0.143702241543127135
1.126000000000000778,-0.142939975206731573
1.127000000000000890,-0.142180015033795903
1.128000000000000780,-0.141422364408114010
1.129000000000000892,-0.140667026600814815
1.130000000000000782,-0.139914004771285738
1.131000000000000894,-0.139163301968101200
1.132000000000000783,-0.138414921129946855
1.133000000000000895,-0.137668865086551961
1.134000000000000785,-0.136925136559586103
1.135000000000000897,-0.136183738163605766
1.136000000000000787,-0.135444672406940303
1.137000000000000899,-0.134707941692621069
1.138000000000000789,-0.133973548319273078
1.139000000000000901,-0.133241494482038425
1.140000000000000790,-0.132511782273459555
1.141000000000000902,-0.131784413684376489
1.142000000000000792,-0.131059390604835790
1.143000000000000904,-0.130336714824965949
1.144000000000000794,-0.129616388035878438
1.145000000000000906,-0.128898411830530246
1.146000000000000796,-0.128182787704629791
1.147000000000000908,-0.127469517057494236
1.148000000000000798,-0.126758601192932419
1.149000000000000909,-0.126050041320110717
1.150000000000000799,-0.125343838554415499
1.151000000000000689,-0.124639993918322339
1.152000000000000801,-0.123938508342252021
1.153000000000000913,-0.123239382665424196
1.154000000000000803,-0.122542617636705736
1.155000000000000693,-0.121848213915461551
1.156000000000000805,-0.121156172072401550
1.157000000000000917,-0.120466492590407537
1.158000000000000806,-0.119779175865385779
1.159000000000000696,-0.119094222207083433
1.160000000000000808,-0.118411631839925091
1.161000000000000920,-0.117731404903833714
1.162000000000000810,-0.117053541455055268
1.163000000000000700,-0.116378041466964954
1.164000000000000812,-0.115704904830890840
1.165000000000000924,-0.115034131356909347
1.166000000000000814,-0.114365720774662630
1.167000000000000703,-0.113699672734146454
1.168000000000000815,-0.113035986806516539
1.169000000000000927,-0.112374662484868562
1.170000000000000817,-0.111715699185040179
1.171000000000000707,-0.111059096246377442
1.172000000000000819,-0.110404852932532133
1.173000000000000931,-0.109752968432223902
1.174000000000000821,-0.109103441860016387
1.175000000000000711,-0.108456272257083874
1.176000000000000822,-0.107811458591975912
1.177000000000000934,-0.107168999761370870
1.178000000000000824,-0.106528894590837628
1.179000000000000714,-0.105891141835575464
1.180000000000000826,-0.105255740181174867
1.181000000000000938,-0.104622688244344203
1.182000000000000828,-0.103991984573656410
1.183000000000000718,-0.103363627650282869
1.184000000000000830,-0.102737615888717854
1.185000000000000941,-0.102113947637503005
1.186000000000000831,-0.101492621179956943
1.187000000000000721,-0.100873634734878134
1.188000000000000833,-0.100256986457270811
1.189000000000000945,-0.099642674439043913
1.190000000000000835,-0.099030696709722033
1.191000000000000725,-0.098421051237130477
1.192000000000000837,-0.097813735928115805
1.193000000000000949,-0.097208748629207031
1.194000000000000838,-0.096606087127328974
1.195000000000000728,-0.096005749150465863
1.196000000000000840,-0.095407732368348916
1.197000000000000952,-0.094812034393132877
1.198000000000000842,-0.094218652780053480
1.199000000000000732,-0.093627585028112470
1.200000000000000844,-0.093038828580714134
1.201000000000000956,-0.092452380826346256
1.202000000000000846,-0.091868239099218221
1.203000000000000735,-0.091286400679917251
1.204000000000000847,-0.090706862796044133
1.205000000000000959,-0.090129622622867236
1.206000000000000849,-0.089554677283946116
1.207000000000000739,-0.088982023851766540
1.208000000000000851,-0.088411659348373056
1.209000000000000963,-0.087843580745985653
1.210000000000000853,-0.087277784967626934
1.211000000000000743,-0.086714268887728083
1.212000000000000854,-0.086153029332747572
1.213000000000000966,-0.085594063081769214
1.214000000000000856,-0.085037366867120892
1.215000000000000746,-0.084482937374950023
1.216000000000000858,-0.083930771245842209
1.217000000000000970,-0.083380865075391900
1.218000000000000860,-0.082833215414798669
1.219000000000000750,-0.082287818771448279
1.220000000000000862,-0.081744671609487757
1.221000000000000973,-0.081203770350400481
1.222000000000000863,-0.080665111373579040
1.223000000000000753,-0.080128691016883608
1.224000000000000865,-0.079594505577213093
1.225000000000000977,-0.079062551311053594
1.226000000000000867,-0.078532824435040186
1.227000000000000757,-0.078005321126499522
1.228000000000000869,-0.077480037523995210
1.229000000000000981,-0.076956969727883656
1.230000000000000870,-0.076436113800828126
1.231000000000000760,-0.075917465768349138
1.232000000000000872,-0.075401021619355663
1.233000000000000984,-0.074886777306652705
1.234000000000000874,-0.074374728747487157
1.235000000000000764,-0.073864871824045414
1.236000000000000876,-0.073357202383979594
1.237000000000000988,-0.072851716240910497
1.238000000000000878,-0.072348409174941383
1.239000000000000767,-0.071847276933150295
1.240000000000000879,-0.071348315230098255
1.241000000000000991,-0.070851519748317909
1.242000000000000881,-0.070356886138804781
1.243000000000000771,-0.069864410021507353
1.244000000000000883,-0.069374086985804745
1.245000000000000995,-0.068885912590995441
1.246000000000000885,-0.068399882366762574
1.247000000000000774,-0.067915991813652141
1.248000000000000886,-0.067434236403538378
1.249000000000000998,-0.066954611580089390
1.250000000000000888,-0.066477112759231474
1.251000000000000778,-0.066001735329597605
1.252000000000000890,-0.065528474652989332
1.253000000000001002,-0.065057326064817650
1.254000000000000892,-0.064588284874562141
1.255000000000000782,-0.064121346366200843
1.256000000000000894,-0.063656505798652119
1.257000000000001005,-0.063193758406217021
1.258000000000000895,-0.062733099399004427
1.259000000000000785,-0.062274523963356886
1.260000000000000897,-0.061818027262282846
1.261000000000001009,-0.061363604435873222
1.262000000000000899,-0.060911250601718300
1.263000000000000789,-0.060460960855322168
1.264000000000000901,-0.060012730270519253
1.265000000000001013,-0.059566553899870610
1.266000000000000902,-0.059122426775076398
1.267000000000000792,-0.058680343907373075
1.268000000000000904,-0.058240300287929682
1.269000000000001016,-0.057802290888242590
1.270000000000000906,-0.057366310660527477
1.271000000000000796,-0.056932354538101040
1.272000000000000908,-0.056500417435766857
1.273000000000001020,-0.056070494250197687
1.274000000000000909,-0.055642579860310605
1.275000000000000799,-0.055216669127636273
1.276000000000000911,-0.054792756896700226
1.277000000000001023,-0.054370837995376009
1.278000000000000913,-0.053950907235258971
1.279000000000000803,-0.053532959412023705
1.280000000000000915,-0.053116989305785442
1.281000000000001027,-0.052702991681438313
1.282000000000000917,-0.052290961289030755
1.283000000000000806,-0.051880892864091699
1.284000000000000918,-0.051472781127991321
1.285000000000001030,-0.051066620788268915
1.286000000000000920,-0.050662406538984739
1.287000000000000810,-0.050260133061040747
1.288000000000000922,-0.049859795022530788
1.289000000000001034,-0.049461387079052892
1.290000000000000924,-0.049064903874041672
1.291000000000000814,-0.048670340039100944
1.292000000000000925,-0.048277690194304709
1.293000000000001037,-0.047886948948534576
1.294000000000000927,-0.047498110899781981
1.295000000000000817,-0.047111170635461004
1.296000000000000929,-0.046726122732720879
1.297000000000001041,-0.046342961758745596
1.298000000000000931,-0.045961682271065243
1.299000000000000821,-0.045582278817848827
1.300000000000000933,-0.045204745938200550
1.301000000000001044,-0.044829078162460609
1.302000000000000934,-0.044455270012489036
1.303000000000000824,-0.044083316001963031
1.304000000000000936,-0.043713210636648875
1.305000000000001048,-0.043344948414700865
1.306000000000000938,-0.042978523826933963
1.307000000000000828,-0.042613931357097234
1.308000000000000940,-0.042251165482152339
1.309000000000001052,-0.041890220672552637
1.310000000000000941,-0.041531091392501815
1.311000000000000831,-0.041173772100224770
1.312000000000000943,-0.040818257248227498
1.313000000000001055,-0.040464541283575003
1.314000000000000945,-0.040112618648127665
1.315000000000000835,-0.039762483778810240
1.316000000000000947,-0.039414131107863640
1.317000000000001059,-0.039067555063098690
1.318000000000000949,-0.038722750068134290
1.319000000000000838,-0.038379710542659387
1.320000000000000950,-0.038038430902663026
1.321000000000001062,-0.037698905560679348
1.322000000000000952,-0.037361128926031252
1.323000000000000842,-0.037025095405057766
1.324000000000000954,-0.036690799401357520
1.325000000000001066,-0.036358235316006890
1.326000000000000956,-0.036027397547805776
1.327000000000000846,-0.035698280493488298
1.328000000000000957,-0.035370878547957507
1.329000000000001069,-0.035045186104498187
1.330000000000000959,-0.034721197555007542
1.331000000000000849,-0.034398907290202826
1.332000000000000961,-0.034078309699835455
1.333000000000001073,-0.033759399172910029
1.334000000000000963,-0.033442170097892791
1.335000000000000853,-0.033126616862913592
1.336000000000000965,-0.032812733855980387
1.337000000000001076,-0.032500515465175336
1.338000000000000966,-0.032189956078857981
1.339000000000000856,-0.031881050085868841
1.340000000000000968,-0.031573791875717752
1.341000000000001080,-0.031268175838784565
1.342000000000000970,-0.030964196366509676
1.343000000000000860,-0.030661847851585093
1.344000000000000972,-0.030361124688139250
1.345000000000001084,-0.030062021271932415
1.346000000000000973,-0.029764532000527533
1.347000000000000863,-0.029468651273481694
1.348000000000000975,-0.029174373492520174
1.349000000000001087,-0.028881693061719581
1.350000000000000977,-0.028590604387680369
1.351000000000000867,-0.028301101879703090
1.352000000000000979,-0.028013179949950506
1.353000000000001091,-0.027726833013633146
1.354000000000000981,-0.027442055489167567
1.355000000000000870,-0.027158841798338024
1.356000000000000982,-0.026877186366470195
1.357000000000001094,-0.026597083622589428
1.358000000000000984,-0.026318527999576367
1.359000000000000874,-0.026041513934330639
1.360000000000000986,-0.025766035867922209
1.361000000000001098,-0.025492088245755669
1.362000000000000988,-0.025219665517706297
1.363000000000000878,-0.024948762138283898
1.364000000000000989,-0.024679372566782688
1.365000000000001101,-0.024411491267414091
1.366000000000000991,-0.024145112709466478
1.367000000000000881,-0.023880231367442356
1.368000000000000993,-0.023616841721200980
1.369000000000001105,-0.023354938256097784
1.370000000000000995,-0.023094515463122092
1.371000000000000885,-0.022835567839034419
1.372000000000000997,-0.022578089886501274
1.373000000000001108,-0.022322076114231794
1.374000000000000998,-0.022067521037093356
1.375000000000000888,-0.021814419176265976
1.376000000000001000,-0.021562765059350140
1.377000000000001112,-0.021312553220501223
1.378000000000001002,-0.021063778200553641
1.379000000000000892,-0.020816434547142038
1.380000000000001004,-0.020570516814823359
1.381000000000001116,-0.020326019565201362
1.382000000000001005,-0.020082937367035376
1.383000000000000895,-0.019841264796364326
1.384000000000001007,-0.019600996436619542
1.385000000000001119,-0.019362126878739505
1.386000000000001009,-0.019124650721280931
1.387000000000000899,-0.018888562570522002
1.388000000000001011,-0.018653857040593240
1.389000000000001123,-0.018420528753556022
1.390000000000001013,-0.018188572339530105
1.391000000000000902,-0.017957982436787687
1.392000000000001014,-0.017728753691860898
1.393000000000001126,-0.017500880759640857
1.394000000000001016,-0.017274358303482510
1.395000000000000906,-0.017049180995297907
1.396000000000001018,-0.016825343515652229
1.397000000000001130,-0.016602840553866773
1.398000000000001020,-0.016381666808111126
1.399000000000000909,-0.016161816985491212
1.400000000000001021,-0.015943285802146233
1.401000000000001133,-0.015726067983340107
1.402000000000001023,-0.015510158263545511
1.403000000000000913,-0.015295551386533501
1.404000000000001025,-0.015082242105463783
1.405000000000001137,-0.014870225182965274
1.406000000000001027,-0.014659495391219949
1.407000000000000917,-0.014450047512053907
1.408000000000001029,-0.014241876337001441
1.409000000000001140,-0.014034976667404529
1.410000000000001030,-0.013829343314477860
1.411000000000000920,-0.013624971099393045
1.412000000000001032,-0.013421854853349870
1.413000000000001144,-0.013219989417658820
1.414000000000001034,-0.013019369643808603
1.415000000000000924,-0.012819990393536975
1.416000000000001036,-0.012621846538912216
1.417000000000001148,-0.012424932962396768
1.418000000000001037,-0.012229244556912277
1.419000000000000927,-0.012034776225915030
1.420000000000001039,-0.011841522883459007
1.421000000000001151,-0.011649479454265761
1.422000000000001041,-0.011458640873781383
1.423000000000000931,-0.011269002088246650
1.424000000000001043,-0.011080558054757475
1.425000000000001155,-0.010893303741323732
1.426000000000001044,-0.010707234126932990
1.427000000000000934,-0.010522344201610450
1.428000000000001046,-0.010338628966471466
1.429000000000001158,-0.010156083433780702
1.430000000000001048,-0.009974702627013577
1.431000000000000938,-0.009794481580902192
1.432000000000001050,-0.009615415341497202
1.433000000000001162,-0.009437498966215704
1.434000000000001052,-0.009260727523893586
1.435000000000000941,-0.009085096094839951
1.436000000000001053,-0.008910599770882682
1.437000000000001165,-0.008737233655415951
1.438000000000001055,-0.008564992863459023
1.439000000000000945,-0.008393872521688920
1.440000000000001057,-0.008223867768497461
1.441000000000001169,-0.008054973754024567
1.442000000000001059,-0.007887185640215504
1.443000000000000949,-0.007720498600858860
1.444000000000001060,-0.007554907821624449
1.445000000000001172,-0.007390408500107461
1.446000000000001062,-0.007226995845876693
1.447000000000000952,-0.007064665080498763
1.448000000000001064,-0.006903411437589007
1.449000000000001176,-0.006743230162848926
1.450000000000001066,-0.006584116514093361
1.451000000000000956,-0.006426065761295919
1.452000000000001068,-0.006269073186622171
1.453000000000001180,-0.006113134084461481
1.454000000000001069,-0.005958243761461935
1.455000000000000959,-0.005804397536565632
1.456000000000001071,-0.005651590741033663
1.457000000000001183,-0.005499818718488260
1.458000000000001073,-0.005349076824933638
1.459000000000000963,-0.005199360428785839
1.460000000000001075,-0.005050664910908336
1.461000000000001187,-0.004902985664631779
1.462000000000001076,-0.004756318095792282
1.463000000000000966,-0.004610657622743822
1.464000000000001078,-0.004465999676392047
1.465000000000001190,-0.004322339700224048
1.466000000000001080,-0.004179673150318130
1.467000000000000970,-0.004037995495381610
1.468000000000001082,-0.003897302216767301
1.469000000000001194,-0.003757588808492304
1.470000000000001084,-0.003618850777266398
1.471000000000000973,-0.003481083642506028
1.472000000000001085,-0.003344282936362979
1.473000000000001197,-0.003208444203732101
1.474000000000001087,-0.003073563002280378
1.475000000000000977,-0.002939634902454614
1.476000000000001089,-0.002806655487509998
1.477000000000001201,-0.002674620353518824
1.478000000000001091,-0.002543525109386961
1.479000000000000981,-0.002413365376873457
1.480000000000001092,-0.002284136790598157
1.481000000000001204,-0.002155834998062861
1.482000000000001094,-0.002028455659660513
1.483000000000000984,-0.001901994448691761
1.484000000000001096,-0.001776447051371853
1.485000000000001208,-0.001651809166841257
1.486000000000001098,-0.001528076507187971
1.487000000000000988,-0.001405244797443513
1.488000000000001100,-0.001283309775598914
1.489000000000001211,-0.001162267192618064
1.490000000000001101,-0.001042112812440513
1.491000000000000991,-0.000922842411987849
1.492000000000001103,-0.000804451781178914
1.493000000000001215,-0.000686936722932496
1.494000000000001105,-0.000570293053168129
1.495000000000000995,-0.000454516600821411
1.496000000000001107,-0.000339603207844426
1.497000000000001219,-0.000225548729210250
1.498000000000001108,-0.000112349032920129
1.499000000000000998,0.000000000000000000
