# Gypsum-010_AFUC-AC
# h[nm],U(h)[kJ/mol]
0.149999999999999994,206.851459817490109572
0.150999999999999995,203.355302449773006401
0.151999999999999996,199.926887162993864422
0.152999999999999997,196.639971632440477833
0.153999999999999998,193.486206245320204289
0.154999999999999999,190.431579641190467100
0.156000000000000000,187.442750791527913634
0.157000000000000001,184.496845521040341964
0.158000000000000002,181.582865829248277123
0.159000000000000002,178.699417335081875535
0.160000000000000003,175.851324054199096736
0.161000000000000004,173.046411799761045813
0.162000000000000005,170.292994895061781335
0.163000000000000006,167.598192489493470703
0.164000000000000007,164.966997869284796252
0.165000000000000008,162.401941409999409416
0.166000000000000009,159.903171440599095376
0.167000000000000010,157.468794258063496727
0.168000000000000010,155.095345294612599218
0.169000000000000011,152.778297017799332025
0.170000000000000012,150.512539886106907261
0.171000000000000013,148.292798141688905389
0.172000000000000014,146.113961786950056876
0.173000000000000015,143.971330128641682222
0.174000000000000016,141.860771598225170465
0.175000000000000017,139.778810128186393058
0.176000000000000018,137.722651110017238807
0.177000000000000018,135.690160697736985185
0.178000000000000019,133.679811624001359860
0.179000000000000020,131.690607290399611884
0.180000000000000021,129.721994072489707150
0.181000000000000022,127.773769822996428047
0.182000000000000023,125.845994651160864919
0.183000000000000024,123.938908318966724664
0.184000000000000025,122.052857089238884214
0.185000000000000026,120.188231611685409916
0.186000000000000026,118.345416440192593655
0.187000000000000027,116.524751020867341822
0.188000000000000028,114.726501448699224284
0.189000000000000029,112.950841930075355890
0.190000000000000030,111.197844676564997712
0.191000000000000031,109.467476861600090388
0.192000000000000032,107.759603267893041334
0.193000000000000033,106.073993315124383230
0.194000000000000034,104.410331263862303786
0.195000000000000034,102.768228525833180242
0.196000000000000035,101.147237159013826613
0.197000000000000036,99.546863778182242299
0.198000000000000037,97.966583259845592124
0.199000000000000038,96.405851759483184082
0.200000000000000039,94.864118685272970311
0.201000000000000040,93.340837383903391355
0.202000000000000041,91.835474389853274602
0.203000000000000042,90.347517169679179005
0.204000000000000042,88.876480358031685114
0.205000000000000043,87.421910533418170530
0.206000000000000044,85.983389620484317106
0.207000000000000045,84.560537033298885490
0.208000000000000046,83.153010692324670572
0.209000000000000047,81.760507057958250243
0.210000000000000048,80.382760327147167345
0.211000000000000049,79.019540937970973005
0.212000000000000050,77.670653521384593887
0.213000000000000050,76.335934430625542291
0.214000000000000051,75.015248967976418726
0.215000000000000052,73.708488416426092726
0.216000000000000053,72.415566970921275924
0.217000000000000054,71.136418650858260548
0.218000000000000055,69.870994262645524486
0.219000000000000056,68.619258468882748048
0.220000000000000057,67.381187009175135927
0.221000000000000058,66.156764107004136122
0.222000000000000058,64.945980087490582378
0.223000000000000059,63.748829222379171711
0.224000000000000060,62.565307811144613481
0.225000000000000061,61.395412500755540464
0.226000000000000062,60.239138841286433035
0.227000000000000063,59.096480070181044653
0.228000000000000064,57.967426114470228526
0.229000000000000065,56.851962797551756523
0.230000000000000066,55.750071235167844463
0.231000000000000066,54.661727403880846055
0.232000000000000067,53.586901864567508369
0.233000000000000068,52.525559623145944954
0.234000000000000069,51.477660110841917174
0.235000000000000070,50.443157266722131737
0.236000000000000071,49.421999705907182943
0.237000000000000072,48.414130957767291363
0.238000000000000073,47.419489759447699839
0.239000000000000073,46.438010391225041928
0.240000000000000074,45.469623041414088505
0.241000000000000075,44.514254189801420125
0.242000000000000076,43.571826999842599548
0.243000000000000077,42.642261711101298260
0.244000000000000078,41.725476024614316373
0.245000000000000079,40.821385475017571309
0.246000000000000080,39.929903784356270080
0.247000000000000081,39.050943193515493590
0.248000000000000081,38.184414768142502794
0.249000000000000082,37.330228676785417008
0.250000000000000111,36.488294439740073472
0.251000000000000112,35.658521147782849425
0.252000000000000113,34.840817650568247643
0.253000000000000114,34.035092714995101915
0.254000000000000115,33.241255154290648477
0.255000000000000115,32.459213928938844163
0.256000000000000116,31.688878220886504522
0.257000000000000117,30.930157482708523276
0.258000000000000118,30.182961463602929086
0.259000000000000119,29.447200214225194514
0.260000000000000120,28.722784072462740568
0.261000000000000121,28.009623632302350416
0.262000000000000122,27.307629697957434445
0.263000000000000123,26.616713225405636223
0.264000000000000123,25.936785253443382260
0.265000000000000124,25.267756826297805617
0.266000000000000125,24.609538909750746427
0.267000000000000126,23.962042302629196655
0.268000000000000127,23.325177545403469992
0.269000000000000128,22.698854827512924714
0.270000000000000129,22.082983894911240697
0.271000000000000130,21.477473959190206187
0.272000000000000131,20.882233609508165983
0.273000000000000131,20.297170728414400287
0.274000000000000132,19.722192412528674055
0.275000000000000133,19.157204898905398238
0.276000000000000134,18.602113497785985885
0.277000000000000135,18.056822532323245412
0.278000000000000136,17.521235285745511590
0.279000000000000137,16.995253956320361510
0.280000000000000138,16.478779620375838988
0.281000000000000139,15.971712203541713393
0.282000000000000139,15.473950460286351571
0.283000000000000140,14.985391961743820488
0.284000000000000141,14.505933091753501429
0.285000000000000142,14.035469050968178095
0.286000000000000143,13.573893868828221798
0.287000000000000144,13.121100423147940006
0.288000000000000145,12.676980467014317355
0.289000000000000146,12.241424662660929101
0.290000000000000147,11.814322621945649416
0.291000000000000147,11.395562953035376808
0.292000000000000148,10.985033312878005773
0.293000000000000149,10.582620465026716161
0.294000000000000150,10.188210342368815731
0.295000000000000151,9.801688114304390353
0.296000000000000152,9.422938257916017690
0.297000000000000153,9.051844632671368629
0.298000000000000154,8.688290558202997005
0.299000000000000155,8.332158894716394926
0.300000000000000155,7.983332125585659966
0.301000000000000156,7.641692441707604644
0.302000000000000157,7.307121827197358144
0.303000000000000158,6.979502146024058717
0.304000000000000159,6.658715229200609542
0.305000000000000160,6.344642962159285027
0.306000000000000161,6.037167371962976148
0.307000000000000162,5.736170714020962791
0.308000000000000163,5.441535557997736028
0.309000000000000163,5.153144872623430572
0.310000000000000164,4.870882109134456073
0.311000000000000165,4.594631283093290719
0.312000000000000166,4.324277054356687522
0.313000000000000167,4.059704804981349113
0.314000000000000168,3.800800714876178432
0.315000000000000169,3.547451835029275635
0.316000000000000170,3.299546158156830167
0.317000000000000171,3.056972686639589210
0.318000000000000171,2.819621497630175444
0.319000000000000172,2.587383805231552536
0.320000000000000173,2.360152019663663836
0.321000000000000174,2.137819803350797354
0.322000000000000175,1.920282123877130598
0.323000000000000176,1.707435303772315560
0.324000000000000177,1.499177067102194449
0.325000000000000178,1.295406582852601129
0.326000000000000179,1.096024505105720248
0.327000000000000179,0.900933010019988934
0.328000000000000180,0.710035829634482973
0.329000000000000181,0.523238282528382781
0.330000000000000182,0.340447301375080280
0.331000000000000183,0.161571457438162230
0.332000000000000184,-0.013479017935743399
0.333000000000000185,-0.184792214765759188
0.334000000000000186,-0.352454528759852725
0.335000000000000187,-0.516550648439213944
0.336000000000000187,-0.677163544986626120
0.337000000000000188,-0.834374464736711396
0.338000000000000189,-0.988262924223116790
0.339000000000000190,-1.138906707694197662
0.340000000000000191,-1.286381867006140656
0.341000000000000192,-1.430762723800781178
0.342000000000000193,-1.572121873873442155
0.343000000000000194,-1.710530193635217744
0.344000000000000195,-1.846056848572773301
0.345000000000000195,-1.978769303609289265
0.346000000000000196,-2.108733335268989428
0.347000000000000197,-2.236013045548832956
0.348000000000000198,-2.360670877401011669
0.349000000000000199,-2.482767631730790736
0.350000000000000200,-2.602362485815504112
0.351000000000000201,-2.719513013051498174
0.352000000000000202,-2.834275203937530740
0.353000000000000203,-2.946703488204692967
0.354000000000000203,-3.056850758004997282
0.355000000000000204,-3.164768392072253800
0.356000000000000205,-3.270506280771600327
0.357000000000000206,-3.374112851955982872
0.358000000000000207,-3.475635097550026753
0.359000000000000208,-3.575118600784521927
0.360000000000000209,-3.672607564007107417
0.361000000000000210,-3.768144836997037395
0.362000000000000210,-3.861771945714899346
0.363000000000000211,-3.953529121420403580
0.364000000000000212,-4.043455330094244182
0.365000000000000213,-4.131588302102495724
0.366000000000000214,-4.217964562044848265
0.367000000000000215,-4.302619458730352342
0.368000000000000216,-4.385587195227349966
0.369000000000000217,-4.466900858936408980
0.370000000000000218,-4.546592451638158394
0.371000000000000218,-4.624692919469919339
0.372000000000000219,-4.701232182788070979
0.373000000000000220,-4.776239165875209025
0.374000000000000221,-4.849741826453628057
0.375000000000000222,-4.921767184968975251
0.376000000000000223,-4.992341353610586729
0.377000000000000224,-5.061489565036692007
0.378000000000000225,-5.129236200775314281
0.379000000000000226,-5.195604819273588859
0.380000000000000226,-5.260618183570535678
0.381000000000000227,-5.324298288569886850
0.382000000000000228,-5.386666387892061536
0.383000000000000229,-5.447743020285749971
0.384000000000000230,-5.507548035581672607
0.385000000000000231,-5.566100620172786506
0.386000000000000232,-5.623419322006639298
0.387000000000000233,-5.679522075077588106
0.388000000000000234,-5.734426223407639966
0.389000000000000234,-5.788148544506649174
0.390000000000000235,-5.840705272303508444
0.391000000000000236,-5.892112119541761395
0.392000000000000237,-5.942384299633950206
0.393000000000000238,-5.991536547970571114
0.394000000000000239,-6.039583142680288397
0.395000000000000240,-6.086537924839531044
0.396000000000000241,-6.132414318130331665
0.397000000000000242,-6.177225347946300182
0.398000000000000242,-6.220983659947811439
0.399000000000000243,-6.263701538067738106
0.400000000000000244,-6.305390921970645657
0.401000000000000245,-6.346063423968507422
0.402000000000000246,-6.385730345396874341
0.403000000000000247,-6.424402692456345321
0.404000000000000248,-6.462091191524406142
0.405000000000000249,-6.498806303943553075
0.406000000000000250,-6.534558240291984177
0.407000000000000250,-6.569356974143714112
0.408000000000000251,-6.603212255325381363
0.409000000000000252,-6.636133622677384380
0.410000000000000253,-6.668130416327398891
0.411000000000000254,-6.699211789484635915
0.412000000000000255,-6.729386719763432723
0.413000000000000256,-6.758664020045264564
0.414000000000000257,-6.787052348888074960
0.415000000000000258,-6.814560220492568376
0.416000000000000258,-6.841196014234728118
0.417000000000000259,-6.866967983774441286
0.418000000000000260,-6.891884265749905758
0.419000000000000261,-6.915952888067826265
0.420000000000000262,-6.939181777799241502
0.421000000000000263,-6.961578768691235375
0.422000000000000264,-6.983151608304318358
0.423000000000000265,-7.003907964785808460
0.424000000000000266,-7.023855433289253547
0.425000000000000266,-7.043001542049789343
0.426000000000000267,-7.061353758125744839
0.427000000000000268,-7.078919492816261538
0.428000000000000269,-7.095706106764943399
0.429000000000000270,-7.111720914759425582
0.430000000000000271,-7.126971190236508491
0.431000000000000272,-7.141464169502688364
0.432000000000000273,-7.155207055679480455
0.433000000000000274,-7.168207022383121796
0.434000000000000274,-7.180471217147894158
0.435000000000000275,-7.192006764602257185
0.436000000000000276,-7.202820769406907964
0.437000000000000277,-7.212920318963578659
0.438000000000000278,-7.222312485903401580
0.439000000000000279,-7.231004330363409061
0.440000000000000280,-7.239002902059607614
0.441000000000000281,-7.246315242164842907
0.442000000000000282,-7.252948384999731601
0.443000000000000282,-7.258909359544317041
0.444000000000000283,-7.264205190778507237
0.445000000000000284,-7.268842900858629719
0.446000000000000285,-7.272829510137621689
0.447000000000000286,-7.276172038036179401
0.448000000000000287,-7.278877503771615132
0.449000000000000288,-7.280952926951701265
0.450000000000000289,-7.282405328039781800
0.451000000000000290,-7.283241728697956496
0.452000000000000290,-7.283469152014539816
0.453000000000000291,-7.283094622621947956
0.454000000000000292,-7.282125166711021613
0.455000000000000293,-7.280567811947550538
0.456000000000000294,-7.278429587296637138
0.457000000000000295,-7.275717522760392519
0.458000000000000296,-7.272438649034098646
0.459000000000000297,-7.268599997086167441
0.460000000000000298,-7.264208597666585554
0.461000000000000298,-7.259271480748838101
0.462000000000000299,-7.253795674909814473
0.463000000000000300,-7.247788206652093557
0.464000000000000301,-7.241256099673071489
0.465000000000000302,-7.234206374084895863
0.466000000000000303,-7.226646045589295575
0.467000000000000304,-7.218582124611126360
0.468000000000000305,-7.210021615394258454
0.469000000000000306,-7.200971515063433692
0.470000000000000306,-7.191438812655502666
0.471000000000000307,-7.181430488123170974
0.472000000000000308,-7.170953511314562157
0.473000000000000309,-7.160014840931523850
0.474000000000000310,-7.148621423469481151
0.475000000000000311,-7.136780192141706891
0.476000000000000312,-7.124498065790545454
0.477000000000000313,-7.111781947788168523
0.478000000000000314,-7.098638724929102750
0.479000000000000314,-7.085075266317055309
0.480000000000000315,-7.071098422247904303
0.481000000000000316,-7.056715023091197914
0.482000000000000317,-7.041931878171882708
0.483000000000000318,-7.026755774654280806
0.484000000000000319,-7.011193476429968818
0.485000000000000320,-6.995251723011280731
0.486000000000000321,-6.978937228431971285
0.487000000000000322,-6.962256680156565736
0.488000000000000322,-6.945216737999658108
0.489000000000000323,-6.927824033056674935
0.490000000000000324,-6.910085166647178312
0.491000000000000325,-6.892006709271905507
0.492000000000000326,-6.873595199584587867
0.493000000000000327,-6.854857143379663675
0.494000000000000328,-6.835799012596647906
0.495000000000000329,-6.816427244342230907
0.496000000000000330,-6.796748239930624713
0.497000000000000330,-6.776768363943295626
0.498000000000000331,-6.756493943308258920
0.499000000000000332,-6.735931266400044137
0.500000000000000333,-6.715086582160584960
0.501000000000000334,-6.693966099241587919
0.502000000000000335,-6.672575985168966994
0.503000000000000336,-6.650922365529612357
0.504000000000000337,-6.629011323180941773
0.505000000000000338,-6.606848897483490468
0.506000000000000338,-6.584441083556873409
0.507000000000000339,-6.561793831559308288
0.508000000000000340,-6.538913045990847550
0.509000000000000341,-6.515804585020680051
0.510000000000000342,-6.492474259838270534
0.511000000000000343,-6.468927834028809443
0.512000000000000344,-6.445171022972691510
0.513000000000000345,-6.421209493269245172
0.514000000000000346,-6.397048862184689710
0.515000000000000346,-6.372694697124158481
0.516000000000000347,-6.348152515127826412
0.517000000000000348,-6.323427782391091156
0.518000000000000349,-6.298525913808537879
0.519000000000000350,-6.273452272541739205
0.520000000000000351,-6.248212169610542155
0.521000000000000352,-6.222810863507901580
0.522000000000000353,-6.197253559837801795
0.523000000000000353,-6.171545410976224666
0.524000000000000354,-6.145691515754946543
0.525000000000000355,-6.119696919167785687
0.526000000000000356,-6.093566612099133195
0.527000000000000357,-6.067305531074545399
0.528000000000000358,-6.040918558032940311
0.529000000000000359,-6.014410520120334169
0.530000000000000360,-5.987786189504548773
0.531000000000000361,-5.961050283210837186
0.532000000000000361,-5.934207462977886038
0.533000000000000362,-5.907262335133987463
0.534000000000000363,-5.880219450492976563
0.535000000000000364,-5.853083304269651066
0.536000000000000365,-5.825858336014211325
0.537000000000000366,-5.798548929565515486
0.538000000000000367,-5.771159413022567186
0.539000000000000368,-5.743694058734160279
0.540000000000000369,-5.716157083305978048
0.541000000000000369,-5.688552647625102487
0.542000000000000370,-5.660884856901236439
0.543000000000000371,-5.633157760724537333
0.544000000000000372,-5.605375353139488759
0.545000000000000373,-5.577541572734546982
0.546000000000000374,-5.549660302747097873
0.547000000000000375,-5.521735371183387642
0.548000000000000376,-5.493770550953046339
0.549000000000000377,-5.465769560017804451
0.550000000000000377,-5.437736061554049982
0.551000000000000378,-5.409673664128755277
0.552000000000000379,-5.381585921888584423
0.553000000000000380,-5.353476334761600341
0.554000000000000381,-5.325348348671274934
0.555000000000000382,-5.297205355762566015
0.556000000000000383,-5.269050694639399346
0.557000000000000384,-5.240887650613542448
0.558000000000000385,-5.212719455964164084
0.559000000000000385,-5.184549290208004813
0.560000000000000386,-5.156380280379642578
0.561000000000000387,-5.128215501321551351
0.562000000000000388,-5.100057975983576242
0.563000000000000389,-5.071910675731560403
0.564000000000000390,-5.043776520664688512
0.565000000000000391,-5.015658379941259071
0.566000000000000392,-4.987559072112565772
0.567000000000000393,-4.959481365464580627
0.568000000000000393,-4.931427978367018738
0.569000000000000394,-4.903401579629568019
0.570000000000000395,-4.875404788865003169
0.571000000000000396,-4.847440176858706984
0.572000000000000397,-4.819510265944517258
0.573000000000000398,-4.791617530386426793
0.574000000000000399,-4.763764396765957976
0.575000000000000400,-4.735953244374864646
0.576000000000000401,-4.708186405612869940
0.577000000000000401,-4.680466166390302440
0.578000000000000402,-4.652794766535135906
0.579000000000000403,-4.625174400204326908
0.580000000000000404,-4.597607216299221200
0.581000000000000405,-4.570095318884580315
0.582000000000000406,-4.542640767611241692
0.583000000000000407,-4.515245578141898974
0.584000000000000408,-4.487911722580014029
0.585000000000000409,-4.460641129901448565
0.586000000000000409,-4.433435686388642161
0.587000000000000410,-4.406297236067204359
0.588000000000000411,-4.379227581144486514
0.589000000000000412,-4.352228482450230196
0.590000000000000413,-4.325301659878745042
0.591000000000000414,-4.298448792832685328
0.592000000000000415,-4.271671520668121502
0.593000000000000416,-4.244971443140663325
0.594000000000000417,-4.218350120852500496
0.595000000000000417,-4.191809075700333231
0.596000000000000418,-4.165349791323585293
0.597000000000000419,-4.138973713553303568
0.598000000000000420,-4.112682250861036337
0.599000000000000421,-4.086476774807941581
0.600000000000000422,-4.060358620493675019
0.601000000000000423,-4.034329087005090742
0.602000000000000424,-4.008389437864519955
0.603000000000000425,-3.982540901477496842
0.604000000000000425,-3.956784671579787638
0.605000000000000426,-3.931121907683597705
0.606000000000000427,-3.905553735522885539
0.607000000000000428,-3.880081247497417340
0.608000000000000429,-3.854705503115859244
0.609000000000000430,-3.829427529437297917
0.610000000000000431,-3.804248321511505715
0.611000000000000432,-3.779168842817549834
0.612000000000000433,-3.754190025700739231
0.613000000000000433,-3.729312771807860027
0.614000000000000434,-3.704537952520522204
0.615000000000000435,-3.679866409386506998
0.616000000000000436,-3.655298954549061730
0.617000000000000437,-3.630836371174140709
0.618000000000000438,-3.606479413875316453
0.619000000000000439,-3.582228809136367431
0.620000000000000440,-3.558085255731569418
0.621000000000000441,-3.534049425143429346
0.622000000000000441,-3.510121961977934912
0.623000000000000442,-3.486303484377143214
0.624000000000000443,-3.462594584429110167
0.625000000000000444,-3.438995828575134972
0.626000000000000445,-3.415507758014089124
0.627000000000000446,-3.392130889104007174
0.628000000000000447,-3.368865713760672342
0.629000000000000448,-3.345712699853292005
0.630000000000000449,-3.322672291597126737
0.631000000000000449,-3.299744909943059579
0.632000000000000450,-3.276930952964088650
0.633000000000000451,-3.254230796238642309
0.634000000000000452,-3.231644793230700863
0.635000000000000453,-3.209173275666737712
0.636000000000000454,-3.186816553909328054
0.637000000000000455,-3.164574917327567682
0.638000000000000456,-3.142448634664054108
0.639000000000000457,-3.120437954398612490
0.640000000000000457,-3.098543105108617191
0.641000000000000458,-3.076764295825859197
0.642000000000000459,-3.055101716390124178
0.643000000000000460,-3.033555537799156987
0.644000000000000461,-3.012125912555323470
0.645000000000000462,-2.990812975008709351
0.646000000000000463,-2.969616841696740117
0.647000000000000464,-2.948537611680316139
0.648000000000000465,-2.927575366876447927
0.649000000000000465,-2.906730172387314681
0.650000000000000466,-2.886002076825870066
0.651000000000000467,-2.865391112637822868
0.652000000000000468,-2.844897296420159538
0.653000000000000469,-2.824520629236039415
0.654000000000000470,-2.804261096926233154
0.655000000000000471,-2.784118670416946273
0.656000000000000472,-2.764093306024109964
0.657000000000000473,-2.744184945754135185
0.658000000000000473,-2.724393517601137127
0.659000000000000474,-2.704718935840580762
0.660000000000000475,-2.685161101319467836
0.661000000000000476,-2.665719901742888975
0.662000000000000477,-2.646395211957180305
0.663000000000000478,-2.627186894229458058
0.664000000000000479,-2.608094798523778124
0.665000000000000480,-2.589118762773645610
0.666000000000000481,-2.570258613151232829
0.667000000000000481,-2.551514164332933543
0.668000000000000482,-2.532885219761683793
0.669000000000000483,-2.514371571905644753
0.670000000000000484,-2.495973002513587780
0.671000000000000485,-2.477689282866832432
0.672000000000000486,-2.459520174027780559
0.673000000000000487,-2.441465427085133921
0.674000000000000488,-2.423524783395676785
0.675000000000000488,-2.405697974822757157
0.676000000000000489,-2.387984723971519507
0.677000000000000490,-2.370384744420698908
0.678000000000000491,-2.352897740951255479
0.679000000000000492,-2.335523409771709247
0.680000000000000493,-2.318261438740224278
0.681000000000000494,-2.301111507583511351
0.682000000000000495,-2.284073288112503874
0.683000000000000496,-2.267146444434897212
0.684000000000000496,-2.250330633164533189
0.685000000000000497,-2.233625503627628017
0.686000000000000498,-2.217030698065966199
0.687000000000000499,-2.200545851836959166
0.688000000000000500,-2.184170593610673450
0.689000000000000501,-2.167904545563846597
0.690000000000000502,-2.151747323570901038
0.691000000000000503,-2.135698537391961693
0.692000000000000504,-2.119757790857925706
0.693000000000000504,-2.103924682052661588
0.694000000000000505,-2.088198803492204991
0.695000000000000506,-2.072579742301214001
0.696000000000000507,-2.057067080386465907
0.697000000000000508,-2.041660394607590856
0.698000000000000509,-2.026359256945026832
0.699000000000000510,-2.011163234665147570
0.700000000000000511,-1.996071890482731703
0.701000000000000512,-1.981084782720662130
0.702000000000000512,-1.966201465466958398
0.703000000000000513,-1.951421488729164322
0.704000000000000514,-1.936744398586101479
0.705000000000000515,-1.922169737337003692
0.706000000000000516,-1.907697043648102664
0.707000000000000517,-1.893325852696671863
0.708000000000000518,-1.879055696312476709
0.709000000000000519,-1.864886103116880633
0.710000000000000520,-1.850816598659320134
0.711000000000000520,-1.836846705551462788
0.712000000000000521,-1.822975943598914572
0.713000000000000522,-1.809203829930507101
0.714000000000000523,-1.795529879125334460
0.715000000000000524,-1.781953603337330660
0.716000000000000525,-1.768474512417661515
0.717000000000000526,-1.755092114034797479
0.718000000000000527,-1.741805913792299432
0.719000000000000528,-1.728615415344457062
0.720000000000000528,-1.715520120509735902
0.721000000000000529,-1.702519529381965269
0.722000000000000530,-1.689613140439523375
0.723000000000000531,-1.676800450652280006
0.724000000000000532,-1.664080955586570543
0.725000000000000533,-1.651454149508046587
0.726000000000000534,-1.638919525482489536
0.727000000000000535,-1.626476575474660846
0.728000000000000536,-1.614124790445136126
0.729000000000000536,-1.601863660445203452
0.730000000000000537,-1.589692674709856091
0.731000000000000538,-1.577611321748815021
0.732000000000000539,-1.565619089435755340
0.733000000000000540,-1.553715465095637516
0.734000000000000541,-1.541899935590221871
0.735000000000000542,-1.530171987401751199
0.736000000000000543,-1.518531106714950951
0.737000000000000544,-1.506976779497144481
0.738000000000000544,-1.495508491576776677
0.739000000000000545,-1.484125728720119053
0.740000000000000546,-1.472827976706378550
0.741000000000000547,-1.461614721401086392
0.742000000000000548,-1.450485448827960377
0.743000000000000549,-1.439439645239010357
0.744000000000000550,-1.428476797183176439
0.745000000000000551,-1.417596391573367587
0.746000000000000552,-1.406797915751967221
0.747000000000000552,-1.396080857554823140
0.748000000000000553,-1.385444705373727547
0.749000000000000554,-1.374888948217446227
0.750000000000000555,-1.364413075771311323
0.751000000000000556,-1.354016578455342401
0.752000000000000557,-1.343698947481045902
0.753000000000000558,-1.333459674906700698
0.754000000000000559,-1.323298253691438164
0.755000000000000560,-1.313214177747844769
0.756000000000000560,-1.303206941993367840
0.757000000000000561,-1.293276042400290038
0.758000000000000562,-1.283420976044534978
0.759000000000000563,-1.273641241153172343
0.760000000000000564,-1.263936337150693978
0.761000000000000565,-1.254305764704047643
0.762000000000000566,-1.244749025766507700
0.763000000000000567,-1.235265623620347863
0.764000000000000568,-1.225855062918334237
0.765000000000000568,-1.216516849724151861
0.766000000000000569,-1.207250491551605798
0.767000000000000570,-1.198055497402821690
0.768000000000000571,-1.188931377805257483
0.769000000000000572,-1.179877644847750595
0.770000000000000573,-1.170893812215440866
0.771000000000000574,-1.161979395223715406
0.772000000000000575,-1.153133910851098509
0.773000000000000576,-1.144356877771168124
0.774000000000000576,-1.135647816383487996
0.775000000000000577,-1.127006248843598124
0.776000000000000578,-1.118431699092008458
0.777000000000000579,-1.109923692882338830
0.778000000000000580,-1.101481757808468132
0.779000000000000581,-1.093105423330851256
0.780000000000000582,-1.084794220801917231
0.781000000000000583,-1.076547683490634455
0.782000000000000584,-1.068365346606191091
0.783000000000000584,-1.060246747320862770
0.784000000000000585,-1.052191424792084495
0.785000000000000586,-1.044198920183656121
0.786000000000000587,-1.036268776686240844
0.787000000000000588,-1.028400539537024816
0.788000000000000589,-1.020593756038626232
0.789000000000000590,-1.012847975577319870
0.790000000000000591,-1.005162749640442943
0.791000000000000592,-0.997537631833145033
0.792000000000000592,-0.989972177894414607
0.793000000000000593,-0.982465945712396427
0.794000000000000594,-0.975018495339076585
0.795000000000000595,-0.967629389004275198
0.796000000000000596,-0.960298191128966527
0.797000000000000597,-0.953024468338014907
0.798000000000000598,-0.945807789472239646
0.799000000000000599,-0.938647725599875526
0.800000000000000600,-0.931543850027465981
0.801000000000000600,-0.924495738310116777
0.802000000000000601,-0.917502968261194596
0.803000000000000602,-0.910565119961475156
0.804000000000000603,-0.903681775767713802
0.805000000000000604,-0.896852520320703284
0.806000000000000605,-0.890076940552731899
0.807000000000000606,-0.883354625694623197
0.808000000000000607,-0.876685167282176492
0.809000000000000608,-0.870068159162146970
0.810000000000000608,-0.863503197497771380
0.811000000000000609,-0.856989880773699197
0.812000000000000610,-0.850527809800632140
0.813000000000000611,-0.844116587719320299
0.814000000000000612,-0.837755820004248974
0.815000000000000613,-0.831445114466835222
0.816000000000000614,-0.825184081258172220
0.817000000000000615,-0.818972332871394593
0.818000000000000616,-0.812809484143624750
0.819000000000000616,-0.806695152257504766
0.820000000000000617,-0.800628956742333364
0.821000000000000618,-0.794610519474847399
0.822000000000000619,-0.788639464679625091
0.823000000000000620,-0.782715418929086471
0.824000000000000621,-0.776838011143160201
0.825000000000000622,-0.771006872588629322
0.826000000000000623,-0.765221636878103961
0.827000000000000624,-0.759481939968651321
0.828000000000000624,-0.753787420160147770
0.829000000000000625,-0.748137718093256465
0.830000000000000626,-0.742532476747142400
0.831000000000000627,-0.736971341436868821
0.832000000000000628,-0.731453959810505872
0.833000000000000629,-0.725979981845927491
0.834000000000000630,-0.720549059847366724
0.835000000000000631,-0.715160848441672714
0.836000000000000631,-0.709815004574301800
0.837000000000000632,-0.704511187505087344
0.838000000000000633,-0.699249058803692258
0.839000000000000634,-0.694028282344867464
0.840000000000000635,-0.688848524303470766
0.841000000000000636,-0.683709453149210833
0.842000000000000637,-0.678610739641221539
0.843000000000000638,-0.673552056822368184
0.844000000000000639,-0.668533080013365422
0.845000000000000639,-0.663553486806691906
0.846000000000000640,-0.658612957060259685
0.847000000000000641,-0.653711172890974579
0.848000000000000642,-0.648847818667995124
0.849000000000000643,-0.644022581005880723
0.850000000000000644,-0.639235148757571814
0.851000000000000645,-0.634485213007115245
0.852000000000000646,-0.629772467062300167
0.853000000000000647,-0.625096606447101633
0.854000000000000647,-0.620457328893937898
0.855000000000000648,-0.615854334335819043
0.856000000000000649,-0.611287324898327045
0.857000000000000650,-0.606756004891441880
0.858000000000000651,-0.602260080801235831
0.859000000000000652,-0.597799261281427574
0.860000000000000653,-0.593373257144840460
0.861000000000000654,-0.588981781354655731
0.862000000000000655,-0.584624549015640316
0.863000000000000655,-0.580301277365176338
0.864000000000000656,-0.576011685764238890
0.865000000000000657,-0.571755495688195947
0.866000000000000658,-0.567532430717580083
0.867000000000000659,-0.563342216528719519
0.868000000000000660,-0.559184580884246829
0.869000000000000661,-0.555059253623553683
0.870000000000000662,-0.550965966653149564
0.871000000000000663,-0.546904453936936319
0.872000000000000663,-0.542874451486349496
0.873000000000000664,-0.538875697350513994
0.874000000000000665,-0.534907931606222298
0.875000000000000666,-0.530970896347936705
0.876000000000000667,-0.527064335677632001
0.877000000000000668,-0.523187995694635921
0.878000000000000669,-0.519341624485396891
0.879000000000000670,-0.515524972113149293
0.880000000000000671,-0.511737790607589504
0.881000000000000671,-0.507979833954419924
0.882000000000000672,-0.504250858084937081
0.883000000000000673,-0.500550620865468421
0.884000000000000674,-0.496878882086854046
0.885000000000000675,-0.493235403453816335
0.886000000000000676,-0.489619948574343877
0.887000000000000677,-0.486032282949001360
0.888000000000000678,-0.482472173960215911
0.889000000000000679,-0.478939390861540026
0.890000000000000679,-0.475433704766880350
0.891000000000000680,-0.471954888639689762
0.892000000000000681,-0.468502717282146208
0.893000000000000682,-0.465076967324303703
0.894000000000000683,-0.461677417213215591
0.895000000000000684,-0.458303847202062076
0.896000000000000685,-0.454956039339240892
0.897000000000000686,-0.451633777457441987
0.898000000000000687,-0.448336847162734586
0.899000000000000687,-0.445065035823612842
0.900000000000000688,-0.441818132560060195
0.901000000000000689,-0.438595928232585308
0.902000000000000690,-0.435398215431281543
0.903000000000000691,-0.432224788464851351
0.904000000000000692,-0.429075443349653418
0.905000000000000693,-0.425949977798737112
0.906000000000000694,-0.422848191210906610
0.907000000000000695,-0.419769884659734693
0.908000000000000695,-0.416714860882648808
0.909000000000000696,-0.413682924269970442
0.910000000000000697,-0.410673880854005913
0.911000000000000698,-0.407687538298109775
0.912000000000000699,-0.404723705885784213
0.913000000000000700,-0.401782194509801571
0.914000000000000701,-0.398862816661293196
0.915000000000000702,-0.395965386418922205
0.916000000000000703,-0.393089719438018292
0.917000000000000703,-0.390235632939757104
0.918000000000000704,-0.387402945700364265
0.919000000000000705,-0.384591478040310020
0.920000000000000706,-0.381801051813575765
0.921000000000000707,-0.379031490396889215
0.922000000000000708,-0.376282618679020076
0.923000000000000709,-0.373554263050115742
0.924000000000000710,-0.370846251390998582
0.925000000000000711,-0.368158413062566581
0.926000000000000711,-0.365490578895174223
0.927000000000000712,-0.362842581178061896
0.928000000000000713,-0.360214253648805272
0.929000000000000714,-0.357605431482829972
0.930000000000000715,-0.355015951282897979
0.931000000000000716,-0.352445651068677757
0.932000000000000717,-0.349894370266338850
0.933000000000000718,-0.347361949698162087
0.934000000000000719,-0.344848231572211450
0.935000000000000719,-0.342353059472026933
0.936000000000000720,-0.339876278346347371
0.937000000000000721,-0.337417734498892785
0.938000000000000722,-0.334977275578178801
0.939000000000000723,-0.332554750567350621
0.940000000000000724,-0.330150009774083320
0.941000000000000725,-0.327762904820506962
0.942000000000000726,-0.325393288633191502
0.943000000000000727,-0.323041015433131740
0.944000000000000727,-0.320705940725833416
0.945000000000000728,-0.318387921291397424
0.946000000000000729,-0.316086815174651092
0.947000000000000730,-0.313802481675362455
0.948000000000000731,-0.311534781338434041
0.949000000000000732,-0.309283575944210187
0.950000000000000733,-0.307048728498769796
0.951000000000000734,-0.304830103224322246
0.952000000000000735,-0.302627565549598798
0.953000000000000735,-0.300440982100306675
0.954000000000000736,-0.298270220689648591
0.955000000000000737,-0.296115150308867370
0.956000000000000738,-0.293975641117852682
0.957000000000000739,-0.291851564435776034
0.958000000000000740,-0.289742792731806476
0.959000000000000741,-0.287649199615828299
0.960000000000000742,-0.285570659829264439
0.961000000000000743,-0.283507049235899478
0.962000000000000743,-0.281458244812768710
0.963000000000000744,-0.279424124641111049
0.964000000000000745,-0.277404567897358845
0.965000000000000746,-0.275399454844167113
0.966000000000000747,-0.273408666821517321
0.967000000000000748,-0.271432086237840597
0.968000000000000749,-0.269469596561237590
0.969000000000000750,-0.267521082310686442
0.970000000000000751,-0.265586429047373340
0.971000000000000751,-0.263665523365998911
0.972000000000000752,-0.261758252886186538
0.973000000000000753,-0.259864506243948468
0.974000000000000754,-0.257984173083154966
0.975000000000000755,-0.256117144047093181
0.976000000000000756,-0.254263310770070805
0.977000000000000757,-0.252422565869058091
0.978000000000000758,-0.250594802935394600
0.979000000000000759,-0.248779916526557343
0.980000000000000759,-0.246977802157936605
0.981000000000000760,-0.245188356294716941
0.982000000000000761,-0.243411476343788014
0.983000000000000762,-0.241647060645689665
0.984000000000000763,-0.239895008466625898
0.985000000000000764,-0.238155219990547895
0.986000000000000765,-0.236427596311249516
0.987000000000000766,-0.234712039424542329
0.988000000000000766,-0.233008452220472673
0.989000000000000767,-0.231316738475592004
0.990000000000000768,-0.229636802845297361
0.991000000000000769,-0.227968550856169599
0.992000000000000770,-0.226311888898415997
0.993000000000000771,-0.224666724218368502
0.994000000000000772,-0.223032964910965331
0.995000000000000773,-0.221410519912375703
0.996000000000000774,-0.219799298992597730
0.997000000000000774,-0.218199212748155069
0.998000000000000775,-0.216610172594824402
0.999000000000000776,-0.215032090760419209
1.000000000000000666,-0.213464880277619840
1.001000000000000778,-0.211908454976866112
1.002000000000000668,-0.210362729479283639
1.003000000000000780,-0.208827619189672131
1.004000000000000670,-0.207303040289536306
1.005000000000000782,-0.205788909730182601
1.006000000000000671,-0.204285145225848591
1.007000000000000783,-0.202791665246878361
1.008000000000000673,-0.201308389012976707
1.009000000000000785,-0.199835236486475443
1.010000000000000675,-0.198372128365683020
1.011000000000000787,-0.196918986078250702
1.012000000000000677,-0.195475731774622408
1.013000000000000789,-0.194042288321511075
1.014000000000000679,-0.192618579295408071
1.015000000000000790,-0.191204528976196497
1.016000000000000680,-0.189800062340754555
1.017000000000000792,-0.188405105056641486
1.018000000000000682,-0.187019583475803219
1.019000000000000794,-0.185643424628365583
1.020000000000000684,-0.184276556216446868
1.021000000000000796,-0.182918906608013826
1.022000000000000686,-0.181570404830801918
1.023000000000000798,-0.180230980566279675
1.024000000000000687,-0.178900564143645802
1.025000000000000799,-0.177579086533892427
1.026000000000000689,-0.176266479343906546
1.027000000000000801,-0.174962674810602514
1.028000000000000691,-0.173667605795132962
1.029000000000000803,-0.172381205777115187
1.030000000000000693,-0.171103408848913674
1.031000000000000805,-0.169834149709985255
1.032000000000000695,-0.168573363661234266
1.033000000000000806,-0.167320986599443666
1.034000000000000696,-0.166076955011742411
1.035000000000000808,-0.164841205970098714
1.036000000000000698,-0.163613677125880763
1.037000000000000810,-0.162394306704475522
1.038000000000000700,-0.161183033499893102
1.039000000000000812,-0.159979796869467117
1.040000000000000702,-0.158784536728594688
1.041000000000000814,-0.157597193545494035
1.042000000000000703,-0.156417708336013039
1.043000000000000815,-0.155246022658501459
1.044000000000000705,-0.154082078608708178
1.045000000000000817,-0.152925818814698189
1.046000000000000707,-0.151777186431870798
1.047000000000000819,-0.150636125137963983
1.048000000000000709,-0.149502579128125951
1.049000000000000821,-0.148376493110019492
1.050000000000000711,-0.147257812298970892
1.051000000000000822,-0.146146482413167023
1.052000000000000712,-0.145042449668875806
1.053000000000000824,-0.143945660775722017
1.054000000000000714,-0.142856062931993183
1.055000000000000826,-0.141773603819994293
1.056000000000000716,-0.140698231601435297
1.057000000000000828,-0.139629894912861846
1.058000000000000718,-0.138568542861116473
1.059000000000000830,-0.137514125018850270
1.060000000000000719,-0.136466591420073141
1.061000000000000831,-0.135425892555729122
1.062000000000000721,-0.134391979369315517
1.063000000000000833,-0.133364803252561392
1.064000000000000723,-0.132344316041099919
1.065000000000000835,-0.131330470010216860
1.066000000000000725,-0.130323217870629671
1.067000000000000837,-0.129322512764264708
1.068000000000000727,-0.128328308260148377
1.069000000000000838,-0.127340558350244382
1.070000000000000728,-0.126359217445401600
1.071000000000000840,-0.125384240371290534
1.072000000000000730,-0.124415582364404156
1.073000000000000842,-0.123453199068080652
1.074000000000000732,-0.122497046528541514
1.075000000000000844,-0.121547081191019937
1.076000000000000734,-0.120603259895873061
1.077000000000000846,-0.119665539874739046
1.078000000000000735,-0.118733878746752342
1.079000000000000847,-0.117808234514749616
1.080000000000000737,-0.116888565561574745
1.081000000000000849,-0.115974830646337110
1.082000000000000739,-0.115066988900765721
1.083000000000000851,-0.114164999825570115
1.084000000000000741,-0.113268823286845177
1.085000000000000853,-0.112378419512486435
1.086000000000000743,-0.111493749088660637
1.087000000000000854,-0.110614772956309435
1.088000000000000744,-0.109741452407668388
1.089000000000000856,-0.108873749082817411
1.090000000000000746,-0.108011624966278877
1.091000000000000858,-0.107155042383646842
1.092000000000000748,-0.106303963998219023
1.093000000000000860,-0.105458352807702244
1.094000000000000750,-0.104618172140894639
1.095000000000000862,-0.103783385654463323
1.096000000000000751,-0.102953957329699849
1.097000000000000863,-0.102129851469306504
1.098000000000000753,-0.101311032694265751
1.099000000000000865,-0.100497465940675657
1.100000000000000755,-0.099689116456642440
1.101000000000000867,-0.098885949799205425
1.102000000000000757,-0.098087931831286362
1.103000000000000869,-0.097295028718665827
1.104000000000000759,-0.096507206926974898
1.105000000000000870,-0.095724433218752708
1.106000000000000760,-0.094946674650475515
1.107000000000000872,-0.094173898569673051
1.108000000000000762,-0.093406072612028046
1.109000000000000874,-0.092643164698525654
1.110000000000000764,-0.091885143032617037
1.111000000000000876,-0.091131976097409848
1.112000000000000766,-0.090383632652906915
1.113000000000000878,-0.089640081733242408
1.114000000000000767,-0.088901292643963917
1.115000000000000879,-0.088167234959319052
1.116000000000000769,-0.087437878519598236
1.117000000000000881,-0.086713193428473528
1.118000000000000771,-0.085993150050380412
1.119000000000000883,-0.085277719007921179
1.120000000000000773,-0.084566871179289752
1.121000000000000885,-0.083860577695720862
1.122000000000000774,-0.083158809938958661
1.123000000000000886,-0.082461539538769196
1.124000000000000776,-0.081768738370465319
1.125000000000000888,-0.081080378552430887
1.126000000000000778,-0.080396432443710142
1.127000000000000890,-0.079716872641616074
1.128000000000000780,-0.079041671979306449
1.129000000000000892,-0.078370803523459265
1.130000000000000782,-0.077704240571929636
1.131000000000000894,-0.077041956651416693
1.132000000000000783,-0.076383925515194531
1.133000000000000895,-0.075730121140836298
1.134000000000000785,-0.075080517727948298
1.135000000000000897,-0.074435089695979409
1.136000000000000787,-0.073793811681979474
1.137000000000000899,-0.073156658538446481
1.138000000000000789,-0.072523605331140495
1.139000000000000901,-0.071894627336971939
1.140000000000000790,-0.071269700041856135
1.141000000000000902,-0.070648799138621460
1.142000000000000792,-0.070031900524943777
1.143000000000000904,-0.069418980301268363
1.144000000000000794,-0.068810014768802968
1.145000000000000906,-0.068204980427455972
1.146000000000000796,-0.067603853973887310
1.147000000000000908,-0.067006612299496920
1.148000000000000798,-0.066413232488478663
1.149000000000000909,-0.065823691815886098
1.150000000000000799,-0.065237967745694264
1.151000000000000689,-0.064656037928922466
1.152000000000000801,-0.064077880201736770
1.153000000000000913,-0.063503472583598869
1.154000000000000803,-0.062932793275409765
1.155000000000000693,-0.062365820657678331
1.156000000000000805,-0.061802533288743744
1.157000000000000917,-0.061242909902943551
1.158000000000000806,-0.060686929408877321
1.159000000000000696,-0.060134570887632119
1.160000000000000808,-0.059585813591046720
1.161000000000000920,-0.059040636939998316
1.162000000000000810,-0.058499020522702005
1.163000000000000700,-0.057960944093018815
1.164000000000000812,-0.057426387568787617
1.165000000000000924,-0.056895331030172101
1.166000000000000814,-0.056367754718041937
1.167000000000000703,-0.055843639032324997
1.168000000000000815,-0.055322964530437745
1.169000000000000927,-0.054805711925671054
1.170000000000000817,-0.054291862085638562
1.171000000000000707,-0.053781396030708792
1.172000000000000819,-0.053274294932485630
1.173000000000000931,-0.052770540112267152
1.174000000000000821,-0.052270113039540524
1.175000000000000711,-0.051772995330499970
1.176000000000000822,-0.051279168746565643
1.177000000000000934,-0.050788615192913535
1.178000000000000824,-0.050301316717043479
1.179000000000000714,-0.049817255507326033
1.180000000000000826,-0.049336413891612599
1.181000000000000938,-0.048858774335799562
1.182000000000000828,-0.048384319442465469
1.183000000000000718,-0.047913031949490106
1.184000000000000830,-0.047444894728686536
1.185000000000000941,-0.046979890784453311
1.186000000000000831,-0.046518003252456232
1.187000000000000721,-0.046059215398290519
1.188000000000000833,-0.045603510616189599
1.189000000000000945,-0.045150872427725391
1.190000000000000835,-0.044701284480536493
1.191000000000000725,-0.044254730547040620
1.192000000000000837,-0.043811194523220985
1.193000000000000949,-0.043370660427343902
1.194000000000000838,-0.042933112398763046
1.195000000000000728,-0.042498534696684562
1.196000000000000840,-0.042066911698976750
1.197000000000000952,-0.041638227900983045
1.198000000000000842,-0.041212467914329844
1.199000000000000732,-0.040789616465784453
1.200000000000000844,-0.040369658396069985
1.201000000000000956,-0.039952578658759452
1.202000000000000846,-0.039538362319125130
1.203000000000000735,-0.039126994553025221
1.204000000000000847,-0.038718460645793061
1.205000000000000959,-0.038312745991167727
1.206000000000000849,-0.037909836090176410
1.207000000000000739,-0.037509716550083588
1.208000000000000851,-0.037112373083329819
1.209000000000000963,-0.036717791506474362
1.210000000000000853,-0.036325957739170078
1.211000000000000743,-0.035936857803113190
1.212000000000000854,-0.035550477821058205
1.213000000000000966,-0.035166804015776806
1.214000000000000856,-0.034785822709099169
1.215000000000000746,-0.034407520320891685
1.216000000000000858,-0.034031883368115370
1.217000000000000970,-0.033658898463837308
1.218000000000000860,-0.033288552316289063
1.219000000000000750,-0.032920831727917432
1.220000000000000862,-0.032555723594455653
1.221000000000000973,-0.032193214903986987
1.222000000000000863,-0.031833292736048541
1.223000000000000753,-0.031475944260703610
1.224000000000000865,-0.031121156737665866
1.225000000000000977,-0.030768917515404150
1.226000000000000867,-0.030419214030266595
1.227000000000000757,-0.030072033805612026
1.228000000000000869,-0.029727364450948590
1.229000000000000981,-0.029385193661105251
1.230000000000000870,-0.029045509215354127
1.231000000000000760,-0.028708298976611823
1.232000000000000872,-0.028373550890615284
1.233000000000000984,-0.028041252985075083
1.234000000000000874,-0.027711393368914705
1.235000000000000764,-0.027383960231440650
1.236000000000000876,-0.027058941841573876
1.237000000000000988,-0.026736326547056065
1.238000000000000878,-0.026416102773696749
1.239000000000000767,-0.026098259024585357
1.240000000000000879,-0.025782783879357896
1.241000000000000991,-0.025469665993440849
1.242000000000000881,-0.025158894097309759
1.243000000000000771,-0.024850456995764887
1.244000000000000883,-0.024544343567200803
1.245000000000000995,-0.024240542762899487
1.246000000000000885,-0.023939043606317875
1.247000000000000774,-0.023639835192381869
1.248000000000000886,-0.023342906686800568
1.249000000000000998,-0.023048247325382878
1.250000000000000888,-0.022755846413355912
1.251000000000000778,-0.022465693324691640
1.252000000000000890,-0.022177777501449385
1.253000000000001002,-0.021892088453109589
1.254000000000000892,-0.021608615755943288
1.255000000000000782,-0.021327349052348746
1.256000000000000894,-0.021048278050223260
1.257000000000001005,-0.020771392522344202
1.258000000000000895,-0.020496682305734159
1.259000000000000785,-0.020224137301053997
1.260000000000000897,-0.019953747471986936
1.261000000000001009,-0.019685502844650093
1.262000000000000899,-0.019419393506979254
1.263000000000000789,-0.019155409608159483
1.264000000000000901,-0.018893541358030640
1.265000000000001013,-0.018633779026511553
1.266000000000000902,-0.018376112943041301
1.267000000000000792,-0.018120533495996981
1.268000000000000904,-0.017867031132152184
1.269000000000001016,-0.017615596356114285
1.270000000000000906,-0.017366219729791167
1.271000000000000796,-0.017118891871837943
1.272000000000000908,-0.016873603457125089
1.273000000000001020,-0.016630345216219766
1.274000000000000909,-0.016389107934859259
1.275000000000000799,-0.016149882453420313
1.276000000000000911,-0.015912659666435493
1.277000000000001023,-0.015677430522061421
1.278000000000000913,-0.015444186021590247
1.279000000000000803,-0.015212917218957423
1.280000000000000915,-0.014983615220253576
1.281000000000001027,-0.014756271183221901
1.282000000000000917,-0.014530876316806085
1.283000000000000806,-0.014307421880658788
1.284000000000000918,-0.014085899184683909
1.285000000000001030,-0.013866299588560994
1.286000000000000920,-0.013648614501300638
1.287000000000000810,-0.013432835380782309
1.288000000000000922,-0.013218953733312316
1.289000000000001034,-0.013006961113175248
1.290000000000000924,-0.012796849122192703
1.291000000000000814,-0.012588609409306627
1.292000000000000925,-0.012382233670121864
1.293000000000001037,-0.012177713646516413
1.294000000000000927,-0.011975041126194599
1.295000000000000817,-0.011774207942275915
1.296000000000000929,-0.011575205972902403
1.297000000000001041,-0.011378027140810067
1.298000000000000931,-0.011182663412942866
1.299000000000000821,-0.010989106800053825
1.300000000000000933,-0.010797349356299165
1.301000000000001044,-0.010607383178866855
1.302000000000000934,-0.010419200407580468
1.303000000000000824,-0.010232793224534315
1.304000000000000936,-0.010048153853692921
1.305000000000001048,-0.009865274560542755
1.306000000000000938,-0.009684147651716869
1.307000000000000828,-0.009504765474623787
1.308000000000000940,-0.009327120417094843
1.309000000000001052,-0.009151204907037887
1.310000000000000941,-0.008977011412063229
1.311000000000000831,-0.008804532439159260
1.312000000000000943,-0.008633760534323067
1.313000000000001055,-0.008464688282254263
1.314000000000000945,-0.008297308305983363
1.315000000000000835,-0.008131613266558655
1.316000000000000947,-0.007967595862715990
1.317000000000001059,-0.007805248830550579
1.318000000000000949,-0.007644564943185636
1.319000000000000838,-0.007485537010479030
1.320000000000000950,-0.007328157878681177
1.321000000000001062,-0.007172420430135865
1.322000000000000952,-0.007018317582977903
1.323000000000000842,-0.006865842290815346
1.324000000000000954,-0.006714987542438838
1.325000000000001066,-0.006565746361517471
1.326000000000000956,-0.006418111806310559
1.327000000000000846,-0.006272076969368587
1.328000000000000957,-0.006127634977254237
1.329000000000001069,-0.005984778990242338
1.330000000000000959,-0.005843502202059460
1.331000000000000849,-0.005703797839590496
1.332000000000000961,-0.005565659162598356
1.333000000000001073,-0.005429079463463224
1.334000000000000963,-0.005294052066914882
1.335000000000000853,-0.005160570329751930
1.336000000000000965,-0.005028627640588449
1.337000000000001076,-0.004898217419594798
1.338000000000000966,-0.004769333118229138
1.339000000000000856,-0.004641968218994747
1.340000000000000968,-0.004516116235180406
1.341000000000001080,-0.004391770710608954
1.342000000000000970,-0.004268925219397123
1.343000000000000860,-0.004147573365710882
1.344000000000000972,-0.004027708783514513
1.345000000000001084,-0.003909325136348399
1.346000000000000973,-0.003792416117078107
1.347000000000000863,-0.003676975447668886
1.348000000000000975,-0.003562996878947858
1.349000000000001087,-0.003450474190383682
1.350000000000000977,-0.003339401189860655
1.351000000000000867,-0.003229771713452956
1.352000000000000979,-0.003121579625188521
1.353000000000001091,-0.003014818816863299
1.354000000000000981,-0.002909483207800617
1.355000000000000870,-0.002805566744640162
1.356000000000000982,-0.002703063401131955
1.357000000000001094,-0.002601967177931555
1.358000000000000984,-0.002502272102382463
1.359000000000000874,-0.002403972228318066
1.360000000000000986,-0.002307061635854520
1.361000000000001098,-0.002211534431206938
1.362000000000000988,-0.002117384746465852
1.363000000000000878,-0.002024606739419718
1.364000000000000989,-0.001933194593366511
1.365000000000001101,-0.001843142516897425
1.366000000000000991,-0.001754444743732229
1.367000000000000881,-0.001667095532522575
1.368000000000000993,-0.001581089166666910
1.369000000000001105,-0.001496419954128945
1.370000000000000995,-0.001413082227254661
1.371000000000000885,-0.001331070342594112
1.372000000000000997,-0.001250378680724310
1.373000000000001108,-0.001171001646081438
1.374000000000000998,-0.001092933666764799
1.375000000000000888,-0.001016169194398073
1.376000000000001000,-0.000940702703937207
1.377000000000001112,-0.000866528693503850
1.378000000000001002,-0.000793641684232367
1.379000000000000892,-0.000722036220092426
1.380000000000001004,-0.000651706867730650
1.381000000000001116,-0.000582648216321996
1.382000000000001005,-0.000514854877391892
1.383000000000000895,-0.000448321484670927
1.384000000000001007,-0.000383042693937494
1.385000000000001119,-0.000319013182862994
1.386000000000001009,-0.000256227650867148
1.387000000000000899,-0.000194680818945001
1.388000000000001011,-0.000134367429561844
1.389000000000001123,-0.000075282246454800
1.390000000000001013,-0.000017420054522166
1.391000000000000902,0.000039224340328478
1.392000000000001014,0.000094656111331100
1.393000000000001126,0.000148880410991778
1.394000000000001016,0.000201902371226567
1.395000000000000906,0.000253727103509643
1.396000000000001018,0.000304359699006466
1.397000000000001130,0.000353805228699122
1.398000000000001020,0.000402068743529912
1.399000000000000909,0.000449155274526905
1.400000000000001021,0.000495069832943443
1.401000000000001133,0.000539817410369105
1.402000000000001023,0.000583402978879843
1.403000000000000913,0.000625831491152477
1.404000000000001025,0.000667107880579548
1.405000000000001137,0.000707237061416978
1.406000000000001027,0.000746223928887929
1.407000000000000917,0.000784073359300379
1.408000000000001029,0.000820790210188944
1.409000000000001140,0.000856379320410577
1.410000000000001030,0.000890845510271709
1.411000000000000920,0.000924193581646107
1.412000000000001032,0.000956428318082306
1.413000000000001144,0.000987554484920337
1.414000000000001034,0.001017576829409028
1.415000000000000924,0.001046500080811896
1.416000000000001036,0.001074328950508335
1.417000000000001148,0.001101068132119315
1.418000000000001037,0.001126722301607346
1.419000000000000927,0.001151296117379971
1.420000000000001039,0.001174794220397833
1.421000000000001151,0.001197221234275196
1.422000000000001041,0.001218581765392271
1.423000000000000931,0.001238880402986237
1.424000000000001043,0.001258121719256636
1.425000000000001155,0.001276310269469971
1.426000000000001044,0.001293450592048094
1.427000000000000934,0.001309547208674421
1.428000000000001046,0.001324604624386585
1.429000000000001158,0.001338627327680264
1.430000000000001048,0.001351619790584525
1.431000000000000938,0.001363586468780195
1.432000000000001050,0.001374531801673756
1.433000000000001162,0.001384460212496360
1.434000000000001052,0.001393376108398982
1.435000000000000941,0.001401283880528350
1.436000000000001053,0.001408187904135164
1.437000000000001165,0.001414092538649443
1.438000000000001055,0.001419002127764268
1.439000000000000945,0.001422920999535395
1.440000000000001057,0.001425853466453191
1.441000000000001169,0.001427803825541938
1.442000000000001059,0.001428776358426036
1.443000000000000949,0.001428775331425757
1.444000000000001060,0.001427804995633004
1.445000000000001172,0.001425869587000964
1.446000000000001062,0.001422973326406566
1.447000000000000952,0.001419120419750893
1.448000000000001064,0.001414315058024747
1.449000000000001176,0.001408561417384641
1.450000000000001066,0.001401863659245604
1.451000000000000956,0.001394225930339558
1.452000000000001068,0.001385652362801480
1.453000000000001180,0.001376147074238104
1.454000000000001069,0.001365714167811663
1.455000000000000959,0.001354357732298772
1.456000000000001071,0.001342081842175771
1.457000000000001183,0.001328890557682751
1.458000000000001073,0.001314787924895831
1.459000000000000963,0.001299777975807052
1.460000000000001075,0.001283864728378910
1.461000000000001187,0.001267052186625890
1.462000000000001076,0.001249344340671522
1.463000000000000966,0.001230745166829185
1.464000000000001078,0.001211258627659659
1.465000000000001190,0.001190888672039854
1.466000000000001080,0.001169639235227889
1.467000000000000970,0.001147514238933529
1.468000000000001082,0.001124517591371837
1.469000000000001194,0.001100653187342968
1.470000000000001084,0.001075924908278727
1.471000000000000973,0.001050336622316120
1.472000000000001085,0.001023892184352191
1.473000000000001197,0.000996595436115407
1.474000000000001087,0.000968450206212885
1.475000000000000977,0.000939460310205679
1.476000000000001089,0.000909629550657427
1.477000000000001201,0.000878961717194005
1.478000000000001091,0.000847460586570461
1.479000000000000981,0.000815129922723046
1.480000000000001092,0.000781973476825325
1.481000000000001204,0.000747994987349644
1.482000000000001094,0.000713198180120229
1.483000000000000984,0.000677586768365662
1.484000000000001096,0.000641164452786730
1.485000000000001208,0.000603934921601538
1.486000000000001098,0.000565901850595699
1.487000000000000988,0.000527068903189832
1.488000000000001100,0.000487439730483331
1.489000000000001211,0.000447017971305889
1.490000000000001101,0.000405807252276375
1.491000000000000991,0.000363811187852692
1.492000000000001103,0.000321033380380978
1.493000000000001215,0.000277477420144957
1.494000000000001105,0.000233146885426982
1.495000000000000995,0.000188045342546529
1.496000000000001107,0.000142176345912685
1.497000000000001219,0.000095543438077057
1.498000000000001108,0.000048150149779687
1.499000000000000998,0.000000000000000000
