# Fe2O3-001O_NITROUSACID-AC
# h[nm],U(h)[kJ/mol]
0.149999999999999994,73.840819529516920738
0.150999999999999995,72.939050218088894439
0.151999999999999996,71.575852315523647462
0.152999999999999997,70.127148764060322605
0.153999999999999998,68.730682169742834731
0.154999999999999999,67.412543858924678375
0.156000000000000000,66.155377070633505809
0.157000000000000001,64.932266571105571984
0.158000000000000002,63.721289675897104132
0.159000000000000002,62.509834232059759529
0.160000000000000003,61.294037803778067541
0.161000000000000004,60.076352170102133243
0.162000000000000005,58.862802215394083305
0.163000000000000006,57.660661656128375796
0.164000000000000007,56.476792416450940948
0.165000000000000008,55.316646950175638153
0.166000000000000009,54.183820873044780342
0.167000000000000010,53.080008093601087182
0.168000000000000010,52.005215707749165688
0.169000000000000011,50.958119313529820715
0.170000000000000012,49.936468519021943280
0.171000000000000013,48.937480533957355533
0.172000000000000014,47.958183704674141268
0.173000000000000015,46.995691610545591743
0.174000000000000016,46.047401970352986211
0.175000000000000017,45.111123751984031571
0.176000000000000018,44.185141393398623677
0.177000000000000018,43.268227797883419328
0.178000000000000019,42.359618547711491487
0.179000000000000020,41.458959244366660357
0.180000000000000021,40.566236549455432225
0.181000000000000022,39.681701758148236081
0.182000000000000023,38.805793864663961301
0.183000000000000024,37.939067263819090670
0.184000000000000025,37.082127589540704093
0.185000000000000026,36.235577782555701276
0.186000000000000026,35.399975328931198248
0.187000000000000027,34.575800716350080677
0.188000000000000028,33.763436496951584331
0.189000000000000029,32.963155895798244899
0.190000000000000030,32.175119629825069012
0.191000000000000031,31.399379470082379839
0.192000000000000032,30.635887058464398081
0.193000000000000033,29.884506550266831226
0.194000000000000034,29.145029770991463636
0.195000000000000034,28.417192729016655051
0.196000000000000035,27.700692498255989449
0.197000000000000036,26.995203663592633347
0.198000000000000037,26.300393696844327707
0.199000000000000038,25.615936795251890601
0.200000000000000039,24.941525863320606504
0.201000000000000040,24.276882449524304519
0.202000000000000041,23.621764560662548149
0.203000000000000042,22.975972368448488226
0.204000000000000042,22.339351895945696924
0.205000000000000043,21.711796827100034335
0.206000000000000044,21.093248622528079750
0.207000000000000045,20.483695150837625931
0.208000000000000046,19.883168059048720977
0.209000000000000047,19.291739110116534306
0.210000000000000048,18.709515711996896670
0.211000000000000049,18.136635852869495977
0.212000000000000050,17.573262642599800643
0.213000000000000050,17.019578642654643374
0.214000000000000051,16.475780146671546333
0.215000000000000052,15.942071552720326721
0.216000000000000053,15.418659946813345840
0.217000000000000054,14.905749996079844522
0.218000000000000055,14.403539229739015681
0.219000000000000056,13.912213766972564954
0.220000000000000057,13.431944533283331822
0.221000000000000058,12.962883991114352966
0.222000000000000058,12.505163396484078930
0.223000000000000059,12.058890581205568893
0.224000000000000060,11.624148249874089345
0.225000000000000061,11.200992772167577272
0.226000000000000062,10.789453444013240357
0.227000000000000063,10.389532185714051238
0.228000000000000064,10.001203641070912198
0.229000000000000065,9.624415638738032186
0.230000000000000066,9.259089975369903414
0.231000000000000066,8.905123479413230569
0.232000000000000067,8.562389314529912809
0.233000000000000068,8.230738482473613615
0.234000000000000069,7.910001486660530823
0.235000000000000070,7.599990119558539092
0.236000000000000071,7.300499339264595378
0.237000000000000072,7.011309203153478720
0.238000000000000073,6.732186829178201215
0.239000000000000073,6.462888358211664297
0.240000000000000074,6.203160893674590781
0.241000000000000075,5.952744397545759014
0.242000000000000076,5.711373524649472344
0.243000000000000077,5.478779379826105966
0.244000000000000078,5.254691185184737989
0.245000000000000079,5.038837847089117972
0.246000000000000080,4.830949414822596211
0.247000000000000081,4.630758425001697098
0.248000000000000081,4.438001127755248021
0.249000000000000082,4.252418592452126056
0.250000000000000111,4.073757692345800763
0.251000000000000112,3.901771968910568766
0.252000000000000113,3.736222377877216339
0.253000000000000114,3.576877920042313086
0.254000000000000115,3.423516160831776123
0.255000000000000115,3.275923643357118387
0.256000000000000116,3.133896200319671088
0.257000000000000117,2.997239170605745961
0.258000000000000118,2.865767526784573249
0.259000000000000119,2.739305919981045001
0.260000000000000120,2.617688648757940495
0.261000000000000121,2.500759558717781772
0.262000000000000122,2.388371879532303232
0.263000000000000123,2.280388006037969983
0.264000000000000123,2.176679229907327873
0.265000000000000124,2.077125428227844406
0.266000000000000125,1.981614715099023316
0.267000000000000126,1.890043062103712312
0.268000000000000127,1.802313893226113350
0.269000000000000128,1.718337659484669988
0.270000000000000129,1.638031398227087099
0.271000000000000130,1.561318281703259814
0.272000000000000131,1.488127159193886273
0.273000000000000131,1.418392096632270505
0.274000000000000132,1.352051917317564023
0.275000000000000133,1.289049746982731559
0.276000000000000134,1.229332566152370410
0.277000000000000135,1.172850772406408115
0.278000000000000136,1.119557754857391840
0.279000000000000137,1.069409482853303839
0.280000000000000138,1.022364110635592294
0.281000000000000139,0.978381599414313130
0.282000000000000139,0.937423358069853330
0.283000000000000140,0.899451903453671875
0.284000000000000141,0.864430541039627798
0.285000000000000142,0.832323066472296369
0.286000000000000143,0.803093488369526431
0.287000000000000144,0.776705772563142105
0.288000000000000145,0.753123607803239947
0.289000000000000146,0.732310192808737770
0.290000000000000147,0.714228044417711039
0.291000000000000147,0.698838826476483543
0.292000000000000148,0.686103199004659325
0.293000000000000149,0.675980687084497989
0.294000000000000150,0.668429568846070410
0.295000000000000151,0.663406781853834504
0.296000000000000152,0.660867847145430565
0.297000000000000153,0.660766810128003979
0.298000000000000154,0.663056197501631361
0.299000000000000155,0.667686989351701676
0.300000000000000155,0.674608605532476924
0.301000000000000156,0.683768905451565212
0.302000000000000157,0.695114200358944112
0.303000000000000158,0.708589277244152771
0.304000000000000159,0.724137433450360191
0.305000000000000160,0.741700521124253109
0.306000000000000161,0.761219000634602794
0.307000000000000162,0.782632002110512759
0.308000000000000163,0.805877394271512948
0.309000000000000163,0.830891859745568340
0.310000000000000164,0.857610976097525124
0.311000000000000165,0.885969301818920862
0.312000000000000166,0.915900466559990023
0.313000000000000167,0.947337264916130350
0.314000000000000168,0.980211753113349515
0.315000000000000169,1.014455347970323107
0.316000000000000170,1.049998927548076555
0.317000000000000171,1.086772932932194902
0.318000000000000171,1.124707470626123973
0.319000000000000172,1.163732415067789017
0.320000000000000173,1.203777510814945551
0.321000000000000174,1.244772473977609817
0.322000000000000175,1.286647092507948953
0.323000000000000176,1.329331324989549312
0.324000000000000177,1.372755397598649729
0.325000000000000178,1.416849898939579244
0.326000000000000179,1.461545872485449316
0.327000000000000179,1.506774906382855939
0.328000000000000180,1.552469220406114569
0.329000000000000181,1.598561749871757476
0.330000000000000182,1.644986226348926994
0.331000000000000183,1.691677255023990245
0.332000000000000184,1.738570388600204852
0.333000000000000185,1.785602197633904709
0.334000000000000186,1.832710337228489195
0.335000000000000187,1.879833610026104385
0.336000000000000187,1.926912025454252442
0.337000000000000188,1.973886855200969404
0.338000000000000189,2.020700684907301703
0.339000000000000190,2.067297462080030179
0.340000000000000191,2.113622540240658321
0.341000000000000192,2.159622719338631480
0.342000000000000193,2.205246282468045216
0.343000000000000194,2.250443028936954359
0.344000000000000195,2.295164303747901258
0.345000000000000195,2.339363023556371157
0.346000000000000196,2.382993699181525926
0.347000000000000197,2.426012454750241520
0.348000000000000198,2.468377043561361450
0.349000000000000199,2.510046860762354282
0.350000000000000200,2.550982952935012094
0.351000000000000201,2.591148024690796525
0.352000000000000202,2.630506442379597409
0.353000000000000203,2.669024235018395252
0.354000000000000203,2.706669092548522393
0.355000000000000204,2.743410361531707586
0.356000000000000205,2.779219038396404606
0.357000000000000206,2.814067760346507630
0.358000000000000207,2.847930794044956304
0.359000000000000208,2.880784022184611270
0.360000000000000209,2.912604928058363019
0.361000000000000210,2.943372578239769943
0.362000000000000210,2.973067603484408128
0.363000000000000211,3.001672177960859944
0.364000000000000212,3.029169996918746222
0.365000000000000213,3.055546252899405513
0.366000000000000214,3.080787610592911285
0.367000000000000215,3.104882180442953388
0.368000000000000216,3.127819491098846161
0.369000000000000217,3.149590460811494630
0.370000000000000218,3.170187367867613126
0.371000000000000218,3.189603820153864788
0.372000000000000219,3.207834723939799737
0.373000000000000220,3.224876251965787421
0.374000000000000221,3.240725810919130367
0.375000000000000222,3.255382008378833181
0.376000000000000223,3.268844619306346289
0.377000000000000224,3.281114552156907394
0.378000000000000225,3.292193814682895514
0.379000000000000226,3.302085479497831155
0.380000000000000226,3.310793649466605704
0.381000000000000227,3.318323422984612137
0.382000000000000228,3.324680859205561667
0.383000000000000229,3.329872943274798214
0.384000000000000230,3.333907551622215415
0.385000000000000231,3.336793417365906400
0.386000000000000232,3.338540095875052849
0.387000000000000233,3.339157930537782981
0.388000000000000234,3.338658018777086234
0.389000000000000234,3.337052178355259802
0.390000000000000235,3.334352914004874435
0.391000000000000236,3.330573384421698702
0.392000000000000237,3.325727369652693888
0.393000000000000238,3.319829238909804303
0.394000000000000239,3.312893918837985119
0.395000000000000240,3.304936862263778696
0.396000000000000241,3.295974017448547677
0.397000000000000242,3.286021797868447614
0.398000000000000242,3.275097052541249720
0.399000000000000243,3.263217036918182767
0.400000000000000244,3.250399384357179233
0.401000000000000245,3.236662078192011904
0.402000000000000246,3.222023424410325187
0.403000000000000247,3.206502024951687790
0.404000000000000248,3.190116751635458936
0.405000000000000249,3.172886720726610932
0.406000000000000250,3.154831268146336853
0.407000000000000250,3.135969925332838137
0.408000000000000251,3.116322395756486507
0.409000000000000252,3.095908532092221055
0.410000000000000253,3.074748314051010567
0.411000000000000254,3.052861826870970852
0.412000000000000255,3.030269240467844405
0.413000000000000256,3.006990789243379592
0.414000000000000257,2.983046752549444847
0.415000000000000258,2.958457435804608959
0.416000000000000258,2.933243152259323860
0.417000000000000259,2.907424205404899986
0.418000000000000260,2.881020872020882528
0.419000000000000261,2.854053385854689484
0.420000000000000262,2.826541921926803980
0.421000000000000263,2.798506581454184960
0.422000000000000264,2.769967377384134455
0.423000000000000265,2.740944220530241004
0.424000000000000266,2.711456906301652037
0.425000000000000266,2.681525102016540263
0.426000000000000267,2.651168334790178438
0.427000000000000268,2.620405979987758371
0.428000000000000269,2.589257250231793428
0.429000000000000270,2.557741184953653324
0.430000000000000271,2.525876640478514012
0.431000000000000272,2.493682280632881998
0.432000000000000273,2.461176567863591735
0.433000000000000274,2.428377754857069526
0.434000000000000274,2.395303876647472130
0.435000000000000275,2.361972743202325198
0.436000000000000276,2.328401932474060132
0.437000000000000277,2.294608783905876415
0.438000000000000278,2.260610392380331124
0.439000000000000279,2.226423602598982310
0.440000000000000280,2.192065003881428442
0.441000000000000281,2.157550925372182071
0.442000000000000282,2.122897431643683497
0.443000000000000282,2.088120318684028920
0.444000000000000283,2.053235110257815244
0.445000000000000284,2.018257054628793679
0.446000000000000285,1.983201121632959030
0.447000000000000286,1.948082000090880062
0.448000000000000287,1.912914095548164939
0.449000000000000288,1.877711528333089408
0.450000000000000289,1.842488131920498873
0.451000000000000290,1.807257451591328223
0.452000000000000290,1.772032743377101038
0.453000000000000291,1.736826973279059105
0.454000000000000292,1.701652816751616282
0.455000000000000293,1.666522658440059868
0.456000000000000294,1.631448592162589417
0.457000000000000295,1.596442421126931688
0.458000000000000296,1.561515658371952053
0.459000000000000297,1.526679527424920524
0.460000000000000298,1.491944963165148241
0.461000000000000298,1.457322612885089796
0.462000000000000299,1.422822837539971630
0.463000000000000300,1.388455713177402240
0.464000000000000301,1.354231032538468549
0.465000000000000302,1.320158306822123206
0.466000000000000303,1.286246767604737773
0.467000000000000304,1.252505368907042893
0.468000000000000305,1.218942789400743409
0.469000000000000306,1.185567434747354376
0.470000000000000306,1.152387440061994450
0.471000000000000307,1.119410672495039671
0.472000000000000308,1.086644733924768458
0.473000000000000309,1.054096963754271199
0.474000000000000310,1.021774441806182043
0.475000000000000311,0.989683991308793254
0.476000000000000312,0.957832181967603447
0.477000000000000313,0.926225333116134975
0.478000000000000314,0.894869516940452137
0.479000000000000314,0.863770561771654899
0.480000000000000315,0.832934055441021171
0.481000000000000316,0.802365348692521740
0.482000000000000317,0.772069558647672904
0.483000000000000318,0.742051572317825037
0.484000000000000319,0.712316050159161107
0.485000000000000320,0.682867429665870995
0.486000000000000321,0.653709928997063150
0.487000000000000322,0.624847550633220505
0.488000000000000322,0.596284085058082836
0.489000000000000323,0.568023114462063994
0.490000000000000324,0.540068016463374878
0.491000000000000325,0.512421967843270876
0.492000000000000326,0.485087948291893223
0.493000000000000327,0.458068744161383545
0.494000000000000328,0.431366952223044664
0.495000000000000329,0.404984983425468403
0.496000000000000330,0.378925066650704689
0.497000000000000330,0.353189252465606729
0.498000000000000331,0.327779416865716544
0.499000000000000332,0.302697265009089833
0.500000000000000333,0.277944334937577087
0.501000000000000334,0.253522001283282339
0.502000000000000335,0.229431478957917628
0.503000000000000336,0.205673826822987044
0.504000000000000337,0.182249951338727845
0.505000000000000338,0.159160610189971102
0.506000000000000338,0.136406415887061205
0.507000000000000339,0.113987839340140631
0.508000000000000340,0.091905213405204383
0.509000000000000341,0.070158736400369931
0.510000000000000342,0.048748475590963181
0.511000000000000343,0.027674370642032643
0.512000000000000344,0.006936237037067849
0.513000000000000345,-0.013466230538272672
0.514000000000000346,-0.033533454848564924
0.515000000000000346,-0.053265972798112828
0.516000000000000347,-0.072664432158545511
0.517000000000000348,-0.091729588335378323
0.518000000000000349,-0.110462301174361593
0.519000000000000350,-0.128863531808351250
0.520000000000000351,-0.146934339545409021
0.521000000000000352,-0.164675878798750425
0.522000000000000353,-0.182089396059078534
0.523000000000000353,-0.199176226909871856
0.524000000000000354,-0.215937793086014379
0.525000000000000355,-0.232375599576218395
0.526000000000000356,-0.248491231769553511
0.527000000000000357,-0.264286352646405764
0.528000000000000358,-0.279762700014138388
0.529000000000000359,-0.294922083787601319
0.530000000000000360,-0.309766383314721394
0.531000000000000361,-0.324297544747269684
0.532000000000000361,-0.338517578456896229
0.533000000000000362,-0.352428556496468315
0.534000000000000363,-0.366032610106744039
0.535000000000000364,-0.379331927268350466
0.536000000000000365,-0.392328750298999718
0.537000000000000366,-0.405025373495873864
0.538000000000000367,-0.417424140823037082
0.539000000000000368,-0.429527443643768880
0.540000000000000369,-0.441337718497591347
0.541000000000000369,-0.452857444921849539
0.542000000000000370,-0.464089143317564456
0.543000000000000371,-0.475035372859362481
0.544000000000000372,-0.485698729449177802
0.545000000000000373,-0.496081843713452486
0.546000000000000374,-0.506187379043533503
0.547000000000000375,-0.516018029678910084
0.548000000000000376,-0.525576518832986173
0.549000000000000377,-0.534865596860985781
0.550000000000000377,-0.543888039469659801
0.551000000000000378,-0.552646645968344230
0.552000000000000379,-0.561144237561032488
0.553000000000000380,-0.569383655678988632
0.554000000000000381,-0.577367760353496573
0.555000000000000382,-0.585099428628324647
0.556000000000000383,-0.592581553011400919
0.557000000000000384,-0.599817039965309773
0.558000000000000385,-0.606808808436079317
0.559000000000000385,-0.613559788419831942
0.560000000000000386,-0.620072919566786118
0.561000000000000387,-0.626351149822139464
0.562000000000000388,-0.632397434103315503
0.563000000000000389,-0.638214733013121704
0.564000000000000390,-0.643806011588248017
0.565000000000000391,-0.649174238082663280
0.566000000000000392,-0.654322382785353818
0.567000000000000393,-0.659253416871922848
0.568000000000000393,-0.663970311289497572
0.569000000000000394,-0.668476035674470559
0.570000000000000395,-0.672773557302526415
0.571000000000000396,-0.676865840070428271
0.572000000000000397,-0.680755843509081915
0.573000000000000398,-0.684446521827313581
0.574000000000000399,-0.687940822985868117
0.575000000000000400,-0.691241687801095850
0.576000000000000401,-0.694352049077814559
0.577000000000000401,-0.697274830770837961
0.578000000000000402,-0.700012947174633249
0.579000000000000403,-0.702569302140612084
0.580000000000000404,-0.704946788321547890
0.581000000000000405,-0.707148286442587759
0.582000000000000406,-0.709176664598385464
0.583000000000000407,-0.711034777575810795
0.584000000000000408,-0.712725466201792779
0.585000000000000409,-0.714251556715736369
0.586000000000000409,-0.715615860166071038
0.587000000000000410,-0.716821171830426485
0.588000000000000411,-0.717870270658926612
0.589000000000000412,-0.718765918740179588
0.590000000000000413,-0.719510860789416729
0.591000000000000414,-0.720107823658360902
0.592000000000000415,-0.720559515866355582
0.593000000000000416,-0.720868627152247421
0.594000000000000417,-0.721037828046619422
0.595000000000000417,-0.721069769463905552
0.596000000000000418,-0.720967082313904051
0.597000000000000419,-0.720732377132320634
0.598000000000000420,-0.720368243729826219
0.599000000000000421,-0.719877250859260687
0.600000000000000422,-0.719261945900520394
0.601000000000000423,-0.718524854562719861
0.602000000000000424,-0.717668480603216863
0.603000000000000425,-0.716695305563105456
0.604000000000000425,-0.715607788518723309
0.605000000000000426,-0.714408365848840154
0.606000000000000427,-0.713099451017103148
0.607000000000000428,-0.711683434369327350
0.608000000000000429,-0.710162682945327584
0.609000000000000430,-0.708539540304812143
0.610000000000000431,-0.706816326367079695
0.611000000000000432,-0.704995337264063715
0.612000000000000433,-0.703078845206416836
0.613000000000000433,-0.701069098362286147
0.614000000000000434,-0.698968320748405647
0.615000000000000435,-0.696778712133173328
0.616000000000000436,-0.694502447951398816
0.617000000000000437,-0.692141679230384943
0.618000000000000438,-0.689698532526992758
0.619000000000000439,-0.687175109875405865
0.620000000000000440,-0.684573488745273906
0.621000000000000441,-0.681895722009918215
0.622000000000000441,-0.679143837924320426
0.623000000000000442,-0.676319840112554416
0.624000000000000443,-0.673425707564439646
0.625000000000000444,-0.670463394641077626
0.626000000000000445,-0.667434831088996594
0.627000000000000446,-0.664341922062669621
0.628000000000000447,-0.661186548155098253
0.629000000000000448,-0.657970565436217014
0.630000000000000449,-0.654695805498848094
0.631000000000000449,-0.651364075511979612
0.632000000000000450,-0.647977158281088705
0.633000000000000451,-0.644536812315298691
0.634000000000000452,-0.641044771901095878
0.635000000000000453,-0.637502747182409846
0.636000000000000454,-0.633912424246805828
0.637000000000000455,-0.630275465217586151
0.638000000000000456,-0.626593508351556805
0.639000000000000457,-0.622868168142266976
0.640000000000000457,-0.619101035428520907
0.641000000000000458,-0.615293677507914638
0.642000000000000459,-0.611447638255262493
0.643000000000000460,-0.607564438245657312
0.644000000000000461,-0.603645574882016978
0.645000000000000462,-0.599692522526911964
0.646000000000000463,-0.595706732638484171
0.647000000000000464,-0.591689633910308155
0.648000000000000465,-0.587642632414996369
0.649000000000000465,-0.583567111751381318
0.650000000000000466,-0.579464433195127748
0.651000000000000467,-0.575335935852587022
0.652000000000000468,-0.571182936817767661
0.653000000000000469,-0.567006731332224900
0.654000000000000470,-0.562808592947778852
0.655000000000000471,-0.558589773691858804
0.656000000000000472,-0.554351504235363945
0.657000000000000473,-0.550094994062891307
0.658000000000000473,-0.545821431645199473
0.659000000000000474,-0.541531984613780049
0.660000000000000475,-0.537227799937392669
0.661000000000000476,-0.532910004100455970
0.662000000000000477,-0.528579703283173608
0.663000000000000478,-0.524237983543254349
0.664000000000000479,-0.519885910999150269
0.665000000000000480,-0.515524532014650427
0.666000000000000481,-0.511154873384784048
0.667000000000000481,-0.506777942522853353
0.668000000000000482,-0.502394727648568851
0.669000000000000483,-0.498006197977132081
0.670000000000000484,-0.493613303909187784
0.671000000000000485,-0.489216977221564264
0.672000000000000486,-0.484818131258674956
0.673000000000000487,-0.480417661124552198
0.674000000000000488,-0.476016443875347584
0.675000000000000488,-0.471615338712287280
0.676000000000000489,-0.467215187174968793
0.677000000000000490,-0.462816813334907373
0.678000000000000491,-0.458421023989294962
0.679000000000000492,-0.454028608854863847
0.680000000000000493,-0.449640340761788271
0.681000000000000494,-0.445256975847587610
0.682000000000000495,-0.440879253750903310
0.683000000000000496,-0.436507897805156475
0.684000000000000496,-0.432143615231964096
0.685000000000000497,-0.427787097334286492
0.686000000000000498,-0.423439019689236695
0.687000000000000499,-0.419100042340498358
0.688000000000000500,-0.414770809990291589
0.689000000000000501,-0.410451952190844183
0.690000000000000502,-0.406144083535321054
0.691000000000000503,-0.401847803848132012
0.692000000000000504,-0.397563698374612473
0.693000000000000504,-0.393292337970016281
0.694000000000000505,-0.389034279287748808
0.695000000000000506,-0.384790064966857914
0.696000000000000507,-0.380560223818680488
0.697000000000000508,-0.376345271012645366
0.698000000000000509,-0.372145708261188812
0.699000000000000510,-0.367962024003728461
0.700000000000000511,-0.363794693589690410
0.701000000000000512,-0.359644179460526958
0.702000000000000512,-0.355510931330722701
0.703000000000000513,-0.351395386367734541
0.704000000000000514,-0.347297969370852000
0.705000000000000515,-0.343219092948945204
0.706000000000000516,-0.339159157697078162
0.707000000000000517,-0.335118552371954037
0.708000000000000518,-0.331097654066174918
0.709000000000000519,-0.327096828381311933
0.710000000000000520,-0.323116429599710098
0.711000000000000520,-0.319156800855084355
0.712000000000000521,-0.315218274301817092
0.713000000000000522,-0.311301171282983735
0.714000000000000523,-0.307405802497074832
0.715000000000000524,-0.303532468163391911
0.716000000000000525,-0.299681458186122129
0.717000000000000526,-0.295853052317050669
0.718000000000000527,-0.292047520316924880
0.719000000000000528,-0.288265122115430983
0.720000000000000528,-0.284506107969811406
0.721000000000000529,-0.280770718622052939
0.722000000000000530,-0.277059185454703039
0.723000000000000531,-0.273371730645249944
0.724000000000000532,-0.269708567319094816
0.725000000000000533,-0.266069899701095181
0.726000000000000534,-0.262455923265659863
0.727000000000000535,-0.258866824885418567
0.728000000000000536,-0.255302782978438614
0.729000000000000536,-0.251763967653986065
0.730000000000000537,-0.248250540856848362
0.731000000000000538,-0.244762656510175119
0.732000000000000539,-0.241300460656884208
0.733000000000000540,-0.237864091599583050
0.734000000000000541,-0.234453680039047152
0.735000000000000542,-0.231069349211204061
0.736000000000000543,-0.227711215022694369
0.737000000000000544,-0.224379386184918816
0.738000000000000544,-0.221073964346669427
0.739000000000000545,-0.217795044225251255
0.740000000000000546,-0.214542713736181723
0.741000000000000547,-0.211317054121392622
0.742000000000000548,-0.208118140076022279
0.743000000000000549,-0.204946039873699443
0.744000000000000550,-0.201800815490408458
0.745000000000000551,-0.198682522726906591
0.746000000000000552,-0.195591211329680353
0.747000000000000552,-0.192526925110481972
0.748000000000000553,-0.189489702064416010
0.749000000000000554,-0.186479574486596356
0.750000000000000555,-0.183496569087399031
0.751000000000000556,-0.180540707106264631
0.752000000000000557,-0.177612004424123893
0.753000000000000558,-0.174710471674375339
0.754000000000000559,-0.171836114352507507
0.755000000000000560,-0.168988932924293261
0.756000000000000560,-0.166168922932620561
0.757000000000000561,-0.163376075102927065
0.758000000000000562,-0.160610375447274134
0.759000000000000563,-0.157871805367057139
0.760000000000000564,-0.155160341754358527
0.761000000000000565,-0.152475957091949638
0.762000000000000566,-0.149818619551961296
0.763000000000000567,-0.147188293093215739
0.764000000000000568,-0.144584937557241250
0.765000000000000568,-0.142008508762976660
0.766000000000000569,-0.139458958600163330
0.767000000000000570,-0.136936235121451005
0.768000000000000571,-0.134440282633211700
0.769000000000000572,-0.131971041785079762
0.770000000000000573,-0.129528449658229239
0.771000000000000574,-0.127112439852386933
0.772000000000000575,-0.124722942571607140
0.773000000000000576,-0.122359884708796218
0.774000000000000576,-0.120023189929023208
0.775000000000000577,-0.117712778751609973
0.776000000000000578,-0.115428568631002440
0.777000000000000579,-0.113170474036467669
0.778000000000000580,-0.110938406530579320
0.779000000000000581,-0.108732274846545712
0.780000000000000582,-0.106551984964359206
0.781000000000000583,-0.104397440185803186
0.782000000000000584,-0.102268541208300423
0.783000000000000584,-0.100165186197633371
0.784000000000000585,-0.098087270859548464
0.785000000000000586,-0.096034688510229282
0.786000000000000587,-0.094007330145683840
0.787000000000000588,-0.092005084510035334
0.788000000000000589,-0.090027838162721113
0.789000000000000590,-0.088075475544641374
0.790000000000000591,-0.086147879043227710
0.791000000000000592,-0.084244929056480095
0.792000000000000592,-0.082366504055949044
0.793000000000000593,-0.080512480648708570
0.794000000000000594,-0.078682733638291216
0.795000000000000595,-0.076877136084641612
0.796000000000000596,-0.075095559363044379
0.797000000000000597,-0.073337873222101196
0.798000000000000598,-0.071603945840708436
0.799000000000000599,-0.069893643884075429
0.800000000000000600,-0.068206832558810146
0.801000000000000600,-0.066543375667027491
0.802000000000000601,-0.064903135659561698
0.803000000000000602,-0.063285973688230815
0.804000000000000603,-0.061691749657209451
0.805000000000000604,-0.060120322273491553
0.806000000000000605,-0.058571549096458654
0.807000000000000606,-0.057045286586588542
0.808000000000000607,-0.055541390153271843
0.809000000000000608,-0.054059714201783328
0.810000000000000608,-0.052600112179412274
0.811000000000000609,-0.051162436620725768
0.812000000000000610,-0.049746539192042416
0.813000000000000611,-0.048352270735057198
0.814000000000000612,-0.046979481309671091
0.815000000000000613,-0.045628020236033601
0.816000000000000614,-0.044297736135772016
0.817000000000000615,-0.042988476972464176
0.818000000000000616,-0.041700090091337641
0.819000000000000616,-0.040432422258206466
0.820000000000000617,-0.039185319697660217
0.821000000000000618,-0.037958628130517869
0.822000000000000619,-0.036752192810550734
0.823000000000000620,-0.035565858560487100
0.824000000000000621,-0.034399469807297273
0.825000000000000622,-0.033252870616792309
0.826000000000000623,-0.032125904727519271
0.827000000000000624,-0.031018415583977221
0.828000000000000624,-0.029930246369168988
0.829000000000000625,-0.028861240036464349
0.830000000000000626,-0.027811239340840632
0.831000000000000627,-0.026780086869451724
0.832000000000000628,-0.025767625071571664
0.833000000000000629,-0.024773696287904750
0.834000000000000630,-0.023798142779277408
0.835000000000000631,-0.022840806754721662
0.836000000000000631,-0.021901530398951895
0.837000000000000632,-0.020980155899250931
0.838000000000000633,-0.020076525471763040
0.839000000000000634,-0.019190481387222534
0.840000000000000635,-0.018321865996104768
0.841000000000000636,-0.017470521753212381
0.842000000000000637,-0.016636291241721859
0.843000000000000638,-0.015819017196673286
0.844000000000000639,-0.015018542527932588
0.845000000000000639,-0.014234710342615420
0.846000000000000640,-0.013467363966997766
0.847000000000000641,-0.012716346967915232
0.848000000000000642,-0.011981503173649596
0.849000000000000643,-0.011262676694314933
0.850000000000000644,-0.010559711941777680
0.851000000000000645,-0.009872453649054955
0.852000000000000646,-0.009200746889270417
0.853000000000000647,-0.008544437094126269
0.854000000000000647,-0.007903370071918733
0.855000000000000648,-0.007277392025093854
0.856000000000000649,-0.006666349567372243
0.857000000000000650,-0.006070089740413514
0.858000000000000651,-0.005488460030057698
0.859000000000000652,-0.004921308382148423
0.860000000000000653,-0.004368483217921220
0.861000000000000654,-0.003829833448988432
0.862000000000000655,-0.003305208491922715
0.863000000000000655,-0.002794458282425563
0.864000000000000656,-0.002297433289121314
0.865000000000000657,-0.001813984526950263
0.866000000000000658,-0.001343963570185799
0.867000000000000659,-0.000887222565088952
0.868000000000000660,-0.000443614242173243
0.869000000000000661,-0.000012991928123307
0.870000000000000662,0.000404790442644906
0.871000000000000663,0.000809878316770724
0.872000000000000663,0.001202416511089957
0.873000000000000664,0.001582549202105510
0.874000000000000665,0.001950419915789015
0.875000000000000666,0.002306171517713940
0.876000000000000667,0.002649946203510428
0.877000000000000668,0.002981885489627309
0.878000000000000669,0.003302130204413445
0.879000000000000670,0.003610820479504415
0.880000000000000671,0.003908095741491280
0.881000000000000671,0.004194094703911922
0.882000000000000672,0.004468955359503077
0.883000000000000673,0.004732814972756164
0.884000000000000674,0.004985810072738783
0.885000000000000675,0.005228076446197044
0.886000000000000676,0.005459749130926952
0.887000000000000677,0.005680962409400111
0.888000000000000678,0.005891849802666859
0.889000000000000679,0.006092544064490307
0.890000000000000679,0.006283177175750309
0.891000000000000680,0.006463880339078151
0.892000000000000681,0.006634783973740854
0.893000000000000682,0.006796017710757840
0.894000000000000683,0.006947710388248721
0.895000000000000684,0.007089990047006731
0.896000000000000685,0.007222983926299031
0.897000000000000686,0.007346818459886309
0.898000000000000687,0.007461619272239581
0.899000000000000687,0.007567511175001385
0.900000000000000688,0.007664618163618015
0.901000000000000689,0.007753063414195263
0.902000000000000690,0.007832969280543528
0.903000000000000691,0.007904457291416265
0.904000000000000692,0.007967648147947398
0.905000000000000693,0.008022661721266700
0.906000000000000694,0.008069617050297790
0.907000000000000695,0.008108632339744067
0.908000000000000695,0.008139824958236966
0.909000000000000696,0.008163311436670479
0.910000000000000697,0.008179207466689296
0.911000000000000698,0.008187627899354007
0.912000000000000699,0.008188686743961272
0.913000000000000700,0.008182497167017525
0.914000000000000701,0.008169171491386212
0.915000000000000702,0.008148821195558344
0.916000000000000703,0.008121556913096167
0.917000000000000703,0.008087488432204670
0.918000000000000704,0.008046724695458720
0.919000000000000705,0.007999373799654558
0.920000000000000706,0.007945542995807742
0.921000000000000707,0.007885338689279695
0.922000000000000708,0.007818866440037698
0.923000000000000709,0.007746230963027167
0.924000000000000710,0.007667536128693109
0.925000000000000711,0.007582884963598041
0.926000000000000711,0.007492379651173084
0.927000000000000712,0.007396121532577899
0.928000000000000713,0.007294211107677648
0.929000000000000714,0.007186748036122953
0.930000000000000715,0.007073831138550854
0.931000000000000716,0.006955558397877345
0.932000000000000717,0.006832026960691751
0.933000000000000718,0.006703333138770579
0.934000000000000719,0.006569572410663587
0.935000000000000719,0.006430839423389142
0.936000000000000720,0.006287227994222896
0.937000000000000721,0.006138831112571336
0.938000000000000722,0.005985740941934175
0.939000000000000723,0.005828048821958923
0.940000000000000724,0.005665845270570624
0.941000000000000725,0.005499219986187892
0.942000000000000726,0.005328261850017560
0.943000000000000727,0.005153058928426785
0.944000000000000727,0.004973698475390090
0.945000000000000728,0.004790266935005394
0.946000000000000729,0.004602849944092552
0.947000000000000730,0.004411532334846100
0.948000000000000731,0.004216398137567712
0.949000000000000732,0.004017530583454196
0.950000000000000733,0.003815012107460763
0.951000000000000734,0.003608924351207238
0.952000000000000735,0.003399348165966981
0.953000000000000735,0.003186363615696133
0.954000000000000736,0.002970049980124315
0.955000000000000737,0.002750485757906338
0.956000000000000738,0.002527748669815219
0.957000000000000739,0.002301915661992151
0.958000000000000740,0.002073062909252130
0.959000000000000741,0.001841265818425428
0.960000000000000742,0.001606599031753081
0.961000000000000743,0.001369136430326791
0.962000000000000743,0.001128951137570587
0.963000000000000744,0.000886115522762994
0.964000000000000745,0.000640701204602151
0.965000000000000746,0.000392779054809886
0.966000000000000747,0.000142419201768701
0.967000000000000748,-0.000110308965794431
0.968000000000000749,-0.000365336795107032
0.969000000000000750,-0.000622596365595394
0.970000000000000751,-0.000882020485117271
0.971000000000000751,-0.001143542686148140
0.972000000000000752,-0.001407097221941039
0.973000000000000753,-0.001672619062673453
0.974000000000000754,-0.001940043891539545
0.975000000000000755,-0.002209308100841403
0.976000000000000756,-0.002480348788041767
0.977000000000000757,-0.002753103751797156
0.978000000000000758,-0.003027511487965586
0.979000000000000759,-0.003303511185603875
0.980000000000000759,-0.003581042722927519
0.981000000000000760,-0.003860046663260733
0.982000000000000761,-0.004140464250974955
0.983000000000000762,-0.004422237407396955
0.984000000000000763,-0.004705308726702566
0.985000000000000764,-0.004989621471811040
0.986000000000000765,-0.005275119570241763
0.987000000000000766,-0.005561747609973923
0.988000000000000766,-0.005849450835288705
0.989000000000000767,-0.006138175142601917
0.990000000000000768,-0.006427867076280865
0.991000000000000769,-0.006718473824455590
0.992000000000000770,-0.007009943214821299
0.993000000000000771,-0.007302223710433464
0.994000000000000772,-0.007595264405489186
0.995000000000000773,-0.007889015021112972
0.996000000000000774,-0.008183425901124841
0.997000000000000774,-0.008478448007812995
0.998000000000000775,-0.008774032917696179
0.999000000000000776,-0.009070132817288835
1.000000000000000666,-0.009366700498853105
1.001000000000000778,-0.009663689356162413
1.002000000000000668,-0.009961053380250762
1.003000000000000780,-0.010258747155169234
1.004000000000000670,-0.010556725853740978
1.005000000000000782,-0.010854945233314820
1.006000000000000671,-0.011153361631520527
1.007000000000000783,-0.011451931962029056
1.008000000000000673,-0.011750613710308718
1.009000000000000785,-0.012049364929391373
1.010000000000000675,-0.012348144235636941
1.011000000000000787,-0.012646910804504929
1.012000000000000677,-0.012945624366330084
1.013000000000000789,-0.013244245202102631
1.014000000000000679,-0.013542734139252222
1.015000000000000790,-0.013841052547441859
1.016000000000000680,-0.014139162334368424
1.017000000000000792,-0.014437025941565405
1.018000000000000682,-0.014734606340217605
1.019000000000000794,-0.015031867026982606
1.020000000000000684,-0.015328772019823000
1.021000000000000796,-0.015625285853841476
1.022000000000000686,-0.015921373577133698
1.023000000000000798,-0.016217000746643232
1.024000000000000687,-0.016512133424028391
1.025000000000000799,-0.016806738171547809
1.026000000000000689,-0.017100782047942513
1.027000000000000801,-0.017394232604342579
1.028000000000000691,-0.017687057880176708
1.029000000000000803,-0.017979226399099758
1.030000000000000693,-0.018270707164924200
1.031000000000000805,-0.018561469657580473
1.032000000000000695,-0.018851483829067227
1.033000000000000806,-0.019140720099435932
1.034000000000000696,-0.019429149352780600
1.035000000000000808,-0.019716742933233972
1.036000000000000698,-0.020003472640994453
1.037000000000000810,-0.020289310728354201
1.038000000000000700,-0.020574229895745394
1.039000000000000812,-0.020858203287802329
1.040000000000000702,-0.021141204489442712
1.041000000000000814,-0.021423207521957439
1.042000000000000703,-0.021704186839115933
1.043000000000000815,-0.021984117323296741
1.044000000000000705,-0.022262974281626720
1.045000000000000817,-0.022540733442133587
1.046000000000000707,-0.022817370949925992
1.047000000000000819,-0.023092863363381771
1.048000000000000709,-0.023367187650351479
1.049000000000000821,-0.023640321184390557
1.050000000000000711,-0.023912241740993552
1.051000000000000822,-0.024182927493862347
1.052000000000000712,-0.024452357011174312
1.053000000000000824,-0.024720509251885223
1.054000000000000714,-0.024987363562037686
1.055000000000000826,-0.025252899671095182
1.056000000000000716,-0.025517097688290424
1.057000000000000828,-0.025779938098994225
1.058000000000000718,-0.026041401761102017
1.059000000000000830,-0.026301469901438092
1.060000000000000719,-0.026560124112182937
1.061000000000000831,-0.026817346347313097
1.062000000000000721,-0.027073118919064228
1.063000000000000833,-0.027327424494417368
1.064000000000000723,-0.027580246091589267
1.065000000000000835,-0.027831567076562848
1.066000000000000725,-0.028081371159622760
1.067000000000000837,-0.028329642391909347
1.068000000000000727,-0.028576365162007004
1.069000000000000838,-0.028821524192531766
1.070000000000000728,-0.029065104536758469
1.071000000000000840,-0.029307091575252141
1.072000000000000730,-0.029547471012530135
1.073000000000000842,-0.029786228873735422
1.074000000000000732,-0.030023351501335799
1.075000000000000844,-0.030258825551842478
1.076000000000000734,-0.030492637992546923
1.077000000000000846,-0.030724776098275914
1.078000000000000735,-0.030955227448175644
1.079000000000000847,-0.031183979922499661
1.080000000000000737,-0.031411021699441058
1.081000000000000849,-0.031636341251954289
1.082000000000000739,-0.031859927344627781
1.083000000000000851,-0.032081769030554715
1.084000000000000741,-0.032301855648236191
1.085000000000000853,-0.032520176818497670
1.086000000000000743,-0.032736722441430867
1.087000000000000854,-0.032951482693352685
1.088000000000000744,-0.033164448023789220
1.089000000000000856,-0.033375609152467664
1.090000000000000746,-0.033584957066346170
1.091000000000000858,-0.033792483016653704
1.092000000000000748,-0.033998178515944534
1.093000000000000860,-0.034202035335191880
1.094000000000000750,-0.034404045500877015
1.095000000000000862,-0.034604201292121453
1.096000000000000751,-0.034802495237828156
1.097000000000000863,-0.034998920113836748
1.098000000000000753,-0.035193468940116338
1.099000000000000865,-0.035386134977965888
1.100000000000000755,-0.035576911727230945
1.101000000000000867,-0.035765792923556285
1.102000000000000757,-0.035952772535642816
1.103000000000000869,-0.036137844762535912
1.104000000000000759,-0.036321004030923316
1.105000000000000870,-0.036502244992465731
1.106000000000000760,-0.036681562521129051
1.107000000000000872,-0.036858951710561097
1.108000000000000762,-0.037034407871466009
1.109000000000000874,-0.037207926529008818
1.110000000000000764,-0.037379503420238006
1.111000000000000876,-0.037549134491525915
1.112000000000000766,-0.037716815896034726
1.113000000000000878,-0.037882543991194624
1.114000000000000767,-0.038046315336206324
1.115000000000000879,-0.038208126689559384
1.116000000000000769,-0.038367975006572463
1.117000000000000881,-0.038525857436953512
1.118000000000000771,-0.038681771322377212
1.119000000000000883,-0.038835714194082493
1.120000000000000773,-0.038987683770491291
1.121000000000000885,-0.039137677954839432
1.122000000000000774,-0.039285694832835047
1.123000000000000886,-0.039431732670331676
1.124000000000000776,-0.039575789911022112
1.125000000000000888,-0.039717865174144398
1.126000000000000778,-0.039857957252217517
1.127000000000000890,-0.039996065108790946
1.128000000000000780,-0.040132187876204074
1.129000000000000892,-0.040266324853380948
1.130000000000000782,-0.040398475503629919
1.131000000000000894,-0.040528639452466389
1.132000000000000783,-0.040656816485452843
1.133000000000000895,-0.040783006546063358
1.134000000000000785,-0.040907209733552427
1.135000000000000897,-0.041029426300858214
1.136000000000000787,-0.041149656652509581
1.137000000000000899,-0.041267901342562238
1.138000000000000789,-0.041384161072538422
1.139000000000000901,-0.041498436689409703
1.140000000000000790,-0.041610729183567001
1.141000000000000902,-0.041721039686822510
1.142000000000000792,-0.041829369470437819
1.143000000000000904,-0.041935719943155557
1.144000000000000794,-0.042040092649254568
1.145000000000000906,-0.042142489266614118
1.146000000000000796,-0.042242911604813770
1.147000000000000908,-0.042341361603229578
1.148000000000000798,-0.042437841329159356
1.149000000000000909,-0.042532352975962320
1.150000000000000799,-0.042624898861210847
1.151000000000000689,-0.042715481424869160
1.152000000000000801,-0.042804103227476208
1.153000000000000913,-0.042890766948355127
1.154000000000000803,-0.042975475383832965
1.155000000000000693,-0.043058231445477060
1.156000000000000805,-0.043139038158358470
1.157000000000000917,-0.043217898659306440
1.158000000000000806,-0.043294816195209689
1.159000000000000696,-0.043369794121311346
1.160000000000000808,-0.043442835899529082
1.161000000000000920,-0.043513945096787132
1.162000000000000810,-0.043583125383371460
1.163000000000000700,-0.043650380531286739
1.164000000000000812,-0.043715714412644338
1.165000000000000924,-0.043779130998053292
1.166000000000000814,-0.043840634355034838
1.167000000000000703,-0.043900228646446812
1.168000000000000815,-0.043957918128927818
1.169000000000000927,-0.044013707151349800
1.170000000000000817,-0.044067600153294251
1.171000000000000707,-0.044119601663533639
1.172000000000000819,-0.044169716298537269
1.173000000000000931,-0.044217948760984824
1.174000000000000821,-0.044264303838292773
1.175000000000000711,-0.044308786401166221
1.176000000000000822,-0.044351401402153517
1.177000000000000934,-0.044392153874220429
1.178000000000000824,-0.044431048929336900
1.179000000000000714,-0.044468091757077138
1.180000000000000826,-0.044503287623241392
1.181000000000000938,-0.044536641868476251
1.182000000000000828,-0.044568159906924566
1.183000000000000718,-0.044597847224880187
1.184000000000000830,-0.044625709379457819
1.185000000000000941,-0.044651751997273975
1.186000000000000831,-0.044675980773153171
1.187000000000000721,-0.044698401468827705
1.188000000000000833,-0.044719019911669808
1.189000000000000945,-0.044737841993423143
1.190000000000000835,-0.044754873668958799
1.191000000000000725,-0.044770120955026686
1.192000000000000837,-0.044783589929050557
1.193000000000000949,-0.044795286727894366
1.194000000000000838,-0.044805217546681639
1.195000000000000728,-0.044813388637599073
1.196000000000000840,-0.044819806308723439
1.197000000000000952,-0.044824476922870268
1.198000000000000842,-0.044827406896428952
1.199000000000000732,-0.044828602698242077
1.200000000000000844,-0.044828070848465282
1.201000000000000956,-0.044825817917468688
1.202000000000000846,-0.044821850524728965
1.203000000000000735,-0.044816175337740280
1.204000000000000847,-0.044808799070938890
1.205000000000000959,-0.044799728484640047
1.206000000000000849,-0.044788970383980178
1.207000000000000739,-0.044776531617876932
1.208000000000000851,-0.044762419077998966
1.209000000000000963,-0.044746639697744763
1.210000000000000853,-0.044729200451235532
1.211000000000000743,-0.044710108352319276
1.212000000000000854,-0.044689370453581692
1.213000000000000966,-0.044666993845373149
1.214000000000000856,-0.044642985654847658
1.215000000000000746,-0.044617353045001737
1.216000000000000858,-0.044590103213741107
1.217000000000000970,-0.044561243392942693
1.218000000000000860,-0.044530780847533022
1.219000000000000750,-0.044498722874583299
1.220000000000000862,-0.044465076802402720
1.221000000000000973,-0.044429849989650862
1.222000000000000863,-0.044393049824459380
1.223000000000000753,-0.044354683723557817
1.224000000000000865,-0.044314759131417643
1.225000000000000977,-0.044273283519402601
1.226000000000000867,-0.044230264384927651
1.227000000000000757,-0.044185709250629077
1.228000000000000869,-0.044139625663541425
1.229000000000000981,-0.044092021194295464
1.230000000000000870,-0.044042903436306680
1.231000000000000760,-0.043992280004989004
1.232000000000000872,-0.043940158536977511
1.233000000000000984,-0.043886546689341367
1.234000000000000874,-0.043831452138838864
1.235000000000000764,-0.043774882581147687
1.236000000000000876,-0.043716845730127442
1.237000000000000988,-0.043657349317081547
1.238000000000000878,-0.043596401090030060
1.239000000000000767,-0.043534008812992006
1.240000000000000879,-0.043470180265275105
1.241000000000000991,-0.043404923240775099
1.242000000000000881,-0.043338245547282793
1.243000000000000771,-0.043270155005803487
1.244000000000000883,-0.043200659449876062
1.245000000000000995,-0.043129766724913032
1.246000000000000885,-0.043057484687538450
1.247000000000000774,-0.042983821204937947
1.248000000000000886,-0.042908784154217582
1.249000000000000998,-0.042832381421770226
1.250000000000000888,-0.042754620902651364
1.251000000000000778,-0.042675510499956423
1.252000000000000890,-0.042595058124218106
1.253000000000001002,-0.042513271692798504
1.254000000000000892,-0.042430159129299941
1.255000000000000782,-0.042345728362972498
1.256000000000000894,-0.042259987328143740
1.257000000000001005,-0.042172943963638965
1.258000000000000895,-0.042084606212223388
1.259000000000000785,-0.041994982020043592
1.260000000000000897,-0.041904079336078634
1.261000000000001009,-0.041811906111600274
1.262000000000000899,-0.041718470299636448
1.263000000000000789,-0.041623779854444064
1.264000000000000901,-0.041527842730993622
1.265000000000001013,-0.041430666884449741
1.266000000000000902,-0.041332260269668464
1.267000000000000792,-0.041232630840698267
1.268000000000000904,-0.041131786550287652
1.269000000000001016,-0.041029735349399438
1.270000000000000906,-0.040926485186732163
1.271000000000000796,-0.040822044008248376
1.272000000000000908,-0.040716419756706999
1.273000000000001020,-0.040609620371207855
1.274000000000000909,-0.040501653786737778
1.275000000000000799,-0.040392527933720820
1.276000000000000911,-0.040282250737586518
1.277000000000001023,-0.040170830118328574
1.278000000000000913,-0.040058273990082570
1.279000000000000803,-0.039944590260701469
1.280000000000000915,-0.039829786831347753
1.281000000000001027,-0.039713871596070760
1.282000000000000917,-0.039596852441420444
1.283000000000000806,-0.039478737246037163
1.284000000000000918,-0.039359533880268714
1.285000000000001030,-0.039239250205781138
1.286000000000000920,-0.039117894075180348
1.287000000000000810,-0.038995473331637241
1.288000000000000922,-0.038871995808523810
1.289000000000001034,-0.038747469329045006
1.290000000000000924,-0.038621901705882776
1.291000000000000814,-0.038495300740850433
1.292000000000000925,-0.038367674224536387
1.293000000000001037,-0.038239029935974833
1.294000000000000927,-0.038109375642301588
1.295000000000000817,-0.037978719098427212
1.296000000000000929,-0.037847068046714408
1.297000000000001041,-0.037714430216651183
1.298000000000000931,-0.037580813324547033
1.299000000000000821,-0.037446225073214455
1.300000000000000933,-0.037310673151665537
1.301000000000001044,-0.037174165234817425
1.302000000000000934,-0.037036708983193736
1.303000000000000824,-0.036898312042635904
1.304000000000000936,-0.036758982044014663
1.305000000000001048,-0.036618726602958077
1.306000000000000938,-0.036477553319567500
1.307000000000000828,-0.036335469778151976
1.308000000000000940,-0.036192483546957796
1.309000000000001052,-0.036048602177912704
1.310000000000000941,-0.035903833206364477
1.311000000000000831,-0.035758184150827502
1.312000000000000943,-0.035611662512735738
1.313000000000001055,-0.035464275776203501
1.314000000000000945,-0.035316031407780127
1.315000000000000835,-0.035166936856211903
1.316000000000000947,-0.035016999552221970
1.317000000000001059,-0.034866226908275198
1.318000000000000949,-0.034714626318354647
1.319000000000000838,-0.034562205157750221
1.320000000000000950,-0.034408970782839110
1.321000000000001062,-0.034254930530874007
1.322000000000000952,-0.034100091719781289
1.323000000000000842,-0.033944461647954768
1.324000000000000954,-0.033788047594060171
1.325000000000001066,-0.033630856816836918
1.326000000000000956,-0.033472896554910550
1.327000000000000846,-0.033314174026602791
1.328000000000000957,-0.033154696429751093
1.329000000000001069,-0.032994470941524093
1.330000000000000959,-0.032833504718253345
1.331000000000000849,-0.032671804895253467
1.332000000000000961,-0.032509378586654140
1.333000000000001073,-0.032346232885239093
1.334000000000000963,-0.032182374862281683
1.335000000000000853,-0.032017811567383980
1.336000000000000965,-0.031852550028327334
1.337000000000001076,-0.031686597250914994
1.338000000000000966,-0.031519960218828004
1.339000000000000856,-0.031352645893478692
1.340000000000000968,-0.031184661213867110
1.341000000000001080,-0.031016013096445465
1.342000000000000970,-0.030846708434981423
1.343000000000000860,-0.030676754100426203
1.344000000000000972,-0.030506156940783919
1.345000000000001084,-0.030334923780990852
1.346000000000000973,-0.030163061422784531
1.347000000000000863,-0.029990576644592461
1.348000000000000975,-0.029817476201405978
1.349000000000001087,-0.029643766824673935
1.350000000000000977,-0.029469455222189349
1.351000000000000867,-0.029294548077980688
1.352000000000000979,-0.029119052052203352
1.353000000000001091,-0.028942973781044462
1.354000000000000981,-0.028766319876618689
1.355000000000000870,-0.028589096926867241
1.356000000000000982,-0.028411311495472973
1.357000000000001094,-0.028232970121761580
1.358000000000000984,-0.028054079320614173
1.359000000000000874,-0.027874645582381785
1.360000000000000986,-0.027694675372801229
1.361000000000001098,-0.027514175132916485
1.362000000000000988,-0.027333151278992728
1.363000000000000878,-0.027151610202448571
1.364000000000000989,-0.026969558269779183
1.365000000000001101,-0.026787001822480987
1.366000000000000991,-0.026603947176988017
1.367000000000000881,-0.026420400624606218
1.368000000000000993,-0.026236368431443148
1.369000000000001105,-0.026051856838350866
1.370000000000000995,-0.025866872060865881
1.371000000000000885,-0.025681420289151453
1.372000000000000997,-0.025495507687941364
1.373000000000001108,-0.025309140396490570
1.374000000000000998,-0.025122324528515427
1.375000000000000888,-0.024935066172160434
1.376000000000001000,-0.024747371389938697
1.377000000000001112,-0.024559246218690590
1.378000000000001002,-0.024370696669546874
1.379000000000000892,-0.024181728727882577
1.380000000000001004,-0.023992348353280724
1.381000000000001116,-0.023802561479498004
1.382000000000001005,-0.023612374014427281
1.383000000000000895,-0.023421791840067516
1.384000000000001007,-0.023230820812494682
1.385000000000001119,-0.023039466761828727
1.386000000000001009,-0.022847735492213781
1.387000000000000899,-0.022655632781784001
1.388000000000001011,-0.022463164382653680
1.389000000000001123,-0.022270336020882280
1.390000000000001013,-0.022077153396465179
1.391000000000000902,-0.021883622183309883
1.392000000000001014,-0.021689748029224621
1.393000000000001126,-0.021495536555901938
1.394000000000001016,-0.021300993358908005
1.395000000000000906,-0.021106124007667669
1.396000000000001018,-0.020910934045459316
1.397000000000001130,-0.020715428989406232
1.398000000000001020,-0.020519614330472048
1.399000000000000909,-0.020323495533451336
1.400000000000001021,-0.020127078036972147
1.401000000000001133,-0.019930367253494695
1.402000000000001023,-0.019733368569306693
1.403000000000000913,-0.019536087344527001
1.404000000000001025,-0.019338528913114536
1.405000000000001137,-0.019140698582864275
1.406000000000001027,-0.018942601635416001
1.407000000000000917,-0.018744243326268575
1.408000000000001029,-0.018545628884776604
1.409000000000001140,-0.018346763514170011
1.410000000000001030,-0.018147652391563320
1.411000000000000920,-0.017948300667967487
1.412000000000001032,-0.017748713468300321
1.413000000000001144,-0.017548895891412623
1.414000000000001034,-0.017348853010093528
1.415000000000000924,-0.017148589871093488
1.416000000000001036,-0.016948111495144948
1.417000000000001148,-0.016747422876981319
1.418000000000001037,-0.016546528985356974
1.419000000000000927,-0.016345434763070817
1.420000000000001039,-0.016144145126991447
1.421000000000001151,-0.015942664968083751
1.422000000000001041,-0.015740999151430339
1.423000000000000931,-0.015539152516262273
1.424000000000001043,-0.015337129875987742
1.425000000000001155,-0.015134936018219070
1.426000000000001044,-0.014932575704807508
1.427000000000000934,-0.014730053671870458
1.428000000000001046,-0.014527374629827417
1.429000000000001158,-0.014324543263429298
1.430000000000001048,-0.014121564231800179
1.431000000000000938,-0.013918442168465403
1.432000000000001050,-0.013715181681393587
1.433000000000001162,-0.013511787353033678
1.434000000000001052,-0.013308263740346733
1.435000000000000941,-0.013104615374857831
1.436000000000001053,-0.012900846762683351
1.437000000000001165,-0.012696962384580285
1.438000000000001055,-0.012492966695988776
1.439000000000000945,-0.012288864127067889
1.440000000000001057,-0.012084659082747961
1.441000000000001169,-0.011880355942769061
1.442000000000001059,-0.011675959061728199
1.443000000000000949,-0.011471472769130242
1.444000000000001060,-0.011266901369426105
1.445000000000001172,-0.011062249142066521
1.446000000000001062,-0.010857520341553495
1.447000000000000952,-0.010652719197479716
1.448000000000001064,-0.010447849914589118
1.449000000000001176,-0.010242916672822103
1.450000000000001066,-0.010037923627368160
1.451000000000000956,-0.009832874908716829
1.452000000000001068,-0.009627774622714632
1.453000000000001180,-0.009422626850614296
1.454000000000001069,-0.009217435649131429
1.455000000000000959,-0.009012205050498557
1.456000000000001071,-0.008806939062521602
1.457000000000001183,-0.008601641668635120
1.458000000000001073,-0.008396316827959771
1.459000000000000963,-0.008190968475357224
1.460000000000001075,-0.007985600521495471
1.461000000000001187,-0.007780216852895686
1.462000000000001076,-0.007574821332004959
1.463000000000000966,-0.007369417797243208
1.464000000000001078,-0.007164010063072756
1.465000000000001190,-0.006958601920055962
1.466000000000001080,-0.006753197134913366
1.467000000000000970,-0.006547799450591365
1.468000000000001082,-0.006342412586321186
1.469000000000001194,-0.006137040237680800
1.470000000000001084,-0.005931686076661663
1.471000000000000973,-0.005726353751727989
1.472000000000001085,-0.005521046887887925
1.473000000000001197,-0.005315769086750069
1.474000000000001087,-0.005110523926594375
1.475000000000000977,-0.004905314962434805
1.476000000000001089,-0.004700145726088447
1.477000000000001201,-0.004495019726239465
1.478000000000001091,-0.004289940448505088
1.479000000000000981,-0.004084911355506354
1.480000000000001092,-0.003879935886931637
1.481000000000001204,-0.003675017459609701
1.482000000000001094,-0.003470159467571864
1.483000000000000984,-0.003265365282128021
1.484000000000001096,-0.003060638251929770
1.485000000000001208,-0.002855981703039503
1.486000000000001098,-0.002651398939007836
1.487000000000000988,-0.002446893240935677
1.488000000000001100,-0.002242467867546465
1.489000000000001211,-0.002038126055260626
1.490000000000001101,-0.001833871018263995
1.491000000000000991,-0.001629705948575693
1.492000000000001103,-0.001425634016128497
1.493000000000001215,-0.001221658368832418
1.494000000000001105,-0.001017782132649899
1.495000000000000995,-0.000814008411669235
1.496000000000001107,-0.000610340288177955
1.497000000000001219,-0.000406780822732879
1.498000000000001108,-0.000203333054234469
1.499000000000000998,0.000000000000000000
