0.200000000000000011,22.336211984202936520
0.201000000000000012,21.844171127492309381
0.202000000000000013,21.447974133716119383
0.203000000000000014,21.088718523259110782
0.204000000000000015,20.736999179272565641
0.205000000000000016,20.380861234162615858
0.206000000000000016,20.017955472111552240
0.207000000000000017,19.650598483161541452
0.208000000000000018,19.282804414812765970
0.209000000000000019,18.918624581240376159
0.210000000000000020,18.561328892165228410
0.211000000000000021,18.213106991387967071
0.212000000000000022,17.875070808230841379
0.213000000000000023,17.547414288356058876
0.214000000000000024,17.229638217967384151
0.215000000000000024,16.920784183180970217
0.216000000000000025,16.619646229748600064
0.217000000000000026,16.324944995541510906
0.218000000000000027,16.035459412444893701
0.219000000000000028,15.750117302826231125
0.220000000000000029,15.468049630029023334
0.221000000000000030,15.188614740532775826
0.222000000000000031,14.911399325410457095
0.223000000000000032,14.636202498840267694
0.224000000000000032,14.363008663815909571
0.225000000000000033,14.091953925878845766
0.226000000000000034,13.823289864577578356
0.227000000000000035,13.557347565508058196
0.228000000000000036,13.294504001840408591
0.229000000000000037,13.035152156404445023
0.230000000000000038,12.779675700161796215
0.231000000000000039,12.528428586174712223
0.232000000000000040,12.281719569756630150
0.233000000000000040,12.039801411960556976
0.234000000000000041,11.802864350384995262
0.235000000000000042,11.571033314070195530
0.236000000000000043,11.344368304590108920
0.237000000000000044,11.122867351283471038
0.238000000000000045,10.906471464467333732
0.239000000000000046,10.695071047620995586
0.240000000000000047,10.488513280659606863
0.241000000000000048,10.286610045706130023
0.242000000000000048,10.089146029661968385
0.243000000000000049,9.895886700911578515
0.244000000000000050,9.706585918149556846
0.245000000000000051,9.520992985830796229
0.246000000000000052,9.338859021984923459
0.247000000000000053,9.159942549466807193
0.248000000000000054,8.984014260883251168
0.249000000000000055,8.810860940478336900
0.250000000000000056,8.640288553421811457
0.251000000000000056,8.472124534618455272
0.252000000000000057,8.306219325826061706
0.253000000000000058,8.142447222072107138
0.254000000000000059,7.980706596651451434
0.255000000000000060,7.820919578923096083
0.256000000000000061,7.663031261235151881
0.257000000000000062,7.507008511093841818
0.258000000000000063,7.352838462612512060
0.259000000000000064,7.200526757744168727
0.260000000000000064,7.050095603182008119
0.261000000000000065,6.901581703426207248
0.262000000000000066,6.755034124635121096
0.263000000000000067,6.610512137736845872
0.264000000000000068,6.468083083062595051
0.265000000000000069,6.327820292632372556
0.266000000000000070,6.189801100298107706
0.267000000000000071,6.054104964323038907
0.268000000000000071,5.920811721718717280
0.269000000000000072,5.789999988818575360
0.270000000000000073,5.661745718169937547
0.271000000000000074,5.536120917888353254
0.272000000000000075,5.413192536140856603
0.273000000000000076,5.293021510400397034
0.274000000000000077,5.175661978525791795
0.275000000000000078,5.061160646548731101
0.276000000000000079,4.949556306264881300
0.277000000000000079,4.840879494301016273
0.278000000000000080,4.735152283233977855
0.279000000000000081,4.632388194537092829
0.280000000000000082,4.532592222595353881
0.281000000000000083,4.435760958729511927
0.282000000000000084,4.341882804072190183
0.283000000000000085,4.250938260217077769
0.284000000000000086,4.162900286788256743
0.285000000000000087,4.077734715426078793
0.286000000000000087,3.995400710135205369
0.287000000000000088,3.915851264469059068
0.288000000000000089,3.839033726613551245
0.289000000000000090,3.764890344065123351
0.290000000000000091,3.693358820258778596
0.291000000000000092,3.624372876177621272
0.292000000000000093,3.557862810655746166
0.293000000000000094,3.493756053760894709
0.294000000000000095,3.431977708304421615
0.295000000000000095,3.372451075166966294
0.296000000000000096,3.315098158743383205
0.297000000000000097,3.259840149395619502
0.298000000000000098,3.206597880354331132
0.299000000000000099,3.155292257026316438
0.300000000000000100,3.105844657144315679
0.301000000000000101,3.058177300637050955
0.302000000000000102,3.012213588500722850
0.303000000000000103,2.967878410318329774
0.304000000000000103,2.925098420401454291
0.305000000000000104,2.883802282820920659
0.306000000000000105,2.843920885849793301
0.307000000000000106,2.805387526565983780
0.308000000000000107,2.768138066553761156
0.309000000000000108,2.732111059805991893
0.310000000000000109,2.697247854063450578
0.311000000000000110,2.663492666936457365
0.312000000000000111,2.630792638238970138
0.313000000000000111,2.599097860028571461
0.314000000000000112,2.568361385888994430
0.315000000000000113,2.538539221017346303
0.316000000000000114,2.509590294687368051
0.317000000000000115,2.481476416655184813
0.318000000000000116,2.454162219056311045
0.319000000000000117,2.427615085314095644
0.320000000000000118,2.401805067541656236
0.321000000000000119,2.376704793873154031
0.322000000000000119,2.352289367107242235
0.323000000000000120,2.328536255987050385
0.324000000000000121,2.305425180377973060
0.325000000000000122,2.282937991538159128
0.326000000000000123,2.261058548607665308
0.327000000000000124,2.239772592371631621
0.328000000000000125,2.219067617281273996
0.329000000000000126,2.198932742644800875
0.330000000000000127,2.179358583828845841
0.331000000000000127,2.160337124240482076
0.332000000000000128,2.141861588790598070
0.333000000000000129,2.123926319471834745
0.334000000000000130,2.106526653618732592
0.335000000000000131,2.089658805354449811
0.336000000000000132,2.073319750667687256
0.337000000000000133,2.057507116505360667
0.338000000000000134,2.042219074211360397
0.339000000000000135,2.027454237589390029
0.340000000000000135,2.013211565818596060
0.341000000000000136,1.999490271404385400
0.342000000000000137,1.986289733303584715
0.343000000000000138,1.973609415322869598
0.344000000000000139,1.961448789852136887
0.345000000000000140,1.949807266960177143
0.346000000000000141,1.938684128848591870
0.347000000000000142,1.928078469631207437
0.348000000000000143,1.917989140380296220
0.349000000000000143,1.908414699357549482
0.350000000000000144,1.899353367326856556
0.351000000000000145,1.890802987827458592
0.352000000000000146,1.882760992269791656
0.353000000000000147,1.875224369702251703
0.354000000000000148,1.868189641085008734
0.355000000000000149,1.861652837896849988
0.356000000000000150,1.855609484892622119
0.357000000000000151,1.850054586822107439
0.358000000000000151,1.844982618915986139
0.359000000000000152,1.840387520940781396
0.360000000000000153,1.836262694622231795
0.361000000000000154,1.832601004235329345
0.362000000000000155,1.829394780159117717
0.363000000000000156,1.826635825195251028
0.364000000000000157,1.824315423451104312
0.365000000000000158,1.822424351590819613
0.366000000000000159,1.820952892261060940
0.367000000000000159,1.819890849502200370
0.368000000000000160,1.819227565960239490
0.369000000000000161,1.818951941719841425
0.370000000000000162,1.819052454584314304
0.371000000000000163,1.819517181634231040
0.372000000000000164,1.820333821902559990
0.373000000000000165,1.821489720010511792
0.374000000000000166,1.822971890614939694
0.375000000000000167,1.824767043524868626
0.376000000000000167,1.826861609351501103
0.377000000000000168,1.829241765563011324
0.378000000000000169,1.831893462822306917
0.379000000000000170,1.834802451492846043
0.380000000000000171,1.837954308204474030
0.381000000000000172,1.841334462378019010
0.382000000000000173,1.844928222614100166
0.383000000000000174,1.848720802858152767
0.384000000000000175,1.852697348260174959
0.385000000000000175,1.856842960653938945
0.386000000000000176,1.861142723586575176
0.387000000000000177,1.865581726835402465
0.388000000000000178,1.870145090354573991
0.389000000000000179,1.874817987599769920
0.390000000000000180,1.879585668184431624
0.391000000000000181,1.884433479826263191
0.392000000000000182,1.889346889547597552
0.393000000000000183,1.894311504097991872
0.394000000000000183,1.899313089571891044
0.395000000000000184,1.904337590198475594
0.396000000000000185,1.909371146284916776
0.397000000000000186,1.914400111298033336
0.398000000000000187,1.919411068073058502
0.399000000000000188,1.924390844141589785
0.400000000000000189,1.929326526174028000
0.401000000000000190,1.934205473534827080
0.402000000000000191,1.939015330951656013
0.403000000000000191,1.943744040302242793
0.404000000000000192,1.948379851525037010
0.405000000000000193,1.952911332662109256
0.406000000000000194,1.957327379044765836
0.407000000000000195,1.961617221634234465
0.408000000000000196,1.965770434531526778
0.409000000000000197,1.969776941672150672
0.410000000000000198,1.973627022722744595
0.411000000000000199,1.977311318198011536
0.412000000000000199,1.980820833817439564
0.413000000000000200,1.984146944122306078
0.414000000000000201,1.987281395374338899
0.415000000000000202,1.990216307758170489
0.416000000000000203,1.992944176910331988
0.417000000000000204,1.995457874798130193
0.418000000000000205,1.997750649972100279
0.419000000000000206,1.999816127216148542
0.420000000000000207,2.001648306619698836
0.421000000000000207,2.003241562096307771
0.422000000000000208,2.004590639373380334
0.423000000000000209,2.005690653477507635
0.424000000000000210,2.006537085740016657
0.425000000000000211,2.007125780347121413
0.426000000000000212,2.007452940458922974
0.427000000000000213,2.007515123921273403
0.428000000000000214,2.007309238594225054
0.429000000000000214,2.006832537320495824
0.430000000000000215,2.006082612556978617
0.431000000000000216,2.005057390691938224
0.432000000000000217,2.003755126070120518
0.433000000000000218,2.002174394747506359
0.434000000000000219,2.000314087996964307
0.435000000000000220,1.998173405585550899
0.436000000000000221,1.995751848843652088
0.437000000000000222,1.993049213545635912
0.438000000000000222,1.990065582621088014
0.439000000000000223,1.986801318715140541
0.440000000000000224,1.983257056615827185
0.441000000000000225,1.979433695565775198
0.442000000000000226,1.975332391474952543
0.443000000000000227,1.970954549050601967
0.444000000000000228,1.966301813859850700
0.445000000000000229,1.961376064339911407
0.446000000000000230,1.956179403770154313
0.447000000000000230,1.950714152219757525
0.448000000000000231,1.944982838484009324
0.449000000000000232,1.938988192021767976
0.450000000000000233,1.932733134905995076
0.451000000000000234,1.926220773798668073
0.452000000000000235,1.919454391960860873
0.453000000000000236,1.912437441308162844
0.454000000000000237,1.905173534521088730
0.455000000000000238,1.897666437219578839
0.456000000000000238,1.889920060210161790
0.457000000000000239,1.881938451813824020
0.458000000000000240,1.873725790282140924
0.459000000000000241,1.865286376308711525
0.460000000000000242,1.856624625642470550
0.461000000000000243,1.847745061808979683
0.462000000000000244,1.838652308945340819
0.463000000000000245,1.829351084753952250
0.464000000000000246,1.819846193579865545
0.465000000000000246,1.810142519616129375
0.466000000000000247,1.800245020241079130
0.467000000000000248,1.790158719491152794
0.468000000000000249,1.779888701672447393
0.469000000000000250,1.769440105113868622
0.470000000000000251,1.758818116064378545
0.471000000000000252,1.748027962736525609
0.472000000000000253,1.737074909498106168
0.473000000000000254,1.725964251213536915
0.474000000000000254,1.714701307736178792
0.475000000000000255,1.703291418552621561
0.476000000000000256,1.691739937579644693
0.477000000000000257,1.680052228114332191
0.478000000000000258,1.668233657937560510
0.479000000000000259,1.656289594570882429
0.480000000000000260,1.644225400686581295
0.481000000000000261,1.632046429670474197
0.482000000000000262,1.619758021336867859
0.483000000000000262,1.607365497794857934
0.484000000000000263,1.594874159465012653
0.485000000000000264,1.582289281245313095
0.486000000000000265,1.569616108825058642
0.487000000000000266,1.556859855145329430
0.488000000000000267,1.544025697004439479
0.489000000000000268,1.531118771806702750
0.490000000000000269,1.518144174452725315
0.491000000000000270,1.505106954369306083
0.492000000000000270,1.492012112676966984
0.493000000000000271,1.478864599493005194
0.494000000000000272,1.465669311367918226
0.495000000000000273,1.452431088852918606
0.496000000000000274,1.439154714196266394
0.497000000000000275,1.425844909166014363
0.498000000000000276,1.412506332996734892
0.499000000000000277,1.399143580457771652
0.500000000000000222,1.385761180040460561
0.501000000000000334,1.372363592261790499
0.502000000000000224,1.358955208081902510
0.503000000000000336,1.345540347432787831
0.504000000000000226,1.332123257855604148
0.505000000000000338,1.318708113243872493
0.506000000000000227,1.305299012689983273
0.507000000000000339,1.291899979432236778
0.508000000000000229,1.278514959899843095
0.509000000000000341,1.265147822853094794
0.510000000000000231,1.251802358616152189
0.511000000000000343,1.238482278399656744
0.512000000000000233,1.225191213710628446
0.513000000000000345,1.211932715846900876
0.514000000000000234,1.198710255473556030
0.515000000000000346,1.185527222278671244
0.516000000000000236,1.172386924705867361
0.517000000000000348,1.159292589761011572
0.518000000000000238,1.146247362890634225
0.519000000000000350,1.133254307929438376
0.520000000000000240,1.120316407114539059
0.521000000000000352,1.107436561163874345
0.522000000000000242,1.094617589416473358
0.523000000000000353,1.081862230032100136
0.524000000000000243,1.069173140248029341
0.525000000000000355,1.056552896690552856
0.526000000000000245,1.044003995739032353
0.527000000000000357,1.031528853940179458
0.528000000000000247,1.019129808470466969
0.529000000000000359,1.006809117644432927
0.530000000000000249,0.994568961466841372
0.531000000000000361,0.982411442226572285
0.532000000000000250,0.970338585130281039
0.533000000000000362,0.958352338973766593
0.534000000000000252,0.946454576849215634
0.535000000000000364,0.934647096886299211
0.536000000000000254,0.922931623025409542
0.537000000000000366,0.911309805821106211
0.538000000000000256,0.899783223274108979
0.539000000000000368,0.888353381690035304
0.540000000000000258,0.877021716563291753
0.541000000000000369,0.865789593484388886
0.542000000000000259,0.854658309069204036
0.543000000000000371,0.843629091908541406
0.544000000000000261,0.832703103536570288
0.545000000000000373,0.821881439416621395
0.546000000000000263,0.811165129942988061
0.547000000000000375,0.800555141457274688
0.548000000000000265,0.790052377278061102
0.549000000000000377,0.779657678742489813
0.550000000000000266,0.769371826258614222
0.551000000000000378,0.759195540367221366
0.552000000000000268,0.749129482812028624
0.553000000000000380,0.739174257617053243
0.554000000000000270,0.729330412170129283
0.555000000000000382,0.719598438311453981
0.556000000000000272,0.709978773426201859
0.557000000000000384,0.700471801540178296
0.558000000000000274,0.691077854417605719
0.559000000000000385,0.681797212660101515
0.560000000000000275,0.672630106806004102
0.561000000000000387,0.663576718429170320
0.562000000000000277,0.654637181236486398
0.563000000000000389,0.645811582163256737
0.564000000000000279,0.637099962465798031
0.565000000000000391,0.628502318810456262
0.566000000000000281,0.620018604358444247
0.567000000000000393,0.611648729845770900
0.568000000000000282,0.603392564657718955
0.569000000000000394,0.595249937897207482
0.570000000000000284,0.587220639446553561
0.571000000000000396,0.579304421022015292
0.572000000000000286,0.571500997220683482
0.573000000000000398,0.563810046559178879
0.574000000000000288,0.556231212503749184
0.575000000000000400,0.548764104491278770
0.576000000000000290,0.541408298940867172
0.577000000000000401,0.534163340255519925
0.578000000000000291,0.527028741813659329
0.579000000000000403,0.520003986950052677
0.580000000000000293,0.513088529925897596
0.581000000000000405,0.506281796887704916
0.582000000000000295,0.499583186814769931
0.583000000000000407,0.492992072454901176
0.584000000000000297,0.486507801248242278
0.585000000000000409,0.480129696238892123
0.586000000000000298,0.473857056974194335
0.587000000000000410,0.467689160391436709
0.588000000000000300,0.461625261691865851
0.589000000000000412,0.455664595201793088
0.590000000000000302,0.449806375220720867
0.591000000000000414,0.444049796856307410
0.592000000000000304,0.438394036846111335
0.593000000000000416,0.432838254365993103
0.594000000000000306,0.427381591825106100
0.595000000000000417,0.422023175647396775
0.596000000000000307,0.416762117039588653
0.597000000000000419,0.411597512745567662
0.598000000000000309,0.406528445787170345
0.599000000000000421,0.401553986191342804
0.600000000000000311,0.396673191703660222
0.601000000000000423,0.391885108488203460
0.602000000000000313,0.387188771813828658
0.603000000000000425,0.382583206726805958
0.604000000000000314,0.378067428709908560
0.605000000000000426,0.373640444327939414
0.606000000000000316,0.369301251859789903
0.607000000000000428,0.365048841917039624
0.608000000000000318,0.360882198049194414
0.609000000000000430,0.356800297335607142
0.610000000000000320,0.352802110964175075
0.611000000000000432,0.348886604796874278
0.612000000000000322,0.345052739922245444
0.613000000000000433,0.341299473194897618
0.614000000000000323,0.337625757762150869
0.615000000000000435,0.334030543577901240
0.616000000000000325,0.330512777903846977
0.617000000000000437,0.327071405798151305
0.618000000000000327,0.323705370591694686
0.619000000000000439,0.320413614352016263
0.620000000000000329,0.317195078335081926
0.621000000000000441,0.314048703425001297
0.622000000000000330,0.310973430561834685
0.623000000000000442,0.307968201157611143
0.624000000000000332,0.305031957500721485
0.625000000000000444,0.302163643148794070
0.626000000000000334,0.299362203310230501
0.627000000000000446,0.296626585214521843
0.628000000000000336,0.293955738471508909
0.629000000000000448,0.291348615419724122
0.630000000000000338,0.288804171463986015
0.631000000000000449,0.286321365402366690
0.632000000000000339,0.283899159742726226
0.633000000000000451,0.281536521008933505
0.634000000000000341,0.279232420036959195
0.635000000000000453,0.276985832260967235
0.636000000000000343,0.274795737989599942
0.637000000000000455,0.272661122672575473
0.638000000000000345,0.270580977157791946
0.639000000000000457,0.268554297939068043
0.640000000000000346,0.266580087394704957
0.641000000000000458,0.264657354017004132
0.642000000000000348,0.262785112632922035
0.643000000000000460,0.260962384616004406
0.644000000000000350,0.259188198089771560
0.645000000000000462,0.257461588122700313
0.646000000000000352,0.255781596914975096
0.647000000000000464,0.254147273977148092
0.648000000000000353,0.252557676300883327
0.649000000000000465,0.251011868521924197
0.650000000000000355,0.249508923075453748
0.651000000000000467,0.248047920343991091
0.652000000000000357,0.246627948797979224
0.653000000000000469,0.245248105129225624
0.654000000000000359,0.243907494377332223
0.655000000000000471,0.242605230049275450
0.656000000000000361,0.241340434232282297
0.657000000000000473,0.240112237700147613
0.658000000000000362,0.238919780013141736
0.659000000000000474,0.237762209611651176
0.660000000000000364,0.236638683903699215
0.661000000000000476,0.235548369346481407
0.662000000000000366,0.234490441522066273
0.663000000000000478,0.233464085207392424
0.664000000000000368,0.232468494438704376
0.665000000000000480,0.231502872570557183
0.666000000000000369,0.230566432329533333
0.667000000000000481,0.229658395862793935
0.668000000000000371,0.228777994781607236
0.669000000000000483,0.227924470199972168
0.670000000000000373,0.227097072768471575
0.671000000000000485,0.226295062703481153
0.672000000000000375,0.225517709811854955
0.673000000000000487,0.224764293511212354
0.674000000000000377,0.224034102845950323
0.675000000000000488,0.223326436499089814
0.676000000000000378,0.222640602800089404
0.677000000000000490,0.221975919728724935
0.678000000000000380,0.221331714915162653
0.679000000000000492,0.220707325636331358
0.680000000000000382,0.220102098808702212
0.681000000000000494,0.219515390977590791
0.682000000000000384,0.218946568303081568
0.683000000000000496,0.218395006542686815
0.684000000000000385,0.217860091030835756
0.685000000000000497,0.217341216655298597
0.686000000000000387,0.216837787830650441
0.687000000000000499,0.216349218468861876
0.688000000000000389,0.215874931947120929
0.689000000000000501,0.215414361072980176
0.690000000000000391,0.214966948046916961
0.691000000000000503,0.214532144422400428
0.692000000000000393,0.214109411063558408
0.693000000000000504,0.213698218100523640
0.694000000000000394,0.213298044882551968
0.695000000000000506,0.212908379928994085
0.696000000000000396,0.212528720878202515
0.697000000000000508,0.212158574434456015
0.698000000000000398,0.211797456312981414
0.699000000000000510,0.211444891183146938
0.700000000000000400,0.211100412609907057
0.701000000000000512,0.210763562993571407
0.702000000000000401,0.210433893507970204
0.703000000000000513,0.210110964037086401
0.704000000000000403,0.209794343110228432
0.705000000000000515,0.209483607835806440
0.706000000000000405,0.209178343833783476
0.707000000000000517,0.208878145166860790
0.708000000000000407,0.208582614270468980
0.709000000000000519,0.208291361881617787
0.710000000000000409,0.208004006966675814
0.711000000000000520,0.207720176648127058
0.712000000000000410,0.207439506130374429
0.713000000000000522,0.207161638624640376
0.714000000000000412,0.206886225273018226
0.715000000000000524,0.206612925071730513
0.716000000000000414,0.206341404793652400
0.717000000000000526,0.206071338910136653
0.718000000000000416,0.205802409512207296
0.719000000000000528,0.205534306231157149
0.720000000000000417,0.205266726158604529
0.721000000000000529,0.204999373766050402
0.722000000000000419,0.204731960823983095
0.723000000000000531,0.204464206320577851
0.724000000000000421,0.204195836380023532
0.725000000000000533,0.203926584180529252
0.726000000000000423,0.203656189872043036
0.727000000000000535,0.203384400493728024
0.728000000000000425,0.203110969891226123
0.729000000000000536,0.202835658633754884
0.730000000000000426,0.202558233931066978
0.731000000000000538,0.202278469550309259
0.732000000000000428,0.201996145732817212
0.733000000000000540,0.201711049110871787
0.734000000000000430,0.201422972624458657
0.735000000000000542,0.201131715438050696
0.736000000000000432,0.200837082857455135
0.737000000000000544,0.200538886246741710
0.738000000000000433,0.200236942945290541
0.739000000000000545,0.199931076184980322
0.740000000000000435,0.199621115007545563
0.741000000000000547,0.199306894182126049
0.742000000000000437,0.198988254123037833
0.743000000000000549,0.198665040807781912
0.744000000000000439,0.198337105695320787
0.745000000000000551,0.198004305644639972
0.746000000000000441,0.197666502833617030
0.747000000000000552,0.197323564678219737
0.748000000000000442,0.196975363752053295
0.749000000000000554,0.196621777706270012
0.750000000000000444,0.196262689189869777
0.751000000000000556,0.195897985770398880
0.752000000000000446,0.195527559855070254
0.753000000000000558,0.195151308612318886
0.754000000000000448,0.194769133893809704
0.755000000000000560,0.194380942156905878
0.756000000000000449,0.193986644387628332
0.757000000000000561,0.193586156024096651
0.758000000000000451,0.193179396880485077
0.759000000000000563,0.192766291071494483
0.760000000000000453,0.192346766937358776
0.761000000000000565,0.191920756969385653
0.762000000000000455,0.191488197736063404
0.763000000000000567,0.191049029809717441
0.764000000000000457,0.190603197693749504
0.765000000000000568,0.190150649750455647
0.766000000000000458,0.189691338129434728
0.767000000000000570,0.189225218696595698
0.768000000000000460,0.188752250963774959
0.769000000000000572,0.188272398018963422
0.770000000000000462,0.187785626457157739
0.771000000000000574,0.187291906311838091
0.772000000000000464,0.186791210987077905
0.773000000000000576,0.186283517190293846
0.774000000000000465,0.185768804865639792
0.775000000000000577,0.185247057128048370
0.776000000000000467,0.184718260197928197
0.777000000000000579,0.184182403336514089
0.778000000000000469,0.183639478781882082
0.779000000000000581,0.183089481685625499
0.780000000000000471,0.182532410050201321
0.781000000000000583,0.181968264666941909
0.782000000000000473,0.181397049054742493
0.783000000000000584,0.180818769399420404
0.784000000000000474,0.180233434493750344
0.785000000000000586,0.179641055678177342
0.786000000000000476,0.179041646782207048
0.787000000000000588,0.178435224066473996
0.788000000000000478,0.177821806165493201
0.789000000000000590,0.177201414031085608
0.790000000000000480,0.176574070876489131
0.791000000000000592,0.175939802121145072
0.792000000000000481,0.175298635336166270
0.793000000000000593,0.174650600190481647
0.794000000000000483,0.173995728397662114
0.795000000000000595,0.173334053663418836
0.796000000000000485,0.172665611633777638
0.797000000000000597,0.171990439843930670
0.798000000000000487,0.171308577667754702
0.799000000000000599,0.170620066268005188
0.800000000000000488,0.169924948547172883
0.801000000000000600,0.169223269099010643
0.802000000000000490,0.168515074160723449
0.803000000000000602,0.167800411565814545
0.804000000000000492,0.167079330697597561
0.805000000000000604,0.166351882443356580
0.806000000000000494,0.165618119149164217
0.807000000000000606,0.164878094575343692
0.808000000000000496,0.164131863852583409
0.809000000000000608,0.163379483438687412
0.810000000000000497,0.162621011075968741
0.811000000000000609,0.161856505749278151
0.812000000000000499,0.161086027644662400
0.813000000000000611,0.160309638108652092
0.814000000000000501,0.159527399608172554
0.815000000000000613,0.158739375691074741
0.816000000000000503,0.157945630947283699
0.817000000000000615,0.157146230970552636
0.818000000000000504,0.156341242320832463
0.819000000000000616,0.155530732487235313
0.820000000000000506,0.154714769851604511
0.821000000000000618,0.153893423652672001
0.822000000000000508,0.153066763950807150
0.823000000000000620,0.152234861593351228
0.824000000000000510,0.151397788180530679
0.825000000000000622,0.150555616031940870
0.826000000000000512,0.149708418153610440
0.827000000000000624,0.148856268205618536
0.828000000000000513,0.147999240470282040
0.829000000000000625,0.147137409820891685
0.830000000000000515,0.146270851691001486
0.831000000000000627,0.145399642044262339
0.832000000000000517,0.144523857344797946
0.833000000000000629,0.143643574528109580
0.834000000000000519,0.142758870972518853
0.835000000000000631,0.141869824471128225
0.836000000000000520,0.140976513204306209
0.837000000000000632,0.140079015712680804
0.838000000000000522,0.139177410870649276
0.839000000000000634,0.138271777860383971
0.840000000000000524,0.137362196146343180
0.841000000000000636,0.136448745450270553
0.842000000000000526,0.135531505726684737
0.843000000000000638,0.134610557138849368
0.844000000000000528,0.133685980035226082
0.845000000000000639,0.132757854926388863
0.846000000000000529,0.131826262462418103
0.847000000000000641,0.130891283410743214
0.848000000000000531,0.129952998634453337
0.849000000000000643,0.129011489071047453
0.850000000000000533,0.128066835711639071
0.851000000000000645,0.127119119580597156
0.852000000000000535,0.126168421715619955
0.853000000000000647,0.125214823148243670
0.854000000000000536,0.124258404884770621
0.855000000000000648,0.123299247887619340
0.856000000000000538,0.122337433057088732
0.857000000000000650,0.121373041213528945
0.858000000000000540,0.120406153079918130
0.859000000000000652,0.119436849264835804
0.860000000000000542,0.118465210245831190
0.861000000000000654,0.117491316353177749
0.862000000000000544,0.116515247754011564
0.863000000000000655,0.115537084436849360
0.864000000000000545,0.114556906196477098
0.865000000000000657,0.113574792619206916
0.866000000000000547,0.112590823068498061
0.867000000000000659,0.111605076670934708
0.868000000000000549,0.110617632302556765
0.869000000000000661,0.109628568575539889
0.870000000000000551,0.108637963825216802
0.871000000000000663,0.107645896097439173
0.872000000000000552,0.106652443136269565
0.873000000000000664,0.105657682372007095
0.874000000000000554,0.104661690909531147
0.875000000000000666,0.103664545516970172
0.876000000000000556,0.102666322614679340
0.877000000000000668,0.101667098264532574
0.878000000000000558,0.100666948159517294
0.879000000000000670,0.099665947613630276
0.880000000000000560,0.098664171552071606
0.881000000000000671,0.097661694501724045
0.882000000000000561,0.096658590581929590
0.883000000000000673,0.095654933495536651
0.884000000000000563,0.094650796520237196
0.885000000000000675,0.093646252500167365
0.886000000000000565,0.092641373837785840
0.887000000000000677,0.091636232486011868
0.888000000000000567,0.090630899940626786
0.889000000000000679,0.089625447232932018
0.890000000000000568,0.088619944922659177
0.891000000000000680,0.087614463091127429
0.892000000000000570,0.086609071334648888
0.893000000000000682,0.085603838758169487
0.894000000000000572,0.084598833969149786
0.895000000000000684,0.083594125071675504
0.896000000000000574,0.082589779660797613
0.897000000000000686,0.081585864817097273
0.898000000000000576,0.080582447101470084
0.899000000000000687,0.079579592550126213
0.900000000000000577,0.078577366669806928
0.901000000000000689,0.077575834433206106
0.902000000000000579,0.076575060274600329
0.903000000000000691,0.075575108085678716
0.904000000000000581,0.074576041211571950
0.905000000000000693,0.073577922447075020
0.906000000000000583,0.072580814033061755
0.907000000000000695,0.071584777653087975
0.908000000000000584,0.070589874430175531
0.909000000000000696,0.069596164923778778
0.910000000000000586,0.068603709126930479
0.911000000000000698,0.067612566463555457
0.912000000000000588,0.066622795785962419
0.913000000000000700,0.065634455372495945
0.914000000000000590,0.064647602925359510
0.915000000000000702,0.063662295568593014
0.916000000000000592,0.062678589846210442
0.917000000000000703,0.061696541720494900
0.918000000000000593,0.060716206570440620
0.919000000000000705,0.059737639190345783
0.920000000000000595,0.058760893788550851
0.921000000000000707,0.057786023986318949
0.922000000000000597,0.056813082816855931
0.923000000000000709,0.055842122724467688
0.924000000000000599,0.054873195563849377
0.925000000000000711,0.053906352599507670
0.926000000000000600,0.052941644505312267
0.927000000000000712,0.051979121364168004
0.928000000000000602,0.051018832667817218
0.929000000000000714,0.050060827316753896
0.930000000000000604,0.049105153620262285
0.931000000000000716,0.048151859296567311
0.932000000000000606,0.047200991473097732
0.933000000000000718,0.046252596686857078
0.934000000000000608,0.045306720884907788
0.935000000000000719,0.044363409424954092
0.936000000000000609,0.043422707076029202
0.937000000000000721,0.042484658019283777
0.938000000000000611,0.041549305848873924
0.939000000000000723,0.040616693572937415
0.940000000000000613,0.039686863614672177
0.941000000000000725,0.038759857813498624
0.942000000000000615,0.037835717426314683
0.943000000000000727,0.036914483128834608
0.944000000000000616,0.035996195017015037
0.945000000000000728,0.035080892608560718
0.946000000000000618,0.034168614844510233
0.947000000000000730,0.033259400090904487
0.948000000000000620,0.032353286140522512
0.949000000000000732,0.031450310214701044
0.950000000000000622,0.030550508965217809
0.951000000000000734,0.029653918476250558
0.952000000000000624,0.028760574266402734
0.953000000000000735,0.027870511290793921
0.954000000000000625,0.026983763943216242
0.955000000000000737,0.026100366058353752
0.956000000000000627,0.025220350914061974
0.957000000000000739,0.024343751233706544
0.958000000000000629,0.023470599188559801
0.959000000000000741,0.022600926400252849
0.960000000000000631,0.021734763943281134
0.961000000000000743,0.020872142347563363
0.962000000000000632,0.020013091601050616
0.963000000000000744,0.019157641152384143
0.964000000000000634,0.018305819913602785
0.965000000000000746,0.017457656262893480
0.966000000000000636,0.016613178047387819
0.967000000000000748,0.015772412586002291
0.968000000000000638,0.014935386672321374
0.969000000000000750,0.014102126577513665
0.970000000000000639,0.013272658053297994
0.971000000000000751,0.012447006334936585
0.972000000000000641,0.011625196144270794
0.973000000000000753,0.010807251692788808
0.974000000000000643,0.009993196684725782
0.975000000000000755,0.009183054320198553
0.976000000000000645,0.008376847298370021
0.977000000000000757,0.007574597820641423
0.978000000000000647,0.006776327593876650
0.979000000000000759,0.005982057833648869
0.980000000000000648,0.005191809267515946
0.981000000000000760,0.004405602138322831
0.982000000000000650,0.003623456207522280
0.983000000000000762,0.002845390758519112
0.984000000000000652,0.002071424600042968
0.985000000000000764,0.001301576069529850
0.986000000000000654,0.000535863036533704
0.987000000000000766,-0.000225697093852656
0.988000000000000655,-0.000983087377552053
0.989000000000000767,-0.001736291328046813
0.990000000000000657,-0.002485292912902373
0.991000000000000769,-0.003230076550282232
0.992000000000000659,-0.003970627105445104
0.993000000000000771,-0.004706929887231742
0.994000000000000661,-0.005438970644538266
0.995000000000000773,-0.006166735562781975
0.996000000000000663,-0.006890211260354773
0.997000000000000774,-0.007609384785068371
0.998000000000000664,-0.008324243610592318
0.999000000000000776,-0.009034775632882380
1.000000000000000666,-0.009740969166605865
1.001000000000000778,-0.010442812941558072
1.002000000000000668,-0.011140296099076491
1.003000000000000780,-0.011833408188446521
1.004000000000000670,-0.012522139163309767
1.005000000000000782,-0.013206479378064257
1.006000000000000671,-0.013886419584266318
1.007000000000000783,-0.014561950927027700
1.008000000000000673,-0.015233064941414307
1.009000000000000785,-0.015899753548845784
1.010000000000000675,-0.016562009053492033
1.011000000000000787,-0.017219824138674306
1.012000000000000677,-0.017873191863266701
1.013000000000000789,-0.018522105658099773
1.014000000000000679,-0.019166559322368926
1.015000000000000790,-0.019806547020043325
1.016000000000000680,-0.020442063276282556
1.017000000000000792,-0.021073102973853713
1.018000000000000682,-0.021699661349558513
1.019000000000000794,-0.022321733990662718
1.020000000000000684,-0.022939316831331307
1.021000000000000796,-0.023552406149074261
1.022000000000000686,-0.024160998561194986
1.023000000000000798,-0.024765091021248870
1.024000000000000687,-0.025364680815509723
1.025000000000000799,-0.025959765559446197
1.026000000000000689,-0.026550343194201066
1.027000000000000801,-0.027136411983089921
1.028000000000000691,-0.027717970508099359
1.029000000000000803,-0.028295017666402762
1.030000000000000693,-0.028867552666884223
1.031000000000000805,-0.029435575026671969
1.032000000000000695,-0.029999084567684065
1.033000000000000806,-0.030558081413189414
1.034000000000000696,-0.031112565984373952
1.035000000000000808,-0.031662538996924963
1.036000000000000698,-0.032208001457624993
1.037000000000000810,-0.032748954660961109
1.038000000000000700,-0.033285400185745544
1.039000000000000812,-0.033817339891750856
1.040000000000000702,-0.034344775916357942
1.041000000000000814,-0.034867710671221713
1.042000000000000703,-0.035386146838946211
1.043000000000000815,-0.035900087369778282
1.044000000000000705,-0.036409535478316053
1.045000000000000817,-0.036914494640227766
1.046000000000000707,-0.037414968588995498
1.047000000000000819,-0.037910961312665380
1.048000000000000709,-0.038402477050618625
1.049000000000000821,-0.038889520290357658
1.050000000000000711,-0.039372095764308522
1.051000000000000822,-0.039850208446640098
1.052000000000000712,-0.040323863550100078
1.053000000000000824,-0.040793066522867814
1.054000000000000714,-0.041257823045423699
1.055000000000000826,-0.041718139027437547
1.056000000000000716,-0.042174020604671861
1.057000000000000828,-0.042625474135906491
1.058000000000000718,-0.043072506199876709
1.059000000000000830,-0.043515123592232488
1.060000000000000719,-0.043953333322514956
1.061000000000000831,-0.044387142611149642
1.062000000000000721,-0.044816558886461411
1.063000000000000833,-0.045241589781702493
1.064000000000000723,-0.045662243132107712
1.065000000000000835,-0.046078526971955823
1.066000000000000725,-0.046490449531663022
1.067000000000000837,-0.046898019234886713
1.068000000000000727,-0.047301244695650904
1.069000000000000838,-0.047700134715490325
1.070000000000000728,-0.048094698280613767
1.071000000000000840,-0.048484944559088826
1.072000000000000730,-0.048870882898040403
1.073000000000000842,-0.049252522820874993
1.074000000000000732,-0.049629874024519988
1.075000000000000844,-0.050002946376686300
1.076000000000000734,-0.050371749913144491
1.077000000000000846,-0.050736294835027305
1.078000000000000735,-0.051096591506147648
1.079000000000000847,-0.051452650450338130
1.080000000000000737,-0.051804482348808557
1.081000000000000849,-0.052152098037525497
1.082000000000000739,-0.052495508504609045
1.083000000000000851,-0.052834724887752316
1.084000000000000741,-0.053169758471658189
1.085000000000000853,-0.053500620685496436
1.086000000000000743,-0.053827323100383115
1.087000000000000854,-0.054149877426875423
1.088000000000000744,-0.054468295512491639
1.089000000000000856,-0.054782589339244903
1.090000000000000746,-0.055092771021204134
1.091000000000000858,-0.055398852802068320
1.092000000000000748,-0.055700847052762258
1.093000000000000860,-0.055998766269057164
1.094000000000000750,-0.056292623069203532
1.095000000000000862,-0.056582430191588193
1.096000000000000751,-0.056868200492411369
1.097000000000000863,-0.057149946943382025
1.098000000000000753,-0.057427682629432278
1.099000000000000865,-0.057701420746455900
1.100000000000000755,-0.057971174599060094
1.101000000000000867,-0.058236957598341257
1.102000000000000757,-0.058498783259681178
1.103000000000000869,-0.058756665200558403
1.104000000000000759,-0.059010617138381891
1.105000000000000870,-0.059260652888347545
1.106000000000000760,-0.059506786361306421
1.107000000000000872,-0.059749031561659095
1.108000000000000762,-0.059987402585265401
1.109000000000000874,-0.060221913617378123
1.110000000000000764,-0.060452578930588897
1.111000000000000876,-0.060679412882799807
1.112000000000000766,-0.060902429915211595
1.113000000000000878,-0.061121644550329278
1.114000000000000767,-0.061337071389991449
1.115000000000000879,-0.061548725113412403
1.116000000000000769,-0.061756620475248547
1.117000000000000881,-0.061960772303681390
1.118000000000000771,-0.062161195498519325
1.119000000000000883,-0.062357905029315888
1.120000000000000773,-0.062550915933512571
1.121000000000000885,-0.062740243314595309
1.122000000000000774,-0.062925902340268930
1.123000000000000886,-0.063107908240654237
1.124000000000000776,-0.063286276306500161
1.125000000000000888,-0.063461021887414523
1.126000000000000778,-0.063632160390113962
1.127000000000000890,-0.063799707276691403
1.128000000000000780,-0.063963678062901250
1.129000000000000892,-0.064124088316463795
1.130000000000000782,-0.064280953655384554
1.131000000000000894,-0.064434289746296336
1.132000000000000783,-0.064584112302812219
1.133000000000000895,-0.064730437083903941
1.134000000000000785,-0.064873279892289928
1.135000000000000897,-0.065012656572847577
1.136000000000000787,-0.065148583011037181
1.137000000000000899,-0.065281075131347885
1.138000000000000789,-0.065410148895757775
1.139000000000000901,-0.065535820302210987
1.140000000000000790,-0.065658105383114049
1.141000000000000902,-0.065777020203846501
1.142000000000000792,-0.065892580861289865
1.143000000000000904,-0.066004803482373212
1.144000000000000794,-0.066113704222633837
1.145000000000000906,-0.066219299264796916
1.146000000000000796,-0.066321604817368554
1.147000000000000908,-0.066420637113247999
1.148000000000000798,-0.066516412408354333
1.149000000000000909,-0.066608946980268799
1.150000000000000799,-0.066698257126895560
1.151000000000000911,-0.066784359165134310
1.152000000000000801,-0.066867269429574244
1.153000000000000913,-0.066947004271198290
1.154000000000000803,-0.067023580056104717
1.155000000000000915,-0.067097013164246253
1.156000000000000805,-0.067167319988183927
1.157000000000000917,-0.067234516931851382
1.158000000000000806,-0.067298620409342827
1.159000000000000918,-0.067359646843708945
1.160000000000000808,-0.067417612665769788
1.161000000000000920,-0.067472534312945559
1.162000000000000810,-0.067524428228097594
1.163000000000000922,-0.067573310858387040
1.164000000000000812,-0.067619198654146923
1.165000000000000924,-0.067662108067769539
1.166000000000000814,-0.067702055552606416
1.167000000000000925,-0.067739057561884947
1.168000000000000815,-0.067773130547637200
1.169000000000000927,-0.067804290959644395
1.170000000000000817,-0.067832555244392995
1.171000000000000929,-0.067857939844047560
1.172000000000000819,-0.067880461195434741
1.173000000000000931,-0.067900135729043826
1.174000000000000821,-0.067916979868036534
1.175000000000000933,-0.067931010027275279
1.176000000000000822,-0.067942242612361203
1.177000000000000934,-0.067950694018684921
1.178000000000000824,-0.067956380630494584
1.179000000000000936,-0.067959318819973399
1.180000000000000826,-0.067959524946330258
1.181000000000000938,-0.067957015354904532
1.182000000000000828,-0.067951806376283452
1.183000000000000940,-0.067943914325430899
1.184000000000000830,-0.067933355500828935
1.185000000000000941,-0.067920146183633401
1.186000000000000831,-0.067904302636840261
1.187000000000000943,-0.067885841104465133
1.188000000000000833,-0.067864777810732080
1.189000000000000945,-0.067841128959279684
1.190000000000000835,-0.067814910732374098
1.191000000000000947,-0.067786139290136216
1.192000000000000837,-0.067754830769780311
1.193000000000000949,-0.067721001284863941
1.194000000000000838,-0.067684666924549886
1.195000000000000950,-0.067645843752878521
1.196000000000000840,-0.067604547808052654
1.197000000000000952,-0.067560795101732171
1.198000000000000842,-0.067514601618342357
1.199000000000000954,-0.067465983314389383
1.200000000000000844,-0.067414956117790054
1.201000000000000734,-0.067361535927211474
1.202000000000000846,-0.067305738611420335
1.203000000000000957,-0.067247580008643087
1.204000000000000847,-0.067187075925939657
1.205000000000000737,-0.067124242138581397
1.206000000000000849,-0.067059094389446419
1.207000000000000961,-0.066991648388420200
1.208000000000000851,-0.066921919811807840
1.209000000000000741,-0.066849924301757083
1.210000000000000853,-0.066775677465690506
1.211000000000000965,-0.066699194875747797
1.212000000000000854,-0.066620492068238238
1.213000000000000744,-0.066539584543100633
1.214000000000000856,-0.066456487763378064
1.215000000000000968,-0.066371217154694351
1.216000000000000858,-0.066283788104747776
1.217000000000000748,-0.066194215962809555
1.218000000000000860,-0.066102516039231216
1.219000000000000972,-0.066008703604965205
1.220000000000000862,-0.065912793891088922
1.221000000000000751,-0.065814802088342839
1.222000000000000863,-0.065714743346674070
1.223000000000000975,-0.065612632774790305
1.224000000000000865,-0.065508485439722680
1.225000000000000755,-0.065402316366395014
1.226000000000000867,-0.065294140537204642
1.227000000000000979,-0.065183972891609973
1.228000000000000869,-0.065071828325726611
1.229000000000000759,-0.064957721691931564
1.230000000000000870,-0.064841667798475555
1.231000000000000982,-0.064723681409104297
1.232000000000000872,-0.064603777242688065
1.233000000000000762,-0.064481969972855935
1.234000000000000874,-0.064358274227642356
1.235000000000000986,-0.064232704589139558
1.236000000000000876,-0.064105275593155403
1.237000000000000766,-0.063976001728883444
1.238000000000000878,-0.063844897438576534
1.239000000000000989,-0.063711977117229035
1.240000000000000879,-0.063577255112269443
1.241000000000000769,-0.063440745723252923
1.242000000000000881,-0.063302463201570500
1.243000000000000993,-0.063162421750156517
1.244000000000000883,-0.063020635523211271
1.245000000000000773,-0.062877118625922435
1.246000000000000885,-0.062731885114200137
1.247000000000000997,-0.062584948994416037
1.248000000000000886,-0.062436324223148175
1.249000000000000776,-0.062286024706934007
1.250000000000000888,-0.062134064302031097
1.251000000000001000,-0.061980456814181517
1.252000000000000890,-0.061825215998383552
1.253000000000000780,-0.061668355558671319
1.254000000000000892,-0.061509889147900898
1.255000000000001004,-0.061349830367538716
1.256000000000000894,-0.061188192767460549
1.257000000000000783,-0.061024989845755315
1.258000000000000895,-0.060860235048533398
1.259000000000001007,-0.060693941769742653
1.260000000000000897,-0.060526123350989447
1.261000000000000787,-0.060356793081366565
1.262000000000000899,-0.060185964197284170
1.263000000000001011,-0.060013649882310706
1.264000000000000901,-0.059839863267014640
1.265000000000000790,-0.059664617428816034
1.266000000000000902,-0.059487925391840932
1.267000000000001014,-0.059309800126781290
1.268000000000000904,-0.059130254550762193
1.269000000000000794,-0.058949301527211673
1.270000000000000906,-0.058766953865737950
1.271000000000001018,-0.058583224322010997
1.272000000000000908,-0.058398125597648988
1.273000000000000798,-0.058211670340109059
1.274000000000000909,-0.058023871142585712
1.275000000000001021,-0.057834740543911065
1.276000000000000911,-0.057644291028461449
1.277000000000000801,-0.057452535026069416
1.278000000000000913,-0.057259484911936755
1.279000000000001025,-0.057065153006559878
1.280000000000000915,-0.056869551575650913
1.281000000000000805,-0.056672692830068018
1.282000000000000917,-0.056474588925751877
1.283000000000001029,-0.056275251963660830
1.284000000000000918,-0.056074693989717005
1.285000000000000808,-0.055872926994752069
1.286000000000000920,-0.055669962914457791
1.287000000000001032,-0.055465813629344531
1.288000000000000922,-0.055260490964698560
1.289000000000000812,-0.055054006690547032
1.290000000000000924,-0.054846372521626184
1.291000000000001036,-0.054637600117352969
1.292000000000000925,-0.054427701081801103
1.293000000000000815,-0.054216686963680781
1.294000000000000927,-0.054004569256322819
1.295000000000001039,-0.053791359397664398
1.296000000000000929,-0.053577068770243305
1.297000000000000819,-0.053361708701189482
1.298000000000000931,-0.053145290462224201
1.299000000000001043,-0.052927825269664275
1.300000000000000933,-0.052709324284424007
1.301000000000000822,-0.052489798612027447
1.302000000000000934,-0.052269259302617811
1.303000000000001046,-0.052047717350976686
1.304000000000000936,-0.051825183696538969
1.305000000000000826,-0.051601669223418647
1.306000000000000938,-0.051377184760432307
1.307000000000001050,-0.051151741081129097
1.308000000000000940,-0.050925348903821888
1.309000000000000830,-0.050698018891623245
1.310000000000000941,-0.050469761652481113
1.311000000000001053,-0.050240587739222908
1.312000000000000943,-0.050010507649596678
1.313000000000000833,-0.049779531826320986
1.314000000000000945,-0.049547670657131074
1.315000000000001057,-0.049314934474834454
1.316000000000000947,-0.049081333557364479
1.317000000000000837,-0.048846878127840020
1.318000000000000949,-0.048611578354623874
1.319000000000001060,-0.048375444351388568
1.320000000000000950,-0.048138486177181285
1.321000000000000840,-0.047900713836492172
1.322000000000000952,-0.047662137279325799
1.323000000000001064,-0.047422766401276420
1.324000000000000954,-0.047182611043600518
1.325000000000000844,-0.046941680993298623
1.326000000000000956,-0.046699985983194157
1.327000000000001068,-0.046457535692017937
1.328000000000000957,-0.046214339744492676
1.329000000000000847,-0.045970407711421302
1.330000000000000959,-0.045725749109777059
1.331000000000001071,-0.045480373402794212
1.332000000000000961,-0.045234290000065527
1.333000000000000851,-0.044987508257634916
1.334000000000000963,-0.044740037478098446
1.335000000000001075,-0.044491886910704465
1.336000000000000965,-0.044243065751454883
1.337000000000000854,-0.043993583143210876
1.338000000000000966,-0.043743448175799594
1.339000000000001078,-0.043492669886120980
1.340000000000000968,-0.043241257258259787
1.341000000000000858,-0.042989219223596158
1.342000000000000970,-0.042736564660920032
1.343000000000001082,-0.042483302396547504
1.344000000000000972,-0.042229441204435919
1.345000000000000862,-0.041974989806306748
1.346000000000000973,-0.041719956871760812
1.347000000000001085,-0.041464351018406634
1.348000000000000975,-0.041208180811980258
1.349000000000000865,-0.040951454766471565
1.350000000000000977,-0.040694181344252782
1.351000000000001089,-0.040436368956205990
1.352000000000000979,-0.040178025961853304
1.353000000000000869,-0.039919160669488009
1.354000000000000981,-0.039659781336308417
1.355000000000001092,-0.039399896168552682
1.356000000000000982,-0.039139513321632305
1.357000000000000872,-0.038878640900271391
1.358000000000000984,-0.038617286958644317
1.359000000000001096,-0.038355459500515984
1.360000000000000986,-0.038093166479380540
1.361000000000000876,-0.037830415798607700
1.362000000000000988,-0.037567215311580811
1.363000000000001100,-0.037303572821847895
1.364000000000000989,-0.037039496083261125
1.365000000000000879,-0.036774992800127318
1.366000000000000991,-0.036510070627355104
1.367000000000001103,-0.036244737170604550
1.368000000000000993,-0.035978999986435209
1.369000000000000883,-0.035712866582460742
1.370000000000000995,-0.035446344417496937
1.371000000000001107,-0.035179440901718852
1.372000000000000997,-0.034912163396811371
1.373000000000000886,-0.034644519216127892
1.374000000000000998,-0.034376515624841494
1.375000000000001110,-0.034108159840107760
1.376000000000001000,-0.033839459031216705
1.377000000000000890,-0.033570420319755205
1.378000000000001002,-0.033301050779764939
1.379000000000001114,-0.033031357437902260
1.380000000000001004,-0.032761347273599972
1.381000000000000894,-0.032491027219227690
1.382000000000001005,-0.032220404160257135
1.383000000000001117,-0.031949484935421116
1.384000000000001007,-0.031678276336881153
1.385000000000000897,-0.031406785110389676
1.386000000000001009,-0.031135017955456340
1.387000000000001121,-0.030862981525513727
1.388000000000001011,-0.030590682428083084
1.389000000000000901,-0.030318127224941770
1.390000000000001013,-0.030045322432291532
1.391000000000001124,-0.029772274520925172
1.392000000000001014,-0.029498989916397007
1.393000000000000904,-0.029225474999190537
1.394000000000001016,-0.028951736104889398
1.395000000000001128,-0.028677779524346116
1.396000000000001018,-0.028403611503854630
1.397000000000000908,-0.028129238245320327
1.398000000000001020,-0.027854665906431080
1.399000000000001132,-0.027579900600830553
1.400000000000001021,-0.027304948398289418
1.401000000000000911,-0.027029815324879341
1.402000000000001023,-0.026754507363144952
1.403000000000001135,-0.026479030452276980
1.404000000000001025,-0.026203390488288115
1.405000000000000915,-0.025927593324185299
1.406000000000001027,-0.025651644770144054
1.407000000000001139,-0.025375550593685330
1.408000000000001029,-0.025099316519847526
1.409000000000000918,-0.024822948231364390
1.410000000000001030,-0.024546451368838311
1.411000000000001142,-0.024269831530917531
1.412000000000001032,-0.023993094274471292
1.413000000000000922,-0.023716245114766908
1.414000000000001034,-0.023439289525645009
1.415000000000001146,-0.023162232939695836
1.416000000000001036,-0.022885080748438140
1.417000000000000925,-0.022607838302492834
1.418000000000001037,-0.022330510911761366
1.419000000000001149,-0.022053103845603970
1.420000000000001039,-0.021775622333014052
1.421000000000000929,-0.021498071562798989
1.422000000000001041,-0.021220456683753639
1.423000000000001153,-0.020942782804839986
1.424000000000001043,-0.020665054995365344
1.425000000000000933,-0.020387278285156719
1.426000000000001044,-0.020109457664741426
1.427000000000001156,-0.019831598085522338
1.428000000000001046,-0.019553704459958694
1.429000000000000936,-0.019275781661739509
1.430000000000001048,-0.018997834525963261
1.431000000000001160,-0.018719867849315903
1.432000000000001050,-0.018441886390247023
1.433000000000000940,-0.018163894869148010
1.434000000000001052,-0.017885897968529657
1.435000000000001164,-0.017607900333198423
1.436000000000001053,-0.017329906570434438
1.437000000000000943,-0.017051921250168942
1.438000000000001055,-0.016773948905160537
1.439000000000001167,-0.016495994031172485
1.440000000000001057,-0.016218061087149540
1.441000000000000947,-0.015940154495394553
1.442000000000001059,-0.015662278641744756
1.443000000000001171,-0.015384437875749533
1.444000000000001060,-0.015106636510844540
1.445000000000000950,-0.014828878824528957
1.446000000000001062,-0.014551169058541629
1.447000000000001174,-0.014273511419036943
1.448000000000001064,-0.013995910076759288
1.449000000000000954,-0.013718369167218950
1.450000000000001066,-0.013440892790868141
1.451000000000001178,-0.013163485013275139
1.452000000000001068,-0.012886149865298568
1.453000000000000957,-0.012608891343262449
1.454000000000001069,-0.012331713409130357
1.455000000000001181,-0.012054619990680339
1.456000000000001071,-0.011777614981676543
1.457000000000000961,-0.011500702242045602
1.458000000000001073,-0.011223885598046563
1.459000000000001185,-0.010947168842446269
1.460000000000001075,-0.010670555734692480
1.461000000000000965,-0.010394050001083394
1.462000000000001076,-0.010117655334942322
1.463000000000001188,-0.009841375396788836
1.464000000000001078,-0.009565213814510264
1.465000000000000968,-0.009289174183532253
1.466000000000001080,-0.009013260066990474
1.467000000000001192,-0.008737474995900227
1.468000000000001082,-0.008461822469329083
1.469000000000000972,-0.008186305954562365
1.470000000000001084,-0.007910928887277627
1.471000000000001195,-0.007635694671709948
1.472000000000001085,-0.007360606680823614
1.473000000000000975,-0.007085668256478381
1.474000000000001087,-0.006810882709598137
1.475000000000001199,-0.006536253320340862
1.476000000000001089,-0.006261783338262614
1.477000000000000979,-0.005987475982486573
1.478000000000001091,-0.005713334441869243
1.479000000000001203,-0.005439361875166204
1.480000000000001092,-0.005165561411199174
1.481000000000000982,-0.004891936149019857
1.482000000000001094,-0.004618489158076019
1.483000000000001206,-0.004345223478375573
1.484000000000001096,-0.004072142120651386
1.485000000000000986,-0.003799248066523696
1.486000000000001098,-0.003526544268665668
1.487000000000001210,-0.003254033650964548
1.488000000000001100,-0.002981719108684884
1.489000000000000989,-0.002709603508629342
1.490000000000001101,-0.002437689689303067
1.491000000000001213,-0.002165980461072506
1.492000000000001103,-0.001894478606326622
1.493000000000000993,-0.001623186879637789
1.494000000000001105,-0.001352108007921313
1.495000000000001217,-0.001081244690594015
1.496000000000001107,-0.000810599599735344
1.497000000000000997,-0.000540175380243471
1.498000000000001108,-0.000269974649994693
1.499000000000001220,0.000000000000000000
