0.200000000000000011,174.519340731361637609
0.201000000000000012,170.341416898029450522
0.202000000000000013,166.920084839232856666
0.203000000000000014,163.847807257608849341
0.204000000000000015,160.899159954168084141
0.205000000000000016,157.962642445024300741
0.206000000000000016,154.994747043467384628
0.207000000000000017,151.989756734126046922
0.208000000000000018,148.960504524852638042
0.209000000000000019,145.926643597473514546
0.210000000000000020,142.907955665333389561
0.211000000000000021,139.920946873750324357
0.212000000000000022,136.977509518131938648
0.213000000000000023,134.084812093666585042
0.214000000000000024,131.245856526014335941
0.215000000000000024,128.460337800410172804
0.216000000000000025,125.725578731021030876
0.217000000000000026,123.037407193802749816
0.218000000000000027,120.390906691715940724
0.219000000000000028,117.781012495831873821
0.220000000000000029,115.202951365088139823
0.221000000000000030,112.652537801270597129
0.222000000000000031,110.126347441274219818
0.223000000000000032,107.621791040583843824
0.224000000000000032,105.137112344651839635
0.225000000000000033,102.671331223788683928
0.226000000000000034,100.224150613118425213
0.227000000000000035,97.795842617021790488
0.228000000000000036,95.387125967583187958
0.229000000000000037,92.999044084916320685
0.230000000000000038,90.632850390105573979
0.231000000000000039,88.289905317818721642
0.232000000000000040,85.971587670555891236
0.233000000000000040,83.679221528048671530
0.234000000000000041,81.414018836214182784
0.235000000000000042,79.177037005703965633
0.236000000000000043,76.969150303920486067
0.237000000000000044,74.791033481356222978
0.238000000000000045,72.643155891701553628
0.239000000000000046,70.525784308465404138
0.240000000000000047,68.438992676971977858
0.241000000000000048,66.382677142730017295
0.242000000000000048,64.356574843253241625
0.243000000000000049,62.360285122740698682
0.244000000000000050,60.393292013754468428
0.245000000000000051,58.454987016588141557
0.246000000000000052,56.544691387686455641
0.247000000000000053,54.661677317794939768
0.248000000000000054,52.805187534956381512
0.249000000000000055,50.974453004960267322
0.250000000000000056,49.168708521498295738
0.251000000000000056,47.387206080060636282
0.252000000000000057,45.629226014143554835
0.253000000000000058,43.894085940700151127
0.254000000000000059,42.181147615305249587
0.255000000000000060,40.489821837756110767
0.256000000000000061,38.819571577388195749
0.257000000000000062,37.169913505851880586
0.258000000000000063,35.540418135019265833
0.259000000000000064,33.930708760527565460
0.260000000000000064,32.340459408561912369
0.261000000000000065,30.769391976056169824
0.262000000000000066,29.217272743617137110
0.263000000000000067,27.683908427116033835
0.264000000000000068,26.169141918845561179
0.265000000000000069,24.672847853104329374
0.266000000000000070,23.194928114622790360
0.267000000000000071,21.735307391845225311
0.268000000000000071,20.293928861113251116
0.269000000000000072,18.870750072540914744
0.270000000000000073,17.465739094047343372
0.271000000000000074,16.078870956773467782
0.272000000000000075,14.710124433048832771
0.273000000000000076,13.359479167250352560
0.274000000000000077,12.026913170319383894
0.275000000000000078,10.712400680363126426
0.276000000000000079,9.415910384626418050
0.277000000000000079,8.137403992116656326
0.278000000000000080,6.876835141239783233
0.279000000000000081,5.634148622867853007
0.280000000000000082,4.409279896235042351
0.281000000000000083,3.202154872852828849
0.282000000000000084,2.012689942165835078
0.283000000000000085,0.840792211845374782
0.284000000000000086,-0.313640064645973549
0.285000000000000087,-1.450716900362294393
0.286000000000000087,-2.570555853573451621
0.287000000000000088,-3.673281198410070836
0.288000000000000089,-4.759023011773646950
0.289000000000000090,-5.827916199384630680
0.290000000000000091,-6.880099482231655017
0.291000000000000092,-7.915714362967674056
0.292000000000000093,-8.934904090006806854
0.293000000000000094,-9.937812635251351168
0.294000000000000095,-10.924583699550304061
0.295000000000000095,-11.895359758188288168
0.296000000000000096,-12.850281156944314276
0.297000000000000097,-13.789485267567778592
0.298000000000000098,-14.713105709903866014
0.299000000000000099,-15.621271646377454800
0.300000000000000100,-16.514107153118487759
0.301000000000000101,-17.391730670693288374
0.302000000000000102,-18.254254536191883318
0.303000000000000103,-19.101784597322822634
0.304000000000000103,-19.934419908172184677
0.305000000000000104,-20.752252505402246641
0.306000000000000105,-21.555367262887166646
0.307000000000000106,-22.343841822108146289
0.308000000000000107,-23.117746595053709768
0.309000000000000108,-23.877144835885957264
0.310000000000000109,-24.622092777238243855
0.311000000000000110,-25.352639826692300318
0.312000000000000111,-26.068828818746595744
0.313000000000000111,-26.770696317415250576
0.314000000000000112,-27.458272964492238088
0.315000000000000113,-28.131583868466655929
0.316000000000000114,-28.790649029078203114
0.317000000000000115,-29.435483792550456883
0.318000000000000116,-30.066099332630408014
0.319000000000000117,-30.682503152686280146
0.320000000000000118,-31.284699604271843043
0.321000000000000119,-31.872690417746390779
0.322000000000000119,-32.446475240741435186
0.323000000000000120,-33.006052180484481084
0.324000000000000121,-33.551418346224465949
0.325000000000000122,-34.082570388245514437
0.326000000000000123,-34.599505030206465506
0.327000000000000124,-35.102219591797705789
0.328000000000000125,-35.590712498963569033
0.329000000000000126,-36.064983779192992586
0.330000000000000127,-36.525035539634885140
0.331000000000000127,-36.970872426042575398
0.332000000000000128,-37.402502060794240890
0.333000000000000129,-37.819935458472251355
0.334000000000000130,-38.223187417710200009
0.335000000000000131,-38.612276888236230832
0.336000000000000132,-38.987227312246929500
0.337000000000000133,-39.348066939445253354
0.338000000000000134,-39.694829115262358243
0.339000000000000135,-40.027552541956978871
0.340000000000000135,-40.346281512452250695
0.341000000000000136,-40.651066116920162585
0.342000000000000137,-40.941962422266144017
0.343000000000000138,-41.219032624794607500
0.344000000000000139,-41.482345176456163927
0.345000000000000140,-41.731974885183007018
0.346000000000000141,-41.968002989916769252
0.347000000000000142,-42.190517211018637056
0.348000000000000143,-42.399611776828791676
0.349000000000000143,-42.595387427208102338
0.350000000000000144,-42.777951394953362296
0.351000000000000145,-42.947417366025668173
0.352000000000000146,-43.103905419572768665
0.353000000000000147,-43.247541948758716046
0.354000000000000148,-43.378459563439811575
0.355000000000000149,-43.496796975744970837
0.356000000000000150,-43.602698869630117429
0.357000000000000151,-43.696315755483638554
0.358000000000000151,-43.777803810860397959
0.359000000000000152,-43.847324708417517058
0.360000000000000153,-43.905045432117574933
0.361000000000000154,-43.951138082750432545
0.362000000000000155,-43.985779673810242230
0.363000000000000156,-44.009151918742460907
0.364000000000000157,-44.021441010553957085
0.365000000000000158,-44.022837394753537410
0.366000000000000159,-44.013535536561292361
0.367000000000000159,-43.993733683296703418
0.368000000000000160,-43.963633622822534619
0.369000000000000161,-43.923440438889208792
0.370000000000000162,-43.873362264189573523
0.371000000000000163,-43.813610031899351327
0.372000000000000164,-43.744397226442018223
0.373000000000000165,-43.665939634180986673
0.374000000000000166,-43.578455094705375927
0.375000000000000167,-43.482163253338192987
0.376000000000000167,-43.377285315459985782
0.377000000000000168,-43.264043803203904304
0.378000000000000169,-43.142662315042024090
0.379000000000000170,-43.013365288747387183
0.380000000000000171,-42.876377768180773842
0.381000000000000172,-42.731925174317154870
0.382000000000000173,-42.580233080892277542
0.383000000000000174,-42.421526995018446371
0.384000000000000175,-42.256032143084993891
0.385000000000000175,-42.083973262228873580
0.386000000000000176,-41.905574397631177419
0.387000000000000177,-41.721058705864933813
0.388000000000000178,-41.530648264493649435
0.389000000000000179,-41.334563888091608419
0.390000000000000180,-41.133024950832307809
0.391000000000000181,-40.926249215766588918
0.392000000000000182,-40.714452670888377384
0.393000000000000183,-40.497849372064322893
0.394000000000000183,-40.276651292881709310
0.395000000000000184,-40.051068181449849703
0.396000000000000185,-39.821307424170569789
0.397000000000000186,-39.587573916476159752
0.398000000000000187,-39.350069940516178235
0.399000000000000188,-39.108995049758782159
0.400000000000000189,-38.864545960458158902
0.401000000000000190,-38.616916449925120958
0.402000000000000191,-38.366297261526547402
0.403000000000000191,-38.112876016326382000
0.404000000000000192,-37.856837131271440455
0.405000000000000193,-37.598361743814258773
0.406000000000000194,-37.337627642857277976
0.407000000000000195,-37.074809205894048603
0.408000000000000196,-36.810077342215393514
0.409000000000000197,-36.543599442043060321
0.410000000000000198,-36.275539331446502445
0.411000000000000199,-36.006057232893560638
0.412000000000000199,-35.735309731281873269
0.413000000000000200,-35.463449745293296189
0.414000000000000201,-35.190626503911190071
0.415000000000000202,-34.916985527936837741
0.416000000000000203,-34.642668616340316134
0.417000000000000204,-34.367813837278447409
0.418000000000000205,-34.092555523612240620
0.419000000000000206,-33.817024272755261904
0.420000000000000207,-33.541346950683710304
0.421000000000000207,-33.265646699940376152
0.422000000000000208,-32.990042951463706800
0.423000000000000209,-32.714651440075300570
0.424000000000000210,-32.439584223459988266
0.425000000000000211,-32.164949704473727365
0.426000000000000212,-31.890852656617330041
0.427000000000000213,-31.617394252515044428
0.428000000000000214,-31.344672095240063925
0.429000000000000214,-31.072780252331178019
0.430000000000000215,-30.801809292347275715
0.431000000000000216,-30.531846323810203359
0.432000000000000217,-30.262975036387853578
0.433000000000000218,-29.995275744174307420
0.434000000000000219,-29.728825430925603257
0.435000000000000220,-29.463697797114299703
0.436000000000000221,-29.199963308668479556
0.437000000000000222,-28.937689247264870573
0.438000000000000222,-28.676939762049421745
0.439000000000000223,-28.417775922662087851
0.440000000000000224,-28.160255773446227323
0.441000000000000225,-27.904434388726976124
0.442000000000000226,-27.650363929046687161
0.443000000000000227,-27.398093698248800365
0.444000000000000228,-27.147670201306016935
0.445000000000000229,-26.899137202791685297
0.446000000000000230,-26.652535785897306653
0.447000000000000230,-26.407904411903139419
0.448000000000000231,-26.165278980011663634
0.449000000000000232,-25.924692887458110846
0.450000000000000233,-25.686177089815704022
0.451000000000000234,-25.449760161416190130
0.452000000000000235,-25.215468355810742196
0.453000000000000236,-24.983325666198741288
0.454000000000000237,-24.753353885756236963
0.455000000000000238,-24.525572667798371640
0.456000000000000238,-24.299999585714012085
0.457000000000000239,-24.076650192613463730
0.458000000000000240,-23.855538080633898801
0.459000000000000241,-23.636674939849161348
0.460000000000000242,-23.420070616734982138
0.461000000000000243,-23.205733172142025467
0.462000000000000244,-22.993668938733499374
0.463000000000000245,-22.783882577845226081
0.464000000000000246,-22.576377135730346879
0.465000000000000246,-22.371154099152285255
0.466000000000000247,-22.168213450292391542
0.467000000000000248,-21.967553720941424444
0.468000000000000249,-21.769172045946113769
0.469000000000000250,-21.573064215884290462
0.470000000000000251,-21.379224728944500100
0.471000000000000252,-21.187646841987753277
0.472000000000000253,-20.998322620771794789
0.473000000000000254,-20.811242989319335805
0.474000000000000254,-20.626397778414400364
0.475000000000000255,-20.443775773212262692
0.476000000000000256,-20.263364759950498240
0.477000000000000257,-20.085151571750113675
0.478000000000000258,-19.909122133497476170
0.479000000000000259,-19.735261505799318371
0.480000000000000260,-19.563553928004541405
0.481000000000000261,-19.393982860287728442
0.482000000000000262,-19.226531024791086111
0.483000000000000262,-19.061180445822465401
0.484000000000000263,-18.897912489108222189
0.485000000000000264,-18.736707900101347235
0.486000000000000265,-18.577546841345856876
0.487000000000000266,-18.420408928899689727
0.488000000000000267,-18.265273267819427616
0.489000000000000268,-18.112118486711089815
0.490000000000000269,-17.960922771351690130
0.491000000000000270,-17.811663897387965960
0.492000000000000270,-17.664319262118375775
0.493000000000000271,-17.518865915366141905
0.494000000000000272,-17.375280589451314484
0.495000000000000273,-17.233539728270294233
0.496000000000000274,-17.093619515492594729
0.497000000000000275,-16.955495901884255261
0.498000000000000276,-16.819144631768502052
0.499000000000000277,-16.684541268634507816
0.500000000000000222,-16.551661219905319911
0.501000000000000334,-16.420479760876911968
0.502000000000000224,-16.290972057840320986
0.503000000000000336,-16.163113190398956220
0.504000000000000226,-16.036878172994384784
0.505000000000000338,-15.912241975652719361
0.506000000000000227,-15.789179543965778052
0.507000000000000339,-15.667665818319363780
0.508000000000000229,-15.547675752383250725
0.509000000000000341,-15.429184330875724385
0.510000000000000231,-15.312166586617511399
0.511000000000000343,-15.196597616888064763
0.512000000000000233,-15.082452599099294588
0.513000000000000345,-14.969706805799992466
0.514000000000000234,-14.858335619026146190
0.515000000000000346,-14.748314544010165505
0.516000000000000236,-14.639619222264633080
0.517000000000000348,-14.532225444053574748
0.518000000000000238,-14.426109160266458176
0.519000000000000350,-14.321246493708368774
0.520000000000000240,-14.217613749821037317
0.521000000000000352,-14.115187426848439856
0.522000000000000242,-14.013944225461193227
0.523000000000000353,-13.913861057853406322
0.524000000000000243,-13.814915056326114495
0.525000000000000355,-13.717083581370570045
0.526000000000000245,-13.620344229265469949
0.527000000000000357,-13.524674839200946153
0.528000000000000247,-13.430053499943294781
0.529000000000000359,-13.336458556052898317
0.530000000000000249,-13.243868613668956513
0.531000000000000361,-13.152262545873375288
0.532000000000000250,-13.061619497646887567
0.533000000000000362,-12.971918890429487092
0.534000000000000252,-12.883140426297853054
0.535000000000000364,-12.795264091771642256
0.536000000000000254,-12.708270161260845299
0.537000000000000366,-12.622139200165527484
0.538000000000000256,-12.536852067640166908
0.539000000000000368,-12.452389919033171495
0.540000000000000258,-12.368734208013568932
0.541000000000000369,-12.285866688394962765
0.542000000000000259,-12.203769415668366705
0.543000000000000371,-12.122424748253722626
0.544000000000000261,-12.041815348480987780
0.545000000000000373,-11.961924183310618020
0.546000000000000263,-11.882734524803584719
0.547000000000000375,-11.804229950350277889
0.548000000000000265,-11.726394342668552184
0.549000000000000377,-11.649211889579184742
0.550000000000000266,-11.572667083568898505
0.551000000000000378,-11.496744721148996149
0.552000000000000268,-11.421429902018880753
0.553000000000000380,-11.346708028042536753
0.554000000000000270,-11.272564802046634469
0.555000000000000382,-11.198986226447850356
0.556000000000000272,-11.125958601717895746
0.557000000000000384,-11.053468524693197850
0.558000000000000274,-10.981502886737548152
0.559000000000000385,-10.910048871764100653
0.560000000000000275,-10.839093954124725983
0.561000000000000387,-10.768625896372810757
0.562000000000000277,-10.698632746906767466
0.563000000000000389,-10.629102837500520096
0.564000000000000279,-10.560024780727442106
0.565000000000000391,-10.491387467283747270
0.566000000000000281,-10.423180063217502678
0.567000000000000393,-10.355392007068852323
0.568000000000000282,-10.288013006927432258
0.569000000000000394,-10.221033037411920930
0.570000000000000284,-10.154442336577591988
0.571000000000000396,-10.088231402756488109
0.572000000000000286,-10.022390991335658583
0.573000000000000398,-9.956912111477727478
0.574000000000000288,-9.891786022789023747
0.575000000000000400,-9.827004231939287848
0.576000000000000290,-9.762558489237624926
0.577000000000000401,-9.698440785168662259
0.578000000000000291,-9.634643346893218663
0.579000000000000403,-9.571158634717084723
0.580000000000000293,-9.507979338532091873
0.581000000000000405,-9.445098374232584248
0.582000000000000295,-9.382508880111432248
0.583000000000000407,-9.320204213238300284
0.584000000000000297,-9.258177945823971910
0.585000000000000409,-9.196423861573467917
0.586000000000000298,-9.134935952031261408
0.587000000000000410,-9.073708412921138944
0.588000000000000300,-9.012735640483887423
0.589000000000000412,-8.952012227814984513
0.590000000000000302,-8.891532961205287577
0.591000000000000414,-8.831292816486879360
0.592000000000000304,-8.771286955386500495
0.593000000000000416,-8.711510721888695130
0.594000000000000306,-8.651959638611080194
0.595000000000000417,-8.592629403193365434
0.596000000000000307,-8.533515884702428167
0.597000000000000419,-8.474615120055037920
0.598000000000000309,-8.415923310460247109
0.599000000000000421,-8.357436817882739177
0.600000000000000311,-8.299152161529219640
0.601000000000000423,-8.241066014358844782
0.602000000000000313,-8.183175199619601159
0.603000000000000425,-8.125476687411476107
0.604000000000000314,-8.067967591278311090
0.605000000000000426,-8.010645164828829934
0.606000000000000316,-7.953506798388690235
0.607000000000000428,-7.896550015683976298
0.608000000000000318,-7.839772470557737627
0.609000000000000430,-7.783171943719876751
0.610000000000000320,-7.726746339531970875
0.611000000000000432,-7.670493682827073556
0.612000000000000322,-7.614412115765963662
0.613000000000000433,-7.558499894730012159
0.614000000000000323,-7.502755387251639263
0.615000000000000435,-7.447177068982758996
0.616000000000000325,-7.391763520701898571
0.617000000000000437,-7.336513425360349672
0.618000000000000327,-7.281425565167985781
0.619000000000000439,-7.226498818718853911
0.620000000000000329,-7.171732158157253068
0.621000000000000441,-7.117124646384359821
0.622000000000000330,-7.062675434305758060
0.623000000000000442,-7.008383758120102058
0.624000000000000332,-6.954248936649170432
0.625000000000000444,-6.900270368709359836
0.626000000000000334,-6.846447530524874203
0.627000000000000446,-6.792779973182565989
0.628000000000000336,-6.739267320128655925
0.629000000000000448,-6.685909264707175836
0.630000000000000338,-6.632705567740382335
0.631000000000000449,-6.579656055150787886
0.632000000000000339,-6.526760615625119222
0.633000000000000451,-6.474019198319821200
0.634000000000000341,-6.421431810608230428
0.635000000000000453,-6.368998515869117583
0.636000000000000343,-6.316719431316586864
0.637000000000000455,-6.264594725871051040
0.638000000000000345,-6.212624618071255433
0.639000000000000457,-6.160809374026840146
0.640000000000000346,-6.109149305411673225
0.641000000000000458,-6.057644767497160743
0.642000000000000348,-6.006296157225830434
0.643000000000000460,-5.955103911324387767
0.644000000000000350,-5.904068504456438049
0.645000000000000462,-5.853190447414119646
0.646000000000000352,-5.802470285348759305
0.647000000000000464,-5.751908596039751131
0.648000000000000353,-5.701505988201907904
0.649000000000000465,-5.651263099830190484
0.650000000000000355,-5.601180596582251425
0.651000000000000467,-5.551259170197694104
0.652000000000000357,-5.501499536954247205
0.653000000000000469,-5.451902436159992149
0.654000000000000359,-5.402468628681683427
0.655000000000000471,-5.353198895508288757
0.656000000000000361,-5.304094036349853880
0.657000000000000473,-5.255154868270730084
0.658000000000000362,-5.206382224357247068
0.659000000000000474,-5.157776952418999805
0.660000000000000364,-5.109339913723627724
0.661000000000000476,-5.061071981764349026
0.662000000000000366,-5.012974041060127561
0.663000000000000478,-4.965046985987729755
0.664000000000000368,-4.917291719645487724
0.665000000000000480,-4.869709152748095349
0.666000000000000369,-4.822300202552150417
0.667000000000000481,-4.775065791811873517
0.668000000000000371,-4.728006847764692822
0.669000000000000483,-4.681124301146006417
0.670000000000000373,-4.634419085233039581
0.671000000000000485,-4.587892134916780051
0.672000000000000375,-4.541544385802289696
0.673000000000000487,-4.495376773336120735
0.674000000000000377,-4.449390231961102948
0.675000000000000488,-4.403585694297438735
0.676000000000000378,-4.357964090350252562
0.677000000000000490,-4.312526346742577843
0.678000000000000380,-4.267273385973736843
0.679000000000000492,-4.222206125702435031
0.680000000000000382,-4.177325478054325636
0.681000000000000494,-4.132632348953338308
0.682000000000000384,-4.088127637476647536
0.683000000000000496,-4.043812235232527641
0.684000000000000385,-3.999687025760931824
0.685000000000000497,-3.955752883956125565
0.686000000000000387,-3.912010675511235824
0.687000000000000499,-3.868461256383877611
0.688000000000000389,-3.825105472282963603
0.689000000000000501,-3.781944158175716275
0.690000000000000391,-3.738978137814958469
0.691000000000000503,-3.696208223285929684
0.692000000000000393,-3.653635214572426460
0.693000000000000504,-3.611259899141721519
0.694000000000000394,-3.569083051548029406
0.695000000000000506,-3.527105433053881800
0.696000000000000396,-3.485327791269286823
0.697000000000000508,-3.443750859808106135
0.698000000000000398,-3.402375357961376690
0.699000000000000510,-3.361201990387025607
0.700000000000000400,-3.320231446815922194
0.701000000000000512,-3.279464401773489080
0.702000000000000401,-3.238901514316909758
0.703000000000000513,-3.198543427787257531
0.704000000000000403,-3.158390769576401524
0.705000000000000515,-3.118444150908185275
0.706000000000000405,-3.078704166633712713
0.707000000000000517,-3.039171395040169088
0.708000000000000407,-2.999846397673037401
0.709000000000000519,-2.960729719171315999
0.710000000000000409,-2.921821887115378935
0.711000000000000520,-2.883123411887142051
0.712000000000000410,-2.844634786542356242
0.713000000000000522,-2.806356486694475016
0.714000000000000412,-2.768288970410099914
0.715000000000000524,-2.730432678115351841
0.716000000000000414,-2.692788032513202534
0.717000000000000526,-2.655355438511175059
0.718000000000000416,-2.618135283159432891
0.719000000000000528,-2.581127935598605649
0.720000000000000417,-2.544333747017477165
0.721000000000000529,-2.507753050619918156
0.722000000000000419,-2.471386161601008435
0.723000000000000531,-2.435233377131936994
0.724000000000000421,-2.399294976353604003
0.725000000000000533,-2.363571220378396731
0.726000000000000423,-2.328062352300241500
0.727000000000000535,-2.292768597212290871
0.728000000000000425,-2.257690162232332654
0.729000000000000536,-2.222827236535498407
0.730000000000000426,-2.188179991394142210
0.731000000000000538,-2.153748580224493558
0.732000000000000428,-2.119533138640115943
0.733000000000000540,-2.085533784511691469
0.734000000000000430,-2.051750618033105766
0.735000000000000542,-2.018183721793484153
0.736000000000000432,-1.984833160855133283
0.737000000000000544,-1.951698982836904239
0.738000000000000433,-1.918781218003177802
0.739000000000000545,-1.886079879357837275
0.740000000000000435,-1.853594962743432717
0.741000000000000547,-1.821326446945050748
0.742000000000000437,-1.789274293798881699
0.743000000000000549,-1.757438448305179479
0.744000000000000439,-1.725818838745633244
0.745000000000000551,-1.694415376804659257
0.746000000000000441,-1.663227957694827897
0.747000000000000552,-1.632256460285895994
0.748000000000000442,-1.601500747237586619
0.749000000000000554,-1.570960665135735068
0.750000000000000444,-1.540636044631768842
0.751000000000000556,-1.510526700585298254
0.752000000000000446,-1.480632432209815441
0.753000000000000558,-1.450953023221076110
0.754000000000000448,-1.421488241988356549
0.755000000000000560,-1.392237841688187316
0.756000000000000449,-1.363201560460598927
0.757000000000000561,-1.334379121567576210
0.758000000000000451,-1.305770233553848580
0.759000000000000563,-1.277374590409580124
0.760000000000000453,-1.249191871735084280
0.761000000000000565,-1.221221742907358188
0.762000000000000455,-1.193463855248259264
0.763000000000000567,-1.165917846194325147
0.764000000000000457,-1.138583339468067113
0.765000000000000568,-1.111459945250578230
0.766000000000000458,-1.084547260355446463
0.767000000000000570,-1.057844868403848615
0.768000000000000460,-1.031352340000677881
0.769000000000000572,-1.005069232911642629
0.770000000000000462,-0.978995092241241038
0.771000000000000574,-0.953129450611501561
0.772000000000000464,-0.927471828341470683
0.773000000000000576,-0.902021733627200950
0.774000000000000465,-0.876778662722394464
0.775000000000000577,-0.851742100119352585
0.776000000000000467,-0.826911518730420347
0.777000000000000579,-0.802286380069536342
0.778000000000000469,-0.777866134434218925
0.779000000000000581,-0.753650221087465155
0.780000000000000471,-0.729638068439881105
0.781000000000000583,-0.705829094231668952
0.782000000000000473,-0.682222705714696676
0.783000000000000584,-0.658818299834282306
0.784000000000000474,-0.635615263410903908
0.785000000000000586,-0.612612973321565946
0.786000000000000476,-0.589810796680870220
0.787000000000000588,-0.567208091021760841
0.788000000000000478,-0.544804204475806020
0.789000000000000590,-0.522598475952946506
0.790000000000000480,-0.500590235320864219
0.791000000000000592,-0.478778803583559232
0.792000000000000481,-0.457163493059512871
0.793000000000000593,-0.435743607559010204
0.794000000000000483,-0.414518442560830369
0.795000000000000595,-0.393487285388170960
0.796000000000000485,-0.372649415383718929
0.797000000000000597,-0.352004104083931457
0.798000000000000487,-0.331550615392432302
0.799000000000000599,-0.311288205752436542
0.800000000000000488,-0.291216124318291358
0.801000000000000600,-0.271333613125970596
0.802000000000000490,-0.251639907262616147
0.803000000000000602,-0.232134235034941627
0.804000000000000492,-0.212815818136654927
0.805000000000000604,-0.193683871814654573
0.806000000000000494,-0.174737605034219284
0.807000000000000606,-0.155976220642937452
0.808000000000000496,-0.137398915533462646
0.809000000000000608,-0.119004880805102520
0.810000000000000497,-0.100793301924131468
0.811000000000000609,-0.082763358882848609
0.812000000000000499,-0.064914226357385446
0.813000000000000611,-0.047245073864187415
0.814000000000000501,-0.029755065915188526
0.815000000000000613,-0.012443362171682404
0.816000000000000503,0.004690882403215535
0.817000000000000615,0.021648517393411205
0.818000000000000504,0.038430396780091858
0.819000000000000616,0.055037378793362832
0.820000000000000506,0.071470325765301962
0.821000000000000618,0.087730103984407309
0.822000000000000508,0.103817583551505013
0.823000000000000620,0.119733638237082829
0.824000000000000510,0.135479145340067664
0.825000000000000622,0.151054985548051190
0.826000000000000512,0.166462042799037535
0.827000000000000624,0.181701204144576023
0.828000000000000513,0.196773359614449417
0.829000000000000625,0.211679402082793067
0.830000000000000515,0.226420227135747110
0.831000000000000627,0.240996732940587849
0.832000000000000517,0.255409820116353437
0.833000000000000629,0.269660391605957561
0.834000000000000519,0.283749352549845235
0.835000000000000631,0.297677610161146133
0.836000000000000520,0.311446073602282714
0.837000000000000632,0.325055653863187410
0.838000000000000522,0.338507263640934697
0.839000000000000634,0.351801817220961932
0.840000000000000524,0.364940230359704187
0.841000000000000636,0.377923420168860935
0.842000000000000526,0.390752305001061617
0.843000000000000638,0.403427804337100682
0.844000000000000528,0.415950838674646828
0.845000000000000639,0.428322329418460490
0.846000000000000529,0.440543198772114064
0.847000000000000641,0.452614369631201829
0.848000000000000531,0.464536765478024805
0.849000000000000643,0.476311310277792721
0.850000000000000533,0.487938928376263459
0.851000000000000645,0.499420544398922917
0.852000000000000535,0.510757083151533786
0.853000000000000647,0.521949469522281051
0.854000000000000536,0.532998628385229045
0.855000000000000648,0.543905484505371684
0.856000000000000538,0.554670962445017901
0.857000000000000650,0.565295986471683998
0.858000000000000540,0.575781480467371987
0.859000000000000652,0.586128367839315545
0.860000000000000542,0.596337571432109304
0.861000000000000654,0.606410013441258222
0.862000000000000544,0.616346615328111413
0.863000000000000655,0.626148297736243142
0.864000000000000545,0.635815980409136339
0.865000000000000657,0.645350582109304627
0.866000000000000547,0.654753020538744956
0.867000000000000659,0.664024212260791780
0.868000000000000549,0.673165072623243876
0.869000000000000661,0.682176515682900608
0.870000000000000551,0.691059454131398465
0.871000000000000663,0.699814799222368000
0.872000000000000552,0.708443460699885952
0.873000000000000664,0.716946346728262074
0.874000000000000554,0.725324363823086737
0.875000000000000666,0.733578416783554843
0.876000000000000556,0.741709408626071487
0.877000000000000668,0.749718240519139711
0.878000000000000558,0.757605811719428424
0.879000000000000670,0.765373019509134389
0.880000000000000560,0.773020759134582236
0.881000000000000671,0.780549923745954999
0.882000000000000561,0.787961404338338278
0.883000000000000673,0.795256089693895385
0.884000000000000563,0.802434866325188012
0.885000000000000675,0.809498618419801197
0.886000000000000565,0.816448227785975589
0.887000000000000677,0.823284573799486608
0.888000000000000567,0.830008533351629496
0.889000000000000679,0.836620980798330249
0.890000000000000568,0.843122787910395410
0.891000000000000680,0.849514823824823018
0.892000000000000570,0.855797954997247978
0.893000000000000682,0.861973045155461470
0.894000000000000572,0.868040955253962188
0.895000000000000684,0.874002543429640566
0.896000000000000574,0.879858664958430126
0.897000000000000686,0.885610172213058489
0.898000000000000576,0.891257914621784053
0.899000000000000687,0.896802738628168172
0.900000000000000577,0.902245487651831213
0.901000000000000689,0.907587002050237901
0.902000000000000579,0.912828119081399381
0.903000000000000691,0.917969672867609554
0.904000000000000581,0.923012494360093028
0.905000000000000693,0.927957411304612956
0.906000000000000583,0.932805248208014026
0.907000000000000695,0.937556826305722679
0.908000000000000584,0.942212963530075998
0.909000000000000696,0.946774474479640027
0.910000000000000586,0.951242170389366981
0.911000000000000698,0.955616859101641625
0.912000000000000588,0.959899345038208951
0.913000000000000700,0.964090429172935637
0.914000000000000590,0.968190909005449241
0.915000000000000702,0.972201578535584199
0.916000000000000592,0.976123228238650165
0.917000000000000703,0.979956645041552776
0.918000000000000593,0.983702612299651391
0.919000000000000705,0.987361909774491453
0.920000000000000595,0.990935313612230528
0.921000000000000707,0.994423596322919989
0.922000000000000597,0.997827526760461270
0.923000000000000709,1.001147870103402449
0.924000000000000599,1.004385387836386645
0.925000000000000711,1.007540837732386674
0.926000000000000600,1.010614973835656905
0.927000000000000712,1.013608546445351921
0.928000000000000602,1.016522302099891029
0.929000000000000714,1.019356983561982011
0.930000000000000604,1.022113329804319015
0.931000000000000716,1.024792075995994534
0.932000000000000606,1.027393953489515344
0.933000000000000718,1.029919689808470373
0.934000000000000608,1.032370008635906222
0.935000000000000719,1.034745629803228706
0.936000000000000609,1.037047269279813833
0.937000000000000721,1.039275639163177001
0.938000000000000611,1.041431447669751709
0.939000000000000723,1.043515399126287324
0.940000000000000613,1.045528193961799301
0.941000000000000725,1.047470528700086057
0.942000000000000615,1.049343095952850469
0.943000000000000727,1.051146584413340968
0.944000000000000616,1.052881678850533520
0.945000000000000728,1.054549060103894265
0.946000000000000618,1.056149405078618653
0.947000000000000730,1.057683386741427478
0.948000000000000620,1.059151674116853403
0.949000000000000732,1.060554932284034191
0.950000000000000622,1.061893822374018193
0.951000000000000734,1.063169001567501493
0.952000000000000624,1.064381123093134596
0.953000000000000735,1.065530836226189049
0.954000000000000625,1.066618786287779175
0.955000000000000737,1.067645614644467056
0.956000000000000627,1.068611958708358456
0.957000000000000739,1.069518451937617076
0.958000000000000629,1.070365723837399141
0.959000000000000741,1.071154399961231851
0.960000000000000631,1.071885101912773308
0.961000000000000743,1.072558447348022304
0.962000000000000632,1.073175049977883599
0.963000000000000744,1.073735519571137553
0.964000000000000634,1.074240461957809201
0.965000000000000746,1.074690479032912593
0.966000000000000636,1.075086168760523986
0.967000000000000748,1.075428125178263361
0.968000000000000638,1.075716938402119460
0.969000000000000750,1.075953194631607657
0.970000000000000639,1.076137476155269335
0.971000000000000751,1.076270361356545191
0.972000000000000641,1.076352424719914325
0.973000000000000753,1.076384236837404584
0.974000000000000643,1.076366364415383581
0.975000000000000755,1.076299370281679657
0.976000000000000645,1.076183813393004174
0.977000000000000757,1.076020248842646465
0.978000000000000647,1.075809227868480322
0.979000000000000759,1.075551297861244482
0.980000000000000648,1.075247002373099336
0.981000000000000760,1.074896881126452763
0.982000000000000650,1.074501470023058625
0.983000000000000762,1.074061301153367287
0.984000000000000652,1.073576902806120170
0.985000000000000764,1.073048799478209414
0.986000000000000654,1.072477511884780244
0.987000000000000766,1.071863556969526288
0.988000000000000655,1.071207447915284883
0.989000000000000767,1.070509694154799352
0.990000000000000657,1.069770801381729086
0.991000000000000769,1.068991271561867240
0.992000000000000659,1.068171602944564702
0.993000000000000771,1.067312290074350356
0.994000000000000661,1.066413823802781602
0.995000000000000773,1.065476691300447198
0.996000000000000663,1.064501376069177718
0.997000000000000774,1.063488357954454511
0.998000000000000664,1.062438113157973429
0.999000000000000776,1.061351114250387528
1.000000000000000666,1.060227830184242936
1.001000000000000778,1.059068726307029307
1.002000000000000668,1.057874264374446094
1.003000000000000780,1.056644902563795618
1.004000000000000670,1.055381095487536891
1.005000000000000782,1.054083294206961341
1.006000000000000671,1.052751946246044401
1.007000000000000783,1.051387495605441869
1.008000000000000673,1.049990382776558873
1.009000000000000785,1.048561044755827787
1.010000000000000675,1.047099915059064967
1.011000000000000787,1.045607423735943176
1.012000000000000677,1.044083997384625651
1.013000000000000789,1.042530059166475009
1.014000000000000679,1.040946028820870506
1.015000000000000790,1.039332322680182052
1.016000000000000680,1.037689353684776661
1.017000000000000792,1.036017531398179203
1.018000000000000682,1.034317262022297346
1.019000000000000794,1.032588948412762164
1.020000000000000684,1.030832990094335599
1.021000000000000796,1.029049783276416274
1.022000000000000686,1.027239720868614592
1.023000000000000798,1.025403192496430860
1.024000000000000687,1.023540584516989593
1.025000000000000799,1.021652280034825111
1.026000000000000689,1.019738658917798801
1.027000000000000801,1.017800097813005955
1.028000000000000691,1.015836970162812269
1.029000000000000803,1.013849646220906120
1.030000000000000693,1.011838493068404565
1.031000000000000805,1.009803874630065268
1.032000000000000695,1.007746151690501746
1.033000000000000806,1.005665681910426601
1.034000000000000696,1.003562819843016651
1.035000000000000808,1.001437916950254969
1.036000000000000698,0.999291321619337980
1.037000000000000810,0.997123379179108427
1.038000000000000700,0.994934431916534856
1.039000000000000812,0.992724819093231625
1.040000000000000702,0.990494876961967918
1.041000000000000814,0.988244938783249482
1.042000000000000703,0.985975334841918793
1.043000000000000815,0.983686392463734016
1.044000000000000705,0.981378436032012025
1.045000000000000817,0.979051787004307172
1.046000000000000707,0.976706763929023780
1.047000000000000819,0.974343682462131988
1.048000000000000709,0.971962855383840862
1.049000000000000821,0.969564592615292598
1.050000000000000711,0.967149201235282141
1.051000000000000822,0.964716985496951507
1.052000000000000712,0.962268246844509734
1.053000000000000824,0.959803283929937523
1.054000000000000714,0.957322392629710861
1.055000000000000826,0.954825866061505990
1.056000000000000716,0.952313994600898162
1.057000000000000828,0.949787065898066274
1.058000000000000718,0.947245364894489739
1.059000000000000830,0.944689173839597607
1.060000000000000719,0.942118772307474872
1.061000000000000831,0.939534437213500828
1.062000000000000721,0.936936442830974436
1.063000000000000833,0.934325060807763896
1.064000000000000723,0.931700560182873949
1.065000000000000835,0.929063207403080349
1.066000000000000725,0.926413266339445984
1.067000000000000837,0.923750998303893178
1.068000000000000727,0.921076662065694385
1.069000000000000838,0.918390513867971769
1.070000000000000728,0.915692807444184687
1.071000000000000840,0.912983794034524343
1.072000000000000730,0.910263722402336883
1.073000000000000842,0.907532838850511170
1.074000000000000732,0.904791387237796618
1.075000000000000844,0.902039608995112374
1.076000000000000734,0.899277743141850272
1.077000000000000846,0.896506026302074099
1.078000000000000735,0.893724692720744729
1.079000000000000847,0.890933974279868424
1.080000000000000737,0.888134100514623048
1.081000000000000849,0.885325298629443203
1.082000000000000739,0.882507793514066941
1.083000000000000851,0.879681807759511103
1.084000000000000741,0.876847561674038323
1.085000000000000853,0.874005273299087060
1.086000000000000743,0.871155158425095388
1.087000000000000854,0.868297430607354870
1.088000000000000744,0.865432301181753849
1.089000000000000856,0.862559979280526745
1.090000000000000746,0.859680671847907307
1.091000000000000858,0.856794583655749564
1.092000000000000748,0.853901917319125681
1.093000000000000860,0.851002873311815788
1.094000000000000750,0.848097649981795043
1.095000000000000862,0.845186443566656509
1.096000000000000751,0.842269448208954330
1.097000000000000863,0.839346855971521144
1.098000000000000753,0.836418856852722881
1.099000000000000865,0.833485638801647832
1.100000000000000755,0.830547387733255094
1.101000000000000867,0.827604287543467265
1.102000000000000757,0.824656520124153025
1.103000000000000869,0.821704265378154219
1.104000000000000759,0.818747701234157632
1.105000000000000870,0.815787003661536447
1.106000000000000760,0.812822346685180164
1.107000000000000872,0.809853902400172188
1.108000000000000762,0.806881840986498511
1.109000000000000874,0.803906330723629381
1.110000000000000764,0.800927538005074213
1.111000000000000876,0.797945627352864451
1.112000000000000766,0.794960761431956153
1.113000000000000878,0.791973101064621154
1.114000000000000767,0.788982805244689445
1.115000000000000879,0.785990031151827195
1.116000000000000769,0.782994934165661571
1.117000000000000881,0.779997667879905321
1.118000000000000771,0.776998384116367014
1.119000000000000883,0.773997232938944180
1.120000000000000773,0.770994362667512534
1.121000000000000885,0.767989919891760131
1.122000000000000774,0.764984049484960016
1.123000000000000886,0.761976894617677147
1.124000000000000776,0.758968596771404380
1.125000000000000888,0.755959295752118732
1.126000000000000778,0.752949129703808895
1.127000000000000890,0.749938235121884622
1.128000000000000780,0.746926746866557023
1.129000000000000892,0.743914798176132930
1.130000000000000782,0.740902520680246313
1.131000000000000894,0.737890044413016088
1.132000000000000783,0.734877497826146309
1.133000000000000895,0.731865007801945078
1.134000000000000785,0.728852699666288961
1.135000000000000897,0.725840697201491358
1.136000000000000787,0.722829122659145562
1.137000000000000899,0.719818096772851468
1.138000000000000789,0.716807738770906644
1.139000000000000901,0.713798166388908029
1.140000000000000790,0.710789495882308109
1.141000000000000902,0.707781842038865405
1.142000000000000792,0.704775318191056432
1.143000000000000904,0.701770036228408833
1.144000000000000794,0.698766106609766902
1.145000000000000906,0.695763638375455740
1.146000000000000796,0.692762739159445307
1.147000000000000908,0.689763515201379351
1.148000000000000798,0.686766071358555275
1.149000000000000909,0.683770511117847923
1.150000000000000799,0.680776936607547567
1.151000000000000911,0.677785448609131258
1.152000000000000801,0.674796146568972688
1.153000000000000913,0.671809128609972106
1.154000000000000803,0.668824491543124955
1.155000000000000915,0.665842330879011790
1.156000000000000805,0.662862740839217146
1.157000000000000917,0.659885814367707768
1.158000000000000806,0.656911643142090496
1.159000000000000918,0.653940317584844277
1.160000000000000808,0.650971926874479911
1.161000000000000920,0.648006558956592871
1.162000000000000810,0.645044300554884042
1.163000000000000922,0.642085237182103530
1.164000000000000812,0.639129453150927951
1.165000000000000924,0.636177031584735708
1.166000000000000814,0.633228054428373821
1.167000000000000925,0.630282602458807184
1.168000000000000815,0.627340755295714536
1.169000000000000927,0.624402591412012820
1.170000000000000817,0.621468188144342015
1.171000000000000929,0.618537621703427076
1.172000000000000819,0.615610967184425206
1.173000000000000931,0.612688298577163781
1.174000000000000821,0.609769688776347851
1.175000000000000933,0.606855209591673384
1.176000000000000822,0.603944931757871784
1.177000000000000934,0.601038924944732322
1.178000000000000824,0.598137257766979458
1.179000000000000936,0.595239997794150932
1.180000000000000826,0.592347211560389386
1.181000000000000938,0.589458964574153255
1.182000000000000828,0.586575321327866051
1.183000000000000940,0.583696345307530229
1.184000000000000830,0.580822099002227032
1.185000000000000941,0.577952643913587361
1.186000000000000831,0.575088040565176817
1.187000000000000943,0.572228348511830576
1.188000000000000833,0.569373626348910089
1.189000000000000945,0.566523931721505614
1.190000000000000835,0.563679321333574679
1.191000000000000947,0.560839850956997399
1.192000000000000837,0.558005575440592150
1.193000000000000949,0.555176548719060414
1.194000000000000838,0.552352823821856243
1.195000000000000950,0.549534452882005198
1.196000000000000840,0.546721487144855911
1.197000000000000952,0.543913976976782010
1.198000000000000842,0.541111971873770803
1.199000000000000954,0.538315520470035169
1.200000000000000844,0.535524670546482118
1.201000000000000734,0.532739469039171798
1.202000000000000846,0.529959962047675592
1.203000000000000957,0.527186194843426437
1.204000000000000847,0.524418211877928031
1.205000000000000737,0.521656056790999023
1.206000000000000849,0.518899772418877081
1.207000000000000961,0.516149400802305536
1.208000000000000851,0.513404983194532538
1.209000000000000741,0.510666560069296116
1.210000000000000853,0.507934171128675893
1.211000000000000965,0.505207855310981557
1.212000000000000854,0.502487650798477237
1.213000000000000744,0.499773595025138184
1.214000000000000856,0.497065724684289278
1.215000000000000968,0.494364075736215824
1.216000000000000858,0.491668683415708241
1.217000000000000748,0.488979582239537414
1.218000000000000860,0.486296806013897798
1.219000000000000972,0.483620387841762589
1.220000000000000862,0.480950360130216636
1.221000000000000751,0.478286754597704256
1.222000000000000863,0.475629602281228858
1.223000000000000975,0.472978933543505675
1.224000000000000865,0.470334778080044535
1.225000000000000755,0.467697164926202003
1.226000000000000867,0.465066122464136533
1.227000000000000979,0.462441678429750591
1.228000000000000869,0.459823859919562650
1.229000000000000759,0.457212693397504033
1.230000000000000870,0.454608204701701102
1.231000000000000982,0.452010419051191881
1.232000000000000872,0.449419361052544097
1.233000000000000762,0.446835054706497536
1.234000000000000874,0.444257523414489264
1.235000000000000986,0.441686789985149542
1.236000000000000876,0.439122876640779314
1.237000000000000766,0.436565805023689635
1.238000000000000878,0.434015596202575626
1.239000000000000989,0.431472270678833703
1.240000000000000879,0.428935848392715868
1.241000000000000769,0.426406348729606866
1.242000000000000881,0.423883790526115523
1.243000000000000993,0.421368192076158998
1.244000000000000883,0.418859571137016218
1.245000000000000773,0.416357944935316748
1.246000000000000885,0.413863330172960286
1.247000000000000997,0.411375743033024488
1.248000000000000886,0.408895199185590363
1.249000000000000776,0.406421713793549411
1.250000000000000888,0.403955301518321819
1.251000000000001000,0.401495976525590770
1.252000000000000890,0.399043752490913395
1.253000000000000780,0.396598642605336060
1.254000000000000892,0.394160659580947315
1.255000000000001004,0.391729815656388758
1.256000000000000894,0.389306122602311955
1.257000000000000783,0.386889591726789162
1.258000000000000895,0.384480233880676425
1.259000000000001007,0.382078059462952035
1.260000000000000897,0.379683078425975262
1.261000000000000787,0.377295300280738155
1.262000000000000899,0.374914734102036296
1.263000000000001011,0.372541388533613682
1.264000000000000901,0.370175271793269645
1.265000000000000790,0.367816391677900367
1.266000000000000902,0.365464755568530808
1.267000000000001014,0.363120370435249196
1.268000000000000904,0.360783242842170893
1.269000000000000794,0.358453378952282908
1.270000000000000906,0.356130784532308786
1.271000000000001018,0.353815464957496217
1.272000000000000908,0.351507425216359803
1.273000000000000798,0.349206669915416712
1.274000000000000909,0.346913203283848781
1.275000000000001021,0.344627029178116384
1.276000000000000911,0.342348151086573460
1.277000000000000801,0.340076572134003441
1.278000000000000913,0.337812295086134584
1.279000000000001025,0.335555322354084085
1.280000000000000915,0.333305655998826444
1.281000000000000805,0.331063297735544659
1.282000000000000917,0.328828248938013545
1.283000000000001029,0.326600510642877484
1.284000000000000918,0.324380083553943321
1.285000000000000808,0.322166968046415203
1.286000000000000920,0.319961164171078338
1.287000000000001032,0.317762671658453510
1.288000000000000922,0.315571489922937765
1.289000000000000812,0.313387618066874318
1.290000000000000924,0.311211054884574678
1.291000000000001036,0.309041798866374784
1.292000000000000925,0.306879848202559646
1.293000000000000815,0.304725200787335948
1.294000000000000927,0.302577854222702780
1.295000000000001039,0.300437805822327542
1.296000000000000929,0.298305052615379096
1.297000000000000819,0.296179591350299476
1.298000000000000931,0.294061418498588523
1.299000000000001043,0.291950530258490881
1.300000000000000933,0.289846922558737619
1.301000000000000822,0.287750591062124972
1.302000000000000934,0.285661531169209171
1.303000000000001046,0.283579738021825789
1.304000000000000936,0.281505206506703298
1.305000000000000826,0.279437931258921579
1.306000000000000938,0.277377906665443597
1.307000000000001050,0.275325126868544934
1.308000000000000940,0.273279585769227507
1.309000000000000830,0.271241277030629391
1.310000000000000941,0.269210194081358600
1.311000000000001053,0.267186330118831028
1.312000000000000943,0.265169678112552543
1.313000000000000833,0.263160230807374940
1.314000000000000945,0.261157980726739347
1.315000000000001057,0.259162920175863731
1.316000000000000947,0.257175041244904423
1.317000000000000837,0.255194335812112982
1.318000000000000949,0.253220795546912181
1.319000000000001060,0.251254411912998354
1.320000000000000950,0.249295176171384775
1.321000000000000840,0.247343079383397280
1.322000000000000952,0.245398112413677538
1.323000000000001064,0.243460265933141518
1.324000000000000954,0.241529530421914856
1.325000000000000844,0.239605896172208205
1.326000000000000956,0.237689353291214406
1.327000000000001068,0.235779891703936650
1.328000000000000957,0.233877501156027012
1.329000000000000847,0.231982171216533695
1.330000000000000959,0.230093891280697044
1.331000000000001071,0.228212650572676090
1.332000000000000961,0.226338438148236204
1.333000000000000851,0.224471242897437945
1.334000000000000963,0.222611053547308119
1.335000000000001075,0.220757858664426154
1.336000000000000965,0.218911646657554831
1.337000000000000854,0.217072405780203453
1.338000000000000966,0.215240124133166510
1.339000000000001078,0.213414789667054544
1.340000000000000968,0.211596390184787431
1.341000000000000858,0.209784913344066071
1.342000000000000970,0.207980346659814019
1.343000000000001082,0.206182677506589751
1.344000000000000972,0.204391893121012080
1.345000000000000862,0.202607980604082361
1.346000000000000973,0.200830926923588754
1.347000000000001085,0.199060718916372059
1.348000000000000975,0.197297343290677107
1.349000000000000865,0.195540786628381674
1.350000000000000977,0.193791035387280708
1.351000000000001089,0.192048075903292370
1.352000000000000979,0.190311894392683589
1.353000000000000869,0.188582476954228556
1.354000000000000981,0.186859809571387758
1.355000000000001092,0.185143878114435834
1.356000000000000982,0.183434668342578988
1.357000000000000872,0.181732165906034415
1.358000000000000984,0.180036356348118154
1.359000000000001096,0.178347225107280544
1.360000000000000986,0.176664757519155391
1.361000000000000876,0.174988938818511908
1.362000000000000988,0.173319754141310151
1.363000000000001100,0.171657188526592980
1.364000000000000989,0.170001226918481491
1.365000000000000879,0.168351854168076492
1.366000000000000991,0.166709055035334230
1.367000000000001103,0.165072814190993039
1.368000000000000993,0.163443116218394691
1.369000000000000883,0.161819945615344352
1.370000000000000995,0.160203286795913113
1.371000000000001107,0.158593124092249071
1.372000000000000997,0.156989441756371362
1.373000000000000886,0.155392223961881820
1.374000000000000998,0.153801454805777088
1.375000000000001110,0.152217118310099403
1.376000000000001000,0.150639198423691612
1.377000000000000890,0.149067679023854538
1.378000000000001002,0.147502543918032275
1.379000000000001114,0.145943776845430362
1.380000000000001004,0.144391361478678537
1.381000000000000894,0.142845281425427240
1.382000000000001005,0.141305520229921600
1.383000000000001117,0.139772061374617007
1.384000000000001007,0.138244888281697259
1.385000000000000897,0.136723984314642777
1.386000000000001009,0.135209332779737151
1.387000000000001121,0.133700916927577185
1.388000000000001011,0.132198719954564281
1.389000000000000901,0.130702725004377879
1.390000000000001013,0.129212915169410442
1.391000000000001124,0.127729273492241419
1.392000000000001014,0.126251782967024884
1.393000000000000904,0.124780426540912523
1.394000000000001016,0.123315187115439734
1.395000000000001128,0.121856047547899249
1.396000000000001018,0.120402990652688446
1.397000000000000908,0.118955999202680213
1.398000000000001020,0.117515055930500267
1.399000000000001132,0.116080143529886756
1.400000000000001021,0.114651244656968604
1.401000000000000911,0.113228341931515472
1.402000000000001023,0.111811417938250154
1.403000000000001135,0.110400455228072888
1.404000000000001025,0.108995436319299907
1.405000000000000915,0.107596343698874899
1.406000000000001027,0.106203159823604981
1.407000000000001139,0.104815867121308373
1.408000000000001029,0.103434447992039186
1.409000000000000918,0.102058884809208689
1.410000000000001030,0.100689159920753918
1.411000000000001142,0.099325255650290101
1.412000000000001032,0.097967154298199452
1.413000000000000922,0.096614838142749918
1.414000000000001034,0.095268289441199042
1.415000000000001146,0.093927490430883248
1.416000000000001036,0.092592423330246088
1.417000000000000925,0.091263070339938177
1.418000000000001037,0.089939413643835994
1.419000000000001149,0.088621435410074570
1.420000000000001039,0.087309117792062046
1.421000000000000929,0.086002442929477688
1.422000000000001041,0.084701392949283777
1.423000000000001153,0.083405949966686169
1.424000000000001043,0.082116096086097407
1.425000000000000933,0.080831813402102673
1.426000000000001044,0.079553084000399468
1.427000000000001156,0.078279889958724383
1.428000000000001046,0.077012213347765188
1.429000000000000936,0.075750036232076726
1.430000000000001048,0.074493340670978653
1.431000000000001160,0.073242108719436788
1.432000000000001050,0.071996322428909409
1.433000000000000940,0.070755963848249767
1.434000000000001052,0.069521015024528593
1.435000000000001164,0.068291458003883129
1.436000000000001053,0.067067274832336626
1.437000000000000943,0.065848447556618464
1.438000000000001055,0.064634958224963096
1.439000000000001167,0.063426788887924995
1.440000000000001057,0.062223921599143715
1.441000000000000947,0.061026338416125613
1.442000000000001059,0.059834021400999984
1.443000000000001171,0.058646952621280134
1.444000000000001060,0.057465114150617690
1.445000000000000950,0.056288488069501409
1.446000000000001062,0.055117056466018964
1.447000000000001174,0.053950801436544106
1.448000000000001064,0.052789705086446939
1.449000000000000954,0.051633749530800355
1.450000000000001066,0.050482916895043597
1.451000000000001178,0.049337189315665705
1.452000000000001068,0.048196548940883731
1.453000000000000957,0.047060977931275609
1.454000000000001069,0.045930458460443156
1.455000000000001181,0.044804972715644056
1.456000000000001071,0.043684502898421948
1.457000000000000961,0.042569031225222841
1.458000000000001073,0.041458539928014272
1.459000000000001185,0.040353011254874498
1.460000000000001075,0.039252427470601522
1.461000000000000965,0.038156770857278255
1.462000000000001076,0.037066023714870187
1.463000000000001188,0.035980168361781910
1.464000000000001078,0.034899187135408898
1.465000000000000968,0.033823062392702483
1.466000000000001080,0.032751776510712496
1.467000000000001192,0.031685311887108117
1.468000000000001082,0.030623650940728005
1.469000000000000972,0.029566776112069655
1.470000000000001084,0.028514669863822773
1.471000000000001195,0.027467314681367750
1.472000000000001085,0.026424693073270621
1.473000000000000975,0.025386787571762808
1.474000000000001087,0.024353580733244014
1.475000000000001199,0.023325055138722850
1.476000000000001089,0.022301193394308833
1.477000000000000979,0.021281978131657199
1.478000000000001091,0.020267392008430064
1.479000000000001203,0.019257417708741609
1.480000000000001092,0.018252037943568826
1.481000000000000982,0.017251235451214410
1.482000000000001094,0.016254992997708100
1.483000000000001206,0.015263293377242878
1.484000000000001096,0.014276119412557731
1.485000000000000986,0.013293453955367246
1.486000000000001098,0.012315279886731284
1.487000000000001210,0.011341580117467259
1.488000000000001100,0.010372337588518432
1.489000000000000989,0.009407535271339302
1.490000000000001101,0.008447156168253544
1.491000000000001213,0.007491183312829367
1.492000000000001103,0.006539599770236932
1.493000000000000993,0.005592388637582130
1.494000000000001105,0.004649533044276261
1.495000000000001217,0.003711016152362095
1.496000000000001107,0.002776821156841616
1.497000000000000997,0.001846931286012579
1.498000000000001108,0.000921329801783921
1.499000000000001220,0.000000000000000000
