# CNT15-NH3+-2_HIE-AC
# h[nm],U(h)[kJ/mol]
0.149999999999999994,157.856743115283563839
0.150999999999999995,155.633372313565985223
0.151999999999999996,153.321752307806264071
0.152999999999999997,151.018536521505808423
0.153999999999999998,148.742950451316289673
0.154999999999999999,146.487115755292109043
0.156000000000000000,144.239175424588268015
0.157000000000000001,141.991917174006232472
0.158000000000000002,139.744304819368494464
0.159000000000000002,137.500054157454599135
0.160000000000000003,135.265415081139337872
0.161000000000000004,133.047170507767248182
0.162000000000000005,130.851223484092031413
0.163000000000000006,128.681814592280545639
0.164000000000000007,126.541263710269547005
0.165000000000000008,124.430082743533191092
0.166000000000000009,122.347310077161523623
0.167000000000000010,120.290944330630310333
0.168000000000000010,118.258388390155602110
0.169000000000000011,116.246846321365040922
0.170000000000000012,114.253641951089406348
0.171000000000000013,112.276447605424237963
0.172000000000000014,110.313425035706359267
0.173000000000000015,108.363288915154299730
0.174000000000000016,106.425307599973550055
0.175000000000000017,104.499257232809597440
0.176000000000000018,102.585344685737680948
0.177000000000000018,100.684113067140231124
0.178000000000000019,98.796341136006418537
0.179000000000000020,96.922945395006337321
0.180000000000000021,95.064891148138158883
0.181000000000000022,93.223116579108292967
0.182000000000000023,91.398472021059859571
0.183000000000000024,89.591675077325149346
0.184000000000000025,87.803281108416598499
0.185000000000000026,86.033667790424544819
0.186000000000000026,84.283031929320003428
0.187000000000000027,82.551396434146425918
0.188000000000000028,80.838625259608221540
0.189000000000000029,79.144444178475197305
0.190000000000000030,77.468465395226104420
0.191000000000000031,75.810214229398354746
0.192000000000000032,74.169156351542042671
0.193000000000000033,72.544724323927937348
0.194000000000000034,70.936342465196588591
0.195000000000000034,69.343449310714476042
0.196000000000000035,67.765517170313927409
0.197000000000000036,66.202068487421342979
0.198000000000000037,64.652688875979976046
0.199000000000000038,63.117036853694457932
0.200000000000000039,61.594850403034968167
0.201000000000000040,60.085950577204130241
0.202000000000000041,58.590242429585622119
0.203000000000000042,57.107713585096121278
0.204000000000000042,55.638430793502493543
0.205000000000000043,54.182534811265746555
0.206000000000000044,52.740233952775973592
0.207000000000000045,51.311796636676547223
0.208000000000000046,49.897543230769194622
0.209000000000000047,48.497837471881055649
0.210000000000000048,47.113077706880893913
0.211000000000000049,45.743688169280346756
0.212000000000000050,44.390110473785888701
0.213000000000000050,43.052795479770495035
0.214000000000000051,41.732195644655703859
0.215000000000000052,40.428757960197430066
0.216000000000000053,39.142917539025333440
0.217000000000000054,37.875091895734108505
0.218000000000000055,36.625675946475304556
0.219000000000000056,35.395037733372852529
0.220000000000000057,34.183514865113906467
0.221000000000000058,32.991411652646874586
0.222000000000000058,31.818996908871817197
0.223000000000000059,30.666502373364970424
0.224000000000000060,29.534121717317646016
0.225000000000000061,28.422010079785412273
0.226000000000000062,27.330284083814625262
0.227000000000000063,26.259022279832187508
0.228000000000000064,25.208265963647530583
0.229000000000000065,24.178020317330037869
0.230000000000000066,23.168255822920606590
0.231000000000000066,22.178909901243915925
0.232000000000000067,21.209888730871139018
0.233000000000000068,20.261069205406833760
0.234000000000000069,19.332300990630084669
0.235000000000000070,18.423408646509127351
0.236000000000000071,17.534193782649879267
0.237000000000000072,16.664437219259163214
0.238000000000000073,15.813901129150655933
0.239000000000000073,14.982331139647550700
0.240000000000000074,14.169458376401669497
0.241000000000000075,13.375001434134986766
0.242000000000000076,12.598668262089930181
0.243000000000000077,11.840157954539970220
0.244000000000000078,11.099162439056151186
0.245000000000000079,10.375368057344102724
0.246000000000000080,9.668457035364578900
0.247000000000000081,8.978108841130564954
0.248000000000000081,8.304001430047520671
0.249000000000000082,7.645812378937343112
0.250000000000000111,7.003219910973546014
0.251000000000000112,6.375903814668164138
0.252000000000000113,5.763546260800606724
0.253000000000000114,5.165832521783817022
0.254000000000000115,4.582451598429389428
0.255000000000000115,4.013096759422094983
0.256000000000000116,3.457465999052383498
0.257000000000000117,2.915262418898592500
0.258000000000000118,2.386194539210663823
0.259000000000000119,1.869976545733082363
0.260000000000000120,1.366328477629115801
0.261000000000000121,0.874976362041096301
0.262000000000000122,0.395652300648743960
0.263000000000000123,-0.071905486618382614
0.264000000000000123,-0.527952655794345693
0.265000000000000124,-0.972738766352002182
0.266000000000000125,-1.406507337548122072
0.267000000000000126,-1.829495929528379916
0.268000000000000127,-2.241936245370837355
0.269000000000000128,-2.644054250535105233
0.270000000000000129,-3.036070306472612224
0.271000000000000130,-3.418199315436756258
0.272000000000000131,-3.790650873807200671
0.273000000000000131,-4.153629431509974879
0.274000000000000132,-4.507334455370941129
0.275000000000000133,-4.851960594484802769
0.276000000000000134,-5.187697845913413985
0.277000000000000135,-5.514731719244281294
0.278000000000000136,-5.833243398745108443
0.279000000000000137,-6.143409902039477899
0.280000000000000138,-6.445404234404098709
0.281000000000000139,-6.739395537950237269
0.282000000000000139,-7.025549235098917045
0.283000000000000140,-7.304027165894237505
0.284000000000000141,-7.574987718820044513
0.285000000000000142,-7.838585954894216279
0.286000000000000143,-8.094973724911600499
0.287000000000000144,-8.344299779792098803
0.288000000000000145,-8.586709874066041692
0.289000000000000146,-8.822346862593098749
0.290000000000000147,-9.051350790667765267
0.291000000000000147,-9.273858977710888851
0.292000000000000148,-9.490006094786686219
0.293000000000000149,-9.699924236216038054
0.294000000000000150,-9.903742985582727698
0.295000000000000151,-10.101589476448458171
0.296000000000000152,-10.293588448106390842
0.297000000000000153,-10.479862296711997871
0.298000000000000154,-10.660531122134841553
0.299000000000000155,-10.835712770875646882
0.300000000000000155,-11.005522875390703064
0.301000000000000156,-11.170074890159940040
0.302000000000000157,-11.329480124827634668
0.303000000000000158,-11.483847774734103453
0.304000000000000159,-11.633284949145428655
0.305000000000000160,-11.777896697474592003
0.306000000000000161,-11.917786033773271726
0.307000000000000162,-12.053053959758226910
0.308000000000000163,-12.183799486619928842
0.309000000000000163,-12.310119655845078057
0.310000000000000164,-12.432109559267782828
0.311000000000000165,-12.549862358547366981
0.312000000000000166,-12.663469304254416414
0.313000000000000167,-12.773019754729910247
0.314000000000000168,-12.878601194866254431
0.315000000000000169,-12.980299254943423293
0.316000000000000170,-13.078197729638080915
0.317000000000000171,-13.172378597308881609
0.318000000000000171,-13.262922039647127903
0.319000000000000172,-13.349906461768759058
0.320000000000000173,-13.433408512810657953
0.321000000000000174,-13.513503107082510013
0.322000000000000175,-13.590263445814255050
0.323000000000000176,-13.663761039528498742
0.324000000000000177,-13.734065731057805593
0.325000000000000178,-13.801245719217433816
0.326000000000000179,-13.865367583136233520
0.327000000000000179,-13.926496307240508798
0.328000000000000180,-13.984695306879013188
0.329000000000000181,-14.040026454571123082
0.330000000000000182,-14.092550106854403680
0.331000000000000183,-14.142325131703435304
0.332000000000000184,-14.189408936486930912
0.333000000000000185,-14.233857496426844946
0.334000000000000186,-14.275725383519901612
0.335000000000000187,-14.315065795879240440
0.336000000000000187,-14.351930587452017107
0.337000000000000188,-14.386370298066461615
0.338000000000000189,-14.418434183761467793
0.339000000000000190,-14.448170247350256901
0.340000000000000191,-14.475625269169174913
0.341000000000000192,-14.500844837962953093
0.342000000000000193,-14.523873381857237419
0.343000000000000194,-14.544754199370299119
0.344000000000000195,-14.563529490415561440
0.345000000000000195,-14.580240387248556644
0.346000000000000196,-14.594926985312000056
0.347000000000000197,-14.607628373934613109
0.348000000000000198,-14.618382666840298967
0.349000000000000199,-14.627227032426185716
0.350000000000000200,-14.634197723769455379
0.351000000000000201,-14.639330108324802637
0.352000000000000202,-14.642658697276067059
0.353000000000000203,-14.644217174507753398
0.354000000000000203,-14.644038425163937944
0.355000000000000204,-14.642154563763980946
0.356000000000000205,-14.638596961846761957
0.357000000000000206,-14.633396275117172891
0.358000000000000207,-14.626582470070241371
0.359000000000000208,-14.618184850070878866
0.360000000000000209,-14.608232080868962299
0.361000000000000210,-14.596752215531378027
0.362000000000000210,-14.583772718774904220
0.363000000000000211,-14.569320490685393921
0.364000000000000212,-14.553421889811048118
0.365000000000000213,-14.536102755618889759
0.366000000000000214,-14.517388430305754099
0.367000000000000215,-14.497303779956544290
0.368000000000000216,-14.475873215044444464
0.369000000000000217,-14.453120710269036664
0.370000000000000218,-14.429069823730170441
0.371000000000000218,-14.403743715436553074
0.372000000000000219,-14.377165165149634163
0.373000000000000220,-14.349356589564772335
0.374000000000000221,-14.320340058832618624
0.375000000000000222,-14.290137312425017058
0.376000000000000223,-14.258769774351048198
0.377000000000000224,-14.226258567729431093
0.378000000000000225,-14.192624528724902433
0.379000000000000226,-14.157888219856786804
0.380000000000000226,-14.122069942689169153
0.381000000000000227,-14.085189749912384372
0.382000000000000228,-14.047267456826777021
0.383000000000000229,-14.008322652239954209
0.384000000000000230,-13.968374708789406569
0.385000000000000231,-13.927442792703249808
0.386000000000000232,-13.885545873011727380
0.387000000000000233,-13.842702730223161112
0.388000000000000234,-13.798931964477759493
0.389000000000000234,-13.754252003193835563
0.390000000000000235,-13.708681108220261535
0.391000000000000236,-13.662237382510216577
0.392000000000000237,-13.614938776330578918
0.393000000000000238,-13.566803093022230087
0.394000000000000239,-13.517847994325967065
0.395000000000000240,-13.468091005289242190
0.396000000000000241,-13.417549518768860040
0.397000000000000242,-13.366240799544513607
0.398000000000000242,-13.314181988058431116
0.399000000000000243,-13.261390103795937634
0.400000000000000244,-13.207882048321868851
0.401000000000000245,-13.153674607987611012
0.402000000000000246,-13.098784456323297576
0.403000000000000247,-13.043228156129647033
0.404000000000000248,-12.987022161283661603
0.405000000000000249,-12.930182818272275114
0.406000000000000250,-12.872726367467635100
0.407000000000000250,-12.814668944157698860
0.408000000000000251,-12.756026579345395078
0.409000000000000252,-12.696815200329394813
0.410000000000000253,-12.637050631079249641
0.411000000000000254,-12.576748592417358097
0.412000000000000255,-12.515924702019919579
0.413000000000000256,-12.454594474248782632
0.414000000000000257,-12.392773319825597156
0.415000000000000258,-12.330476545359676521
0.416000000000000258,-12.267719352740297012
0.417000000000000259,-12.204516838404151358
0.418000000000000260,-12.140883992488038956
0.419000000000000261,-12.076835697876854070
0.420000000000000262,-12.012386729156336429
0.421000000000000263,-11.947551751479938531
0.422000000000000264,-11.882345319358552871
0.423000000000000265,-11.816781875381801470
0.424000000000000266,-11.750875748879213489
0.425000000000000266,-11.684641154528964790
0.426000000000000267,-11.618092190922030937
0.427000000000000268,-11.551242839088882164
0.428000000000000269,-11.484106960995726254
0.429000000000000270,-11.416698298017028179
0.430000000000000271,-11.349030469390456233
0.431000000000000272,-11.281116970660544752
0.432000000000000273,-11.212971172116571239
0.433000000000000274,-11.144606317230373094
0.434000000000000274,-11.076035521098946290
0.435000000000000275,-11.007271768897046726
0.436000000000000276,-10.938327914344196046
0.437000000000000277,-10.869216678190490200
0.438000000000000278,-10.799950646725340775
0.439000000000000279,-10.730542270312996678
0.440000000000000280,-10.661003861958331385
0.441000000000000281,-10.591347595906386303
0.442000000000000282,-10.521585506278739786
0.443000000000000282,-10.451729485749515547
0.444000000000000283,-10.381791284263869102
0.445000000000000284,-10.311782507801284581
0.446000000000000285,-10.241714617185925462
0.447000000000000286,-10.171598926946348485
0.448000000000000287,-10.101446604226040904
0.449000000000000288,-10.031268667746918055
0.450000000000000289,-9.961075986826926965
0.451000000000000290,-9.890879280453312106
0.452000000000000290,-9.820689116412706809
0.453000000000000291,-9.750515910478950943
0.454000000000000292,-9.680369925659679353
0.455000000000000293,-9.610261271502229974
0.456000000000000294,-9.540199903459633646
0.457000000000000295,-9.470195622317067574
0.458000000000000296,-9.400258073679026438
0.459000000000000297,-9.330396747517657019
0.460000000000000298,-9.260620977782062724
0.461000000000000298,-9.190939942068855117
0.462000000000000299,-9.121362661353655810
0.463000000000000300,-9.051897999783387050
0.464000000000000301,-8.982554664529111221
0.465000000000000302,-8.913341205699026659
0.466000000000000303,-8.844266016311060241
0.467000000000000304,-8.775337332324637529
0.468000000000000305,-8.706563232730951896
0.469000000000000306,-8.637951639701032747
0.470000000000000306,-8.569510318791019543
0.471000000000000307,-8.501246879203556261
0.472000000000000308,-8.433168774104780496
0.473000000000000309,-8.365283300995718818
0.474000000000000310,-8.297597602137352979
0.475000000000000311,-8.230118665028118841
0.476000000000000312,-8.162853322933182554
0.477000000000000313,-8.095808255463923686
0.478000000000000314,-8.028989989206952060
0.479000000000000314,-7.962404898401310049
0.480000000000000315,-7.896059205662713687
0.481000000000000316,-7.829958982753739249
0.482000000000000317,-7.764110151398639914
0.483000000000000318,-7.698518484141646745
0.484000000000000319,-7.633189605247477694
0.485000000000000320,-7.568128991642848469
0.486000000000000321,-7.503341973897670769
0.487000000000000322,-7.438833737244726407
0.488000000000000322,-7.374609322636416664
0.489000000000000323,-7.310673627837550370
0.490000000000000324,-7.247031408552622622
0.491000000000000325,-7.183687279586504992
0.492000000000000326,-7.120645716037083517
0.493000000000000327,-7.057911054518808847
0.494000000000000328,-6.995487494415617569
0.495000000000000329,-6.933379099162211290
0.496000000000000330,-6.871589797552199563
0.497000000000000330,-6.810123385072117230
0.498000000000000331,-6.748983525259758309
0.499000000000000332,-6.688173751085967567
0.500000000000000333,-6.627697466358381639
0.501000000000000334,-6.567557947146016595
0.502000000000000335,-6.507758343223571273
0.503000000000000336,-6.448301679534222508
0.504000000000000337,-6.389190857669736268
0.505000000000000338,-6.330428657366795164
0.506000000000000338,-6.272017738018441868
0.507000000000000339,-6.213960640199447383
0.508000000000000340,-6.156259787204588108
0.509000000000000341,-6.098917486598821824
0.510000000000000342,-6.041935931778160018
0.511000000000000343,-5.985317203540371445
0.512000000000000344,-5.929063271664380075
0.513000000000000345,-5.873175996497474571
0.514000000000000346,-5.817657130549354960
0.515000000000000346,-5.762508320091969338
0.516000000000000347,-5.707731106764342144
0.517000000000000348,-5.653326929181504923
0.518000000000000349,-5.599297124546458448
0.519000000000000350,-5.545642930264602199
0.520000000000000351,-5.492365485559526306
0.521000000000000352,-5.439465833089561109
0.522000000000000353,-5.386944920564175732
0.523000000000000353,-5.334803602359420971
0.524000000000000354,-5.283042641131898698
0.525000000000000355,-5.231662709430205283
0.526000000000000356,-5.180664391303407612
0.527000000000000357,-5.130048183905808301
0.528000000000000358,-5.079814499097176750
0.529000000000000359,-5.029963665038113874
0.530000000000000360,-4.980495927779626797
0.531000000000000361,-4.931411452846531596
0.532000000000000361,-4.882710326813979762
0.533000000000000362,-4.834392558876648316
0.534000000000000363,-4.786458082409973613
0.535000000000000364,-4.738906756522984765
0.536000000000000365,-4.691738367602187765
0.537000000000000366,-4.644952630846079344
0.538000000000000367,-4.598549191789738089
0.539000000000000368,-4.552527627819227263
0.540000000000000369,-4.506887449675150314
0.541000000000000369,-4.461628102945232932
0.542000000000000370,-4.416748969545295722
0.543000000000000371,-4.372249369188402568
0.544000000000000372,-4.328128560841828509
0.545000000000000373,-4.284385744171464339
0.546000000000000374,-4.241020060973344386
0.547000000000000375,-4.198030596592049690
0.548000000000000376,-4.155416381325691688
0.549000000000000377,-4.113176391817189526
0.550000000000000377,-4.071309552431570999
0.551000000000000378,-4.029814736619111493
0.552000000000000379,-3.988690768264103959
0.553000000000000380,-3.947936423018969521
0.554000000000000381,-3.907550429623561250
0.555000000000000382,-3.867531471209581184
0.556000000000000383,-3.827878186589710019
0.557000000000000384,-3.788589171531589805
0.558000000000000385,-3.749662980016245761
0.559000000000000385,-3.711098125481041343
0.560000000000000386,-3.672893082046896129
0.561000000000000387,-3.635046285729767845
0.562000000000000388,-3.597556135636224894
0.563000000000000389,-3.560420995143108946
0.564000000000000390,-3.523639193061138375
0.565000000000000391,-3.487209024782463196
0.566000000000000392,-3.451128753412059602
0.567000000000000393,-3.415396610883005390
0.568000000000000393,-3.380010799055502169
0.569000000000000394,-3.344969490799692746
0.570000000000000395,-3.310270831062299468
0.571000000000000396,-3.275912937916931611
0.572000000000000397,-3.241893903598275450
0.573000000000000398,-3.208211795519961385
0.574000000000000399,-3.174864657276339930
0.575000000000000400,-3.141850509628000498
0.576000000000000401,-3.109167351471194607
0.577000000000000401,-3.076813160791228352
0.578000000000000402,-3.044785895599722902
0.579000000000000403,-3.013083494855922417
0.580000000000000404,-2.981703879372140875
0.581000000000000405,-2.950644952703274093
0.582000000000000406,-2.919904602020589213
0.583000000000000407,-2.889480698969779215
0.584000000000000408,-2.859371100513429020
0.585000000000000409,-2.829573649757946008
0.586000000000000409,-2.800086176765043788
0.587000000000000410,-2.770906499347929319
0.588000000000000411,-2.742032423852214684
0.589000000000000412,-2.713461745921759594
0.590000000000000413,-2.685192251249447715
0.591000000000000414,-2.657221716313097115
0.592000000000000415,-2.629547909096618952
0.593000000000000416,-2.602168589796456821
0.594000000000000417,-2.575081511513521271
0.595000000000000417,-2.548284420930797545
0.596000000000000418,-2.521775058976522654
0.597000000000000419,-2.495551161473406054
0.598000000000000420,-2.469610459773690980
0.599000000000000421,-2.443950681380473444
0.600000000000000422,-2.418569550555214054
0.601000000000000423,-2.393464788911725982
0.602000000000000424,-2.368634115996696821
0.603000000000000425,-2.344075249856939713
0.604000000000000425,-2.319785907593486129
0.605000000000000426,-2.295763805902696131
0.606000000000000427,-2.272006661604580202
0.607000000000000428,-2.248512192158282019
0.608000000000000429,-2.225278116165250175
0.609000000000000430,-2.202302153859794664
0.610000000000000431,-2.179582027587609439
0.611000000000000432,-2.157115462272119810
0.612000000000000433,-2.134900185868912281
0.613000000000000433,-2.112933929808481270
0.614000000000000434,-2.091214429427318944
0.615000000000000435,-2.069739424387558202
0.616000000000000436,-2.048506659085345127
0.617000000000000437,-2.027513883048126075
0.618000000000000438,-2.006758851320912029
0.619000000000000439,-1.986239324841723830
0.620000000000000440,-1.965953070806450764
0.621000000000000441,-1.945897863023159591
0.622000000000000441,-1.926071482256096257
0.623000000000000442,-1.906471716559482887
0.624000000000000443,-1.887096361601304562
0.625000000000000444,-1.867943220977262175
0.626000000000000445,-1.849010106514939356
0.627000000000000446,-1.830294838568502724
0.628000000000000447,-1.811795246303937290
0.629000000000000448,-1.793509167975063878
0.630000000000000449,-1.775434451190461616
0.631000000000000449,-1.757568953171431803
0.632000000000000450,-1.739910541001199018
0.633000000000000451,-1.722457091865467360
0.634000000000000452,-1.705206493284456837
0.635000000000000453,-1.688156643336659712
0.636000000000000454,-1.671305450874328358
0.637000000000000455,-1.654650835730999248
0.638000000000000456,-1.638190728921037564
0.639000000000000457,-1.621923072831479073
0.640000000000000457,-1.605845821406262086
0.641000000000000458,-1.589956940322917678
0.642000000000000459,-1.574254407162048341
0.643000000000000460,-1.558736211569480723
0.644000000000000461,-1.543400355411486791
0.645000000000000462,-1.528244852923012598
0.646000000000000463,-1.513267730849143344
0.647000000000000464,-1.498467028579942850
0.648000000000000465,-1.483840798278770245
0.649000000000000465,-1.469387105004193339
0.650000000000000466,-1.455104026825696284
0.651000000000000467,-1.440989654933213515
0.652000000000000468,-1.427042093740708673
0.653000000000000469,-1.413259460983851135
0.654000000000000470,-1.399639887811983785
0.655000000000000471,-1.386181518874440188
0.656000000000000472,-1.372882512401373267
0.657000000000000473,-1.359741040279182078
0.658000000000000473,-1.346755288120726757
0.659000000000000474,-1.333923455330334296
0.660000000000000475,-1.321243755163835853
0.661000000000000476,-1.308714414783628488
0.662000000000000477,-1.296333675308985800
0.663000000000000478,-1.284099791861634587
0.664000000000000479,-1.272011033606812225
0.665000000000000480,-1.260065683789737490
0.666000000000000481,-1.248262039767856768
0.667000000000000481,-1.236598413038677347
0.668000000000000482,-1.225073129263594574
0.669000000000000483,-1.213684528287519715
0.670000000000000484,-1.202430964154652226
0.671000000000000485,-1.191310805120342042
0.672000000000000486,-1.180322433659205528
0.673000000000000487,-1.169464246469597457
0.674000000000000488,-1.158734654474475878
0.675000000000000488,-1.148132082818798860
0.676000000000000489,-1.137654970863594128
0.677000000000000490,-1.127301772176638295
0.678000000000000491,-1.117070954520008375
0.679000000000000492,-1.106960999834488479
0.680000000000000493,-1.096970404220925399
0.681000000000000494,-1.087097677918679839
0.682000000000000495,-1.077341345281165541
0.683000000000000496,-1.067699944748651930
0.684000000000000496,-1.058172028818330279
0.685000000000000497,-1.048756164011767300
0.686000000000000498,-1.039450930839831422
0.687000000000000499,-1.030254923765124619
0.688000000000000500,-1.021166751162017494
0.689000000000000501,-1.012185035274399514
0.690000000000000502,-1.003308412171149744
0.691000000000000503,-0.994535531699439423
0.692000000000000504,-0.985865057435913017
0.693000000000000504,-0.977295666635887295
0.694000000000000505,-0.968826050180476850
0.695000000000000506,-0.960454912521927384
0.696000000000000507,-0.952180971627027972
0.697000000000000508,-0.944002958918769841
0.698000000000000509,-0.935919619216310172
0.699000000000000510,-0.927929710673247810
0.700000000000000511,-0.920032004714326890
0.701000000000000512,-0.912225285970605482
0.702000000000000512,-0.904508352213126088
0.703000000000000513,-0.896880014285190486
0.704000000000000514,-0.889339096033251009
0.705000000000000515,-0.881884434236492432
0.706000000000000516,-0.874514878535156415
0.707000000000000517,-0.867229291357676013
0.708000000000000518,-0.860026547846595490
0.709000000000000519,-0.852905535783479274
0.710000000000000520,-0.845865155512660949
0.711000000000000520,-0.838904319864057113
0.712000000000000521,-0.832021954074986025
0.713000000000000522,-0.825216995711050449
0.714000000000000523,-0.818488394586215029
0.715000000000000524,-0.811835112681951188
0.716000000000000525,-0.805256124065707235
0.717000000000000526,-0.798750414808550357
0.718000000000000527,-0.792316982902133371
0.719000000000000528,-0.785954838174999004
0.720000000000000528,-0.779663002208286215
0.721000000000000529,-0.773440508250766490
0.722000000000000530,-0.767286401133443929
0.723000000000000531,-0.761199737183535730
0.724000000000000532,-0.755179584138049642
0.725000000000000533,-0.749225021056896145
0.726000000000000534,-0.743335138235560189
0.727000000000000535,-0.737509037117450084
0.728000000000000536,-0.731745830205851489
0.729000000000000536,-0.726044640975608169
0.730000000000000537,-0.720404603784509101
0.731000000000000538,-0.714824863784400022
0.732000000000000539,-0.709304576832108569
0.733000000000000540,-0.703842909400153927
0.734000000000000541,-0.698439038487295494
0.735000000000000542,-0.693092151528919453
0.736000000000000543,-0.687801446307365616
0.737000000000000544,-0.682566130862097831
0.738000000000000544,-0.677385423399878617
0.739000000000000545,-0.672258552204839099
0.740000000000000546,-0.667184755548586583
0.741000000000000547,-0.662163281600271714
0.742000000000000548,-0.657193388336765993
0.743000000000000549,-0.652274343452772132
0.744000000000000550,-0.647405424271102814
0.745000000000000551,-0.642585917653015204
0.746000000000000552,-0.637815119908659689
0.747000000000000552,-0.633092336707671288
0.748000000000000553,-0.628416882989888403
0.749000000000000554,-0.623788082876254868
0.750000000000000555,-0.619205269579926609
0.751000000000000556,-0.614667785317527304
0.752000000000000557,-0.610174981220709234
0.753000000000000558,-0.605726217247837595
0.754000000000000559,-0.601320862096036857
0.755000000000000560,-0.596958293113423855
0.756000000000000560,-0.592637896211679061
0.757000000000000561,-0.588359065778857548
0.758000000000000562,-0.584121204592537580
0.759000000000000563,-0.579923723733307361
0.760000000000000564,-0.575766042498554009
0.761000000000000565,-0.571647588316610777
0.762000000000000566,-0.567567796661269108
0.763000000000000567,-0.563526110966652616
0.764000000000000568,-0.559521982542454221
0.765000000000000568,-0.555554870489624819
0.766000000000000569,-0.551624241616375022
0.767000000000000570,-0.547729570354680950
0.768000000000000571,-0.543870338677106324
0.769000000000000572,-0.540046036014169895
0.770000000000000573,-0.536256159172048941
0.771000000000000574,-0.532500212250801352
0.772000000000000575,-0.528777706562995053
0.773000000000000576,-0.525088160552827032
0.774000000000000576,-0.521431099715691238
0.775000000000000577,-0.517806056518255509
0.776000000000000578,-0.514212570318968831
0.777000000000000579,-0.510650187289124036
0.778000000000000580,-0.507118460334345711
0.779000000000000581,-0.503616949016640669
0.780000000000000582,-0.500145219476907821
0.781000000000000583,-0.496702844357999163
0.782000000000000584,-0.493289402728267767
0.783000000000000584,-0.489904480005641130
0.784000000000000585,-0.486547667882247403
0.785000000000000586,-0.483218564249523030
0.786000000000000587,-0.479916773123906293
0.787000000000000588,-0.476641904573035180
0.788000000000000589,-0.473393574642474835
0.789000000000000590,-0.470171405283044741
0.790000000000000591,-0.466975024278624307
0.791000000000000592,-0.463804065174553304
0.792000000000000592,-0.460658167206571378
0.793000000000000593,-0.457536975230298570
0.794000000000000594,-0.454440139651292430
0.795000000000000595,-0.451367316355669235
0.796000000000000596,-0.448318166641233973
0.797000000000000597,-0.445292357149244034
0.798000000000000598,-0.442289559796678500
0.799000000000000599,-0.439309451709097687
0.800000000000000600,-0.436351715154066677
0.801000000000000600,-0.433416037475136906
0.802000000000000601,-0.430502111026386580
0.803000000000000602,-0.427609633107546738
0.804000000000000603,-0.424738305899685753
0.805000000000000604,-0.421887836401468430
0.806000000000000605,-0.419057936365935024
0.807000000000000606,-0.416248322237937451
0.808000000000000607,-0.413458715092053009
0.809000000000000608,-0.410688840571107883
0.810000000000000608,-0.407938428825285360
0.811000000000000609,-0.405207214451723807
0.812000000000000610,-0.402494936434786788
0.813000000000000611,-0.399801338086782865
0.814000000000000612,-0.397126166989334062
0.815000000000000613,-0.394469174935279776
0.816000000000000614,-0.391830117871107608
0.817000000000000615,-0.389208755839982490
0.818000000000000616,-0.386604852925332143
0.819000000000000616,-0.384018177194959343
0.820000000000000617,-0.381448500645719668
0.821000000000000618,-0.378895599148769358
0.822000000000000619,-0.376359252395356447
0.823000000000000620,-0.373839243843133162
0.824000000000000621,-0.371335360663037406
0.825000000000000622,-0.368847393686729141
0.826000000000000623,-0.366375137354550184
0.827000000000000624,-0.363918389664025566
0.828000000000000624,-0.361476952118908956
0.829000000000000625,-0.359050629678754729
0.830000000000000626,-0.356639230709033750
0.831000000000000627,-0.354242566931767644
0.832000000000000628,-0.351860453376715121
0.833000000000000629,-0.349492708333035806
0.834000000000000630,-0.347139153301523895
0.835000000000000631,-0.344799612947342515
0.836000000000000631,-0.342473915053262745
0.837000000000000632,-0.340161890473447914
0.838000000000000633,-0.337863373087709085
0.839000000000000634,-0.335578199756297546
0.840000000000000635,-0.333306210275207460
0.841000000000000636,-0.331047247331934691
0.842000000000000637,-0.328801156461808408
0.843000000000000638,-0.326567786004742677
0.844000000000000639,-0.324346987062531233
0.845000000000000639,-0.322138613456616762
0.846000000000000640,-0.319942521686327863
0.847000000000000641,-0.317758570887655301
0.848000000000000642,-0.315586622792426219
0.849000000000000643,-0.313426541688019422
0.850000000000000644,-0.311278194377547890
0.851000000000000645,-0.309141450140459906
0.852000000000000646,-0.307016180693678697
0.853000000000000647,-0.304902260153155191
0.854000000000000647,-0.302799564995884285
0.855000000000000648,-0.300707974022407565
0.856000000000000649,-0.298627368319742181
0.857000000000000650,-0.296557631224770357
0.858000000000000651,-0.294498648288062770
0.859000000000000652,-0.292450307238157459
0.860000000000000653,-0.290412497946288539
0.861000000000000654,-0.288385112391505494
0.862000000000000655,-0.286368044626288842
0.863000000000000655,-0.284361190742530745
0.864000000000000656,-0.282364448837995829
0.865000000000000657,-0.280377718983150115
0.866000000000000658,-0.278400903188460114
0.867000000000000659,-0.276433905372079902
0.868000000000000660,-0.274476631327935150
0.869000000000000661,-0.272528988694238139
0.870000000000000662,-0.270590886922403406
0.871000000000000663,-0.268662237246365287
0.872000000000000663,-0.266742952652264609
0.873000000000000664,-0.264832947848575251
0.874000000000000665,-0.262932139236572104
0.875000000000000666,-0.261040444881232458
0.876000000000000667,-0.259157784482477005
0.877000000000000668,-0.257284079346811190
0.878000000000000669,-0.255419252359358473
0.879000000000000670,-0.253563227956219217
0.880000000000000671,-0.251715932097252570
0.881000000000000671,-0.249877292239169962
0.882000000000000672,-0.248047237309045071
0.883000000000000673,-0.246225697678132516
0.884000000000000674,-0.244412605136079264
0.885000000000000675,-0.242607892865452091
0.886000000000000676,-0.240811495416651866
0.887000000000000677,-0.239023348683137682
0.888000000000000678,-0.237243389877004912
0.889000000000000679,-0.235471557504913165
0.890000000000000679,-0.233707791344326676
0.891000000000000680,-0.231952032420103482
0.892000000000000681,-0.230204222981399032
0.893000000000000682,-0.228464306478902174
0.894000000000000683,-0.226732227542376708
0.895000000000000684,-0.225007931958554286
0.896000000000000685,-0.223291366649300882
0.897000000000000686,-0.221582479650116626
0.898000000000000687,-0.219881220088946616
0.899000000000000687,-0.218187538165277306
0.900000000000000688,-0.216501385129550167
0.901000000000000689,-0.214822713262864229
0.902000000000000690,-0.213151475856985156
0.903000000000000691,-0.211487627194626937
0.904000000000000692,-0.209831122530036274
0.905000000000000693,-0.208181918069854144
0.906000000000000694,-0.206539970954277285
0.907000000000000695,-0.204905239238455661
0.908000000000000695,-0.203277681874224930
0.909000000000000696,-0.201657258692054586
0.910000000000000697,-0.200043930383312640
0.911000000000000698,-0.198437658482761015
0.912000000000000699,-0.196838405351331069
0.913000000000000700,-0.195246134159172857
0.914000000000000701,-0.193660808868918205
0.915000000000000702,-0.192082394219256714
0.916000000000000703,-0.190510855708714150
0.917000000000000703,-0.188946159579706174
0.918000000000000704,-0.187388272802834710
0.919000000000000705,-0.185837163061410737
0.920000000000000706,-0.184292798736247543
0.921000000000000707,-0.182755148890655861
0.922000000000000708,-0.181224183255699528
0.923000000000000709,-0.179699872215686507
0.924000000000000710,-0.178182186793850672
0.925000000000000711,-0.176671098638310098
0.926000000000000711,-0.175166580008211475
0.927000000000000712,-0.173668603760114448
0.928000000000000713,-0.172177143334580979
0.929000000000000714,-0.170692172743006659
0.930000000000000715,-0.169213666554619835
0.931000000000000716,-0.167741599883732800
0.932000000000000717,-0.166275948377182986
0.933000000000000718,-0.164816688201976508
0.934000000000000719,-0.163363796033140884
0.935000000000000719,-0.161917249041781897
0.936000000000000720,-0.160477024883316360
0.937000000000000721,-0.159043101685927835
0.938000000000000722,-0.157615458039202461
0.939000000000000723,-0.156194072982942689
0.940000000000000724,-0.154778925996195249
0.941000000000000725,-0.153369996986432222
0.942000000000000726,-0.151967266278958180
0.943000000000000727,-0.150570714606440698
0.944000000000000727,-0.149180323098676626
0.945000000000000728,-0.147796073272501494
0.946000000000000729,-0.146417947021866002
0.947000000000000730,-0.145045926608119491
0.948000000000000731,-0.143679994650416559
0.949000000000000732,-0.142320134116338315
0.950000000000000733,-0.140966328312627953
0.951000000000000734,-0.139618560876149961
0.952000000000000735,-0.138276815764946714
0.953000000000000735,-0.136941077249484011
0.954000000000000736,-0.135611329904064937
0.955000000000000737,-0.134287558598373463
0.956000000000000738,-0.132969748489185219
0.957000000000000739,-0.131657885012213760
0.958000000000000740,-0.130351953874128179
0.959000000000000741,-0.129051941044684759
0.960000000000000742,-0.127757832749039235
0.961000000000000743,-0.126469615460169993
0.962000000000000743,-0.125187275891449096
0.963000000000000744,-0.123910800989362288
0.964000000000000745,-0.122640177926367500
0.965000000000000746,-0.121375394093856961
0.966000000000000747,-0.120116437095290809
0.967000000000000748,-0.118863294739426320
0.968000000000000749,-0.117615955033718217
0.969000000000000750,-0.116374406177791115
0.970000000000000751,-0.115138636557095039
0.971000000000000751,-0.113908634736631223
0.972000000000000752,-0.112684389454827866
0.973000000000000753,-0.111465889617555630
0.974000000000000754,-0.110253124292204990
0.975000000000000755,-0.109046082701930863
0.976000000000000756,-0.107844754219994995
0.977000000000000757,-0.106649128364205634
0.978000000000000758,-0.105459194791490435
0.979000000000000759,-0.104274943292587047
0.980000000000000759,-0.103096363786792572
0.981000000000000760,-0.101923446316880703
0.982000000000000761,-0.100756181044096893
0.983000000000000762,-0.099594558243237957
0.984000000000000763,-0.098438568297862766
0.985000000000000764,-0.097288201695601720
0.986000000000000765,-0.096143449023543021
0.987000000000000766,-0.095004300963734203
0.988000000000000766,-0.093870748288771816
0.989000000000000767,-0.092742781857501705
0.990000000000000768,-0.091620392610794951
0.991000000000000769,-0.090503571567404892
0.992000000000000770,-0.089392309819944921
0.993000000000000771,-0.088286598530948640
0.994000000000000772,-0.087186428928982179
0.995000000000000773,-0.086091792304901091
0.996000000000000774,-0.085002680008133685
0.997000000000000774,-0.083919083443093276
0.998000000000000775,-0.082840994065647780
0.999000000000000776,-0.081768403379673962
1.000000000000000666,-0.080701302933698385
1.001000000000000778,-0.079639684317617296
1.002000000000000668,-0.078583539159477869
1.003000000000000780,-0.077532859122356398
1.004000000000000670,-0.076487635901293399
1.005000000000000782,-0.075447861220321683
1.006000000000000671,-0.074413526829553323
1.007000000000000783,-0.073384624502325149
1.008000000000000673,-0.072361146032450391
1.009000000000000785,-0.071343083231506871
1.010000000000000675,-0.070330427926209624
1.011000000000000787,-0.069323171955833013
1.012000000000000677,-0.068321307169731380
1.013000000000000789,-0.067324825424895041
1.014000000000000679,-0.066333718583557646
1.015000000000000790,-0.065347978510922874
1.016000000000000680,-0.064367597072896160
1.017000000000000792,-0.063392566133893241
1.018000000000000682,-0.062422877554721382
1.019000000000000794,-0.061458523190504800
1.020000000000000684,-0.060499494888677285
1.021000000000000796,-0.059545784487021337
1.022000000000000686,-0.058597383811764749
1.023000000000000798,-0.057654284675744474
1.024000000000000687,-0.056716478876601729
1.025000000000000799,-0.055783958195051983
1.026000000000000689,-0.054856714393194395
1.027000000000000801,-0.053934739212869988
1.028000000000000691,-0.053018024374082894
1.029000000000000803,-0.052106561573452614
1.030000000000000693,-0.051200342482727125
1.031000000000000805,-0.050299358747349629
1.032000000000000695,-0.049403601985040492
1.033000000000000806,-0.048513063784477020
1.034000000000000696,-0.047627735703961692
1.035000000000000808,-0.046747609270173372
1.036000000000000698,-0.045872675976937068
1.037000000000000810,-0.045002927284079154
1.038000000000000700,-0.044138354616254025
1.039000000000000812,-0.043278949361870593
1.040000000000000702,-0.042424702872043696
1.041000000000000814,-0.041575606459579112
1.042000000000000703,-0.040731651397979476
1.043000000000000815,-0.039892828920534883
1.044000000000000705,-0.039059130219415719
1.045000000000000817,-0.038230546444791000
1.046000000000000707,-0.037407068704028761
1.047000000000000819,-0.036588688060892147
1.048000000000000709,-0.035775395534777411
1.049000000000000821,-0.034967182100002894
1.050000000000000711,-0.034164038685102906
1.051000000000000822,-0.033365956172191562
1.052000000000000712,-0.032572925396319605
1.053000000000000824,-0.031784937144885186
1.054000000000000714,-0.031001982157076780
1.055000000000000826,-0.030224051123332062
1.056000000000000716,-0.029451134684842346
1.057000000000000828,-0.028683223433069643
1.058000000000000718,-0.027920307909302906
1.059000000000000830,-0.027162378604241956
1.060000000000000719,-0.026409425957607764
1.061000000000000831,-0.025661440357766553
1.062000000000000721,-0.024918412141402106
1.063000000000000833,-0.024180331593205734
1.064000000000000723,-0.023447188945571646
1.065000000000000835,-0.022718974378347266
1.066000000000000725,-0.021995678018596799
1.067000000000000837,-0.021277289940360086
1.068000000000000727,-0.020563800164498124
1.069000000000000838,-0.019855198658484018
1.070000000000000728,-0.019151475336280026
1.071000000000000840,-0.018452620058197929
1.072000000000000730,-0.017758622630799213
1.073000000000000842,-0.017069472806809514
1.074000000000000732,-0.016385160285037774
1.075000000000000844,-0.015705674710353477
1.076000000000000734,-0.015031005673648828
1.077000000000000846,-0.014361142711822395
1.078000000000000735,-0.013696075307807675
1.079000000000000847,-0.013035792890583025
1.080000000000000737,-0.012380284835237284
1.081000000000000849,-0.011729540463011289
1.082000000000000739,-0.011083549041391477
1.083000000000000851,-0.010442299784202727
1.084000000000000741,-0.009805781851723986
1.085000000000000853,-0.009173984350804503
1.086000000000000743,-0.008546896335014632
1.087000000000000854,-0.007924506804804042
1.088000000000000744,-0.007306804707676246
1.089000000000000856,-0.006693778938358342
1.090000000000000746,-0.006085418339015649
1.091000000000000858,-0.005481711699465703
1.092000000000000748,-0.004882647757390937
1.093000000000000860,-0.004288215198593312
1.094000000000000750,-0.003698402657224914
1.095000000000000862,-0.003113198716072945
1.096000000000000751,-0.002532591906821921
1.097000000000000863,-0.001956570710332309
1.098000000000000753,-0.001385123556956584
1.099000000000000865,-0.000818238826835726
1.100000000000000755,-0.000255904850211749
1.101000000000000867,0.000301890092236205
1.102000000000000757,0.000855157769051081
1.103000000000000869,0.001403909997654394
1.104000000000000759,0.001948158643998547
1.105000000000000870,0.002487915622179107
1.106000000000000760,0.003023192894085235
1.107000000000000872,0.003554002468998703
1.108000000000000762,0.004080356403203251
1.109000000000000874,0.004602266799597179
1.110000000000000764,0.005119745807273599
1.111000000000000876,0.005632805621119469
1.112000000000000766,0.006141458481378489
1.113000000000000878,0.006645716673234251
1.114000000000000767,0.007145592526363686
1.115000000000000879,0.007641098414513077
1.116000000000000769,0.008132246755030543
1.117000000000000881,0.008619050008423206
1.118000000000000771,0.009101520677895785
1.119000000000000883,0.009579671308879878
1.120000000000000773,0.010053514488564182
1.121000000000000885,0.010523062845426621
1.122000000000000774,0.010988329048745029
1.123000000000000886,0.011449325808112259
1.124000000000000776,0.011906065872940399
1.125000000000000888,0.012358562031982902
1.126000000000000778,0.012806827112821977
1.127000000000000890,0.013250873981353498
1.128000000000000780,0.013690715541313103
1.129000000000000892,0.014126364733735755
1.130000000000000782,0.014557834536452402
1.131000000000000894,0.014985137963575276
1.132000000000000783,0.015408288064974036
1.133000000000000895,0.015827297925742771
1.134000000000000785,0.016242180665702793
1.135000000000000897,0.016652949438830032
1.136000000000000787,0.017059617432766083
1.137000000000000899,0.017462197868253520
1.138000000000000789,0.017860703998621441
1.139000000000000901,0.018255149109223785
1.140000000000000790,0.018645546516920030
1.141000000000000902,0.019031909569532553
1.142000000000000792,0.019414251645284902
1.143000000000000904,0.019792586152277476
1.144000000000000794,0.020166926527920976
1.145000000000000906,0.020537286238418440
1.146000000000000796,0.020903678778179346
1.147000000000000908,0.021266117669300158
1.148000000000000798,0.021624616460998364
1.149000000000000909,0.021979188729064722
1.150000000000000799,0.022329848075319403
1.151000000000000689,0.022676608127046600
1.152000000000000801,0.023019482536449455
1.153000000000000913,0.023358484980094529
1.154000000000000803,0.023693629158360697
1.155000000000000693,0.024024928794891182
1.156000000000000805,0.024352397636023287
1.157000000000000917,0.024676049450258732
1.158000000000000806,0.024995898027688972
1.159000000000000696,0.025311957179458687
1.160000000000000808,0.025624240737209814
1.161000000000000920,0.025932762552525634
1.162000000000000810,0.026237536496381303
1.163000000000000700,0.026538576458600100
1.164000000000000812,0.026835896347294635
1.165000000000000924,0.027129510088331865
1.166000000000000814,0.027419431624767787
1.167000000000000703,0.027705674916319478
1.168000000000000815,0.027988253938803324
1.169000000000000927,0.028267182683606840
1.170000000000000817,0.028542475157129887
1.171000000000000707,0.028814145380263723
1.172000000000000819,0.029082207387824327
1.173000000000000931,0.029346675228037172
1.174000000000000821,0.029607562961993194
1.175000000000000711,0.029864884663107570
1.176000000000000822,0.030118654416589639
1.177000000000000934,0.030368886318918587
1.178000000000000824,0.030615594477298790
1.179000000000000714,0.030858793009148407
1.180000000000000826,0.031098496041554270
1.181000000000000938,0.031334717710767658
1.182000000000000828,0.031567472161668650
1.183000000000000718,0.031796773547245152
1.184000000000000830,0.032022636028082821
1.185000000000000941,0.032245073771850118
1.186000000000000831,0.032464100952773661
1.187000000000000721,0.032679731751139342
1.188000000000000833,0.032891980352774554
1.189000000000000945,0.033100860948545058
1.190000000000000835,0.033306387733848121
1.191000000000000725,0.033508574908126434
1.192000000000000837,0.033707436674334859
1.193000000000000949,0.033902987238486663
1.194000000000000838,0.034095240809120970
1.195000000000000728,0.034284211596841793
1.196000000000000840,0.034469913813808310
1.197000000000000952,0.034652361673254577
1.198000000000000842,0.034831569389017200
1.199000000000000732,0.035007551175030682
1.200000000000000844,0.035180321244883614
1.201000000000000956,0.035349893811308992
1.202000000000000846,0.035516283085738079
1.203000000000000735,0.035679503277812434
1.204000000000000847,0.035839568594939183
1.205000000000000959,0.035996493241797080
1.206000000000000849,0.036150291419908061
1.207000000000000739,0.036300977327163184
1.208000000000000851,0.036448565157365109
1.209000000000000963,0.036593069099787788
1.210000000000000853,0.036734503338716876
1.211000000000000743,0.036872882053018197
1.212000000000000854,0.037008219415679479
1.213000000000000966,0.037140529593388913
1.214000000000000856,0.037269826746074111
1.215000000000000746,0.037396125026506383
1.216000000000000858,0.037519438579827237
1.217000000000000970,0.037639781543160930
1.218000000000000860,0.037757168045167808
1.219000000000000750,0.037871612205630525
1.220000000000000862,0.037983128135038624
1.221000000000000973,0.038091729934176574
1.222000000000000863,0.038197431693704396
1.223000000000000753,0.038300247493766072
1.224000000000000865,0.038400191403567763
1.225000000000000977,0.038497277480987468
1.226000000000000867,0.038591519772179422
1.227000000000000757,0.038682932311174811
1.228000000000000869,0.038771529119498140
1.229000000000000981,0.038857324205758534
1.230000000000000870,0.038940331565302140
1.231000000000000760,0.039020565179799384
1.232000000000000872,0.039098039016874371
1.233000000000000984,0.039172767029748770
1.234000000000000874,0.039244763156843242
1.235000000000000764,0.039314041321434838
1.236000000000000876,0.039380615431273455
1.237000000000000988,0.039444499378237685
1.238000000000000878,0.039505707037956958
1.239000000000000767,0.039564252269481723
1.240000000000000879,0.039620148914910489
1.241000000000000991,0.039673410799055828
1.242000000000000881,0.039724051729097022
1.243000000000000771,0.039772085494233528
1.244000000000000883,0.039817525865360498
1.245000000000000995,0.039860386594714747
1.246000000000000885,0.039900681415562120
1.247000000000000774,0.039938424041862465
1.248000000000000886,0.039973628167944350
1.249000000000000998,0.040006307468186474
1.250000000000000888,0.040036475596695230
1.251000000000000778,0.040064146186997510
1.252000000000000890,0.040089332851724613
1.253000000000001002,0.040112049182311614
1.254000000000000892,0.040132308748676390
1.255000000000000782,0.040150125098936798
1.256000000000000894,0.040165511759106633
1.257000000000001005,0.040178482232794611
1.258000000000000895,0.040189050000918831
1.259000000000000785,0.040197228521420270
1.260000000000000897,0.040203031228975381
1.261000000000001009,0.040206471534708368
1.262000000000000899,0.040207562825927898
1.263000000000000789,0.040206318465838248
1.264000000000000901,0.040202751793269334
1.265000000000001013,0.040196876122415973
1.266000000000000902,0.040188704742562684
1.267000000000000792,0.040178250917827327
1.268000000000000904,0.040165527886899657
1.269000000000001016,0.040150548862787981
1.270000000000000906,0.040133327032556204
1.271000000000000796,0.040113875557088771
1.272000000000000908,0.040092207570835967
1.273000000000001020,0.040068336181569492
1.274000000000000909,0.040042274470143358
1.275000000000000799,0.040014035490262209
1.276000000000000911,0.039983632268233302
1.277000000000001023,0.039951077802752755
1.278000000000000913,0.039916385064664134
1.279000000000000803,0.039879566996739967
1.280000000000000915,0.039840636513449358
1.281000000000001027,0.039799606500763689
1.282000000000000917,0.039756489815909797
1.283000000000000806,0.039711299287179383
1.284000000000000918,0.039664047713704090
1.285000000000001030,0.039614747865264227
1.286000000000000920,0.039563412482068024
1.287000000000000810,0.039510054274563979
1.288000000000000922,0.039454685923230683
1.289000000000001034,0.039397320078391196
1.290000000000000924,0.039337969360022117
1.291000000000000814,0.039276646357547587
1.292000000000000925,0.039213363629677832
1.293000000000001037,0.039148133704197265
1.294000000000000927,0.039080969077806657
1.295000000000000817,0.039011882215934532
1.296000000000000929,0.038940885552561907
1.297000000000001041,0.038867991490053169
1.298000000000000931,0.038793212398981924
1.299000000000000821,0.038716560617964912
1.300000000000000933,0.038638048453503437
1.301000000000001044,0.038557688179813199
1.302000000000000934,0.038475492038675618
1.303000000000000824,0.038391472239264104
1.304000000000000936,0.038305640958015627
1.305000000000001048,0.038218010338459077
1.306000000000000938,0.038128592491070187
1.307000000000000828,0.038037399493139556
1.308000000000000940,0.037944443388619645
1.309000000000001052,0.037849736187974714
1.310000000000000941,0.037753289868063568
1.311000000000000831,0.037655116371989136
1.312000000000000943,0.037555227608981862
1.313000000000001055,0.037453635454240596
1.314000000000000945,0.037350351748837912
1.315000000000000835,0.037245388299575743
1.316000000000000947,0.037138756878869660
1.317000000000001059,0.037030469224620582
1.318000000000000949,0.036920537040114366
1.319000000000000838,0.036808971993882923
1.320000000000000950,0.036695785719610352
1.321000000000001062,0.036580989816020121
1.322000000000000952,0.036464595846756633
1.323000000000000842,0.036346615340290697
1.324000000000000954,0.036227059789806206
1.325000000000001066,0.036105940653114864
1.326000000000000956,0.035983269352535818
1.327000000000000846,0.035859057274822650
1.328000000000000957,0.035733315771045160
1.329000000000001069,0.035606056156524866
1.330000000000000959,0.035477289710717175
1.331000000000000849,0.035347027677144073
1.332000000000000961,0.035215281263306843
1.333000000000001073,0.035082061640595921
1.334000000000000963,0.034947379944209662
1.335000000000000853,0.034811247273088382
1.336000000000000965,0.034673674689823158
1.337000000000001076,0.034534673220589424
1.338000000000000966,0.034394253855077349
1.339000000000000856,0.034252427546411467
1.340000000000000968,0.034109205211095069
1.341000000000001080,0.033964597728938645
1.342000000000000970,0.033818615942993964
1.343000000000000860,0.033671270659496773
1.344000000000000972,0.033522572647806864
1.345000000000001084,0.033372532640341630
1.346000000000000973,0.033221161332535276
1.347000000000000863,0.033068469382772740
1.348000000000000975,0.032914467412348013
1.349000000000001087,0.032759166005402865
1.350000000000000977,0.032602575708888075
1.351000000000000867,0.032444707032510275
1.352000000000000979,0.032285570448703373
1.353000000000001091,0.032125176392562418
1.354000000000000981,0.031963535261819206
1.355000000000000870,0.031800657416804837
1.356000000000000982,0.031636553180405522
1.357000000000001094,0.031471232838028398
1.358000000000000984,0.031304706637574189
1.359000000000000874,0.031136984789403476
1.360000000000000986,0.030968077466304068
1.361000000000001098,0.030797994803462080
1.362000000000000988,0.030626746898446421
1.363000000000000878,0.030454343811176194
1.364000000000000989,0.030280795563889313
1.365000000000001101,0.030106112141143161
1.366000000000000991,0.029930303489779708
1.367000000000000881,0.029753379518909467
1.368000000000000993,0.029575350099900331
1.369000000000001105,0.029396225066356269
1.370000000000000995,0.029216014214114450
1.371000000000000885,0.029034727301226259
1.372000000000000997,0.028852374047950120
1.373000000000001108,0.028668964136736086
1.374000000000000998,0.028484507212245380
1.375000000000000888,0.028299012881304438
1.376000000000001000,0.028112490712937470
1.377000000000001112,0.027924950238346319
1.378000000000001002,0.027736400950914435
1.379000000000000892,0.027546852306209478
1.380000000000001004,0.027356313721984060
1.381000000000001116,0.027164794578174771
1.382000000000001005,0.026972304216919485
1.383000000000000895,0.026778851942553722
1.384000000000001007,0.026584447021623908
1.385000000000001119,0.026389098682893068
1.386000000000001009,0.026192816117353291
1.387000000000000899,0.025995608478248271
1.388000000000001011,0.025797484881057792
1.389000000000001123,0.025598454403551983
1.390000000000001013,0.025398526085777480
1.391000000000000902,0.025197708930089335
1.392000000000001014,0.024996011901164097
1.393000000000001126,0.024793443926023666
1.394000000000001016,0.024590013894050099
1.395000000000000906,0.024385730657016415
1.396000000000001018,0.024180603029110424
1.397000000000001130,0.023974639786949730
1.398000000000001020,0.023767849669617487
1.399000000000000909,0.023560241378686529
1.400000000000001021,0.023351823578252280
1.401000000000001133,0.023142604894950965
1.402000000000001023,0.022932593918005815
1.403000000000000913,0.022721799199250926
1.404000000000001025,0.022510229253160201
1.405000000000001137,0.022297892556893142
1.406000000000001027,0.022084797550323020
1.407000000000000917,0.021870952636067507
1.408000000000001029,0.021656366179544244
1.409000000000001140,0.021441046508988718
1.410000000000001030,0.021225001915511361
1.411000000000000920,0.021008240653126870
1.412000000000001032,0.020790770938800461
1.413000000000001144,0.020572600952490649
1.414000000000001034,0.020353738837191708
1.415000000000000924,0.020134192698984470
1.416000000000001036,0.019913970607068829
1.417000000000001148,0.019693080593821181
1.418000000000001037,0.019471530654844148
1.419000000000000927,0.019249328749005850
1.420000000000001039,0.019026482798498515
1.421000000000001151,0.018803000688879645
1.422000000000001041,0.018578890269131405
1.423000000000000931,0.018354159351711190
1.424000000000001043,0.018128815712601103
1.425000000000001155,0.017902867091366889
1.426000000000001044,0.017676321191208721
1.427000000000000934,0.017449185679018101
1.428000000000001046,0.017221468185435483
1.429000000000001158,0.016993176304911567
1.430000000000001048,0.016764317595753447
1.431000000000000938,0.016534899580198763
1.432000000000001050,0.016304929744463320
1.433000000000001162,0.016074415538807948
1.434000000000001052,0.015843364377600706
1.435000000000000941,0.015611783639371771
1.436000000000001053,0.015379680666884537
1.437000000000001165,0.015147062767202162
1.438000000000001055,0.014913937211733013
1.439000000000000945,0.014680311236318220
1.440000000000001057,0.014446192041282099
1.441000000000001169,0.014211586791512429
1.442000000000001059,0.013976502616513359
1.443000000000000949,0.013740946610479565
1.444000000000001060,0.013504925832365788
1.445000000000001172,0.013268447305959816
1.446000000000001062,0.013031518019937832
1.447000000000000952,0.012794144927954937
1.448000000000001064,0.012556334948700246
1.449000000000001176,0.012318094965970406
1.450000000000001066,0.012079431828756041
1.451000000000000956,0.011840352351299441
1.452000000000001068,0.011600863313170643
1.453000000000001180,0.011360971459348407
1.454000000000001069,0.011120683500290007
1.455000000000000959,0.010880006112004372
1.456000000000001071,0.010638945936137463
1.457000000000001183,0.010397509580032303
1.458000000000001073,0.010155703616819913
1.459000000000000963,0.009913534585497296
1.460000000000001075,0.009671008990993504
1.461000000000001187,0.009428133304262282
1.462000000000001076,0.009184913962342963
1.463000000000000966,0.008941357368460497
1.464000000000001078,0.008697469892095333
1.465000000000001190,0.008453257869055823
1.466000000000001080,0.008208727601578186
1.467000000000000970,0.007963885358391581
1.468000000000001082,0.007718737374803655
1.469000000000001194,0.007473289852791684
1.470000000000001084,0.007227548961071880
1.471000000000000973,0.006981520835195214
1.472000000000001085,0.006735211577617810
1.473000000000001197,0.006488627257796390
1.474000000000001087,0.006241773912265268
1.475000000000000977,0.005994657544730456
1.476000000000001089,0.005747284126141022
1.477000000000001201,0.005499659594783001
1.478000000000001091,0.005251789856369019
1.479000000000000981,0.005003680784114117
1.480000000000001092,0.004755338218833208
1.481000000000001204,0.004506767969021256
1.482000000000001094,0.004257975810940460
1.483000000000000984,0.004008967488709654
1.484000000000001096,0.003759748714392938
1.485000000000001208,0.003510325168093655
1.486000000000001098,0.003260702498025711
1.487000000000000988,0.003010886320621544
1.488000000000001100,0.002760882220614062
1.489000000000001211,0.002510695751120322
1.490000000000001101,0.002260332433739517
1.491000000000000991,0.002009797758643391
1.492000000000001103,0.001759097184657297
1.493000000000001215,0.001508236139358915
1.494000000000001105,0.001257220019171522
1.495000000000000995,0.001006054189447603
1.496000000000001107,0.000754743984562442
1.497000000000001219,0.000503294708009639
1.498000000000001108,0.000251711632488190
1.499000000000000998,0.000000000000000000
