# GoldBrush_AMAN-AC
# h[nm],U(h)[kJ/mol]
0.200000000000000011,139.009300935595376814
0.201000000000000012,134.821828875029751771
0.202000000000000013,131.420251468439403197
0.203000000000000014,128.488034018724476937
0.204000000000000015,125.827062734157905766
0.205000000000000016,123.318163291841386808
0.206000000000000016,120.893476105359269468
0.207000000000000017,118.517427757208992034
0.208000000000000018,116.173872680828893067
0.209000000000000019,113.857612008551768668
0.210000000000000020,111.568974196115021869
0.211000000000000021,109.310500825499119060
0.212000000000000022,107.085048956318431124
0.213000000000000023,104.894820252417531492
0.214000000000000024,102.740973597197779554
0.215000000000000024,100.623584902876714864
0.216000000000000025,98.541795183967494154
0.217000000000000026,96.494043241810899758
0.218000000000000027,94.478318230180803994
0.219000000000000028,92.492394286147629145
0.220000000000000029,90.534027589834835226
0.221000000000000030,88.601108115318567116
0.222000000000000031,86.691765779725614038
0.223000000000000032,84.804435038627019594
0.224000000000000032,82.937884201856491018
0.225000000000000033,81.091216571424197923
0.226000000000000034,79.263850444838041653
0.227000000000000035,77.455484443802248506
0.228000000000000036,75.666053768896460952
0.229000000000000037,73.895682012606783928
0.230000000000000038,72.144632194021653504
0.231000000000000039,70.413259774548976111
0.232000000000000040,68.701969611618864064
0.233000000000000040,67.011178122828553683
0.234000000000000041,65.341281369345978192
0.235000000000000042,63.692629319171373936
0.236000000000000043,62.065506207673955430
0.237000000000000044,60.460116661778251057
0.238000000000000045,58.876577081491497268
0.239000000000000046,57.314911664601162045
0.240000000000000047,55.775052404629221314
0.241000000000000048,54.256842377107531661
0.242000000000000048,52.760041644928435289
0.243000000000000049,51.284335151408335207
0.244000000000000050,49.829342022683064783
0.245000000000000051,48.394625763326800438
0.246000000000000052,46.979704896063104513
0.247000000000000053,45.584063664526901505
0.248000000000000054,44.207162484563355065
0.249000000000000055,42.848447892572693263
0.250000000000000056,41.507361797604367837
0.251000000000000056,40.183349896444049421
0.252000000000000057,38.875869157396508058
0.253000000000000058,37.584394318722786466
0.254000000000000059,36.308423381848534461
0.255000000000000060,35.047482107802927942
0.256000000000000061,33.801127548264254585
0.257000000000000062,32.568950660550193277
0.258000000000000063,31.350578069404832604
0.259000000000000064,30.145673048028619689
0.260000000000000064,28.953935796988741203
0.261000000000000065,27.775103102942630073
0.262000000000000066,26.608947459973386174
0.263000000000000067,25.455275735216535082
0.264000000000000068,24.313927457746586924
0.265000000000000069,23.184772805744859880
0.266000000000000070,22.067710362105795951
0.267000000000000071,20.962664703124847421
0.268000000000000071,19.869583878987146619
0.269000000000000072,18.788436838637057491
0.270000000000000073,17.719210845420349187
0.271000000000000074,16.661908923788484316
0.272000000000000075,15.616547371442397463
0.273000000000000076,14.583153365657754108
0.274000000000000077,13.561762687233620994
0.275000000000000078,12.552417580587050594
0.276000000000000079,11.555164764006027767
0.277000000000000079,10.570053599983877390
0.278000000000000080,9.597134431900482099
0.279000000000000081,8.636457090076637755
0.280000000000000082,7.688069567403823967
0.281000000000000083,6.752016862318659385
0.282000000000000084,5.828339984834267185
0.283000000000000085,4.917075119631054925
0.284000000000000086,4.018252938821160747
0.285000000000000087,3.131898055911940926
0.286000000000000087,2.258028611668746688
0.287000000000000088,1.396655981995146956
0.288000000000000089,0.547784597579809018
0.289000000000000090,-0.288588135123361400
0.290000000000000091,-1.112471822031890323
0.291000000000000092,-1.923882989019090717
0.292000000000000093,-2.722844919036400135
0.293000000000000094,-3.509387428527299679
0.294000000000000095,-4.283546592468762348
0.295000000000000095,-5.045364426897860355
0.296000000000000096,-5.794888537251736693
0.297000000000000097,-6.532171740288285733
0.298000000000000098,-7.257271666769112173
0.299000000000000099,-7.970250351490335561
0.300000000000000100,-8.671173816645268317
0.301000000000000101,-9.360111653909289231
0.302000000000000102,-10.037136610050115593
0.303000000000000103,-10.702324180301804546
0.304000000000000103,-11.355752213191003364
0.305000000000000104,-11.997500529983506468
0.306000000000000105,-12.627650561423447328
0.307000000000000106,-13.246285003971788541
0.308000000000000107,-13.853487497316322674
0.309000000000000108,-14.449342324521472491
0.310000000000000109,-15.033934135816414468
0.311000000000000110,-15.607347696678356641
0.312000000000000111,-16.169667660563153078
0.313000000000000111,-16.720978366355858213
0.314000000000000112,-17.261363660368527206
0.315000000000000113,-17.790906742493699966
0.316000000000000114,-18.309690035931652119
0.317000000000000115,-18.817795079744517039
0.318000000000000116,-19.315302443350581996
0.319000000000000117,-19.802291661954861013
0.320000000000000118,-20.278841191816212586
0.321000000000000119,-20.745028384175995484
0.322000000000000119,-21.200929476615108626
0.323000000000000120,-21.646619600565180974
0.324000000000000121,-22.082172803674708916
0.325000000000000122,-22.507662085717988987
0.326000000000000123,-22.923159446734906908
0.327000000000000124,-23.328735946100884746
0.328000000000000125,-23.724461771246513564
0.329000000000000126,-24.110406314775250536
0.330000000000000127,-24.486638258763811393
0.331000000000000127,-24.853225665071683181
0.332000000000000128,-25.210236070533660779
0.333000000000000129,-25.557736585960963538
0.334000000000000130,-25.895793997930553587
0.335000000000000131,-26.224474872400850956
0.336000000000000132,-26.543845659249676316
0.337000000000000133,-26.853972796891930841
0.338000000000000134,-27.154922816195330881
0.339000000000000135,-27.446762442972453044
0.340000000000000135,-27.729558698390178506
0.341000000000000136,-28.003378996695630576
0.342000000000000137,-28.268291239718092100
0.343000000000000138,-28.524363907662490192
0.344000000000000139,-28.771666145767483158
0.345000000000000140,-29.010267846453494656
0.346000000000000141,-29.240239726638698414
0.347000000000000142,-29.461653399950421317
0.348000000000000143,-29.674581443606609099
0.349000000000000143,-29.879097459786429170
0.350000000000000144,-30.075276131352360665
0.351000000000000145,-30.263193271824434305
0.352000000000000146,-30.442925869545980788
0.353000000000000147,-30.614552126013840905
0.354000000000000148,-30.778151488378647116
0.355000000000000149,-30.933804676150423063
0.356000000000000150,-31.081593702171893767
0.357000000000000151,-31.221601887946423659
0.358000000000000151,-31.353913873430883541
0.359000000000000152,-31.478615621422779469
0.360000000000000153,-31.595794416690580420
0.361000000000000154,-31.705538860010637592
0.362000000000000155,-31.807938857289638435
0.363000000000000156,-31.903085603962637151
0.364000000000000157,-31.991071564867496591
0.365000000000000158,-32.071990449805682033
0.366000000000000159,-32.145937185005365677
0.367000000000000159,-32.213007880709781716
0.368000000000000160,-32.273299795116592747
0.369000000000000161,-32.326911294898032168
0.370000000000000162,-32.373941812532464724
0.371000000000000163,-32.414491800679122946
0.372000000000000164,-32.448662683826725583
0.373000000000000165,-32.476556807445675190
0.374000000000000166,-32.498277384871386175
0.375000000000000167,-32.513928442141974529
0.376000000000000167,-32.523614761011799601
0.377000000000000168,-32.527441820355811331
0.378000000000000169,-32.525515736175940162
0.379000000000000170,-32.517943200414904936
0.380000000000000171,-32.504831418776724661
0.381000000000000172,-32.486288047746924690
0.382000000000000173,-32.462421130998926344
0.383000000000000174,-32.433339035366188341
0.384000000000000175,-32.399150386552143743
0.385000000000000175,-32.359964004743147825
0.386000000000000176,-32.315888840282056549
0.387000000000000177,-32.267033909552097271
0.388000000000000178,-32.213508231213936028
0.389000000000000179,-32.155420762930312151
0.390000000000000180,-32.092880338705604970
0.391000000000000181,-32.025995606959995143
0.392000000000000182,-31.954874969450280275
0.393000000000000183,-31.879626521141915418
0.394000000000000183,-31.800357991129924784
0.395000000000000184,-31.717176684698653588
0.396000000000000185,-31.630189426603628533
0.397000000000000186,-31.539502505651832109
0.398000000000000187,-31.445221620649903116
0.399000000000000188,-31.347451827783459066
0.400000000000000189,-31.246297489484021526
0.401000000000000190,-31.141862224834547135
0.402000000000000191,-31.034248861557863108
0.403000000000000191,-30.923559389627161664
0.404000000000000192,-30.809894916532289955
0.405000000000000193,-30.693355624229457845
0.406000000000000194,-30.574040727798216466
0.407000000000000195,-30.452048435823705574
0.408000000000000196,-30.327475912517929402
0.409000000000000197,-30.200419241589607111
0.410000000000000198,-30.070973391867756419
0.411000000000000199,-29.939232184680282245
0.412000000000000199,-29.805288262985158099
0.413000000000000200,-29.669233062248299149
0.414000000000000201,-29.531156783058968074
0.415000000000000202,-29.391148365470154857
0.416000000000000203,-29.249295465049023335
0.417000000000000204,-29.105684430619266578
0.418000000000000205,-28.960400283675120647
0.419000000000000206,-28.813526699444203416
0.420000000000000207,-28.665145989574273955
0.421000000000000207,-28.515339086417348824
0.422000000000000208,-28.364185528881915133
0.423000000000000209,-28.211763449823671124
0.424000000000000210,-28.058149564942574727
0.425000000000000211,-27.903419163153152738
0.426000000000000212,-27.747646098393989433
0.427000000000000213,-27.590902782840736052
0.428000000000000214,-27.433260181486751605
0.429000000000000214,-27.274787808053996940
0.430000000000000215,-27.115553722196580111
0.431000000000000216,-26.955624527958889303
0.432000000000000217,-26.795065373449176604
0.433000000000000218,-26.633939951689796999
0.434000000000000219,-26.472310502604688764
0.435000000000000220,-26.310237816104717012
0.436000000000000221,-26.147781236231104174
0.437000000000000222,-25.984998666317615346
0.438000000000000222,-25.821946575131903501
0.439000000000000223,-25.658680003956835236
0.440000000000000224,-25.495252574572592863
0.441000000000000225,-25.331716498100782076
0.442000000000000226,-25.168122584672314446
0.443000000000000227,-25.004520253880599512
0.444000000000000228,-24.840957545982902843
0.445000000000000229,-24.677481133812495528
0.446000000000000230,-24.514136335364987929
0.447000000000000230,-24.350967127023118053
0.448000000000000231,-24.188016157384382154
0.449000000000000232,-24.025324761656698058
0.450000000000000233,-23.862932976588414391
0.451000000000000234,-23.700879555898701767
0.452000000000000235,-23.539201986176255588
0.453000000000000236,-23.377936503213771147
0.454000000000000237,-23.217118108747641259
0.455000000000000238,-23.056780587571829244
0.456000000000000238,-22.896956524996731730
0.457000000000000239,-22.737677324623923880
0.458000000000000240,-22.578973226408919572
0.459000000000000241,-22.420873324984349040
0.460000000000000242,-22.263405588217569431
0.461000000000000243,-22.106596875976499916
0.462000000000000244,-21.950472959079498025
0.463000000000000245,-21.795058538404404658
0.464000000000000246,-21.640377264134365021
0.465000000000000246,-21.486451755117364826
0.466000000000000247,-21.333303618318112171
0.467000000000000248,-21.180953468341318313
0.468000000000000249,-21.029420947006389753
0.469000000000000250,-20.878724742954034355
0.470000000000000251,-20.728882611266470803
0.471000000000000252,-20.579911393083136772
0.472000000000000253,-20.431827035195237130
0.473000000000000254,-20.284644609602349163
0.474000000000000254,-20.138378333015964472
0.475000000000000255,-19.993041586294523881
0.476000000000000256,-19.848646933796239011
0.477000000000000257,-19.705206142635837807
0.478000000000000258,-19.562730201832465582
0.479000000000000259,-19.421229341336520235
0.480000000000000260,-19.280713050923910856
0.481000000000000261,-19.141190098946534448
0.482000000000000262,-19.002668550928920155
0.483000000000000262,-18.865155788001072068
0.484000000000000263,-18.728658525158316195
0.485000000000000264,-18.593182829339671258
0.486000000000000265,-18.458734137316454849
0.487000000000000266,-18.325317273383706862
0.488000000000000267,-18.192936466847275057
0.489000000000000268,-18.061595369300189162
0.490000000000000269,-17.931297071681960631
0.491000000000000270,-17.802044121115578434
0.492000000000000270,-17.673838537516694203
0.493000000000000271,-17.546681829970545152
0.494000000000000272,-17.420575012872266285
0.495000000000000273,-17.295518621826559524
0.496000000000000274,-17.171512729303511691
0.497000000000000275,-17.048556960047228870
0.498000000000000276,-16.926650506234619087
0.499000000000000277,-16.805792142382031784
0.500000000000000222,-16.685980239997483920
0.501000000000000334,-16.567212781977030289
0.502000000000000224,-16.449487376743672229
0.503000000000000336,-16.332801272127625225
0.504000000000000226,-16.217151368987529736
0.505000000000000338,-16.102534234571319161
0.506000000000000227,-15.988946115617419963
0.507000000000000339,-15.876382951195205706
0.508000000000000229,-15.764840385285868507
0.509000000000000341,-15.654313779103205206
0.510000000000000231,-15.544798223155984473
0.511000000000000343,-15.436288549051653263
0.512000000000000233,-15.328779341043414775
0.513000000000000345,-15.222264947321022532
0.514000000000000234,-15.116739491047633592
0.515000000000000346,-15.012196881143230698
0.516000000000000236,-14.908630822817396933
0.517000000000000348,-14.806034827852400326
0.518000000000000238,-14.704402224639371966
0.519000000000000350,-14.603726167969014682
0.520000000000000240,-14.503999648579750215
0.521000000000000352,-14.405215502465186006
0.522000000000000242,-14.307366419943743807
0.523000000000000353,-14.210444954492725600
0.524000000000000243,-14.114443531349802896
0.525000000000000355,-14.019354455884382560
0.526000000000000245,-13.925169921742064361
0.527000000000000357,-13.831882018764625641
0.528000000000000247,-13.739482740689027196
0.529000000000000359,-13.647963992628035612
0.530000000000000249,-13.557317598335879794
0.531000000000000361,-13.467535307261851329
0.532000000000000250,-13.378608801395298400
0.533000000000000362,-13.290529701904839399
0.534000000000000252,-13.203289575575567483
0.535000000000000364,-13.116879941047013602
0.536000000000000254,-13.031292274855676538
0.537000000000000366,-12.946518017284930124
0.538000000000000256,-12.862548578026240520
0.539000000000000368,-12.779375341654434450
0.540000000000000258,-12.696989672921040082
0.541000000000000369,-12.615382921868366850
0.542000000000000259,-12.534546428768477355
0.543000000000000371,-12.454471528889662579
0.544000000000000261,-12.375149557094418995
0.545000000000000373,-12.296571852271842573
0.546000000000000263,-12.218729761608212669
0.547000000000000375,-12.141614644698510261
0.548000000000000265,-12.065217877503021882
0.549000000000000377,-11.989530856151457527
0.550000000000000266,-11.914545000598618429
0.551000000000000378,-11.840251758134325399
0.552000000000000268,-11.766642606751258171
0.553000000000000380,-11.693709058373604748
0.554000000000000270,-11.621442661950062814
0.555000000000000382,-11.549835006413866623
0.556000000000000272,-11.478877723513608800
0.557000000000000384,-11.408562490517260457
0.558000000000000274,-11.338881032793153736
0.559000000000000385,-11.269825126270268001
0.560000000000000275,-11.201386599781518072
0.561000000000000387,-11.133557337292383949
0.562000000000000277,-11.066329280018221581
0.563000000000000389,-10.999694428432970739
0.564000000000000279,-10.933644844172185628
0.565000000000000391,-10.868172651833068798
0.566000000000000281,-10.803270040674492591
0.567000000000000393,-10.738929266219441772
0.568000000000000282,-10.675142651762993040
0.569000000000000394,-10.611902589787927553
0.570000000000000284,-10.549201543291136574
0.571000000000000396,-10.487032047022941228
0.572000000000000286,-10.425386708642214728
0.573000000000000398,-10.364258209789378284
0.574000000000000288,-10.303639307080155518
0.575000000000000400,-10.243522833022108642
0.576000000000000290,-10.183901696856544561
0.577000000000000401,-10.124768885327922519
0.578000000000000291,-10.066117463383221775
0.579000000000000403,-10.007940574803246392
0.580000000000000293,-9.950231442768359358
0.581000000000000405,-9.892983370360392215
0.582000000000000295,-9.836189741003275699
0.583000000000000407,-9.779844018843981246
0.584000000000000297,-9.723939749076190964
0.585000000000000409,-9.668470558208317911
0.586000000000000298,-9.613430154278162831
0.587000000000000410,-9.558812327015662191
0.588000000000000300,-9.504610947956056322
0.589000000000000412,-9.450819970504804601
0.590000000000000302,-9.397433429956395301
0.591000000000000414,-9.344445443468558210
0.592000000000000304,-9.291850209993658183
0.593000000000000416,-9.239642010168804376
0.594000000000000306,-9.187815206166495940
0.595000000000000417,-9.136364241507100914
0.596000000000000307,-9.085283640834953545
0.597000000000000419,-9.034568009659354360
0.598000000000000309,-8.984212034062135643
0.599000000000000421,-8.934210480372980712
0.600000000000000311,-8.884558194814145438
0.601000000000000423,-8.835250103115660281
0.602000000000000313,-8.786281210102618644
0.603000000000000425,-8.737646599255487700
0.604000000000000314,-8.689341432245132779
0.605000000000000426,-8.641360948443260526
0.606000000000000316,-8.593700464409961270
0.607000000000000428,-8.546355373359066476
0.608000000000000318,-8.499321144602834721
0.609000000000000430,-8.452593322976664325
0.610000000000000320,-8.406167528245280351
0.611000000000000432,-8.360039454491063893
0.612000000000000322,-8.314204869485831040
0.613000000000000433,-8.268659614046788064
0.614000000000000323,-8.223399601377758827
0.615000000000000435,-8.178420816396542392
0.616000000000000325,-8.133719315049305010
0.617000000000000437,-8.089291223612780968
0.618000000000000327,-8.045132737985337457
0.619000000000000439,-8.001240122967375967
0.620000000000000329,-7.957609711532194652
0.621000000000000441,-7.914237904087841002
0.622000000000000330,-7.871121167730791512
0.623000000000000442,-7.828256035492101361
0.624000000000000332,-7.785639105576811048
0.625000000000000444,-7.743267040597158868
0.626000000000000334,-7.701136566800340866
0.627000000000000446,-7.659244473291343169
0.628000000000000336,-7.617587611251582125
0.629000000000000448,-7.576162893153727040
0.630000000000000338,-7.534967291973536874
0.631000000000000449,-7.493997840398945343
0.632000000000000339,-7.453251630037174280
0.633000000000000451,-7.412725810620218958
0.634000000000000341,-7.372417589209258715
0.635000000000000453,-7.332324229398416549
0.636000000000000343,-7.292443050518360614
0.637000000000000455,-7.252771426840096680
0.638000000000000345,-7.213306786779535074
0.639000000000000457,-7.174046612102917386
0.640000000000000346,-7.134988437133928940
0.641000000000000458,-7.096129847962356685
0.642000000000000348,-7.057468481655130077
0.643000000000000460,-7.019002025469651684
0.644000000000000350,-6.980728216070106740
0.645000000000000462,-6.942644838746742764
0.646000000000000352,-6.904749726638709895
0.647000000000000464,-6.867040759960396201
0.648000000000000353,-6.829515865231989835
0.649000000000000465,-6.792173014513968710
0.650000000000000355,-6.755010224646300188
0.651000000000000467,-6.718025556492134953
0.652000000000000357,-6.681217114186587480
0.653000000000000469,-6.644583044390458326
0.654000000000000359,-6.608121535549472014
0.655000000000000471,-6.571830817158824445
0.656000000000000361,-6.535709159033603832
0.657000000000000473,-6.499754870584889765
0.658000000000000362,-6.463966300102025109
0.659000000000000474,-6.428341834040921299
0.660000000000000364,-6.392879896318770072
0.661000000000000476,-6.357578947615087017
0.662000000000000366,-6.322437484679403141
0.663000000000000478,-6.287454039645557380
0.664000000000000368,-6.252627179352823639
0.665000000000000480,-6.217955504673874145
0.666000000000000369,-6.183437649849726547
0.667000000000000481,-6.149072281831735154
0.668000000000000371,-6.114858099630749777
0.669000000000000483,-6.080793833673395099
0.670000000000000373,-6.046878245165756560
0.671000000000000485,-6.013110125464163680
0.672000000000000375,-5.979488295453644575
0.673000000000000487,-5.946011604933525874
0.674000000000000377,-5.912678932010694943
0.675000000000000488,-5.879489182500191369
0.676000000000000378,-5.846441289333514035
0.677000000000000490,-5.813534211974309862
0.678000000000000380,-5.780766935841738174
0.679000000000000492,-5.748138471741355282
0.680000000000000382,-5.715647855303677360
0.681000000000000494,-5.683294146430240446
0.682000000000000384,-5.651076428747392022
0.683000000000000496,-5.618993809067553968
0.684000000000000385,-5.587045416858205549
0.685000000000000497,-5.555230403718338650
0.686000000000000387,-5.523547942862627735
0.687000000000000499,-5.491997228612976123
0.688000000000000389,-5.460577475897825828
0.689000000000000501,-5.429287919758740699
0.690000000000000391,-5.398127814864698060
0.691000000000000503,-5.367096435033678503
0.692000000000000393,-5.336193072761802547
0.693000000000000504,-5.305417038759765447
0.694000000000000394,-5.274767661496738924
0.695000000000000506,-5.244244286751476913
0.696000000000000396,-5.213846277170776311
0.697000000000000508,-5.183573011835162170
0.698000000000000398,-5.153423885831769802
0.699000000000000510,-5.123398309834300335
0.700000000000000400,-5.093495709690200712
0.701000000000000512,-5.063715526014741286
0.702000000000000401,-5.034057213792198837
0.703000000000000513,-5.004520241983911433
0.704000000000000403,-4.975104093143241535
0.705000000000000515,-4.945808263037323016
0.706000000000000405,-4.916632260275657806
0.707000000000000517,-4.887575605945317925
0.708000000000000407,-4.858637833252844374
0.709000000000000519,-4.829818487172732766
0.710000000000000409,-4.801117124102444400
0.711000000000000520,-4.772533311523814881
0.712000000000000410,-4.744066627670942893
0.713000000000000522,-4.715716661204316651
0.714000000000000412,-4.687483010891297042
0.715000000000000524,-4.659365285292700776
0.716000000000000414,-4.631363102455585690
0.717000000000000526,-4.603476089612025035
0.718000000000000416,-4.575703882883965790
0.719000000000000528,-4.548046126993887661
0.720000000000000417,-4.520502474981435981
0.721000000000000529,-4.493072587925755812
0.722000000000000419,-4.465756134673586786
0.723000000000000531,-4.438552791572948131
0.724000000000000421,-4.411462242212486728
0.725000000000000533,-4.384484177166205754
0.726000000000000423,-4.357618293743776405
0.727000000000000535,-4.330864295746052584
0.728000000000000425,-4.304221893226009676
0.729000000000000536,-4.277690802254820568
0.730000000000000426,-4.251270744693148806
0.731000000000000538,-4.224961447967443107
0.732000000000000428,-4.198762644851332659
0.733000000000000540,-4.172674073251881666
0.734000000000000430,-4.146695476000778591
0.735000000000000542,-4.120826600650270954
0.736000000000000432,-4.095067199273914937
0.737000000000000544,-4.069417028271846704
0.738000000000000433,-4.043875848180825017
0.739000000000000545,-4.018443423488624155
0.740000000000000435,-3.993119522453024040
0.741000000000000547,-3.967903916925108909
0.742000000000000437,-3.942796382176908310
0.743000000000000549,-3.917796696733275130
0.744000000000000439,-3.892904642208017574
0.745000000000000551,-3.868120003144023933
0.746000000000000441,-3.843442566857594667
0.747000000000000552,-3.818872123286622067
0.748000000000000442,-3.794408464842803141
0.749000000000000554,-3.770051386267653903
0.750000000000000444,-3.745800684492325949
0.751000000000000556,-3.721656158501144951
0.752000000000000446,-3.697617609198883493
0.753000000000000558,-3.673684839281533776
0.754000000000000448,-3.649857653110704980
0.755000000000000560,-3.626135856591480966
0.756000000000000449,-3.602519257053708568
0.757000000000000561,-3.579007663136583695
0.758000000000000451,-3.555600884676665796
0.759000000000000563,-3.532298732599009838
0.760000000000000453,-3.509101018811540573
0.761000000000000565,-3.486007556102566518
0.762000000000000455,-3.463018158041323513
0.763000000000000567,-3.440132638881551408
0.764000000000000457,-3.417350813468056803
0.765000000000000568,-3.394672497146099310
0.766000000000000458,-3.372097505673686157
0.767000000000000570,-3.349625655136656999
0.768000000000000460,-3.327256761866480783
0.769000000000000572,-3.304990642360750908
0.770000000000000462,-3.282827113206311598
0.771000000000000574,-3.260765991004954678
0.772000000000000464,-3.238807092301686730
0.773000000000000576,-3.216950233515393442
0.774000000000000465,-3.195195230872053038
0.775000000000000577,-3.173541900340198119
0.776000000000000467,-3.151990057568838210
0.777000000000000579,-3.130539517827528595
0.778000000000000469,-3.109190095948831889
0.779000000000000581,-3.087941606272823325
0.780000000000000471,-3.066793862593853337
0.781000000000000583,-3.045746678109302330
0.782000000000000473,-3.024799865370522589
0.783000000000000584,-3.003953236235648028
0.784000000000000474,-2.983206601824489379
0.785000000000000586,-2.962559772475275466
0.786000000000000476,-2.942012557703291176
0.787000000000000588,-2.921564766161385940
0.788000000000000478,-2.901216205602275888
0.789000000000000590,-2.880966682842528659
0.790000000000000480,-2.860816003728410273
0.791000000000000592,-2.840763973103236584
0.792000000000000481,-2.820810394776544161
0.793000000000000593,-2.800955071494699133
0.794000000000000483,-2.781197804913189131
0.795000000000000595,-2.761538395570400262
0.796000000000000485,-2.741976642862866687
0.797000000000000597,-2.722512345021999014
0.798000000000000487,-2.703145299092258202
0.799000000000000599,-2.683875300910643524
0.800000000000000488,-2.664702145087614049
0.801000000000000600,-2.645625624989256686
0.802000000000000490,-2.626645532720815801
0.803000000000000602,-2.607761659111390351
0.804000000000000492,-2.588973793699938852
0.805000000000000604,-2.570281724722386141
0.806000000000000494,-2.551685239099983349
0.807000000000000606,-2.533184122428728813
0.808000000000000496,-2.514778158969895649
0.809000000000000608,-2.496467131641666448
0.810000000000000497,-2.478250822011776044
0.811000000000000609,-2.460129010291171259
0.812000000000000499,-2.442101475328682714
0.813000000000000611,-2.424167994606611920
0.814000000000000501,-2.406328344237288253
0.815000000000000613,-2.388582298960517658
0.816000000000000503,-2.370929632141906218
0.817000000000000615,-2.353370115772039917
0.818000000000000504,-2.335903520466501071
0.819000000000000616,-2.318529615466687677
0.820000000000000506,-2.301248168641398362
0.821000000000000618,-2.284058946489214925
0.822000000000000508,-2.266961714141566997
0.823000000000000620,-2.249956235366554314
0.824000000000000510,-2.233042272573431575
0.825000000000000622,-2.216219586817784304
0.826000000000000512,-2.199487937807315330
0.827000000000000624,-2.182847083908309394
0.828000000000000513,-2.166296782152652423
0.829000000000000625,-2.149836788245484520
0.830000000000000515,-2.133466856573380088
0.831000000000000627,-2.117186740213077734
0.832000000000000517,-2.100996190940777275
0.833000000000000629,-2.084894959241901269
0.834000000000000519,-2.068882794321381446
0.835000000000000631,-2.052959444114375920
0.836000000000000520,-2.037124655297517073
0.837000000000000632,-2.021378173300503622
0.838000000000000522,-2.005719742318198495
0.839000000000000634,-1.990149105323070433
0.840000000000000524,-1.974666004078101000
0.841000000000000636,-1.959270179149967150
0.842000000000000526,-1.943961369922674320
0.843000000000000638,-1.928739314611478850
0.844000000000000528,-1.913603750277168558
0.845000000000000639,-1.898554412840639527
0.846000000000000529,-1.883591037097795962
0.847000000000000641,-1.868713356734707620
0.848000000000000531,-1.853921104343089654
0.849000000000000643,-1.839214011435979845
0.850000000000000533,-1.824591808463748022
0.851000000000000645,-1.810054224830226044
0.852000000000000535,-1.795600988909217266
0.853000000000000647,-1.781231828061039080
0.854000000000000536,-1.766946468649445823
0.855000000000000648,-1.752744636058582328
0.856000000000000538,-1.738626054710238567
0.857000000000000650,-1.724590448081189109
0.858000000000000540,-1.710637538720741757
0.859000000000000652,-1.696767048268398081
0.860000000000000542,-1.682978697471676721
0.861000000000000654,-1.669272206204036380
0.862000000000000544,-1.655647293482961802
0.863000000000000655,-1.642103677488079727
0.864000000000000545,-1.628641075579472242
0.865000000000000657,-1.615259204315996344
0.866000000000000547,-1.601957779473738963
0.867000000000000659,-1.588736516064486848
0.868000000000000549,-1.575595128354352337
0.869000000000000661,-1.562533329882363375
0.870000000000000551,-1.549550833479151235
0.871000000000000663,-1.536647351285665319
0.872000000000000552,-1.523822594771945926
0.873000000000000664,-1.511076274755875248
0.874000000000000554,-1.498408101421996541
0.875000000000000666,-1.485817784340328185
0.876000000000000556,-1.473305032485182853
0.877000000000000668,-1.460869554253962699
0.878000000000000558,-1.448511057486018050
0.879000000000000670,-1.436229249481422388
0.880000000000000560,-1.424023837019751104
0.881000000000000671,-1.411894526378865589
0.882000000000000561,-1.399841023353627367
0.883000000000000673,-1.387863033274588265
0.884000000000000563,-1.375960261026701215
0.885000000000000675,-1.364132411067847439
0.886000000000000565,-1.352379187447473097
0.887000000000000677,-1.340700293825067391
0.888000000000000567,-1.329095433488618028
0.889000000000000679,-1.317564309373002729
0.890000000000000568,-1.306106624078299472
0.891000000000000680,-1.294722079888044552
0.892000000000000570,-1.283410378787406270
0.893000000000000682,-1.272171222481260910
0.894000000000000572,-1.261004312412232098
0.895000000000000684,-1.249909349778575374
0.896000000000000574,-1.238886035552049458
0.897000000000000686,-1.227934070495622310
0.898000000000000576,-1.217053155181132995
0.899000000000000687,-1.206242990006820559
0.900000000000000577,-1.195503275214779393
0.901000000000000689,-1.184833710908252513
0.902000000000000579,-1.174233997068910629
0.903000000000000691,-1.163703833573905611
0.904000000000000581,-1.153242920212907086
0.905000000000000693,-1.142850956704970944
0.906000000000000583,-1.132527642715304150
0.907000000000000695,-1.122272677871882562
0.908000000000000584,-1.112085761782001248
0.909000000000000696,-1.101966594048643611
0.910000000000000586,-1.091914874286748161
0.911000000000000698,-1.081930302139352928
0.912000000000000588,-1.072012577293590452
0.913000000000000700,-1.062161399496553527
0.914000000000000590,-1.052376468571044610
0.915000000000000702,-1.042657484431152692
0.916000000000000592,-1.033004147097746239
0.917000000000000703,-1.023416156713765401
0.918000000000000593,-1.013893213559439843
0.919000000000000705,-1.004435018067285856
0.920000000000000595,-0.995041270837053959
0.921000000000000707,-0.985711672650431581
0.922000000000000597,-0.976445924485712546
0.923000000000000709,-0.967243727532204667
0.924000000000000599,-0.958104783204590360
0.925000000000000711,-0.949028793157077333
0.926000000000000600,-0.940015459297419698
0.927000000000000712,-0.931064483800804199
0.928000000000000602,-0.922175569123567462
0.929000000000000714,-0.913348418016762809
0.930000000000000604,-0.904582733539611494
0.931000000000000716,-0.895878219072733351
0.932000000000000606,-0.887234578331299595
0.933000000000000718,-0.878651515378006231
0.934000000000000608,-0.870128734635857604
0.935000000000000719,-0.861665940900870120
0.936000000000000609,-0.853262839354560598
0.937000000000000721,-0.844919135576313485
0.938000000000000611,-0.836634535555597081
0.939000000000000723,-0.828408745703996252
0.940000000000000613,-0.820241472867131782
0.941000000000000725,-0.812132424336408754
0.942000000000000615,-0.804081307860600392
0.943000000000000727,-0.796087831657294465
0.944000000000000616,-0.788151704424199573
0.945000000000000728,-0.780272635350258481
0.946000000000000618,-0.772450334126654203
0.947000000000000730,-0.764684510957628238
0.948000000000000620,-0.756974876571175903
0.949000000000000732,-0.749321142229567472
0.950000000000000622,-0.741723019739730538
0.951000000000000734,-0.734180221463489935
0.952000000000000624,-0.726692460327620693
0.953000000000000735,-0.719259449833810738
0.954000000000000625,-0.711880904068411424
0.955000000000000737,-0.704556537712087483
0.956000000000000627,-0.697286066049296993
0.957000000000000739,-0.690069204977611705
0.958000000000000629,-0.682905671016928784
0.959000000000000741,-0.675795181318487259
0.960000000000000631,-0.668737453673792448
0.961000000000000743,-0.661732206523336530
0.962000000000000632,-0.654779158965215435
0.963000000000000744,-0.647878030763610169
0.964000000000000634,-0.641028542357076847
0.965000000000000746,-0.634230414866723491
0.966000000000000636,-0.627483370104269578
0.967000000000000748,-0.620787130579916857
0.968000000000000638,-0.614141419510110587
0.969000000000000750,-0.607545960825147668
0.970000000000000639,-0.601000479176663327
0.971000000000000751,-0.594504699944955362
0.972000000000000641,-0.588058349246185275
0.973000000000000753,-0.581661153939450615
0.974000000000000643,-0.575312841633709549
0.975000000000000755,-0.569013140694575759
0.976000000000000645,-0.562761780250973009
0.977000000000000757,-0.556558490201672695
0.978000000000000647,-0.550403001221693500
0.979000000000000759,-0.544295044768548175
0.980000000000000648,-0.538234353088401285
0.981000000000000760,-0.532220659222069847
0.982000000000000650,-0.526253697010898525
0.983000000000000762,-0.520333201102510579
0.984000000000000652,-0.514458906956447026
0.985000000000000764,-0.508630550849656582
0.986000000000000654,-0.502847869881876908
0.987000000000000766,-0.497110601980893851
0.988000000000000655,-0.491418485907673286
0.989000000000000767,-0.485771261261362830
0.990000000000000657,-0.480168668484202310
0.991000000000000769,-0.474610448866274126
0.992000000000000659,-0.469096344550177513
0.993000000000000771,-0.463626098535561748
0.994000000000000661,-0.458199454683545337
0.995000000000000773,-0.452816157721018964
0.996000000000000663,-0.447475953244860780
0.997000000000000774,-0.442178587725984507
0.998000000000000664,-0.436923808513335121
0.999000000000000776,-0.431711363837739615
1.000000000000000666,-0.426541002815644998
1.001000000000000778,-0.421412475452780710
1.002000000000000668,-0.416325532647676355
1.003000000000000780,-0.411279926195085799
1.004000000000000670,-0.406275408789312009
1.005000000000000782,-0.401311734027429812
1.006000000000000671,-0.396388656412399287
1.007000000000000783,-0.391505931356052161
1.008000000000000673,-0.386663315182039391
1.009000000000000785,-0.381860565128608276
1.010000000000000675,-0.377097439351330443
1.011000000000000787,-0.372373696925709097
1.012000000000000677,-0.367689097849693891
1.013000000000000789,-0.363043403046091229
1.014000000000000679,-0.358436374364912325
1.015000000000000790,-0.353867774585572559
1.016000000000000680,-0.349337367419047862
1.017000000000000792,-0.344844917509917803
1.018000000000000682,-0.340390190438312534
1.019000000000000794,-0.335972952721782681
1.020000000000000684,-0.331592971817076587
1.021000000000000796,-0.327250016121815424
1.022000000000000686,-0.322943854976122935
1.023000000000000798,-0.318674258664102594
1.024000000000000687,-0.314440998415292827
1.025000000000000799,-0.310243846406013213
1.026000000000000689,-0.306082575760616649
1.027000000000000801,-0.301956960552686227
1.028000000000000691,-0.297866775806119088
1.029000000000000803,-0.293811797496158100
1.030000000000000693,-0.289791802550352529
1.031000000000000805,-0.285806568849382436
1.032000000000000695,-0.281855875227875585
1.033000000000000806,-0.277939501475127304
1.034000000000000696,-0.274057228335710723
1.035000000000000808,-0.270208837510061861
1.036000000000000698,-0.266394111654961629
1.037000000000000810,-0.262612834383954441
1.038000000000000700,-0.258864790267706979
1.039000000000000812,-0.255149764834260218
1.040000000000000702,-0.251467544569277224
1.041000000000000814,-0.247817916916145908
1.042000000000000703,-0.244200670276067011
1.043000000000000815,-0.240615594008064537
1.044000000000000705,-0.237062478428930884
1.045000000000000817,-0.233541114813074963
1.046000000000000707,-0.230051295392378730
1.047000000000000819,-0.226592813355903283
1.048000000000000709,-0.223165462849611529
1.049000000000000821,-0.219769038975979936
1.050000000000000711,-0.216403337793558137
1.051000000000000822,-0.213068156316491036
1.052000000000000712,-0.209763292513964916
1.053000000000000824,-0.206488545309592902
1.054000000000000714,-0.203243714580754048
1.055000000000000826,-0.200028601157874519
1.056000000000000716,-0.196843006823649219
1.057000000000000828,-0.193686734312209757
1.058000000000000718,-0.190559587308241019
1.059000000000000830,-0.187461370446062203
1.060000000000000719,-0.184391889308613083
1.061000000000000831,-0.181350950426424351
1.062000000000000721,-0.178338361276545454
1.063000000000000833,-0.175353930281380049
1.064000000000000723,-0.172397466807532901
1.065000000000000835,-0.169468781164531956
1.066000000000000725,-0.166567684603592336
1.067000000000000837,-0.163693989316254063
1.068000000000000727,-0.160847508433035913
1.069000000000000838,-0.158028056022007035
1.070000000000000728,-0.155235447087309769
1.071000000000000840,-0.152469497567684659
1.072000000000000730,-0.149730024334911060
1.073000000000000842,-0.147016845192203982
1.074000000000000732,-0.144329778872607728
1.075000000000000844,-0.141668645037320184
1.076000000000000734,-0.139033264273967921
1.077000000000000846,-0.136423458094876937
1.078000000000000735,-0.133839048935276594
1.079000000000000847,-0.131279860151478800
1.080000000000000737,-0.128745716019017825
1.081000000000000849,-0.126236441730749382
1.082000000000000739,-0.123751863394920683
1.083000000000000851,-0.121291808033204523
1.084000000000000741,-0.118856103578703506
1.085000000000000853,-0.116444578873898766
1.086000000000000743,-0.114057063668602243
1.087000000000000854,-0.111693388617837952
1.088000000000000744,-0.109353385279732929
1.089000000000000856,-0.107036886113333368
1.090000000000000746,-0.104743724476419109
1.091000000000000858,-0.102473734623296522
1.092000000000000748,-0.100226751702516381
1.093000000000000860,-0.098002611754626517
1.094000000000000750,-0.095801151709845406
1.095000000000000862,-0.093622209385723812
1.096000000000000751,-0.091465623484795575
1.097000000000000863,-0.089331233592182729
1.098000000000000753,-0.087218880173185770
1.099000000000000865,-0.085128404570838340
1.100000000000000755,-0.083059649003451794
1.101000000000000867,-0.081012456562109453
1.102000000000000757,-0.078986671208197037
1.103000000000000869,-0.076982137770817277
1.104000000000000759,-0.074998701944269913
1.105000000000000870,-0.073036210285469375
1.106000000000000760,-0.071094510211324236
1.107000000000000872,-0.069173449996149675
1.108000000000000762,-0.067272878769001968
1.109000000000000874,-0.065392646511030578
1.110000000000000764,-0.063532604052797620
1.111000000000000876,-0.061692603071574502
1.112000000000000766,-0.059872496088640856
1.113000000000000878,-0.058072136466525336
1.114000000000000767,-0.056291378406284488
1.115000000000000879,-0.054530076944705477
1.116000000000000769,-0.052788087951545284
1.117000000000000881,-0.051065268126716169
1.118000000000000771,-0.049361474997479803
1.119000000000000883,-0.047676566915600294
1.120000000000000773,-0.046010403054514912
1.121000000000000885,-0.044362843406464333
1.122000000000000774,-0.042733748779630862
1.123000000000000886,-0.041122980795229601
1.124000000000000776,-0.039530401884629786
1.125000000000000888,-0.037955875286436326
1.126000000000000778,-0.036399265043557102
1.127000000000000890,-0.034860436000275150
1.128000000000000780,-0.033339253799301909
1.129000000000000892,-0.031835584878810844
1.130000000000000782,-0.030349296469474235
1.131000000000000894,-0.028880256591483071
1.132000000000000783,-0.027428334051562652
1.133000000000000895,-0.025993398439962144
1.134000000000000785,-0.024575320127457084
1.135000000000000897,-0.023173970262335718
1.136000000000000787,-0.021789220767359563
1.137000000000000899,-0.020420944336749503
1.138000000000000789,-0.019069014433138642
1.139000000000000901,-0.017733305284518563
1.140000000000000790,-0.016413691881191395
1.141000000000000902,-0.015110049972713490
1.142000000000000792,-0.013822256064817873
1.143000000000000904,-0.012550187416351744
1.144000000000000794,-0.011293722036183762
1.145000000000000906,-0.010052738680144424
1.146000000000000796,-0.008827116847910443
1.147000000000000908,-0.007616736779924571
1.148000000000000798,-0.006421479454298229
1.149000000000000909,-0.005241226583708025
1.150000000000000799,-0.004075860612288507
1.151000000000000911,-0.002925264712520526
1.152000000000000801,-0.001789322782130365
1.153000000000000913,-0.000667919440953990
1.154000000000000803,0.000439059972164635
1.155000000000000915,0.001531729402500948
1.156000000000000805,0.002610202082560753
1.157000000000000917,0.003674590535231414
1.158000000000000806,0.004725006576876694
1.159000000000000918,0.005761561320483682
1.160000000000000808,0.006784365178789764
1.161000000000000920,0.007793527867409678
1.162000000000000810,0.008789158407955943
1.163000000000000922,0.009771365131184474
1.164000000000000812,0.010740255680124027
1.165000000000000924,0.011695937013188879
1.166000000000000814,0.012638515407326167
1.167000000000000925,0.013568096461147922
1.168000000000000815,0.014484785098043773
1.169000000000000927,0.015388685569313670
1.170000000000000817,0.016279901457307133
1.171000000000000929,0.017158535678537878
1.172000000000000819,0.018024690486803961
1.173000000000000931,0.018878467476315032
1.174000000000000821,0.019719967584808717
1.175000000000000933,0.020549291096672574
1.176000000000000822,0.021366537646046253
1.177000000000000934,0.022171806219963296
1.178000000000000824,0.022965195161419434
1.179000000000000936,0.023746802172507180
1.180000000000000826,0.024516724317513578
1.181000000000000938,0.025275058026015040
1.182000000000000828,0.026021899095970601
1.183000000000000940,0.026757342696829334
1.184000000000000830,0.027481483372602734
1.185000000000000941,0.028194415044960185
1.186000000000000831,0.028896231016295432
1.187000000000000943,0.029587023972823378
1.188000000000000833,0.030266885987629343
1.189000000000000945,0.030935908523749535
1.190000000000000835,0.031594182437230833
1.191000000000000947,0.032241797980186268
1.192000000000000837,0.032878844803834760
1.193000000000000949,0.033505411961574152
1.194000000000000838,0.034121587911996355
1.195000000000000950,0.034727460521936773
1.196000000000000840,0.035323117069494349
1.197000000000000952,0.035908644247073858
1.198000000000000842,0.036484128164370022
1.199000000000000954,0.037049654351416661
1.200000000000000844,0.037605307761566453
1.201000000000000734,0.038151172774504694
1.202000000000000846,0.038687333199225384
1.203000000000000957,0.039213872277042726
1.204000000000000847,0.039730872684535637
1.205000000000000737,0.040238416536557117
1.206000000000000849,0.040736585389175642
1.207000000000000961,0.041225460242639636
1.208000000000000851,0.041705121544327345
1.209000000000000741,0.042175649191703649
1.210000000000000853,0.042637122535228653
1.211000000000000965,0.043089620381326285
1.212000000000000854,0.043533220995265035
1.213000000000000744,0.043968002104103787
1.214000000000000856,0.044394040899582085
1.215000000000000968,0.044811414041021277
1.216000000000000858,0.045220197658218872
1.217000000000000748,0.045620467354327392
1.218000000000000860,0.046012298208732247
1.219000000000000972,0.046395764779910142
1.220000000000000862,0.046770941108300969
1.221000000000000751,0.047137900719148425
1.222000000000000863,0.047496716625338498
1.223000000000000975,0.047847461330240058
1.224000000000000865,0.048190206830523177
1.225000000000000755,0.048525024618985300
1.226000000000000867,0.048851985687341476
1.227000000000000979,0.049171160529035432
1.228000000000000869,0.049482619142029241
1.229000000000000759,0.049786431031570731
1.230000000000000870,0.050082665212980104
1.231000000000000982,0.050371390214412878
1.232000000000000872,0.050652674079595519
1.233000000000000762,0.050926584370589598
1.234000000000000874,0.051193188170519342
1.235000000000000986,0.051452552086286962
1.236000000000000876,0.051704742251319435
1.237000000000000766,0.051949824328234341
1.238000000000000878,0.052187863511568497
1.239000000000000989,0.052418924530471353
1.240000000000000879,0.052643071651341099
1.241000000000000769,0.052860368680547332
1.242000000000000881,0.053070878967060121
1.243000000000000993,0.053274665405100993
1.244000000000000883,0.053471790436792621
1.245000000000000773,0.053662316054790923
1.246000000000000885,0.053846303804897501
1.247000000000000997,0.054023814788676162
1.248000000000000886,0.054194909666052740
1.249000000000000776,0.054359648657912006
1.250000000000000888,0.054518091548666422
1.251000000000001000,0.054670297688848776
1.252000000000000890,0.054816325997656026
1.253000000000000780,0.054956234965506480
1.254000000000000892,0.055090082656584792
1.255000000000001004,0.055217926711375397
1.256000000000000894,0.055339824349180347
1.257000000000000783,0.055455832370633597
1.258000000000000895,0.055566007160196405
1.259000000000001007,0.055670404688662002
1.260000000000000897,0.055769080515622328
1.261000000000000787,0.055862089791956837
1.262000000000000899,0.055949487262278816
1.263000000000001011,0.056031327267388756
1.264000000000000901,0.056107663746725711
1.265000000000000790,0.056178550240782735
1.266000000000000902,0.056244039893547405
1.267000000000001014,0.056304185454885726
1.268000000000000904,0.056359039282969633
1.269000000000000794,0.056408653346645729
1.270000000000000906,0.056453079227829141
1.271000000000001018,0.056492368123863136
1.272000000000000908,0.056526570849878374
1.273000000000000798,0.056555737841152087
1.274000000000000909,0.056579919155439452
1.275000000000001021,0.056599164475289607
1.276000000000000911,0.056613523110389898
1.277000000000000801,0.056623043999849756
1.278000000000000913,0.056627775714517783
1.279000000000001025,0.056627766459238546
1.280000000000000915,0.056623064075166686
1.281000000000000805,0.056613716042003069
1.282000000000000917,0.056599769480271608
1.283000000000001029,0.056581271153547497
1.284000000000000918,0.056558267470702382
1.285000000000000808,0.056530804488131817
1.286000000000000920,0.056498927911963891
1.287000000000001032,0.056462683100256927
1.288000000000000922,0.056422115065212733
1.289000000000000812,0.056377268475351315
1.290000000000000924,0.056328187657666270
1.291000000000001036,0.056274916599821333
1.292000000000000925,0.056217498952275777
1.293000000000000815,0.056155978030444739
1.294000000000000927,0.056090396816820355
1.295000000000001039,0.056020797963097557
1.296000000000000929,0.055947223792290612
1.297000000000000819,0.055869716300826856
1.298000000000000931,0.055788317160645653
1.299000000000001043,0.055703067721268408
1.300000000000000933,0.055614009011895685
1.301000000000000822,0.055521181743427309
1.302000000000000934,0.055424626310557001
1.303000000000001046,0.055324382793771852
1.304000000000000936,0.055220490961425985
1.305000000000000826,0.055112990271719252
1.306000000000000938,0.055001919874737570
1.307000000000001050,0.054887318614442612
1.308000000000000940,0.054769225030653255
1.309000000000000830,0.054647677361043624
1.310000000000000941,0.054522713543100988
1.311000000000001053,0.054394371216089255
1.312000000000000943,0.054262687723001843
1.313000000000000833,0.054127700112493717
1.314000000000000945,0.053989445140822469
1.315000000000001057,0.053847959273764526
1.316000000000000947,0.053703278688517445
1.317000000000000837,0.053555439275618080
1.318000000000000949,0.053404476640815081
1.319000000000001060,0.053250426106958758
1.320000000000000950,0.053093322715879451
1.321000000000000840,0.052933201230233595
1.322000000000000952,0.052770096135360503
1.323000000000001064,0.052604041641128418
1.324000000000000954,0.052435071683771595
1.325000000000000844,0.052263219927694518
1.326000000000000956,0.052088519767301070
1.327000000000001068,0.051911004328789312
1.328000000000000957,0.051730706471957176
1.329000000000000847,0.051547658791963116
1.330000000000000959,0.051361893621120903
1.331000000000001071,0.051173443030663644
1.332000000000000961,0.050982338832481752
1.333000000000000851,0.050788612580881833
1.334000000000000963,0.050592295574332313
1.335000000000001075,0.050393418857165882
1.336000000000000965,0.050192013221316653
1.337000000000000854,0.049988109208021797
1.338000000000000966,0.049781737109516930
1.339000000000001078,0.049572926970730888
1.340000000000000968,0.049361708590960438
1.341000000000000858,0.049148111525552561
1.342000000000000970,0.048932165087550272
1.343000000000001082,0.048713898349350526
1.344000000000000972,0.048493340144359715
1.345000000000000862,0.048270519068601234
1.346000000000000973,0.048045463482374248
1.347000000000001085,0.047818201511834732
1.348000000000000975,0.047588761050635822
1.349000000000000865,0.047357169761494525
1.350000000000000977,0.047123455077804216
1.351000000000001089,0.046887644205198732
1.352000000000000979,0.046649764123134638
1.353000000000000869,0.046409841586442166
1.354000000000000981,0.046167903126891466
1.355000000000001092,0.045923975054721185
1.356000000000000982,0.045678083460190547
1.357000000000000872,0.045430254215088325
1.358000000000000984,0.045180512974266299
1.359000000000001096,0.044928885177136030
1.360000000000000986,0.044675396049190477
1.361000000000000876,0.044420070603454397
1.362000000000000988,0.044162933642023221
1.363000000000001100,0.043904009757482536
1.364000000000000989,0.043643323334412815
1.365000000000000879,0.043380898550838015
1.366000000000000991,0.043116759379653695
1.367000000000001103,0.042850929590100492
1.368000000000000993,0.042583432749172416
1.369000000000000883,0.042314292223052302
1.370000000000000995,0.042043531178518244
1.371000000000001107,0.041771172584354324
1.372000000000000997,0.041497239212764145
1.373000000000000886,0.041221753640725611
1.374000000000000998,0.040944738251421517
1.375000000000001110,0.040666215235564081
1.376000000000001000,0.040386206592798644
1.377000000000000890,0.040104734133039763
1.378000000000001002,0.039821819477838569
1.379000000000001114,0.039537484061703002
1.380000000000001004,0.039251749133446659
1.381000000000000894,0.038964635757520225
1.382000000000001005,0.038676164815301395
1.383000000000001117,0.038386357006441524
1.384000000000001007,0.038095232850134497
1.385000000000000897,0.037802812686434421
1.386000000000001009,0.037509116677530312
1.387000000000001121,0.037214164809025438
1.388000000000001011,0.036917976891209542
1.389000000000000901,0.036620572560328843
1.390000000000001013,0.036321971279822216
1.391000000000001124,0.036022192341593262
1.392000000000001014,0.035721254867229574
1.393000000000000904,0.035419177809249622
1.394000000000001016,0.035115979952316981
1.395000000000001128,0.034811679914468548
1.396000000000001018,0.034506296148309572
1.397000000000000908,0.034199846942239917
1.398000000000001020,0.033892350421616556
1.399000000000001132,0.033583824549971809
1.400000000000001021,0.033274287130183849
1.401000000000000911,0.032963755805631240
1.402000000000001023,0.032652248061387619
1.403000000000001135,0.032339781225365662
1.404000000000001025,0.032026372469468170
1.405000000000000915,0.031712038810728635
1.406000000000001027,0.031396797112466880
1.407000000000001139,0.031080664085387892
1.408000000000001029,0.030763656288742187
1.409000000000000918,0.030445790131407108
1.410000000000001030,0.030127081873012617
1.411000000000001142,0.029807547625050890
1.412000000000001032,0.029487203351955194
1.413000000000000922,0.029166064872187619
1.414000000000001034,0.028844147859334424
1.415000000000001146,0.028521467843178501
1.416000000000001036,0.028198040210745422
1.417000000000000925,0.027873880207390882
1.418000000000001037,0.027549002937844357
1.419000000000001149,0.027223423367252347
1.420000000000001039,0.026897156322223760
1.421000000000000929,0.026570216491856612
1.422000000000001041,0.026242618428781301
1.423000000000001153,0.025914376550170017
1.424000000000001043,0.025585505138744656
1.425000000000000933,0.025256018343801832
1.426000000000001044,0.024925930182200705
1.427000000000001156,0.024595254539367849
1.428000000000001046,0.024264005170268811
1.429000000000000936,0.023932195700410192
1.430000000000001048,0.023599839626806830
1.431000000000001160,0.023266950318955211
1.432000000000001050,0.022933541019778580
1.433000000000000940,0.022599624846612026
1.434000000000001052,0.022265214792135651
1.435000000000001164,0.021930323725322842
1.436000000000001053,0.021594964392380712
1.437000000000000943,0.021259149417677516
1.438000000000001055,0.020922891304670014
1.439000000000001167,0.020586202436833543
1.440000000000001057,0.020249095078564525
1.441000000000000947,0.019911581376093841
1.442000000000001059,0.019573673358384037
1.443000000000001171,0.019235382938031610
1.444000000000001060,0.018896721912164408
1.445000000000000950,0.018557701963301487
1.446000000000001062,0.018218334660262875
1.447000000000001174,0.017878631459018950
1.448000000000001064,0.017538603703564547
1.449000000000000954,0.017198262626794001
1.450000000000001066,0.016857619351333841
1.451000000000001178,0.016516684890404802
1.452000000000001068,0.016175470148675621
1.453000000000000957,0.015833985923083296
1.454000000000001069,0.015492242903677201
1.455000000000001181,0.015150251674448145
1.456000000000001071,0.014808022714144459
1.457000000000000961,0.014465566397092070
1.458000000000001073,0.014122892994009026
1.459000000000001185,0.013780012672802178
1.460000000000001075,0.013436935499379901
1.461000000000000965,0.013093671438435286
1.462000000000001076,0.012750230354246772
1.463000000000001188,0.012406622011456533
1.464000000000001078,0.012062856075846128
1.465000000000000968,0.011718942115116416
1.466000000000001080,0.011374889599660981
1.467000000000001192,0.011030707903316683
1.468000000000001082,0.010686406304135384
1.469000000000000972,0.010341993985124759
1.470000000000001084,0.009997480035004381
1.471000000000001195,0.009652873448948007
1.472000000000001085,0.009308183129324877
1.473000000000000975,0.008963417886419762
1.474000000000001087,0.008618586439183857
1.475000000000001199,0.008273697415927211
1.476000000000001089,0.007928759355065923
1.477000000000000979,0.007583780705817217
1.478000000000001091,0.007238769828917935
1.479000000000001203,0.006893734997329102
1.480000000000001092,0.006548684396916899
1.481000000000000982,0.006203626127169231
1.482000000000001094,0.005858568201870736
1.483000000000001206,0.005513518549799242
1.484000000000001096,0.005168485015387530
1.485000000000000986,0.004823475359420914
1.486000000000001098,0.004478497259685740
1.487000000000001210,0.004133558311652282
1.488000000000001100,0.003788666029126653
1.489000000000000989,0.003443827844912982
1.490000000000001101,0.003099051111456924
1.491000000000001213,0.002754343101504986
1.492000000000001103,0.002409711008741572
1.493000000000000993,0.002065161948421510
1.494000000000001105,0.001720702958017627
1.495000000000001217,0.001376340997844157
1.496000000000001107,0.001032082951676251
1.497000000000000997,0.000687935627380255
1.498000000000001108,0.000343905757525282
1.499000000000001220,0.000000000000000000
