# CNT15-NH3+-2_PRO
# h[nm],U(h)[kJ/mol]
0.200000000000000011,88.833198039181027639
0.201000000000000012,88.636628199287059715
0.202000000000000013,87.442457457562184686
0.203000000000000014,85.814899449122052033
0.204000000000000015,84.069048202716189166
0.205000000000000016,82.362804000797979143
0.206000000000000016,80.759255261340314291
0.207000000000000017,79.268047279137164196
0.208000000000000018,77.872001951931594022
0.209000000000000019,76.543550585734493552
0.210000000000000020,75.254270676106401083
0.211000000000000021,73.979873891602579761
0.212000000000000022,72.702296805888565245
0.213000000000000023,71.410037168419691511
0.214000000000000024,70.097509924330609010
0.215000000000000024,68.763933130228906521
0.216000000000000025,67.412067259743210457
0.217000000000000026,66.047001637796441287
0.218000000000000027,64.675093434522878511
0.219000000000000028,63.303106213050810425
0.220000000000000029,61.937557841586951213
0.221000000000000030,60.584265278316912884
0.222000000000000031,59.248061647114226957
0.223000000000000032,57.932655752898973844
0.224000000000000032,56.640603306302423903
0.225000000000000033,55.373360919686504644
0.226000000000000034,54.131397208441569546
0.227000000000000035,52.914339275760802650
0.228000000000000036,51.721136947275439866
0.229000000000000037,50.550231024554264536
0.230000000000000038,49.399715353819402708
0.231000000000000039,48.267485564763894956
0.232000000000000040,47.151369894780238212
0.233000000000000040,46.049239588170053139
0.234000000000000041,44.959097984793658043
0.235000000000000042,43.879148638319676934
0.236000000000000043,42.807843686492574875
0.237000000000000044,41.743914290803118661
0.238000000000000045,40.686385323901674838
0.239000000000000046,39.634576658582666653
0.240000000000000047,38.588093445004389537
0.241000000000000048,37.546807689825833165
0.242000000000000048,36.510833303053111365
0.243000000000000049,35.480496580999940193
0.244000000000000050,34.456303867291907750
0.245000000000000051,33.438907894277576816
0.246000000000000052,32.429074066773459606
0.247000000000000053,31.427647717755416323
0.248000000000000054,30.435523147766623708
0.249000000000000055,29.453615060616051835
0.250000000000000056,28.482832829841264299
0.251000000000000056,27.524057874503665033
0.252000000000000057,26.578124289241731759
0.253000000000000058,25.645802761439774997
0.254000000000000059,24.727787716644861860
0.255000000000000060,23.824687560399521402
0.256000000000000061,22.937017828649498341
0.257000000000000062,22.065197017931900803
0.258000000000000063,21.209544838728195515
0.259000000000000064,20.370282618806289321
0.260000000000000064,19.547535576293771697
0.261000000000000065,18.741336682965741289
0.262000000000000066,17.951631845275002775
0.263000000000000067,17.178286142644189738
0.264000000000000068,16.421090878266902280
0.265000000000000069,15.679771216075797824
0.266000000000000070,14.953994197727343618
0.267000000000000071,14.243376954652102739
0.268000000000000071,13.547494951792932838
0.269000000000000072,12.865890121072530050
0.270000000000000073,12.198078763481991160
0.271000000000000074,11.543559118634785676
0.272000000000000075,10.901818519441651034
0.273000000000000076,10.272340067056669355
0.274000000000000077,9.654608777306712852
0.275000000000000078,9.048117164381320521
0.276000000000000079,8.452370240604837548
0.277000000000000079,7.866889922645059485
0.278000000000000080,7.291218844575385383
0.279000000000000081,6.724923586853030599
0.280000000000000082,6.167597337584433959
0.281000000000000083,5.618862008502302885
0.282000000000000084,5.078369832973558928
0.283000000000000085,4.545804477190038995
0.284000000000000086,4.020881698563104401
0.285000000000000087,3.503349587352584393
0.286000000000000087,2.992988428801683476
0.287000000000000088,2.489610223620969176
0.288000000000000089,1.993057904653423140
0.289000000000000090,1.503204287042926968
0.290000000000000091,1.019950788301108080
0.291000000000000092,0.543225953390719773
0.292000000000000093,0.072983818388284674
0.293000000000000094,-0.390797855488372481
0.294000000000000095,-0.848119447645254154
0.295000000000000095,-1.298961415890017790
0.296000000000000096,-1.743286280579554370
0.297000000000000097,-2.181040631671563368
0.298000000000000098,-2.612157137397203677
0.299000000000000099,-3.036556535434731252
0.300000000000000100,-3.454149589581997137
0.301000000000000101,-3.864838996981856845
0.302000000000000102,-4.268521232929873399
0.303000000000000103,-4.665088322180695357
0.304000000000000103,-5.054429527452716897
0.305000000000000104,-5.436432947508855307
0.306000000000000105,-5.810987018755731981
0.307000000000000106,-6.177981915753561815
0.308000000000000107,-6.537310847363286825
0.309000000000000108,-6.888871246475616772
0.310000000000000109,-7.232565852372317750
0.311000000000000110,-7.568303685762470145
0.312000000000000111,-7.896000917424577992
0.313000000000000111,-8.215581632167012316
0.314000000000000112,-8.526978490505074504
0.315000000000000113,-8.830133291044246491
0.316000000000000114,-9.124997437063282035
0.317000000000000115,-9.411532311212457813
0.318000000000000116,-9.689709562588040725
0.319000000000000117,-9.959511310718941246
0.320000000000000118,-10.220930271211312146
0.321000000000000119,-10.473969807948375177
0.322000000000000119,-10.718643916839075914
0.323000000000000120,-10.954977146157926171
0.324000000000000121,-11.183004458523724267
0.325000000000000122,-11.402771039530907871
0.326000000000000123,-11.614332057979764201
0.327000000000000124,-11.817752382554491675
0.328000000000000125,-12.013106259675108589
0.329000000000000126,-12.200476957104148923
0.330000000000000127,-12.379956377726076155
0.331000000000000127,-12.551644647738861238
0.332000000000000128,-12.715649683306653017
0.333000000000000129,-12.872086739522734078
0.334000000000000130,-13.021077945324828207
0.335000000000000131,-13.162751827793954362
0.336000000000000132,-13.297242829053008251
0.337000000000000133,-13.424690818766984890
0.338000000000000134,-13.545240605032521586
0.339000000000000135,-13.659041446231563910
0.340000000000000135,-13.766246566216590708
0.341000000000000136,-13.867012674989521059
0.342000000000000137,-13.961499496838381873
0.343000000000000138,-14.049869307702593346
0.344000000000000139,-14.132286483352652695
0.345000000000000140,-14.208917059790689308
0.346000000000000141,-14.279928307108169960
0.347000000000000142,-14.345488317873881456
0.348000000000000143,-14.405765610971164037
0.349000000000000143,-14.460928751657045055
0.350000000000000144,-14.511145988478427071
0.351000000000000145,-14.556584907551155084
0.352000000000000146,-14.597412104587343507
0.353000000000000147,-14.633792874943599926
0.354000000000000148,-14.665890921858775187
0.355000000000000149,-14.693868082953420284
0.356000000000000150,-14.717884074974858066
0.357000000000000151,-14.738096256690520036
0.358000000000000151,-14.754659409758840383
0.359000000000000152,-14.767725537340059105
0.360000000000000153,-14.777443680149525917
0.361000000000000154,-14.783959749602317402
0.362000000000000155,-14.787416377650643540
0.363000000000000156,-14.787952782873812652
0.364000000000000157,-14.785704652344099586
0.365000000000000158,-14.780804038761241159
0.366000000000000159,-14.773379272321411904
0.367000000000000159,-14.763554886765424712
0.368000000000000160,-14.751451559033062821
0.369000000000000161,-14.737186061937080694
0.370000000000000162,-14.720871229260506396
0.371000000000000163,-14.702615932674339305
0.372000000000000164,-14.682525069869361900
0.373000000000000165,-14.660699563295224834
0.374000000000000166,-14.637236368902145855
0.375000000000000167,-14.612228494284503100
0.376000000000000167,-14.585765025632834835
0.377000000000000168,-14.557931162908550604
0.378000000000000169,-14.528808262666192519
0.379000000000000170,-14.498473887959656636
0.380000000000000171,-14.467001864781781961
0.381000000000000172,-14.434462344500872177
0.382000000000000173,-14.400921871772871086
0.383000000000000174,-14.366443457424121988
0.384000000000000175,-14.331086655816042352
0.385000000000000175,-14.294907646220597286
0.386000000000000176,-14.257959317753289952
0.387000000000000177,-14.220291357428118673
0.388000000000000178,-14.181950340917870435
0.389000000000000179,-14.142979825621063483
0.390000000000000180,-14.103420445655794779
0.391000000000000181,-14.063310008419211528
0.392000000000000182,-14.022683592369645567
0.393000000000000183,-13.981573645706893316
0.394000000000000183,-13.940010085644178872
0.395000000000000184,-13.898020397983122720
0.396000000000000185,-13.855629736720569412
0.397000000000000186,-13.812861023433232077
0.398000000000000187,-13.769735046202971063
0.399000000000000188,-13.726270557861862898
0.400000000000000189,-13.682484373351835316
0.401000000000000190,-13.638391466009554875
0.402000000000000191,-13.594005062601809186
0.403000000000000191,-13.549336736951104854
0.404000000000000192,-13.504396502005397096
0.405000000000000193,-13.459192900218823752
0.406000000000000194,-13.413733092123624857
0.407000000000000195,-13.368022942985467338
0.408000000000000196,-13.322067107446272871
0.409000000000000197,-13.275869112070036948
0.410000000000000198,-13.229431435717700083
0.411000000000000199,-13.182755587687390531
0.412000000000000199,-13.135842183566222019
0.413000000000000200,-13.088691018748733086
0.414000000000000201,-13.041301139586064295
0.415000000000000202,-12.993670912137849527
0.416000000000000203,-12.945798088506810686
0.417000000000000204,-12.897679870743093744
0.418000000000000205,-12.849312972312237235
0.419000000000000206,-12.800693677127151560
0.420000000000000207,-12.751817896150051013
0.421000000000000207,-12.702681221576380466
0.422000000000000208,-12.653278978617120032
0.423000000000000209,-12.603606274901348883
0.424000000000000210,-12.553658047524768548
0.425000000000000211,-12.503429107773978757
0.426000000000000212,-12.452914183560219286
0.427000000000000213,-12.402107959599160125
0.428000000000000214,-12.351005115376745280
0.429000000000000214,-12.299600360943546917
0.430000000000000215,-12.247888470582505960
0.431000000000000216,-12.195864314397343975
0.432000000000000217,-12.143522887870386029
0.433000000000000218,-12.090859339440564568
0.434000000000000219,-12.037868996153546775
0.435000000000000220,-11.984547387437293864
0.436000000000000221,-11.930890267057119303
0.437000000000000222,-11.876893633305289910
0.438000000000000222,-11.822553747480784025
0.439000000000000223,-11.767867150715154878
0.440000000000000224,-11.712830679200854078
0.441000000000000225,-11.657441477878299096
0.442000000000000226,-11.601697012638300777
0.443000000000000227,-11.545595081095763490
0.444000000000000228,-11.489133821990991535
0.445000000000000229,-11.432311723273899773
0.446000000000000230,-11.375127628926321677
0.447000000000000230,-11.317580744577053764
0.448000000000000231,-11.259670641963353432
0.449000000000000232,-11.201397262291976631
0.450000000000000233,-11.142760918552328420
0.451000000000000234,-11.083762296832755823
0.452000000000000235,-11.024402456690852503
0.453000000000000236,-10.964682830626919952
0.454000000000000237,-10.904605222709415457
0.455000000000000238,-10.844171806399424796
0.456000000000000238,-10.783385121620673530
0.457000000000000239,-10.722248071120130675
0.458000000000000240,-10.660763916163185527
0.459000000000000241,-10.598936271606140380
0.460000000000000242,-10.536769100387729736
0.461000000000000243,-10.474266707479838345
0.462000000000000244,-10.411433733336860286
0.463000000000000245,-10.348275146881160680
0.464000000000000246,-10.284796238061870710
0.465000000000000246,-10.221002610021994172
0.466000000000000247,-10.156900170908315317
0.467000000000000248,-10.092495125356984786
0.468000000000000249,-10.027793965686647937
0.469000000000000250,-9.962803462829608492
0.470000000000000251,-9.897530657030463530
0.471000000000000252,-9.831982848340324210
0.472000000000000253,-9.766167586933852007
0.473000000000000254,-9.700092663274729077
0.474000000000000254,-9.633766098154570301
0.475000000000000255,-9.567196132628733807
0.476000000000000256,-9.500391217871719363
0.477000000000000257,-9.433360004973627255
0.478000000000000258,-9.366111334698009827
0.479000000000000259,-9.298654227220714219
0.480000000000000260,-9.230997871868048321
0.481000000000000261,-9.163151616871653360
0.482000000000000262,-9.095124959156750677
0.483000000000000262,-9.026927534179215229
0.484000000000000263,-8.958569105826169832
0.485000000000000264,-8.890059556393955731
0.486000000000000265,-8.821408876656386511
0.487000000000000266,-8.752627156035412526
0.488000000000000267,-8.683724572885562765
0.489000000000000268,-8.614711384902728142
0.490000000000000269,-8.545597919667034859
0.491000000000000270,-8.476394565329020026
0.492000000000000270,-8.407111761447351839
0.493000000000000271,-8.337759989985995546
0.494000000000000272,-8.268349766477800955
0.495000000000000273,-8.198891631360902821
0.496000000000000274,-8.129396141494032335
0.497000000000000275,-8.059873861855725963
0.498000000000000276,-7.990335357432411634
0.499000000000000277,-7.920791185299466797
0.500000000000000222,-7.851251886898888088
0.501000000000000334,-7.781727980516943255
0.502000000000000224,-7.712229953964469864
0.503000000000000336,-7.642768257462028814
0.504000000000000226,-7.573353296732089568
0.505000000000000338,-7.503995426299321814
0.506000000000000227,-7.434704943000577160
0.507000000000000339,-7.365492079704819339
0.508000000000000229,-7.296366999243852902
0.509000000000000341,-7.227339788553448052
0.510000000000000231,-7.158420453025210684
0.511000000000000343,-7.089618911067998575
0.512000000000000233,-7.020944988878717652
0.513000000000000345,-6.952408415420850751
0.514000000000000234,-6.884018817610053631
0.515000000000000346,-6.815785715704530290
0.516000000000000236,-6.747718518899195494
0.517000000000000348,-6.679826521121034588
0.518000000000000238,-6.612118897024056530
0.519000000000000350,-6.544604698181030855
0.520000000000000240,-6.477292849469979963
0.521000000000000352,-6.410192145652489515
0.522000000000000242,-6.343311248141295877
0.523000000000000353,-6.276658681954051744
0.524000000000000243,-6.210242832850488170
0.525000000000000355,-6.144071944649684980
0.526000000000000245,-6.078154116724436840
0.527000000000000357,-6.012497301669140981
0.528000000000000247,-5.947109303138235603
0.529000000000000359,-5.881997773851340483
0.530000000000000249,-5.817170213761970743
0.531000000000000361,-5.752633968385967300
0.532000000000000250,-5.688396227286370177
0.533000000000000362,-5.624464022710766287
0.534000000000000252,-5.560844228377794352
0.535000000000000364,-5.497543558408800379
0.536000000000000254,-5.434568566401325462
0.537000000000000366,-5.371925644640205277
0.538000000000000256,-5.309621023443191312
0.539000000000000368,-5.247660770636715100
0.540000000000000258,-5.186050791158731244
0.541000000000000369,-5.124796826784286274
0.542000000000000259,-5.063904455970758001
0.543000000000000371,-5.003379093818533185
0.544000000000000261,-4.943225992143863046
0.545000000000000373,-4.883450239660032111
0.546000000000000263,-4.824056762263454701
0.547000000000000375,-4.765050323420739531
0.548000000000000265,-4.706435524653827862
0.549000000000000377,-4.648216806118920630
0.550000000000000266,-4.590398447276479388
0.551000000000000378,-4.532984567648297158
0.552000000000000268,-4.475979127658678891
0.553000000000000380,-4.419385929556112202
0.554000000000000270,-4.363208618412416584
0.555000000000000382,-4.307450683195808594
0.556000000000000272,-4.252115457915138563
0.557000000000000384,-4.197206122831664388
0.558000000000000274,-4.142725705735833763
0.559000000000000385,-4.088677083285515934
0.560000000000000275,-4.035062982403221810
0.561000000000000387,-3.981885981729009760
0.562000000000000277,-3.929148513126500486
0.563000000000000389,-3.876852863239037106
0.564000000000000279,-3.825001175093408534
0.565000000000000391,-3.773595449748304187
0.566000000000000281,-3.722637547985077955
0.567000000000000393,-3.672129192038035228
0.568000000000000282,-3.622071967362065159
0.569000000000000394,-3.572467324434776881
0.570000000000000284,-3.523316580591238534
0.571000000000000396,-3.474620921888526226
0.572000000000000286,-3.426381404998303903
0.573000000000000398,-3.378598959124774037
0.574000000000000288,-3.331274387946263627
0.575000000000000400,-3.284408371578099839
0.576000000000000290,-3.238001468554929207
0.577000000000000401,-3.192054117830356308
0.578000000000000291,-3.146566640792188618
0.579000000000000403,-3.101539243291240755
0.580000000000000293,-3.056972017682125120
0.581000000000000405,-3.012864944874018125
0.582000000000000295,-2.969217896390073719
0.583000000000000407,-2.926030636433479604
0.584000000000000297,-2.883302823958911354
0.585000000000000409,-2.841034014747607195
0.586000000000000298,-2.799223663484840419
0.587000000000000410,-2.757871125838096127
0.588000000000000300,-2.716975660534891368
0.589000000000000412,-2.676536431438601316
0.590000000000000302,-2.636552509621319818
0.591000000000000414,-2.597022875432331013
0.592000000000000304,-2.557946420561134193
0.593000000000000416,-2.519321950093770912
0.594000000000000306,-2.481148184561573267
0.595000000000000417,-2.443423761981053932
0.596000000000000307,-2.406147239884150135
0.597000000000000419,-2.369317097337734879
0.598000000000000309,-2.332931736951585400
0.599000000000000421,-2.296989486873820319
0.600000000000000311,-2.261488602773146894
0.601000000000000423,-2.226427269806900533
0.602000000000000313,-2.191803604574426689
0.603000000000000425,-2.157615657054692271
0.604000000000000314,-2.123861412527939585
0.605000000000000426,-2.090538793480208657
0.606000000000000316,-2.057645661490612454
0.607000000000000428,-2.025179819100383583
0.608000000000000318,-1.993139011663484395
0.609000000000000430,-1.961520929177966055
0.610000000000000320,-1.930323208097902921
0.611000000000000432,-1.899543433125148173
0.612000000000000322,-1.869179138980770372
0.613000000000000433,-1.839227812155561637
0.614000000000000323,-1.809686892639397637
0.615000000000000435,-1.780553775629025282
0.616000000000000325,-1.751825813214045180
0.617000000000000437,-1.723500316040701863
0.618000000000000327,-1.695574554953364510
0.619000000000000439,-1.668045762613277194
0.620000000000000329,-1.640911135094562878
0.621000000000000441,-1.614167833457139434
0.622000000000000330,-1.587812985296459978
0.623000000000000442,-1.561843686269868581
0.624000000000000332,-1.536257001599535155
0.625000000000000444,-1.511049967551736817
0.626000000000000334,-1.486219592892526808
0.627000000000000446,-1.461762860319592905
0.628000000000000336,-1.437676727870365267
0.629000000000000448,-1.413958130306233629
0.630000000000000338,-1.390603980472971291
0.631000000000000449,-1.367611170637201834
0.632000000000000339,-1.344976573799086639
0.633000000000000451,-1.322697044981124614
0.634000000000000341,-1.300769422493196270
0.635000000000000453,-1.279190529173823254
0.636000000000000343,-1.257957173607774148
0.637000000000000455,-1.237066151320035168
0.638000000000000345,-1.216514245946318740
0.639000000000000457,-1.196298230380056893
0.640000000000000346,-1.176414867896198313
0.641000000000000458,-1.156860913251704703
0.642000000000000348,-1.137633113763083070
0.643000000000000460,-1.118728210360907749
0.644000000000000350,-1.100142938621649913
0.645000000000000462,-1.081874029776809021
0.646000000000000352,-1.063918211699671268
0.647000000000000464,-1.046272209869681280
0.648000000000000353,-1.028932748314842494
0.649000000000000465,-1.011896550532046968
0.650000000000000355,-0.995160340385822240
0.651000000000000467,-0.978720842985424389
0.652000000000000357,-0.962574785540703304
0.653000000000000469,-0.946718898196770353
0.654000000000000359,-0.931149914847836713
0.655000000000000471,-0.915864573930281978
0.656000000000000361,-0.900859619195357064
0.657000000000000473,-0.886131800461547825
0.658000000000000362,-0.871677874347027037
0.659000000000000474,-0.857494604982256048
0.660000000000000364,-0.843578764703125872
0.661000000000000476,-0.829927134724727011
0.662000000000000366,-0.816536505796126910
0.663000000000000478,-0.803403678836308921
0.664000000000000368,-0.790525465551566997
0.665000000000000480,-0.777898689034580371
0.666000000000000369,-0.765520184345421684
0.667000000000000481,-0.753386799074771130
0.668000000000000371,-0.741495393889572085
0.669000000000000483,-0.729842843061364377
0.670000000000000373,-0.718426034977631356
0.671000000000000485,-0.707241872636248936
0.672000000000000375,-0.696287274123542632
0.673000000000000487,-0.685559173075941830
0.674000000000000377,-0.675054519125693586
0.675000000000000488,-0.664770278330763631
0.676000000000000378,-0.654703433589282180
0.677000000000000490,-0.644850985038692426
0.678000000000000380,-0.635209950439927118
0.679000000000000492,-0.625777365546842601
0.680000000000000382,-0.616550284461172216
0.681000000000000494,-0.607525779973239199
0.682000000000000384,-0.598700943888702874
0.683000000000000496,-0.590072887341570707
0.684000000000000385,-0.581638741093731704
0.685000000000000497,-0.573395655821264394
0.686000000000000387,-0.565340802387779284
0.687000000000000499,-0.557471372104991758
0.688000000000000389,-0.549784576980860251
0.689000000000000501,-0.542277649955414165
0.690000000000000391,-0.534947845124635668
0.691000000000000503,-0.527792437952529392
0.692000000000000393,-0.520808725471700540
0.693000000000000504,-0.513994026472607279
0.694000000000000394,-0.507345681681793947
0.695000000000000506,-0.500861053929244182
0.696000000000000396,-0.494537528305181773
0.697000000000000508,-0.488372512306474604
0.698000000000000398,-0.482363435972909316
0.699000000000000510,-0.476507752013510977
0.700000000000000400,-0.470802935923202326
0.701000000000000512,-0.465246486089937128
0.702000000000000401,-0.459835923892586762
0.703000000000000513,-0.454568793789760783
0.704000000000000403,-0.449442663399774234
0.705000000000000515,-0.444455123571993127
0.706000000000000405,-0.439603788449736022
0.707000000000000517,-0.434886295524933242
0.708000000000000407,-0.430300305684781836
0.709000000000000519,-0.425843503250546374
0.710000000000000409,-0.421513596008737390
0.711000000000000520,-0.417308315234837246
0.712000000000000410,-0.413225415709776001
0.713000000000000522,-0.409262675729337277
0.714000000000000412,-0.405417897106689629
0.715000000000000524,-0.401688905168207100
0.716000000000000414,-0.398073548742786998
0.717000000000000526,-0.394569700144810853
0.718000000000000416,-0.391175255150934265
0.719000000000000528,-0.387888132970894861
0.720000000000000417,-0.384706276212482101
0.721000000000000529,-0.381627650840841326
0.722000000000000419,-0.378650246132300805
0.723000000000000531,-0.375772074622834573
0.724000000000000421,-0.372991172051362063
0.725000000000000533,-0.370305597298031586
0.726000000000000423,-0.367713432317623989
0.727000000000000535,-0.365212782068239428
0.728000000000000425,-0.362801774435421387
0.729000000000000536,-0.360478560151847482
0.730000000000000426,-0.358241312712751947
0.731000000000000538,-0.356088228287195996
0.732000000000000428,-0.354017525625335783
0.733000000000000540,-0.352027445961834828
0.734000000000000430,-0.350116252915533221
0.735000000000000542,-0.348282232385513091
0.736000000000000432,-0.346523692443703235
0.737000000000000544,-0.344838963224114781
0.738000000000000433,-0.343226396808866574
0.739000000000000545,-0.341684367111096399
0.740000000000000435,-0.340211269754899237
0.741000000000000547,-0.338805521952385502
0.742000000000000437,-0.337465562377984807
0.743000000000000549,-0.336189851040113341
0.744000000000000439,-0.334976869150299783
0.745000000000000551,-0.333825118989890868
0.746000000000000441,-0.332733123774436035
0.747000000000000552,-0.331699427515841971
0.748000000000000442,-0.330722594882427778
0.749000000000000554,-0.329801211056955867
0.750000000000000444,-0.328933881592720023
0.751000000000000556,-0.328119232267837291
0.752000000000000446,-0.327355908937790652
0.753000000000000558,-0.326642577386317357
0.754000000000000448,-0.325977923174741835
0.755000000000000560,-0.325360651489870700
0.756000000000000449,-0.324789486990447185
0.757000000000000561,-0.324263173652346137
0.758000000000000451,-0.323780474612526792
0.759000000000000563,-0.323340172011850502
0.760000000000000453,-0.322941066836805735
0.761000000000000565,-0.322581978760289989
0.762000000000000455,-0.322261745981415104
0.763000000000000567,-0.321979225064511376
0.764000000000000457,-0.321733290777322822
0.765000000000000568,-0.321522835928513551
0.766000000000000458,-0.321346771204504389
0.767000000000000570,-0.321204025005774496
0.768000000000000460,-0.321093543282586047
0.769000000000000572,-0.321014289370319617
0.770000000000000462,-0.320965243824351265
0.771000000000000574,-0.320945404254649569
0.772000000000000464,-0.320953785160050187
0.773000000000000576,-0.320989417762326590
0.774000000000000465,-0.321051349840087097
0.775000000000000577,-0.321138645562543013
0.776000000000000467,-0.321250385323227583
0.777000000000000579,-0.321385665573666102
0.778000000000000469,-0.321543598657113516
0.779000000000000581,-0.321723312642331671
0.780000000000000471,-0.321923951157508270
0.781000000000000583,-0.322144673224329547
0.782000000000000473,-0.322384653092275097
0.783000000000000584,-0.322643080073141963
0.784000000000000474,-0.322919158375877202
0.785000000000000586,-0.323212106941719812
0.786000000000000476,-0.323521159279715032
0.787000000000000588,-0.323845563302649020
0.788000000000000478,-0.324184581163380781
0.789000000000000590,-0.324537489091683784
0.790000000000000480,-0.324903577231577700
0.791000000000000592,-0.325282149479188099
0.792000000000000481,-0.325672523321187568
0.793000000000000593,-0.326074029673831423
0.794000000000000483,-0.326486012722608354
0.795000000000000595,-0.326907829762564606
0.796000000000000485,-0.327338851039289225
0.797000000000000597,-0.327778459590624294
0.798000000000000487,-0.328226051089092918
0.799000000000000599,-0.328681033685095547
0.800000000000000488,-0.329142827850868458
0.801000000000000600,-0.329610866225266474
0.802000000000000490,-0.330084593459345210
0.803000000000000602,-0.330563466062805733
0.804000000000000492,-0.331046952251289661
0.805000000000000604,-0.331534531794558496
0.806000000000000494,-0.332025695865580506
0.807000000000000606,-0.332519946890528328
0.808000000000000496,-0.333016798399699221
0.809000000000000608,-0.333515774879414972
0.810000000000000497,-0.334016411624852072
0.811000000000000609,-0.334518254593874409
0.812000000000000499,-0.335020860261846187
0.813000000000000611,-0.335523795477460141
0.814000000000000501,-0.336026637319568666
0.815000000000000613,-0.336528972955068562
0.816000000000000503,-0.337030399497790345
0.817000000000000615,-0.337530523868482923
0.818000000000000504,-0.338028962655811671
0.819000000000000616,-0.338525341978474725
0.820000000000000506,-0.339019297348347792
0.821000000000000618,-0.339510473534762713
0.822000000000000508,-0.339998524429843740
0.823000000000000620,-0.340483112914965802
0.824000000000000510,-0.340963910728311115
0.825000000000000622,-0.341440598333553558
0.826000000000000512,-0.341912864789624737
0.827000000000000624,-0.342380407621660665
0.828000000000000513,-0.342842932693024349
0.829000000000000625,-0.343300154078499176
0.830000000000000515,-0.343751793938592010
0.831000000000000627,-0.344197582394990875
0.832000000000000517,-0.344637257407155007
0.833000000000000629,-0.345070564650072131
0.834000000000000519,-0.345497257393123980
0.835000000000000631,-0.345917096380136679
0.836000000000000520,-0.346329849710564741
0.837000000000000632,-0.346735292721817856
0.838000000000000522,-0.347133207872758032
0.839000000000000634,-0.347523384628330545
0.840000000000000524,-0.347905619345359796
0.841000000000000636,-0.348279715159480141
0.842000000000000526,-0.348645481873227969
0.843000000000000638,-0.349002735845283740
0.844000000000000528,-0.349351299880848398
0.845000000000000639,-0.349691003123185906
0.846000000000000529,-0.350021680946280500
0.847000000000000641,-0.350343174848666838
0.848000000000000531,-0.350655332348375481
0.849000000000000643,-0.350958006879024953
0.850000000000000533,-0.351251057687050616
0.851000000000000645,-0.351534349730041440
0.852000000000000535,-0.351807753576242443
0.853000000000000647,-0.352071145305134892
0.854000000000000536,-0.352324406409176838
0.855000000000000648,-0.352567423696624860
0.856000000000000538,-0.352800089195486388
0.857000000000000650,-0.353022300058571159
0.858000000000000540,-0.353233958469651110
0.859000000000000652,-0.353434971550702026
0.860000000000000542,-0.353625251270249186
0.861000000000000654,-0.353804714352801197
0.862000000000000544,-0.353973282189360194
0.863000000000000655,-0.354130880748994459
0.864000000000000545,-0.354277440491510831
0.865000000000000657,-0.354412896281167566
0.866000000000000547,-0.354537187301454892
0.867000000000000659,-0.354650256970919897
0.868000000000000549,-0.354752052860054956
0.869000000000000661,-0.354842526609209785
0.870000000000000551,-0.354921633847540219
0.871000000000000663,-0.354989334112989441
0.872000000000000552,-0.355045590773292230
0.873000000000000664,-0.355090370947978629
0.874000000000000554,-0.355123645431401180
0.875000000000000666,-0.355145388616753432
0.876000000000000556,-0.355155578421090135
0.877000000000000668,-0.355154196211317774
0.878000000000000558,-0.355141226731183146
0.879000000000000670,-0.355116658029231536
0.880000000000000560,-0.355080481387702096
0.881000000000000671,-0.355032691252436028
0.882000000000000561,-0.354973285163672547
0.883000000000000673,-0.354902263687835229
0.884000000000000563,-0.354819630350241888
0.885000000000000675,-0.354725391568717296
0.886000000000000565,-0.354619556588166129
0.887000000000000677,-0.354502137416030760
0.888000000000000567,-0.354373148758668266
0.889000000000000679,-0.354232607958622048
0.890000000000000568,-0.354080534932769975
0.891000000000000680,-0.353916952111388128
0.892000000000000570,-0.353741884378055538
0.893000000000000682,-0.353555359010438774
0.894000000000000572,-0.353357405621946952
0.895000000000000684,-0.353148056104215347
0.896000000000000574,-0.352927344570459822
0.897000000000000686,-0.352695307299638383
0.898000000000000576,-0.352451982681467046
0.899000000000000687,-0.352197411162242013
0.900000000000000577,-0.351931635191477077
0.901000000000000689,-0.351654699169341556
0.902000000000000579,-0.351366649394909247
0.903000000000000691,-0.351067534015181704
0.904000000000000581,-0.350757402974897770
0.905000000000000693,-0.350436307967125438
0.906000000000000583,-0.350104302384609656
0.907000000000000695,-0.349761441271869700
0.908000000000000584,-0.349407781278075480
0.909000000000000696,-0.349043380610638332
0.910000000000000586,-0.348668298989551428
0.911000000000000698,-0.348282597602454835
0.912000000000000588,-0.347886339060421101
0.913000000000000700,-0.347479587354448449
0.914000000000000590,-0.347062407812659512
0.915000000000000702,-0.346634867058201013
0.916000000000000592,-0.346197032967836216
0.917000000000000703,-0.345748974631201078
0.918000000000000593,-0.345290762310761834
0.919000000000000705,-0.344822467402406241
0.920000000000000595,-0.344344162396732378
0.921000000000000707,-0.343855920840949292
0.922000000000000597,-0.343357817301458923
0.923000000000000709,-0.342849927327045334
0.924000000000000599,-0.342332327412713133
0.925000000000000711,-0.341805094964145351
0.926000000000000600,-0.341268308262759501
0.927000000000000712,-0.340722046431400249
0.928000000000000602,-0.340166389400608726
0.929000000000000714,-0.339601417875497136
0.930000000000000604,-0.339027213303215336
0.931000000000000716,-0.338443857840971751
0.932000000000000606,-0.337851434324662248
0.933000000000000718,-0.337250026238045897
0.934000000000000608,-0.336639717682463757
0.935000000000000719,-0.336020593347149288
0.936000000000000609,-0.335392738480049413
0.937000000000000721,-0.334756238859194144
0.938000000000000611,-0.334111180764609661
0.939000000000000723,-0.333457650950735762
0.940000000000000613,-0.332795736619377780
0.941000000000000725,-0.332125525393165977
0.942000000000000615,-0.331447105289513211
0.943000000000000727,-0.330760564695084081
0.944000000000000616,-0.330065992340746683
0.945000000000000728,-0.329363477277008099
0.946000000000000618,-0.328653108849946141
0.947000000000000730,-0.327934976677585088
0.948000000000000620,-0.327209170626774293
0.949000000000000732,-0.326475780790496883
0.950000000000000622,-0.325734897465648043
0.951000000000000734,-0.324986611131266812
0.952000000000000624,-0.324231012427189103
0.953000000000000735,-0.323468192133165799
0.954000000000000625,-0.322698241148386689
0.955000000000000737,-0.321921250471444709
0.956000000000000627,-0.321137311180712315
0.957000000000000739,-0.320346514415133621
0.958000000000000629,-0.319548951355421551
0.959000000000000741,-0.318744713205656560
0.960000000000000631,-0.317933891175289696
0.961000000000000743,-0.317116576461523247
0.962000000000000632,-0.316292860232083251
0.963000000000000744,-0.315462833608378790
0.964000000000000634,-0.314626587649018741
0.965000000000000746,-0.313784213333706874
0.966000000000000636,-0.312935801547508052
0.967000000000000748,-0.312081443065459041
0.968000000000000638,-0.311221228537535310
0.969000000000000750,-0.310355248473975498
0.970000000000000639,-0.309483593230939269
0.971000000000000751,-0.308606352996498079
0.972000000000000641,-0.307723617776974545
0.973000000000000753,-0.306835477383594513
0.974000000000000643,-0.305942021419475241
0.975000000000000755,-0.305043339266917901
0.976000000000000645,-0.304139520075019598
0.977000000000000757,-0.303230652747598417
0.978000000000000647,-0.302316825931416400
0.979000000000000759,-0.301398128004698562
0.980000000000000648,-0.300474647065958445
0.981000000000000760,-0.299546470923101160
0.982000000000000650,-0.298613687082814105
0.983000000000000762,-0.297676382740247658
0.984000000000000652,-0.296734644768959943
0.985000000000000764,-0.295788559711146093
0.986000000000000654,-0.294838213768120638
0.987000000000000766,-0.293883692791082063
0.988000000000000655,-0.292925082272118886
0.989000000000000767,-0.291962467335482867
0.990000000000000657,-0.290995932729108175
0.991000000000000769,-0.290025562816375704
0.992000000000000659,-0.289051441568130341
0.993000000000000771,-0.288073652554926340
0.994000000000000661,-0.287092278939510503
0.995000000000000773,-0.286107403469542387
0.996000000000000663,-0.285119108470538118
0.997000000000000774,-0.284127475839028865
0.998000000000000664,-0.283132587035960614
0.999000000000000776,-0.282134523080285970
1.000000000000000666,-0.281133364542786590
1.001000000000000778,-0.280129191540096190
1.002000000000000668,-0.279122083728933101
1.003000000000000780,-0.278112120300528010
1.004000000000000670,-0.277099379975251581
1.005000000000000782,-0.276083940997447930
1.006000000000000671,-0.275065881130451828
1.007000000000000783,-0.274045277651777774
1.008000000000000673,-0.273022207348530721
1.009000000000000785,-0.271996746512961685
1.010000000000000675,-0.270968970938225140
1.011000000000000787,-0.269938955914303169
1.012000000000000677,-0.268906776224100530
1.013000000000000789,-0.267872506139705424
1.014000000000000679,-0.266836219418838116
1.015000000000000790,-0.265797989301422288
1.016000000000000680,-0.264757888506356176
1.017000000000000792,-0.263715989228417991
1.018000000000000682,-0.262672363135330100
1.019000000000000794,-0.261627081364978531
1.020000000000000684,-0.260580214522773301
1.021000000000000796,-0.259531832679159136
1.022000000000000686,-0.258482005367275502
1.023000000000000798,-0.257430801580738167
1.024000000000000687,-0.256378289771572399
1.025000000000000799,-0.255324537848286681
1.026000000000000689,-0.254269613174055664
1.027000000000000801,-0.253213582565057826
1.028000000000000691,-0.252156512288921053
1.029000000000000803,-0.251098468063298386
1.030000000000000693,-0.250039515054584882
1.031000000000000805,-0.248979717876712803
1.032000000000000695,-0.247919140590096510
1.033000000000000806,-0.246857846700698158
1.034000000000000696,-0.245795899159166276
1.035000000000000808,-0.244733360360127744
1.036000000000000698,-0.243670292141559275
1.037000000000000810,-0.242606755784277206
1.038000000000000700,-0.241542812011532326
1.039000000000000812,-0.240478520988689659
1.040000000000000702,-0.239413942323034062
1.041000000000000814,-0.238349135063645523
1.042000000000000703,-0.237284157701383919
1.043000000000000815,-0.236219068168967844
1.044000000000000705,-0.235153923841145585
1.045000000000000817,-0.234088781534927431
1.046000000000000707,-0.233023697509957467
1.047000000000000819,-0.231958727468915049
1.048000000000000709,-0.230893926558043278
1.049000000000000821,-0.229829349367725200
1.050000000000000711,-0.228765049933161102
1.051000000000000822,-0.227701081735111943
1.052000000000000712,-0.226637497700729773
1.053000000000000824,-0.225574350204446578
1.054000000000000714,-0.224511691068944808
1.055000000000000826,-0.223449571566203320
1.056000000000000716,-0.222388042418595555
1.057000000000000828,-0.221327153800074949
1.058000000000000718,-0.220266955337405701
1.059000000000000830,-0.219207496111480993
1.060000000000000719,-0.218148824658679130
1.061000000000000831,-0.217090988972285931
1.062000000000000721,-0.216034036504004989
1.063000000000000833,-0.214978014165472409
1.064000000000000723,-0.213922968329888746
1.065000000000000835,-0.212868944833641605
1.066000000000000725,-0.211815988978043768
1.067000000000000837,-0.210764145531072561
1.068000000000000727,-0.209713458729196445
1.069000000000000838,-0.208663972279229254
1.070000000000000728,-0.207615729360228929
1.071000000000000840,-0.206568772625468522
1.072000000000000730,-0.205523144204429270
1.073000000000000842,-0.204478885704832247
1.074000000000000732,-0.203436038214743237
1.075000000000000844,-0.202394642304693978
1.076000000000000734,-0.201354738029839220
1.077000000000000846,-0.200316364932175695
1.078000000000000735,-0.199279562042778913
1.079000000000000847,-0.198244367884090722
1.080000000000000737,-0.197210820472226767
1.081000000000000849,-0.196178957319336156
1.082000000000000739,-0.195148815435973788
1.083000000000000851,-0.194120431333526050
1.084000000000000741,-0.193093841026657442
1.085000000000000853,-0.192069080035777356
1.086000000000000743,-0.191046183389559254
1.087000000000000854,-0.190025185627461124
1.088000000000000744,-0.189006120802300892
1.089000000000000856,-0.187989022482828727
1.090000000000000746,-0.186973923756346083
1.091000000000000858,-0.185960857231347393
1.092000000000000748,-0.184949855040163647
1.093000000000000860,-0.183940948841661456
1.094000000000000750,-0.182934169823936038
1.095000000000000862,-0.181929548707030125
1.096000000000000751,-0.180927115745689426
1.097000000000000863,-0.179926900732114398
1.098000000000000753,-0.178928932998746543
1.099000000000000865,-0.177933241421062538
1.100000000000000755,-0.176939854420386261
1.101000000000000867,-0.175948799966713892
1.102000000000000757,-0.174960105581577041
1.103000000000000869,-0.173973798340873093
1.104000000000000759,-0.172989904877754175
1.105000000000000870,-0.172008451385511740
1.106000000000000760,-0.171029463620458649
1.107000000000000872,-0.170052966904852942
1.108000000000000762,-0.169078986129800296
1.109000000000000874,-0.168107545758195309
1.110000000000000764,-0.167138669827644443
1.111000000000000876,-0.166172381953420795
1.112000000000000766,-0.165208705331415573
1.113000000000000878,-0.164247662741089762
1.114000000000000767,-0.163289276548458095
1.115000000000000879,-0.162333568709041642
1.116000000000000769,-0.161380560770863213
1.117000000000000881,-0.160430273877421731
1.118000000000000771,-0.159482728770687032
1.119000000000000883,-0.158537945794080010
1.120000000000000773,-0.157595944895480178
1.121000000000000885,-0.156656745630215644
1.122000000000000774,-0.155720367164068729
1.123000000000000886,-0.154786828276270383
1.124000000000000776,-0.153856147362510631
1.125000000000000888,-0.152928342437939235
1.126000000000000778,-0.152003431140168871
1.127000000000000890,-0.151081430732279393
1.128000000000000780,-0.150162358105825955
1.129000000000000892,-0.149246229783832701
1.130000000000000782,-0.148333061923799775
1.131000000000000894,-0.147422870320701810
1.132000000000000783,-0.146515670409984561
1.133000000000000895,-0.145611477270555456
1.134000000000000785,-0.144710305627776536
1.135000000000000897,-0.143812169856456118
1.136000000000000787,-0.142917083983821053
1.137000000000000899,-0.142025061692508447
1.138000000000000789,-0.141136116323534316
1.139000000000000901,-0.140250260879261235
1.140000000000000790,-0.139367508026366743
1.141000000000000902,-0.138487870098798982
1.142000000000000792,-0.137611359100732272
1.143000000000000904,-0.136737986709511400
1.144000000000000794,-0.135867764278587710
1.145000000000000906,-0.135000702840465614
1.146000000000000796,-0.134136813109611952
1.147000000000000908,-0.133276105485382712
1.148000000000000798,-0.132418590054933977
1.149000000000000909,-0.131564276596120966
1.150000000000000799,-0.130713174580397162
1.151000000000000911,-0.129865293175692342
1.152000000000000801,-0.129020641249301765
1.153000000000000913,-0.128179227370737253
1.154000000000000803,-0.127341059814598950
1.155000000000000915,-0.126506146563418242
1.156000000000000805,-0.125674495310506090
1.157000000000000917,-0.124846113462763308
1.158000000000000806,-0.124021008143522279
1.159000000000000918,-0.123199186195340316
1.160000000000000808,-0.122380654182800946
1.161000000000000920,-0.121565418395303548
1.162000000000000810,-0.120753484849840872
1.163000000000000922,-0.119944859293760905
1.164000000000000812,-0.119139547207519375
1.165000000000000924,-0.118337553807429760
1.166000000000000814,-0.117538884048388345
1.167000000000000925,-0.116743542626587038
1.168000000000000815,-0.115951533982233013
1.169000000000000927,-0.115162862302239419
1.170000000000000817,-0.114377531522899506
1.171000000000000929,-0.113595545332564732
1.172000000000000819,-0.112816907174299152
1.173000000000000931,-0.112041620248529122
1.174000000000000821,-0.111269687515667043
1.175000000000000933,-0.110501111698734708
1.176000000000000822,-0.109735895285974244
1.177000000000000934,-0.108974040533423563
1.178000000000000824,-0.108215549467516145
1.179000000000000936,-0.107460423887637366
1.180000000000000826,-0.106708665368674599
1.181000000000000938,-0.105960275263560152
1.182000000000000828,-0.105215254705797553
1.183000000000000940,-0.104473604611967155
1.184000000000000830,-0.103735325684228163
1.185000000000000941,-0.103000418412800693
1.186000000000000831,-0.102268883078437775
1.187000000000000943,-0.101540719754873554
1.188000000000000833,-0.100815928311275865
1.189000000000000945,-0.100094508414662137
1.190000000000000835,-0.099376459532318009
1.191000000000000947,-0.098661780934193047
1.192000000000000837,-0.097950471695291669
1.193000000000000949,-0.097242530698028101
1.194000000000000838,-0.096537956634596828
1.195000000000000950,-0.095836748009303488
1.196000000000000840,-0.095138903140894238
1.197000000000000952,-0.094444420164861653
1.198000000000000842,-0.093753297035755162
1.199000000000000954,-0.093065531529442108
1.200000000000000844,-0.092381121245393216
1.201000000000000734,-0.091700063608920065
1.202000000000000846,-0.091022355873428995
1.203000000000000957,-0.090347995122621941
1.204000000000000847,-0.089676978272729732
1.205000000000000737,-0.089009302074680122
1.206000000000000849,-0.088344963116291447
1.207000000000000961,-0.087683957824429920
1.208000000000000851,-0.087026282467163776
1.209000000000000741,-0.086371933155881778
1.210000000000000853,-0.085720905847433151
1.211000000000000965,-0.085073196346207552
1.212000000000000854,-0.084428800306243765
1.213000000000000744,-0.083787713233289665
1.214000000000000856,-0.083149930486866946
1.215000000000000968,-0.082515447282312457
1.216000000000000858,-0.081884258692808437
1.217000000000000748,-0.081256359651395813
1.218000000000000860,-0.080631744952969903
1.219000000000000972,-0.080010409256273965
1.220000000000000862,-0.079392347085855436
1.221000000000000751,-0.078777552834027320
1.222000000000000863,-0.078166020762809735
1.223000000000000975,-0.077557745005849971
1.224000000000000865,-0.076952719570336128
1.225000000000000755,-0.076350938338884261
1.226000000000000867,-0.075752395071430972
1.227000000000000979,-0.075157083407090236
1.228000000000000869,-0.074564996866005831
1.229000000000000759,-0.073976128851191883
1.230000000000000870,-0.073390472650348190
1.231000000000000982,-0.072808021437668083
1.232000000000000872,-0.072228768275639094
1.233000000000000762,-0.071652706116809337
1.234000000000000874,-0.071079827805558105
1.235000000000000986,-0.070510126079848107
1.236000000000000876,-0.069943593572942414
1.237000000000000766,-0.069380222815152326
1.238000000000000878,-0.068820006235520759
1.239000000000000989,-0.068262936163516030
1.240000000000000879,-0.067709004830728420
1.241000000000000769,-0.067158204372505595
1.242000000000000881,-0.066610526829621569
1.243000000000000993,-0.066065964149903691
1.244000000000000883,-0.065524508189859304
1.245000000000000773,-0.064986150716270202
1.246000000000000885,-0.064450883407797116
1.247000000000000997,-0.063918697856556017
1.248000000000000886,-0.063389585569681037
1.249000000000000776,-0.062863537970872810
1.250000000000000888,-0.062340546401945862
1.251000000000001000,-0.061820602124340998
1.252000000000000890,-0.061303696320639769
1.253000000000000780,-0.060789820096065227
1.254000000000000892,-0.060278964479957994
1.255000000000001004,-0.059771120427250614
1.256000000000000894,-0.059266278819917806
1.257000000000000783,-0.058764430468425478
1.258000000000000895,-0.058265566113158820
1.259000000000001007,-0.057769676425834103
1.260000000000000897,-0.057276752010909107
1.261000000000000787,-0.056786783406959841
1.262000000000000899,-0.056299761088071928
1.263000000000001011,-0.055815675465198479
1.264000000000000901,-0.055334516887505514
1.265000000000000790,-0.054856275643718942
1.266000000000000902,-0.054380941963440677
1.267000000000001014,-0.053908506018471393
1.268000000000000904,-0.053438957924097127
1.269000000000000794,-0.052972287740388771
1.270000000000000906,-0.052508485473466648
1.271000000000001018,-0.052047541076769566
1.272000000000000908,-0.051589444452303158
1.273000000000000798,-0.051134185451869173
1.274000000000000909,-0.050681753878299783
1.275000000000001021,-0.050232139486669401
1.276000000000000911,-0.049785331985488013
1.277000000000000801,-0.049341321037897068
1.278000000000000913,-0.048900096262835625
1.279000000000001025,-0.048461647236223801
1.280000000000000915,-0.048025963492094273
1.281000000000000805,-0.047593034523743895
1.282000000000000917,-0.047162849784859441
1.283000000000001029,-0.046735398690638974
1.284000000000000918,-0.046310670618891284
1.285000000000000808,-0.045888654911133461
1.286000000000000920,-0.045469340873671674
1.287000000000001032,-0.045052717778679155
1.288000000000000922,-0.044638774865244382
1.289000000000000812,-0.044227501340423726
1.290000000000000924,-0.043818886380290890
1.291000000000001036,-0.043412919130941315
1.292000000000000925,-0.043009588709528479
1.293000000000000815,-0.042608884205250094
1.294000000000000927,-0.042210794680356468
1.295000000000001039,-0.041815309171122292
1.296000000000000929,-0.041422416688823460
1.297000000000000819,-0.041032106220697785
1.298000000000000931,-0.040644366730892036
1.299000000000001043,-0.040259187161408534
1.300000000000000933,-0.039876556433018975
1.301000000000000822,-0.039496463446209017
1.302000000000000934,-0.039118897082057014
1.303000000000001046,-0.038743846203160945
1.304000000000000936,-0.038371299654496913
1.305000000000000826,-0.038001246264327090
1.306000000000000938,-0.037633674845041445
1.307000000000001050,-0.037268574194030069
1.308000000000000940,-0.036905933094532148
1.309000000000000830,-0.036545740316463321
1.310000000000000941,-0.036187984617251256
1.311000000000001053,-0.035832654742653756
1.312000000000000943,-0.035479739427563842
1.313000000000000833,-0.035129227396815565
1.314000000000000945,-0.034781107365965104
1.315000000000001057,-0.034435368042075171
1.316000000000000947,-0.034091998124491277
1.317000000000000837,-0.033750986305591119
1.318000000000000949,-0.033412321271548653
1.319000000000001060,-0.033075991703071003
1.320000000000000950,-0.032741986276129884
1.321000000000000840,-0.032410293662694031
1.322000000000000952,-0.032080902531441233
1.323000000000001064,-0.031753801548466513
1.324000000000000954,-0.031428979377974883
1.325000000000000844,-0.031106424682980138
1.326000000000000956,-0.030786126125980771
1.327000000000001068,-0.030468072369631161
1.328000000000000957,-0.030152252077401819
1.329000000000000847,-0.029838653914248892
1.330000000000000959,-0.029527266547244337
1.331000000000001071,-0.029218078646219326
1.332000000000000961,-0.028911078884402495
1.333000000000000851,-0.028606255939033830
1.334000000000000963,-0.028303598491973260
1.335000000000001075,-0.028003095230320400
1.336000000000000965,-0.027704734847000284
1.337000000000000854,-0.027408506041357261
1.338000000000000966,-0.027114397519739365
1.339000000000001078,-0.026822397996064385
1.340000000000000968,-0.026532496192396580
1.341000000000000858,-0.026244680839492950
1.342000000000000970,-0.025958940677363474
1.343000000000001082,-0.025675264455813095
1.344000000000000972,-0.025393640934967671
1.345000000000000862,-0.025114058885821744
1.346000000000000973,-0.024836507090732516
1.347000000000001085,-0.024560974343961470
1.348000000000000975,-0.024287449452156731
1.349000000000000865,-0.024015921234867867
1.350000000000000977,-0.023746378525028589
1.351000000000001089,-0.023478810169449481
1.352000000000000979,-0.023213205029286404
1.353000000000000869,-0.022949551980519647
1.354000000000000981,-0.022687839914411416
1.355000000000001092,-0.022428057737968014
1.356000000000000982,-0.022170194374384385
1.357000000000000872,-0.021914238763495332
1.358000000000000984,-0.021660179862204289
1.359000000000001096,-0.021408006644920975
1.360000000000000986,-0.021157708103971416
1.361000000000000876,-0.020909273250041917
1.362000000000000988,-0.020662691112553876
1.363000000000001100,-0.020417950740103843
1.364000000000000989,-0.020175041200836762
1.365000000000000879,-0.019933951582843678
1.366000000000000991,-0.019694670994559082
1.367000000000001103,-0.019457188565123934
1.368000000000000993,-0.019221493444767340
1.369000000000000883,-0.018987574805176068
1.370000000000000995,-0.018755421839850080
1.371000000000001107,-0.018525023764465624
1.372000000000000997,-0.018296369817211576
1.373000000000000886,-0.018069449259154460
1.374000000000000998,-0.017844251374548266
1.375000000000001110,-0.017620765471199069
1.376000000000001000,-0.017398980880764785
1.377000000000000890,-0.017178886959092688
1.378000000000001002,-0.016960473086522973
1.379000000000001114,-0.016743728668212887
1.380000000000001004,-0.016528643134430691
1.381000000000000894,-0.016315205940853214
1.382000000000001005,-0.016103406568875406
1.383000000000001117,-0.015893234525879239
1.384000000000001007,-0.015684679345532658
1.385000000000000897,-0.015477730588057789
1.386000000000001009,-0.015272377840510654
1.387000000000001121,-0.015068610717046144
1.388000000000001011,-0.014866418859182603
1.389000000000000901,-0.014665791936056655
1.390000000000001013,-0.014466719644683972
1.391000000000001124,-0.014269191710196605
1.392000000000001014,-0.014073197886099167
1.393000000000000904,-0.013878727954495813
1.394000000000001016,-0.013685771726331720
1.395000000000001128,-0.013494319041620661
1.396000000000001018,-0.013304359769671181
1.397000000000000908,-0.013115883809296885
1.398000000000001020,-0.012928881089051412
1.399000000000001132,-0.012743341567420827
1.400000000000001021,-0.012559255233034508
1.401000000000000911,-0.012376612104880825
1.402000000000001023,-0.012195402232487770
1.403000000000001135,-0.012015615696122101
1.404000000000001025,-0.011837242606981971
1.405000000000000915,-0.011660273107384855
1.406000000000001027,-0.011484697370933097
1.407000000000001139,-0.011310505602713166
1.408000000000001029,-0.011137688039444774
1.409000000000000918,-0.010966234949671170
1.410000000000001030,-0.010796136633909692
1.411000000000001142,-0.010627383424811697
1.412000000000001032,-0.010459965687330212
1.413000000000000922,-0.010293873818867495
1.414000000000001034,-0.010129098249420961
1.415000000000001146,-0.009965629441725615
1.416000000000001036,-0.009803457891411859
1.417000000000000925,-0.009642574127124669
1.418000000000001037,-0.009482968710665157
1.419000000000001149,-0.009324632237123884
1.420000000000001039,-0.009167555335003028
1.421000000000000929,-0.009011728666345123
1.422000000000001041,-0.008857142926845953
1.423000000000001153,-0.008703788845974243
1.424000000000001043,-0.008551657187088998
1.425000000000000933,-0.008400738747541433
1.426000000000001044,-0.008251024358785060
1.427000000000001156,-0.008102504886477277
1.428000000000001046,-0.007955171230585031
1.429000000000000936,-0.007809014325471762
1.430000000000001048,-0.007664025139994546
1.431000000000001160,-0.007520194677592554
1.432000000000001050,-0.007377513976384631
1.433000000000000940,-0.007235974109234824
1.434000000000001052,-0.007095566183846521
1.435000000000001164,-0.006956281342833827
1.436000000000001053,-0.006818110763799899
1.437000000000000943,-0.006681045659407721
1.438000000000001055,-0.006545077277449016
1.439000000000001167,-0.006410196900908145
1.440000000000001057,-0.006276395848024981
1.441000000000000947,-0.006143665472359019
1.442000000000001059,-0.006011997162846212
1.443000000000001171,-0.005881382343849710
1.444000000000001060,-0.005751812475211959
1.445000000000000950,-0.005623279052312699
1.446000000000001062,-0.005495773606101317
1.447000000000001174,-0.005369287703155775
1.448000000000001064,-0.005243812945715833
1.449000000000000954,-0.005119340971717551
1.450000000000001066,-0.004995863454842031
1.451000000000001178,-0.004873372104542366
1.452000000000001068,-0.004751858666069942
1.453000000000000957,-0.004631314920513292
1.454000000000001069,-0.004511732684820247
1.455000000000001181,-0.004393103811819442
1.456000000000001071,-0.004275420190247359
1.457000000000000961,-0.004158673744765672
1.458000000000001073,-0.004042856435975325
1.459000000000001185,-0.003927960260439308
1.460000000000001075,-0.003813977250686618
1.461000000000000965,-0.003700899475229923
1.462000000000001076,-0.003588719038569327
1.463000000000001188,-0.003477428081199388
1.464000000000001078,-0.003367018779618572
1.465000000000000968,-0.003257483346326257
1.466000000000001080,-0.003148814029819412
1.467000000000001192,-0.003041003114600318
1.468000000000001082,-0.002934042921163740
1.469000000000000972,-0.002827925805996595
1.470000000000001084,-0.002722644161568893
1.471000000000001195,-0.002618190416322172
1.472000000000001085,-0.002514557034657235
1.473000000000000975,-0.002411736516926251
1.474000000000001087,-0.002309721399404672
1.475000000000001199,-0.002208504254295500
1.476000000000001089,-0.002108077689686667
1.477000000000000979,-0.002008434349546753
1.478000000000001091,-0.001909566913694719
1.479000000000001203,-0.001811468097773854
1.480000000000001092,-0.001714130653237329
1.481000000000000982,-0.001617547367307673
1.482000000000001094,-0.001521711062954516
1.483000000000001206,-0.001426614598859435
1.484000000000001096,-0.001332250869389846
1.485000000000000986,-0.001238612804556091
1.486000000000001098,-0.001145693369986035
1.487000000000001210,-0.001053485566879273
1.488000000000001100,-0.000961982431972517
1.489000000000000989,-0.000871177037496695
1.490000000000001101,-0.000781062491142259
1.491000000000001213,-0.000691631936007399
1.492000000000001103,-0.000602878550555305
1.493000000000000993,-0.000514795548578757
1.494000000000001105,-0.000427376179135433
1.495000000000001217,-0.000340613726511184
1.496000000000001107,-0.000254501510169891
1.497000000000000997,-0.000169032884695680
1.498000000000001108,-0.000084201239748288
1.499000000000001220,0.000000000000000000
