# AuFCC100UCD_BSAI9
# h[nm],U(h)[kJ/mol]
0.149999999999999994,140.717075762944290318
0.150999999999999995,137.223468760554681012
0.151999999999999996,132.647694221830363404
0.152999999999999997,127.906589495034637594
0.153999999999999998,123.371329720092447246
0.154999999999999999,119.133365943361212658
0.156000000000000000,115.159055122003948668
0.157000000000000001,111.374313163849365083
0.158000000000000002,107.706671764117260182
0.159000000000000002,104.102529842429547102
0.160000000000000003,100.530880526528392238
0.161000000000000004,96.980441579353197312
0.162000000000000005,93.454259333539269505
0.163000000000000006,89.964022876744451196
0.164000000000000007,86.525184204337250549
0.165000000000000008,83.153298989416811082
0.166000000000000009,79.861620755601109067
0.167000000000000010,76.659788733375108905
0.168000000000000010,73.553372614618623970
0.169000000000000011,70.544026971288218419
0.170000000000000012,67.630032796295068920
0.171000000000000013,64.807043805856537233
0.172000000000000014,62.068899093184448645
0.173000000000000015,59.408404935142939962
0.174000000000000016,56.818023851823156178
0.175000000000000017,54.290437283898903331
0.176000000000000018,51.818969563125598654
0.177000000000000018,49.397875925268962760
0.178000000000000019,47.022507152804379871
0.179000000000000020,44.689369103484068546
0.180000000000000021,42.396097888605865478
0.181000000000000022,40.141371697992482837
0.182000000000000023,37.924778966818806225
0.183000000000000024,35.746660333118896347
0.184000000000000025,33.607939096922052613
0.185000000000000026,31.509951995188238527
0.186000000000000026,29.454289283411185352
0.187000000000000027,27.442650516623853463
0.188000000000000028,25.476720138565298157
0.189000000000000029,23.558065059916209805
0.190000000000000030,21.688054842843232706
0.191000000000000031,19.867803894437059853
0.192000000000000032,18.098134175965533643
0.193000000000000033,16.379556319744807524
0.194000000000000034,14.712266668757868260
0.195000000000000034,13.096157573523779405
0.196000000000000035,11.530838255794833458
0.197000000000000036,10.015663642546311252
0.198000000000000037,8.549768753842268865
0.199000000000000038,7.132106466555496738
0.200000000000000039,5.761486749273451835
0.201000000000000040,4.436615753126599060
0.202000000000000041,3.156133433873262284
0.203000000000000042,1.918648661105597952
0.204000000000000042,0.722771032760290089
0.205000000000000043,-0.432861148272478236
0.206000000000000044,-1.549557067079915029
0.207000000000000045,-2.628553907871436834
0.208000000000000046,-3.671001677853833023
0.209000000000000047,-4.677952212151986089
0.210000000000000048,-5.650352128245311079
0.211000000000000049,-6.589039422777602795
0.212000000000000050,-7.494743349780638830
0.213000000000000050,-8.368087184717602156
0.214000000000000051,-9.209593460662711450
0.215000000000000052,-10.019691258793933741
0.216000000000000053,-10.798725142721027126
0.217000000000000054,-11.546965342708929825
0.218000000000000055,-12.264618819494646829
0.219000000000000056,-12.951840866264209495
0.220000000000000057,-13.608746939815905108
0.221000000000000058,-14.235424446560420719
0.222000000000000058,-14.831944244607376149
0.223000000000000059,-15.398371658751965896
0.224000000000000060,-15.934776839902514922
0.225000000000000061,-16.441244333738506356
0.226000000000000062,-16.917881754669927830
0.227000000000000063,-17.364827490133333043
0.228000000000000064,-17.782257386666728394
0.229000000000000065,-18.170390392920278799
0.230000000000000066,-18.529493155723191222
0.231000000000000066,-18.859883583555394182
0.232000000000000067,-19.161933407331261492
0.233000000000000068,-19.436069781403453760
0.234000000000000069,-19.682775978281018325
0.235000000000000070,-19.902591238893485581
0.236000000000000071,-20.096109846505065377
0.237000000000000072,-20.263979496781225009
0.238000000000000073,-20.406899039229450921
0.239000000000000073,-20.525615666469423815
0.240000000000000074,-20.620921627728257874
0.241000000000000075,-20.693650541782140806
0.242000000000000076,-20.744673382452337052
0.243000000000000077,-20.774894206871465485
0.244000000000000078,-20.785245693216669594
0.245000000000000079,-20.776684550593241596
0.246000000000000080,-20.750186859374800008
0.247000000000000081,-20.706743395670564212
0.248000000000000081,-20.647354988798301889
0.249000000000000082,-20.573027955778236731
0.250000000000000111,-20.484769652004153784
0.251000000000000112,-20.383584172455719852
0.252000000000000113,-20.270468233146658577
0.253000000000000114,-20.146407257997520190
0.254000000000000115,-20.012371692019904401
0.255000000000000115,-19.869313557623591748
0.256000000000000116,-19.718163267035304642
0.257000000000000117,-19.559826700258405197
0.258000000000000118,-19.395182554718275014
0.259000000000000119,-19.225079969732476570
0.260000000000000120,-19.050336426218212438
0.261000000000000121,-18.871735919598872755
0.262000000000000122,-18.690027401691491349
0.263000000000000123,-18.505923485437996590
0.264000000000000123,-18.320099404676138732
0.265000000000000124,-18.133192219717859217
0.266000000000000125,-17.945800258301918717
0.267000000000000126,-17.758482780497768516
0.268000000000000127,-17.571759855347504953
0.269000000000000128,-17.386112436424205896
0.270000000000000129,-17.201982623046063736
0.271000000000000130,-17.019774093599700393
0.272000000000000131,-16.839852697279830807
0.273000000000000131,-16.662547190530865748
0.274000000000000132,-16.488150104566194898
0.275000000000000133,-16.316918730530048265
0.276000000000000134,-16.149076209141117744
0.277000000000000135,-15.984812712006839064
0.278000000000000136,-15.824286702210113020
0.279000000000000137,-15.667626262235751611
0.280000000000000138,-15.514930477814449006
0.281000000000000139,-15.366270866806010176
0.282000000000000139,-15.221692842815595981
0.283000000000000140,-15.081217203827744555
0.284000000000000141,-14.944841636746781788
0.285000000000000142,-14.812542229343488742
0.286000000000000143,-14.684274981720317754
0.287000000000000144,-14.559977310016620322
0.288000000000000145,-14.439569535678057122
0.289000000000000146,-14.322956354204871232
0.290000000000000147,-14.210028277871211699
0.291000000000000147,-14.100663047467918432
0.292000000000000148,-13.994727008662632528
0.293000000000000149,-13.892076449091737445
0.294000000000000150,-13.792558892796794368
0.295000000000000151,-13.696014349093465157
0.296000000000000152,-13.602276513411073466
0.297000000000000153,-13.511173918067578725
0.298000000000000154,-13.422531031344689723
0.299000000000000155,-13.336169303604037850
0.300000000000000155,-13.251908159535409126
0.301000000000000156,-13.169565935953405855
0.302000000000000157,-13.088960764860122055
0.303000000000000158,-13.009911401768004424
0.304000000000000159,-12.932237999531258410
0.305000000000000160,-12.855762828164188250
0.306000000000000161,-12.780310941334906971
0.307000000000000162,-12.705710790410266853
0.308000000000000163,-12.631794787096044530
0.309000000000000163,-12.558399815865225690
0.310000000000000164,-12.485367697497794737
0.311000000000000165,-12.412545605168565643
0.312000000000000166,-12.339786434616952349
0.313000000000000167,-12.266949130013975022
0.314000000000000168,-12.193898967209372941
0.315000000000000169,-12.120507796095719044
0.316000000000000170,-12.046654243867923384
0.317000000000000171,-11.972223880986739175
0.318000000000000171,-11.897109351674039601
0.319000000000000172,-11.821210470777591794
0.320000000000000173,-11.744434288843624614
0.321000000000000174,-11.666695127227917794
0.322000000000000175,-11.587914585061609429
0.323000000000000176,-11.508021519866316495
0.324000000000000177,-11.426952003585618911
0.325000000000000178,-11.344649255767453866
0.326000000000000179,-11.261063555594533980
0.327000000000000179,-11.176152134418206430
0.328000000000000180,-11.089879050406333150
0.329000000000000181,-11.002215046867878101
0.330000000000000182,-10.913137395765662774
0.331000000000000183,-10.822629727876844186
0.332000000000000184,-10.730681851005710925
0.333000000000000185,-10.637289557597878087
0.334000000000000186,-10.542454423048507550
0.335000000000000187,-10.446183595939574573
0.336000000000000187,-10.348489581384130886
0.337000000000000188,-10.249390018597322793
0.338000000000000189,-10.148907453757097130
0.339000000000000190,-10.047069109160155165
0.340000000000000191,-9.943906649622290317
0.341000000000000192,-9.839455947017302861
0.342000000000000193,-9.733756843793010205
0.343000000000000194,-9.626852916250566494
0.344000000000000195,-9.518791238319888492
0.345000000000000195,-9.409622146513987317
0.346000000000000196,-9.299399006694697434
0.347000000000000197,-9.188177983234648849
0.348000000000000198,-9.076017811113818112
0.349000000000000199,-8.962979571443716154
0.350000000000000200,-8.849126470869634886
0.351000000000000201,-8.734523625259054569
0.352000000000000202,-8.619237848045013806
0.353000000000000203,-8.503337443554780606
0.354000000000000203,-8.386892005617536228
0.355000000000000204,-8.269972221710252924
0.356000000000000205,-8.152649682867695091
0.357000000000000206,-8.034996699551012256
0.358000000000000207,-7.917086123639525574
0.359000000000000208,-7.798991176682397608
0.360000000000000209,-7.680785284519987322
0.361000000000000210,-7.562541918359807269
0.362000000000000210,-7.444334442368498728
0.363000000000000211,-7.326235967819168415
0.364000000000000212,-7.208319213812922399
0.365000000000000213,-7.090656374574047405
0.366000000000000214,-6.973318993300763324
0.367000000000000215,-6.856377842536538481
0.368000000000000216,-6.739902811012139061
0.369000000000000217,-6.623962796894028671
0.370000000000000218,-6.508625607362252374
0.371000000000000218,-6.393957864428848836
0.372000000000000219,-6.280024916897271048
0.373000000000000220,-6.166890758353523516
0.374000000000000221,-6.054617951071046278
0.375000000000000222,-5.943267555703452665
0.376000000000000223,-5.832899066632450058
0.377000000000000224,-5.723570352832027197
0.378000000000000225,-5.615337604104830405
0.379000000000000226,-5.508255282541937525
0.380000000000000226,-5.402376079053591518
0.381000000000000227,-5.297750874814953548
0.382000000000000228,-5.194428707468750517
0.383000000000000229,-5.092456741924442198
0.384000000000000230,-4.991880245592058785
0.385000000000000231,-4.892742567888307192
0.386000000000000232,-4.795085123851619890
0.387000000000000233,-4.698947381703169057
0.388000000000000234,-4.604366854191069613
0.389000000000000234,-4.511379093556056930
0.390000000000000235,-4.420017689957587592
0.391000000000000236,-4.330314273201407715
0.392000000000000237,-4.242298517610731068
0.393000000000000238,-4.155998149885808957
0.394000000000000239,-4.071438959798408419
0.395000000000000240,-3.988644813570628944
0.396000000000000241,-3.907637669789898016
0.397000000000000242,-3.828437597714999363
0.398000000000000242,-3.751062797830987172
0.399000000000000243,-3.675529624513986793
0.400000000000000244,-3.601852610670022159
0.401000000000000245,-3.530044494215867523
0.402000000000000246,-3.460116246272759266
0.403000000000000247,-3.392077100947787471
0.404000000000000248,-3.325934586581335672
0.405000000000000249,-3.261694558342463246
0.406000000000000250,-3.199361232057906790
0.407000000000000250,-3.138937219164078307
0.408000000000000251,-3.080423562675110638
0.409000000000000252,-3.023819774063891686
0.410000000000000253,-2.969123870956421385
0.411000000000000254,-2.916332415543976708
0.412000000000000255,-2.865440553620793196
0.413000000000000256,-2.816442054159044694
0.414000000000000257,-2.769329349336107082
0.415000000000000258,-2.724093574933088568
0.416000000000000258,-2.680724611026755078
0.417000000000000259,-2.639211122900715356
0.418000000000000260,-2.599540602105037568
0.419000000000000261,-2.561699407596790934
0.420000000000000262,-2.525672806897417910
0.421000000000000263,-2.491445017206002532
0.422000000000000264,-2.458999246410546125
0.423000000000000265,-2.428317733942649603
0.424000000000000266,-2.399381791423929489
0.425000000000000266,-2.372171843055309814
0.426000000000000267,-2.346667465703345279
0.427000000000000268,-2.322847428640478107
0.428000000000000269,-2.300689732898745454
0.429000000000000270,-2.280171650199141364
0.430000000000000271,-2.261269761421420554
0.431000000000000272,-2.243959994581449902
0.432000000000000273,-2.228217662285736811
0.433000000000000274,-2.214017498634976988
0.434000000000000274,-2.201333695550744540
0.435000000000000275,-2.190139938501484806
0.436000000000000276,-2.180409441606200094
0.437000000000000277,-2.172114982096005953
0.438000000000000278,-2.165228934115818404
0.439000000000000279,-2.159723301850184907
0.440000000000000280,-2.155569751959015790
0.441000000000000281,-2.152739645310669303
0.442000000000000282,-2.151204068001585146
0.443000000000000282,-2.150933861652926105
0.444000000000000283,-2.151899652976497546
0.445000000000000284,-2.154071882603370902
0.446000000000000285,-2.157420833170043739
0.447000000000000286,-2.161916656658415814
0.448000000000000287,-2.167529400986730970
0.449000000000000288,-2.174229035850170799
0.450000000000000289,-2.181985477810616025
0.451000000000000290,-2.190768614636205314
0.452000000000000290,-2.200548328892358629
0.453000000000000291,-2.211294520786776463
0.454000000000000292,-2.222977130271844182
0.455000000000000293,-2.235566158408681670
0.456000000000000294,-2.249031687997853357
0.457000000000000295,-2.263343903482432751
0.458000000000000296,-2.278473110129918489
0.459000000000000297,-2.294389752499928825
0.460000000000000298,-2.311064432205442110
0.461000000000000298,-2.328467924975576420
0.462000000000000299,-2.346571197028818112
0.463000000000000300,-2.365345420765636142
0.464000000000000301,-2.384761989790216585
0.465000000000000302,-2.404792533271161492
0.466000000000000303,-2.425408929651647227
0.467000000000000304,-2.446583319719516147
0.468000000000000305,-2.468288119048399398
0.469000000000000306,-2.490496029821037460
0.470000000000000306,-2.513180052046235069
0.471000000000000307,-2.536313494181134054
0.472000000000000308,-2.559869983170676822
0.473000000000000309,-2.583823473916222468
0.474000000000000310,-2.608148258185395640
0.475000000000000311,-2.632818972975602190
0.476000000000000312,-2.657810608343269099
0.477000000000000313,-2.683098514711455440
0.478000000000000314,-2.708658409668103673
0.479000000000000314,-2.734466384267522976
0.480000000000000315,-2.760498908847476507
0.481000000000000316,-2.786732838374467391
0.482000000000000317,-2.813145417329578901
0.483000000000000318,-2.839714284147365486
0.484000000000000319,-2.866417475220092825
0.485000000000000320,-2.893233428479716096
0.486000000000000321,-2.920140986569756958
0.487000000000000322,-2.947119399619267277
0.488000000000000322,-2.974148327630911748
0.489000000000000323,-3.001207842495094535
0.490000000000000324,-3.028278429641995562
0.491000000000000325,-3.055340989343178215
0.492000000000000326,-3.082376837674333458
0.493000000000000327,-3.109367707150609395
0.494000000000000328,-3.136295747045755089
0.495000000000000329,-3.163143523406275914
0.496000000000000330,-3.189894018771458839
0.497000000000000330,-3.216530631610170499
0.498000000000000331,-3.243037175484990708
0.499000000000000332,-3.269397877954114850
0.500000000000000333,-3.295597379221385292
0.501000000000000334,-3.321620730544474931
0.502000000000000335,-3.347453392411158468
0.503000000000000336,-3.373081232493379211
0.504000000000000337,-3.398490523388710383
0.505000000000000338,-3.423667940158452438
0.506000000000000338,-3.448600557671616773
0.507000000000000339,-3.473275847763718893
0.508000000000000340,-3.497681676219155378
0.509000000000000341,-3.521806299585718225
0.510000000000000342,-3.545638361829662522
0.511000000000000343,-3.569166890839505779
0.512000000000000344,-3.592381294786536561
0.513000000000000345,-3.615271358349804842
0.514000000000000346,-3.637827238813308384
0.515000000000000346,-3.660039462042644853
0.516000000000000347,-3.681898918348441185
0.517000000000000348,-3.703396858243593215
0.518000000000000349,-3.724524888101117703
0.519000000000000350,-3.745274965719288751
0.520000000000000351,-3.765639395800568501
0.521000000000000352,-3.785610825350576469
0.522000000000000353,-3.805182239003182865
0.523000000000000353,-3.824346954277765942
0.524000000000000354,-3.843098616774230258
0.525000000000000355,-3.861431195311503473
0.526000000000000356,-3.879338977014799017
0.527000000000000357,-3.896816562356955504
0.528000000000000358,-3.913858860158934583
0.529000000000000359,-3.930461082554232100
0.530000000000000360,-3.946618739922148400
0.531000000000000361,-3.962327635794330227
0.532000000000000361,-3.977583861739105942
0.533000000000000362,-3.992383792227788497
0.534000000000000363,-4.006724079487174350
0.535000000000000364,-4.020601648342104539
0.536000000000000365,-4.034013691051949735
0.537000000000000366,-4.046957662144710532
0.538000000000000367,-4.059431273252218197
0.539000000000000368,-4.071432487949914858
0.540000000000000369,-4.082959516604385719
0.541000000000000369,-4.094010811231859392
0.542000000000000370,-4.104585060370608218
0.543000000000000371,-4.114681183970183120
0.544000000000000372,-4.124298328300222138
0.545000000000000373,-4.133435860881430557
0.546000000000000374,-4.142093365441331443
0.547000000000000375,-4.150270636897072762
0.548000000000000376,-4.157967676367734455
0.549000000000000377,-4.165184686218151633
0.550000000000000377,-4.171922065136480562
0.551000000000000378,-4.178180403247353958
0.552000000000000379,-4.183960477262619548
0.553000000000000380,-4.189263245671313918
0.554000000000000381,-4.194089843970646214
0.555000000000000382,-4.198441579939554913
0.556000000000000383,-4.202319928956267603
0.557000000000000384,-4.205726529361397681
0.558000000000000385,-4.208663177867765448
0.559000000000000385,-4.211131825018304298
0.560000000000000386,-4.213134570693108039
0.561000000000000387,-4.214673659666799743
0.562000000000000388,-4.215751477217155596
0.563000000000000389,-4.216370544785943864
0.564000000000000390,-4.216533515692860057
0.565000000000000391,-4.216243170903323012
0.566000000000000392,-4.215502414850885948
0.567000000000000393,-4.214314271314932192
0.568000000000000393,-4.212681879354189363
0.569000000000000394,-4.210608489296720158
0.570000000000000395,-4.208097458786804523
0.571000000000000396,-4.205152248889098665
0.572000000000000397,-4.201776420250564748
0.573000000000000398,-4.197973629320400413
0.574000000000000399,-4.193747624628260340
0.575000000000000400,-4.189102243121032743
0.576000000000000401,-4.184041406558277387
0.577000000000000401,-4.178569117966558721
0.578000000000000402,-4.172689458152655462
0.579000000000000403,-4.166406582275771875
0.580000000000000404,-4.159724716478748974
0.581000000000000405,-4.152648154578210793
0.582000000000000406,-4.145181254813622651
0.583000000000000407,-4.137328436655126396
0.584000000000000408,-4.129094177670063814
0.585000000000000409,-4.120483010447977712
0.586000000000000409,-4.111499519583884599
0.587000000000000410,-4.102148338719698195
0.588000000000000411,-4.092434147643382758
0.589000000000000412,-4.082361669445717212
0.590000000000000413,-4.071935667734243758
0.591000000000000414,-4.061160943904148724
0.592000000000000415,-4.050042334465699057
0.593000000000000416,-4.038584708427822356
0.594000000000000417,-4.026792964737497371
0.595000000000000417,-4.014672029774525086
0.596000000000000418,-4.002226854901165254
0.597000000000000419,-3.989462414066362150
0.598000000000000420,-3.976383701463865883
0.599000000000000421,-3.962995729243983245
0.600000000000000422,-3.949303525278316407
0.601000000000000423,-3.935312130977012934
0.602000000000000424,-3.921026599158052850
0.603000000000000425,-3.906451991967984760
0.604000000000000425,-3.891593378853544838
0.605000000000000426,-3.876455834583683924
0.606000000000000427,-3.861044437321370815
0.607000000000000428,-3.845364266744572657
0.608000000000000429,-3.829420402215930608
0.609000000000000430,-3.813217921000416677
0.610000000000000431,-3.796761896530482794
0.611000000000000432,-3.780057396718007112
0.612000000000000433,-3.763109482312489540
0.613000000000000433,-3.745923205304862336
0.614000000000000434,-3.728503607376301598
0.615000000000000435,-3.710855718391381064
0.616000000000000436,-3.692984554935001107
0.617000000000000437,-3.674895118892455237
0.618000000000000438,-3.656592396071945306
0.619000000000000439,-3.638081354868963668
0.620000000000000440,-3.619366944971933009
0.621000000000000441,-3.600454096108391067
0.622000000000000441,-3.581347716831178474
0.623000000000000442,-3.562052693343904508
0.624000000000000443,-3.542573888365134760
0.625000000000000444,-3.522916140030623922
0.626000000000000445,-3.503084260832966201
0.627000000000000446,-3.483083036598053184
0.628000000000000447,-3.462917225497695206
0.629000000000000448,-3.442591557097788524
0.630000000000000449,-3.422110731441367015
0.631000000000000449,-3.401479418165995749
0.632000000000000450,-3.380702255654823851
0.633000000000000451,-3.359783850220692702
0.634000000000000452,-3.338728775322713282
0.635000000000000453,-3.317541570814674934
0.636000000000000454,-3.296226742224700246
0.637000000000000455,-3.274788760065562521
0.638000000000000456,-3.253232059175020119
0.639000000000000457,-3.231561038085634774
0.640000000000000457,-3.209780058423459703
0.641000000000000458,-3.187893444334993998
0.642000000000000459,-3.165905481941907684
0.643000000000000460,-3.143820418822855345
0.644000000000000461,-3.121642463521912880
0.645000000000000462,-3.099375785083033463
0.646000000000000463,-3.077024512609934703
0.647000000000000464,-3.054592734850954283
0.648000000000000465,-3.032084499808264777
0.649000000000000465,-3.009503814370919184
0.650000000000000466,-2.986854643971230239
0.651000000000000467,-2.964140912263911964
0.652000000000000468,-2.941366500827518493
0.653000000000000469,-2.918535248887592193
0.654000000000000470,-2.895650953061129851
0.655000000000000471,-2.872717367121735865
0.656000000000000472,-2.849738201785063652
0.657000000000000473,-2.826717124514021240
0.658000000000000473,-2.803657759343268108
0.659000000000000474,-2.780563686722522299
0.660000000000000475,-2.757438443378222637
0.661000000000000476,-2.734285522193064644
0.662000000000000477,-2.711108372102985165
0.663000000000000478,-2.687910398011116531
0.664000000000000479,-2.664694960718292371
0.665000000000000480,-2.641465376869642334
0.666000000000000481,-2.618224918916905786
0.667000000000000481,-2.594976815095936473
0.668000000000000482,-2.571724249419115260
0.669000000000000483,-2.548470361682156238
0.670000000000000484,-2.525218247484938949
0.671000000000000485,-2.501970958265999911
0.672000000000000486,-2.478731501350223354
0.673000000000000487,-2.455502840009461174
0.674000000000000488,-2.432287893535551859
0.675000000000000488,-2.409089537325499464
0.676000000000000489,-2.385910602978413841
0.677000000000000490,-2.362753878403788477
0.678000000000000491,-2.339622107940859230
0.679000000000000492,-2.316517992488648314
0.680000000000000493,-2.293444189646332454
0.681000000000000494,-2.270403313863664785
0.682000000000000495,-2.247397936601056578
0.683000000000000496,-2.224430586499067886
0.684000000000000496,-2.201503749556902534
0.685000000000000497,-2.178619869319704527
0.686000000000000498,-2.155781347074237964
0.687000000000000499,-2.132990542052762617
0.688000000000000500,-2.110249771644720607
0.689000000000000501,-2.087561311616007664
0.690000000000000502,-2.064927396335542564
0.691000000000000503,-2.042350219008808754
0.692000000000000504,-2.019831931918153245
0.693000000000000504,-1.997374646669599629
0.694000000000000505,-1.974980434445791078
0.695000000000000506,-1.952651326264990272
0.696000000000000507,-1.930389313245726157
0.697000000000000508,-1.908196346876936955
0.698000000000000509,-1.886074339293376756
0.699000000000000510,-1.864025163555947939
0.700000000000000511,-1.842050653936901039
0.701000000000000512,-1.820152606209502810
0.702000000000000512,-1.798332777942095007
0.703000000000000513,-1.776592888796239222
0.704000000000000514,-1.754934620828794589
0.705000000000000515,-1.733359618797685631
0.706000000000000516,-1.711869490471202626
0.707000000000000517,-1.690465806940585791
0.708000000000000518,-1.669150102935759605
0.709000000000000519,-1.647923877144011895
0.710000000000000520,-1.626788592531398070
0.711000000000000520,-1.605745676666766597
0.712000000000000521,-1.584796522048165901
0.713000000000000522,-1.563942486431499912
0.714000000000000523,-1.543184893161283266
0.715000000000000524,-1.522525031503270787
0.716000000000000525,-1.501964156978894405
0.717000000000000526,-1.481503491701269937
0.718000000000000527,-1.461144224712691564
0.719000000000000528,-1.440887512323419495
0.720000000000000528,-1.420734478451686655
0.721000000000000529,-1.400686214964671716
0.722000000000000530,-1.380743782020456223
0.723000000000000531,-1.360908208410692266
0.724000000000000532,-1.341180491903965377
0.725000000000000533,-1.321561599589661462
0.726000000000000534,-1.302052468222234527
0.727000000000000535,-1.282654004565780825
0.728000000000000536,-1.263367085738782869
0.729000000000000536,-1.244192559558910061
0.730000000000000537,-1.225131244887815996
0.731000000000000538,-1.206183931975734813
0.732000000000000539,-1.187351382805899247
0.733000000000000540,-1.168634331438564988
0.734000000000000541,-1.150033484354634261
0.735000000000000542,-1.131549520798718955
0.736000000000000543,-1.113183093121647760
0.737000000000000544,-1.094934827122180598
0.738000000000000544,-1.076805322388038721
0.739000000000000545,-1.058795152635979342
0.740000000000000546,-1.040904866050988087
0.741000000000000547,-1.023134985624412741
0.742000000000000548,-1.005486009491040722
0.743000000000000549,-0.987958411264973080
0.744000000000000550,-0.970552640374280573
0.745000000000000551,-0.953269122394382995
0.746000000000000552,-0.936108259380030838
0.747000000000000552,-0.919070430195899180
0.748000000000000553,-0.902155990845674105
0.749000000000000554,-0.885365274799592705
0.750000000000000555,-0.868698593320429979
0.751000000000000556,-0.852156235787791205
0.752000000000000557,-0.835738470020741309
0.753000000000000558,-0.819445542598654542
0.754000000000000559,-0.803277679180313120
0.755000000000000560,-0.787235084821123587
0.756000000000000560,-0.771317944288490542
0.757000000000000561,-0.755526422375229822
0.758000000000000562,-0.739860664211037689
0.759000000000000563,-0.724320795571979037
0.760000000000000564,-0.708906923187903604
0.761000000000000565,-0.693619135047809587
0.762000000000000566,-0.678457500703097960
0.763000000000000567,-0.663422071568713245
0.764000000000000568,-0.648512881222072513
0.765000000000000568,-0.633729945699858299
0.766000000000000569,-0.619073263792548678
0.767000000000000570,-0.604542817336726435
0.768000000000000571,-0.590138571505100407
0.769000000000000572,-0.575860475094254753
0.770000000000000573,-0.561708460810079413
0.771000000000000574,-0.547682445550858210
0.772000000000000575,-0.533782330688030160
0.773000000000000576,-0.520008002344539699
0.774000000000000576,-0.506359331670851676
0.775000000000000577,-0.492836175118546993
0.776000000000000578,-0.479438374711469883
0.777000000000000579,-0.466165758314532053
0.778000000000000580,-0.453018139899981964
0.779000000000000581,-0.439995319811302354
0.780000000000000582,-0.427097085024599310
0.781000000000000583,-0.414323209407569337
0.782000000000000584,-0.401673453975943340
0.783000000000000584,-0.389147567147489104
0.784000000000000585,-0.376745284993518947
0.785000000000000586,-0.364466331487878825
0.786000000000000587,-0.352310418753488563
0.787000000000000588,-0.340277247306348229
0.788000000000000589,-0.328366506297044392
0.789000000000000590,-0.316577873749785244
0.790000000000000591,-0.304911016798892709
0.791000000000000592,-0.293365591922829683
0.792000000000000592,-0.281941245175686084
0.793000000000000593,-0.270637612416201878
0.794000000000000594,-0.259454319534269062
0.795000000000000595,-0.248390982674941363
0.796000000000000596,-0.237447208459949405
0.797000000000000597,-0.226622594206748407
0.798000000000000598,-0.215916728145052750
0.799000000000000599,-0.205329189630903131
0.800000000000000600,-0.194859549358282702
0.801000000000000600,-0.184507369568228941
0.802000000000000601,-0.174272204255517094
0.803000000000000602,-0.164153599372881792
0.804000000000000603,-0.154151093032792202
0.805000000000000604,-0.144264215706799787
0.806000000000000605,-0.134492490422442101
0.807000000000000606,-0.124835432957764739
0.808000000000000607,-0.115292552033384649
0.809000000000000608,-0.105863349502208631
0.810000000000000608,-0.096547320536742393
0.811000000000000609,-0.087343953814000591
0.812000000000000610,-0.078252731698105343
0.813000000000000611,-0.069273130420477530
0.814000000000000612,-0.060404620257721808
0.815000000000000613,-0.051646665707189163
0.816000000000000614,-0.042998725660179836
0.817000000000000615,-0.034460253572889718
0.818000000000000616,-0.026030697635053290
0.819000000000000616,-0.017709500936297660
0.820000000000000617,-0.009496101630243680
0.821000000000000618,-0.001389933096358831
0.822000000000000619,0.006609575900411280
0.823000000000000620,0.014503001052256870
0.824000000000000621,0.022290922353307180
0.825000000000000622,0.029973923946621295
0.826000000000000623,0.037552593973360568
0.827000000000000624,0.045027524424120141
0.828000000000000624,0.052399310992388440
0.829000000000000625,0.059668552930174798
0.830000000000000626,0.066835852905702778
0.831000000000000627,0.073901816863225014
0.832000000000000628,0.080867053884915704
0.833000000000000629,0.087732176054831815
0.834000000000000630,0.094497798324908899
0.835000000000000631,0.101164538383002017
0.836000000000000631,0.107733016522933905
0.837000000000000632,0.114203855516535849
0.838000000000000633,0.120577680487699818
0.839000000000000634,0.126855118788350152
0.840000000000000635,0.133036799876395662
0.841000000000000636,0.139123355195612641
0.842000000000000637,0.145115418057415541
0.843000000000000638,0.151013623524559798
0.844000000000000639,0.156818608296689144
0.845000000000000639,0.162531010597776970
0.846000000000000640,0.168151470065396380
0.847000000000000641,0.173680627641813745
0.848000000000000642,0.179119125466904616
0.849000000000000643,0.184467606772871967
0.850000000000000644,0.189726715780696997
0.851000000000000645,0.194897097598415975
0.852000000000000646,0.199979398121079899
0.853000000000000647,0.204974263932466400
0.854000000000000647,0.209882342208497719
0.855000000000000648,0.214704280622349586
0.856000000000000649,0.219440727251211248
0.857000000000000650,0.224092330484736479
0.858000000000000651,0.228659738935107271
0.859000000000000652,0.233143601348721530
0.860000000000000653,0.237544566519494016
0.861000000000000654,0.241863283203745283
0.862000000000000655,0.246100400036633526
0.863000000000000655,0.250256565450185320
0.864000000000000656,0.254332427592819044
0.865000000000000657,0.258328634250409472
0.866000000000000658,0.262245832768857823
0.867000000000000659,0.266084669978119970
0.868000000000000660,0.269845792117742844
0.869000000000000661,0.273529844763820862
0.870000000000000662,0.277137472757401915
0.871000000000000663,0.280669320134300737
0.872000000000000663,0.284126030056333800
0.873000000000000664,0.287508244743920893
0.874000000000000665,0.290816605410064988
0.875000000000000666,0.294051752195687410
0.876000000000000667,0.297214324106290007
0.877000000000000668,0.300304958949948131
0.878000000000000669,0.303324293276607038
0.879000000000000670,0.306272962318664743
0.880000000000000671,0.309151599932822929
0.881000000000000671,0.311960838543210717
0.882000000000000672,0.314701309085732128
0.883000000000000673,0.317373640953656999
0.884000000000000674,0.319978461944405990
0.885000000000000675,0.322516398207544241
0.886000000000000676,0.324988074193952758
0.887000000000000677,0.327394112606149978
0.888000000000000678,0.329735134349800896
0.889000000000000679,0.332011758486311925
0.890000000000000679,0.334224602186586339
0.891000000000000680,0.336374280685858840
0.892000000000000681,0.338461407239639800
0.893000000000000682,0.340486593080730704
0.894000000000000683,0.342450447377292355
0.895000000000000684,0.344353577191971350
0.896000000000000685,0.346196587442053283
0.897000000000000686,0.347980080860649521
0.898000000000000687,0.349704657958856413
0.899000000000000687,0.351370916988953952
0.900000000000000688,0.352979453908542962
0.901000000000000689,0.354530862345663167
0.902000000000000690,0.356025733564859448
0.903000000000000691,0.357464656434177130
0.904000000000000692,0.358848217393106406
0.905000000000000693,0.360177000421407212
0.906000000000000694,0.361451587008846720
0.907000000000000695,0.362672556125828494
0.908000000000000695,0.363840484194872249
0.909000000000000696,0.364955945062978127
0.910000000000000697,0.366019509974816526
0.911000000000000698,0.367031747546768927
0.912000000000000699,0.367993223741778341
0.913000000000000700,0.368904501845002730
0.914000000000000701,0.369766142440302037
0.915000000000000702,0.370578703387463348
0.916000000000000703,0.371342739800227417
0.917000000000000703,0.372058804025071410
0.918000000000000704,0.372727445620743114
0.919000000000000705,0.373349211338527553
0.920000000000000706,0.373924645103244468
0.921000000000000707,0.374454287994957224
0.922000000000000708,0.374938678231406530
0.923000000000000709,0.375378351151093637
0.924000000000000710,0.375773839197097226
0.925000000000000711,0.376125671901519909
0.926000000000000711,0.376434375870626947
0.927000000000000712,0.376700474770605642
0.928000000000000713,0.376924489313994360
0.929000000000000714,0.377106937246704077
0.930000000000000715,0.377248333335704344
0.931000000000000716,0.377349189357278181
0.932000000000000717,0.377410014085876711
0.933000000000000718,0.377431313283609571
0.934000000000000719,0.377413589690246298
0.935000000000000719,0.377357343013833890
0.936000000000000720,0.377263069921855654
0.937000000000000721,0.377131264032943059
0.938000000000000722,0.376962415909124826
0.939000000000000723,0.376757013048607980
0.940000000000000724,0.376515539879086092
0.941000000000000725,0.376238477751544398
0.942000000000000726,0.375926304934586786
0.943000000000000727,0.375579496609240837
0.944000000000000727,0.375198524864262972
0.945000000000000728,0.374783858691905447
0.946000000000000729,0.374335963984165965
0.947000000000000730,0.373855303529484873
0.948000000000000731,0.373342337009898606
0.949000000000000732,0.372797520998635501
0.950000000000000733,0.372221308958157693
0.951000000000000734,0.371614151238596369
0.952000000000000735,0.370976495076646873
0.953000000000000735,0.370308784594848561
0.954000000000000736,0.369611460801272773
0.955000000000000737,0.368884961589615201
0.956000000000000738,0.368129721739656302
0.957000000000000739,0.367346172918116665
0.958000000000000740,0.366534743679892860
0.959000000000000741,0.365695859469632123
0.960000000000000742,0.364829942623686954
0.961000000000000743,0.363937412372418223
0.962000000000000743,0.363018684842829509
0.963000000000000744,0.362074173061552040
0.964000000000000745,0.361104286958150222
0.965000000000000746,0.360109433368755671
0.966000000000000747,0.359090016040018889
0.967000000000000748,0.358046435633363636
0.968000000000000749,0.356979089729550947
0.969000000000000750,0.355888372833541689
0.970000000000000751,0.354774676379636389
0.971000000000000751,0.353638388736917497
0.972000000000000752,0.352479895214967698
0.973000000000000753,0.351299578069832308
0.974000000000000754,0.350097816510292481
0.975000000000000755,0.348874986704360457
0.976000000000000756,0.347631461786051310
0.977000000000000757,0.346367611862392066
0.978000000000000758,0.345083804020685836
0.979000000000000759,0.343780402335989443
0.980000000000000759,0.342457767878847574
0.981000000000000760,0.341116258723252019
0.982000000000000761,0.339756229954791822
0.983000000000000762,0.338378033679057666
0.984000000000000763,0.336982019030240942
0.985000000000000764,0.335568532179915668
0.986000000000000765,0.334137916346067876
0.987000000000000766,0.332690511802277100
0.988000000000000766,0.331226655887109145
0.989000000000000767,0.329746683013683761
0.990000000000000768,0.328250924679443057
0.991000000000000769,0.326739709476065787
0.992000000000000770,0.325213363099576991
0.993000000000000771,0.323672208360612335
0.994000000000000772,0.322116565194850435
0.995000000000000773,0.320546750673594782
0.996000000000000774,0.318963079014523032
0.997000000000000774,0.317365861592568077
0.998000000000000775,0.315755406950963657
0.999000000000000776,0.314132020812401547
1.000000000000000666,0.312496006090363043
1.001000000000000778,0.310847662900547494
1.002000000000000668,0.309187288572454089
1.003000000000000780,0.307515177661079275
1.004000000000000670,0.305831621958721545
1.005000000000000782,0.304136910506931424
1.006000000000000671,0.302431329608550126
1.007000000000000783,0.300715162839867933
1.008000000000000673,0.298988691062890888
1.009000000000000785,0.297252192437697738
1.010000000000000675,0.295505942434917013
1.011000000000000787,0.293750213848268882
1.012000000000000677,0.291985276807227190
1.013000000000000789,0.290211398789760211
1.014000000000000679,0.288428844635145343
1.015000000000000790,0.286637876556888882
1.016000000000000680,0.284838754155695706
1.017000000000000792,0.283031734432550475
1.018000000000000682,0.281217071801830643
1.019000000000000794,0.279395018104526049
1.020000000000000684,0.277565822621498537
1.021000000000000796,0.275729732086822277
1.022000000000000686,0.273886990701177835
1.023000000000000798,0.272037840145297194
1.024000000000000687,0.270182519593488935
1.025000000000000799,0.268321265727174463
1.026000000000000689,0.266454312748525324
1.027000000000000801,0.264581892394095575
1.028000000000000691,0.262704233948544696
1.029000000000000803,0.260821564258364835
1.030000000000000693,0.258934107745682485
1.031000000000000805,0.257042086422060279
1.032000000000000695,0.255145719902370061
1.033000000000000806,0.253245225418673114
1.034000000000000696,0.251340817834130204
1.035000000000000808,0.249432709656969342
1.036000000000000698,0.247521111054436582
1.037000000000000810,0.245606229866798031
1.038000000000000700,0.243688271621361169
1.039000000000000812,0.241767439546503649
1.040000000000000702,0.239843934585724838
1.041000000000000814,0.237917955411714344
1.042000000000000703,0.235989698440442153
1.043000000000000815,0.234059357845231297
1.044000000000000705,0.232127125570870646
1.045000000000000817,0.230193191347719595
1.046000000000000707,0.228257742705818611
1.047000000000000819,0.226320964988999840
1.048000000000000709,0.224383041369030339
1.049000000000000821,0.222444152859691491
1.050000000000000711,0.220504478330927345
1.051000000000000822,0.218564194522937127
1.052000000000000712,0.216623476060296916
1.053000000000000824,0.214682495466052531
1.054000000000000714,0.212741423175813266
1.055000000000000826,0.210800427551839059
1.056000000000000716,0.208859674897105829
1.057000000000000828,0.206919329469369806
1.058000000000000718,0.204979553495213962
1.059000000000000830,0.203040507184070407
1.060000000000000719,0.201102348742236398
1.061000000000000831,0.199165234386873391
1.062000000000000721,0.197229318359972400
1.063000000000000833,0.195294752942306360
1.064000000000000723,0.193361688467373838
1.065000000000000835,0.191430273335296441
1.066000000000000725,0.189500654026697551
1.067000000000000837,0.187572975116574420
1.068000000000000727,0.185647379288107955
1.069000000000000838,0.183724007346483698
1.070000000000000728,0.181802998232650531
1.071000000000000840,0.179884489037067274
1.072000000000000730,0.177968615013412462
1.073000000000000842,0.176055509592260545
1.074000000000000732,0.174145304394732858
1.075000000000000844,0.172238129246094773
1.076000000000000734,0.170334112189343884
1.077000000000000846,0.168433379498738239
1.078000000000000735,0.166536055693297713
1.079000000000000847,0.164642263550276058
1.080000000000000737,0.162752124118564184
1.081000000000000849,0.160865756732098963
1.082000000000000739,0.158983279023184459
1.083000000000000851,0.157104806935804919
1.084000000000000741,0.155230454738874812
1.085000000000000853,0.153360335039464724
1.086000000000000743,0.151494558795964324
1.087000000000000854,0.149633235331211673
1.088000000000000744,0.147776472345574728
1.089000000000000856,0.145924375929993827
1.090000000000000746,0.144077050578958615
1.091000000000000858,0.142234599203456658
1.092000000000000748,0.140397123143872593
1.093000000000000860,0.138564722182822009
1.094000000000000750,0.136737494557955669
1.095000000000000862,0.134915536974706429
1.096000000000000751,0.133098944618980253
1.097000000000000863,0.131287811169807950
1.098000000000000753,0.129482228811934968
1.099000000000000865,0.127682288248360282
1.100000000000000755,0.125888078712845297
1.101000000000000867,0.124099687982323403
1.102000000000000757,0.122317202389308030
1.103000000000000869,0.120540706834206673
1.104000000000000759,0.118770284797610842
1.105000000000000870,0.117006018352505389
1.106000000000000760,0.115247988176451072
1.107000000000000872,0.113496273563675948
1.108000000000000762,0.111750952437149345
1.109000000000000874,0.110012101360570450
1.110000000000000764,0.108279795550319483
1.111000000000000876,0.106554108887341847
1.112000000000000766,0.104835113928978568
1.113000000000000878,0.103122881920736348
1.114000000000000767,0.101417482808004625
1.115000000000000879,0.099718985247712527
1.116000000000000769,0.098027456619935310
1.117000000000000881,0.096342963039422067
1.118000000000000771,0.094665569367084340
1.119000000000000883,0.092995339221422946
1.120000000000000773,0.091332334989884315
1.121000000000000885,0.089676617840173029
1.122000000000000774,0.088028247731496659
1.123000000000000886,0.086387283425744504
1.124000000000000776,0.084753782498619160
1.125000000000000888,0.083127801350706326
1.126000000000000778,0.081509395218472919
1.127000000000000890,0.079898618185215931
1.128000000000000780,0.078295523191952626
1.129000000000000892,0.076700162048235598
1.130000000000000782,0.075112585442929342
1.131000000000000894,0.073532842954899230
1.132000000000000783,0.071960983063672782
1.133000000000000895,0.070397053159997752
1.134000000000000785,0.068841099556388730
1.135000000000000897,0.067293167497565448
1.136000000000000787,0.065753301170863088
1.137000000000000899,0.064221543716566937
1.138000000000000789,0.062697937238195556
1.139000000000000901,0.061182522812695629
1.140000000000000790,0.059675340500616361
1.141000000000000902,0.058176429356201806
1.142000000000000792,0.056685827437410907
1.143000000000000904,0.055203571815884714
1.144000000000000794,0.053729698586871710
1.145000000000000906,0.052264242879067759
1.146000000000000796,0.050807238864394713
1.147000000000000908,0.049358719767736550
1.148000000000000798,0.047918717876597475
1.149000000000000909,0.046487264550705343
1.150000000000000799,0.045064390231556527
1.151000000000000689,0.043650124451893271
1.152000000000000801,0.042244495845121535
1.153000000000000913,0.040847532154674904
1.154000000000000803,0.039459260243313109
1.155000000000000693,0.038079706102351320
1.156000000000000805,0.036708894860840335
1.157000000000000917,0.035346850794691534
1.158000000000000806,0.033993597335716552
1.159000000000000696,0.032649157080633914
1.160000000000000808,0.031313551799997549
1.161000000000000920,0.029986802447076733
1.162000000000000810,0.028668929166660917
1.163000000000000700,0.027359951303828824
1.164000000000000812,0.026059887412623862
1.165000000000000924,0.024768755264709584
1.166000000000000814,0.023486571857930291
1.167000000000000703,0.022213353424830481
1.168000000000000815,0.020949115441111218
1.169000000000000927,0.019693872634033556
1.170000000000000817,0.018447638990743885
1.171000000000000707,0.017210427766568434
1.172000000000000819,0.015982251493221262
1.173000000000000931,0.014763121986971944
1.174000000000000821,0.013553050356753565
1.175000000000000711,0.012352047012197245
1.176000000000000822,0.011160121671629516
1.177000000000000934,0.009977283369995243
1.178000000000000824,0.008803540466738388
1.179000000000000714,0.007638900653607944
1.180000000000000826,0.006483370962411761
1.181000000000000938,0.005336957772731052
1.182000000000000828,0.004199666819548474
1.183000000000000718,0.003071503200842911
1.184000000000000830,0.001952471385117183
1.185000000000000941,0.000842575218870797
1.186000000000000831,-0.000258182065987683
1.187000000000000721,-0.001349797844768618
1.188000000000000833,-0.002432270092707192
1.189000000000000945,-0.003505597377705703
1.190000000000000835,-0.004569778853146419
1.191000000000000725,-0.005624814250737376
1.192000000000000837,-0.006670703873456687
1.193000000000000949,-0.007707448588485269
1.194000000000000838,-0.008735049820263638
1.195000000000000728,-0.009753509543553812
1.196000000000000840,-0.010762830276574997
1.197000000000000952,-0.011763015074199950
1.198000000000000842,-0.012754067521175602
1.199000000000000732,-0.013735991725443795
1.200000000000000844,-0.014708792311456160
1.201000000000000956,-0.015672474413606315
1.202000000000000846,-0.016627043669657542
1.203000000000000735,-0.017572506214261163
1.204000000000000847,-0.018508868672506805
1.205000000000000959,-0.019436138153536505
1.206000000000000849,-0.020354322244199675
1.207000000000000739,-0.021263429002771429
1.208000000000000851,-0.022163466952709442
1.209000000000000963,-0.023054445076474840
1.210000000000000853,-0.023936372809392720
1.211000000000000743,-0.024809260033567988
1.212000000000000854,-0.025673117071852870
1.213000000000000966,-0.026527954681860717
1.214000000000000856,-0.027373784050035772
1.215000000000000746,-0.028210616785759018
1.216000000000000858,-0.029038464915527900
1.217000000000000970,-0.029857340877151368
1.218000000000000860,-0.030667257514021114
1.219000000000000750,-0.031468228069428804
1.220000000000000862,-0.032260266180911559
1.221000000000000973,-0.033043385874665702
1.222000000000000863,-0.033817601560001201
1.223000000000000753,-0.034582928023840935
1.224000000000000865,-0.035339380425272168
1.225000000000000977,-0.036086974290143195
1.226000000000000867,-0.036825725505704732
1.227000000000000757,-0.037555650315301073
1.228000000000000869,-0.038276765313096060
1.229000000000000981,-0.038989087438873006
1.230000000000000870,-0.039692633972844858
1.231000000000000760,-0.040387422530535441
1.232000000000000872,-0.041073471057697805
1.233000000000000984,-0.041750797825262240
1.234000000000000874,-0.042419421424374479
1.235000000000000764,-0.043079360761410772
1.236000000000000876,-0.043730635053102977
1.237000000000000988,-0.044373263821658980
1.238000000000000878,-0.045007266889958333
1.239000000000000767,-0.045632664376774559
1.240000000000000879,-0.046249476692045724
1.241000000000000991,-0.046857724532180921
1.242000000000000881,-0.047457428875427754
1.243000000000000771,-0.048048610977263088
1.244000000000000883,-0.048631292365827306
1.245000000000000995,-0.049205494837415271
1.246000000000000885,-0.049771240451999724
1.247000000000000774,-0.050328551528788387
1.248000000000000886,-0.050877450641832925
1.249000000000000998,-0.051417960615675620
1.250000000000000888,-0.051950104521042165
1.251000000000000778,-0.052473905670553711
1.252000000000000890,-0.052989387614513994
1.253000000000001002,-0.053496574136695806
1.254000000000000892,-0.053995489250204573
1.255000000000000782,-0.054486157193353535
1.256000000000000894,-0.054968602425596827
1.257000000000001005,-0.055442849623485245
1.258000000000000895,-0.055908923676675402
1.259000000000000785,-0.056366849683961009
1.260000000000000897,-0.056816652949365422
1.261000000000001009,-0.057258358978242815
1.262000000000000899,-0.057691993473442803
1.263000000000000789,-0.058117582331494000
1.264000000000000901,-0.058535151638842653
1.265000000000001013,-0.058944727668104199
1.266000000000000902,-0.059346336874371762
1.267000000000000792,-0.059740005891555571
1.268000000000000904,-0.060125761528752861
1.269000000000001016,-0.060503630766660155
1.270000000000000906,-0.060873640754015121
1.271000000000000796,-0.061235818804081257
1.272000000000000908,-0.061590192391157025
1.273000000000001020,-0.061936789147135032
1.274000000000000909,-0.062275636858076702
1.275000000000000799,-0.062606763460837614
1.276000000000000911,-0.062930197039724675
1.277000000000001023,-0.063245965823171213
1.278000000000000913,-0.063554098180469115
1.279000000000000803,-0.063854622618514212
1.280000000000000915,-0.064147567778607445
1.281000000000001027,-0.064432962433252791
1.282000000000000917,-0.064710835483031554
1.283000000000000806,-0.064981215953474072
1.284000000000000918,-0.065244132991984782
1.285000000000001030,-0.065499615864786032
1.286000000000000920,-0.065747693953908282
1.287000000000000810,-0.065988396754186829
1.288000000000000922,-0.066221753870324931
1.289000000000001034,-0.066447795013953898
1.290000000000000924,-0.066666550000743660
1.291000000000000814,-0.066878048747548186
1.292000000000000925,-0.067082321269550466
1.293000000000001037,-0.067279397677487321
1.294000000000000927,-0.067469308174852416
1.295000000000000817,-0.067652083055169288
1.296000000000000929,-0.067827752699266025
1.297000000000001041,-0.067996347572591709
1.298000000000000931,-0.068157898222575855
1.299000000000000821,-0.068312435275981104
1.300000000000000933,-0.068459989436313456
1.301000000000001044,-0.068600591481259007
1.302000000000000934,-0.068734272260131096
1.303000000000000824,-0.068861062691363079
1.304000000000000936,-0.068980993760016360
1.305000000000001048,-0.069094096515334311
1.306000000000000938,-0.069200402068298389
1.307000000000000828,-0.069299941589227962
1.308000000000000940,-0.069392746305402500
1.309000000000001052,-0.069478847498715399
1.310000000000000941,-0.069558276503347921
1.311000000000000831,-0.069631064703465112
1.312000000000000943,-0.069697243530945932
1.313000000000001055,-0.069756844463151529
1.314000000000000945,-0.069809899020687460
1.315000000000000835,-0.069856438765211026
1.316000000000000947,-0.069896495297270850
1.317000000000001059,-0.069930100254156996
1.318000000000000949,-0.069957285307776312
1.319000000000000838,-0.069978082162567318
1.320000000000000950,-0.069992522553423447
1.321000000000001062,-0.070000638243644733
1.322000000000000952,-0.070002461022919238
1.323000000000000842,-0.069998022705324209
1.324000000000000954,-0.069987355127350409
1.325000000000001066,-0.069970490145947167
1.326000000000000956,-0.069947459636602580
1.327000000000000846,-0.069918295491430013
1.328000000000000957,-0.069883029617288525
1.329000000000001069,-0.069841693933922810
1.330000000000000959,-0.069794320372135343
1.331000000000000849,-0.069740940871954996
1.332000000000000961,-0.069681587380855212
1.333000000000001073,-0.069616291851981912
1.334000000000000963,-0.069545086242406184
1.335000000000000853,-0.069468002511389890
1.336000000000000965,-0.069385072618689869
1.337000000000001076,-0.069296328522865783
1.338000000000000966,-0.069201802179618535
1.339000000000000856,-0.069101525540154446
1.340000000000000968,-0.068995530549546338
1.341000000000001080,-0.068883849145150833
1.342000000000000970,-0.068766513255015982
1.343000000000000860,-0.068643554796324627
1.344000000000000972,-0.068515005673848786
1.345000000000001084,-0.068380897778441460
1.346000000000000973,-0.068241262985514722
1.347000000000000863,-0.068096133153577584
1.348000000000000975,-0.067945540122757303
1.349000000000001087,-0.067789515713367526
1.350000000000000977,-0.067628091724477896
1.351000000000000867,-0.067461299932513263
1.352000000000000979,-0.067289172089856228
1.353000000000001091,-0.067111739923489885
1.354000000000000981,-0.066929035133647702
1.355000000000000870,-0.066741089392465619
1.356000000000000982,-0.066547934342689713
1.357000000000001094,-0.066349601596366464
1.358000000000000984,-0.066146122733562435
1.359000000000000874,-0.065937529301116404
1.360000000000000986,-0.065723852811379241
1.361000000000001098,-0.065505124741006809
1.362000000000000988,-0.065281376529724586
1.363000000000000878,-0.065052639579161436
1.364000000000000989,-0.064818945251664789
1.365000000000001101,-0.064580324869125821
1.366000000000000991,-0.064336809711863951
1.367000000000000881,-0.064088431017481753
1.368000000000000993,-0.063835219979760688
1.369000000000001105,-0.063577207747564354
1.370000000000000995,-0.063314425423764475
1.371000000000000885,-0.063046904064178566
1.372000000000000997,-0.062774674676515180
1.373000000000001108,-0.062497768219358041
1.374000000000000998,-0.062216215601120228
1.375000000000000888,-0.061930047679084090
1.376000000000001000,-0.061639295258380647
1.377000000000001112,-0.061343989091034876
1.378000000000001002,-0.061044159875004979
1.379000000000000892,-0.060739838253244846
1.380000000000001004,-0.060431054812764354
1.381000000000001116,-0.060117840083735122
1.382000000000001005,-0.059800224538574698
1.383000000000000895,-0.059478238591067087
1.384000000000001007,-0.059151912595501024
1.385000000000001119,-0.058821276845796487
1.386000000000001009,-0.058486361574677667
1.387000000000000899,-0.058147196952822333
1.388000000000001011,-0.057803813088075896
1.389000000000001123,-0.057456240024613879
1.390000000000001013,-0.057104507742177991
1.391000000000000902,-0.056748646155281392
1.392000000000001014,-0.056388685112458703
1.393000000000001126,-0.056024654395505323
1.394000000000001016,-0.055656583718741735
1.395000000000000906,-0.055284502728286812
1.396000000000001018,-0.054908441001341089
1.397000000000001130,-0.054528428045491337
1.398000000000001020,-0.054144493298018750
1.399000000000000909,-0.053756666125214611
1.400000000000001021,-0.053364975821724628
1.401000000000001133,-0.052969451609893026
1.402000000000001023,-0.052570122639116611
1.403000000000000913,-0.052167017985214073
1.404000000000001025,-0.051760166649810993
1.405000000000001137,-0.051349597559735172
1.406000000000001027,-0.050935339566404114
1.407000000000000917,-0.050517421445268738
1.408000000000001029,-0.050095871895203745
1.409000000000001140,-0.049670719537972349
1.410000000000001030,-0.049241992917663582
1.411000000000000920,-0.048809720500147404
1.412000000000001032,-0.048373930672542489
1.413000000000001144,-0.047934651742708563
1.414000000000001034,-0.047491911938720564
1.415000000000000924,-0.047045739408369772
1.416000000000001036,-0.046596162218687197
1.417000000000001148,-0.046143208355449751
1.418000000000001037,-0.045686905722715110
1.419000000000000927,-0.045227282142360353
1.420000000000001039,-0.044764365353630375
1.421000000000001151,-0.044298183012705453
1.422000000000001041,-0.043828762692255455
1.423000000000000931,-0.043356131881028298
1.424000000000001043,-0.042880317983433093
1.425000000000001155,-0.042401348319139207
1.426000000000001044,-0.041919250122679955
1.427000000000000934,-0.041434050543070866
1.428000000000001046,-0.040945776643429216
1.429000000000001158,-0.040454455400604258
1.430000000000001048,-0.039960113704824940
1.431000000000000938,-0.039462778359349943
1.432000000000001050,-0.038962476080121121
1.433000000000001162,-0.038459233495435396
1.434000000000001052,-0.037953077145611497
1.435000000000000941,-0.037444033482689043
1.436000000000001053,-0.036932128870105295
1.437000000000001165,-0.036417389582401385
1.438000000000001055,-0.035899841804937924
1.439000000000000945,-0.035379511633596261
1.440000000000001057,-0.034856425074514572
1.441000000000001169,-0.034330608043809434
1.442000000000001059,-0.033802086367323889
1.443000000000000949,-0.033270885780376153
1.444000000000001060,-0.032737031927501832
1.445000000000001172,-0.032200550362224627
1.446000000000001062,-0.031661466546832051
1.447000000000000952,-0.031119805852133635
1.448000000000001064,-0.030575593557261992
1.449000000000001176,-0.030028854849459267
1.450000000000001066,-0.029479614823866813
1.451000000000000956,-0.028927898483339903
1.452000000000001068,-0.028373730738256324
1.453000000000001180,-0.027817136406335718
1.454000000000001069,-0.027258140212460528
1.455000000000000959,-0.026696766788514688
1.456000000000001071,-0.026133040673213863
1.457000000000001183,-0.025566986311963032
1.458000000000001073,-0.024998628056694096
1.459000000000000963,-0.024427990165730728
1.460000000000001075,-0.023855096803654340
1.461000000000001187,-0.023279972041167375
1.462000000000001076,-0.022702639854980604
1.463000000000000966,-0.022123124127679805
1.464000000000001078,-0.021541448647628317
1.465000000000001190,-0.020957637108862302
1.466000000000001080,-0.020371713110969903
1.467000000000000970,-0.019783700159025058
1.468000000000001082,-0.019193621663483297
1.469000000000001194,-0.018601500940098381
1.470000000000001084,-0.018007361209851989
1.471000000000000973,-0.017411225598876989
1.472000000000001085,-0.016813117138396505
1.473000000000001197,-0.016213058764658707
1.474000000000001087,-0.015611073318881060
1.475000000000000977,-0.015007183547200011
1.476000000000001089,-0.014401412100633153
1.477000000000001201,-0.013793781535030192
1.478000000000001091,-0.013184314311039721
1.479000000000000981,-0.012573032794085382
1.480000000000001092,-0.011959959254330655
1.481000000000001204,-0.011345115866671807
1.482000000000001094,-0.010728524710708190
1.483000000000000984,-0.010110207770746327
1.484000000000001096,-0.009490186935784293
1.485000000000001208,-0.008868483999506852
1.486000000000001098,-0.008245120660304837
1.487000000000000988,-0.007620118521266833
1.488000000000001100,-0.006993499090199548
1.489000000000001211,-0.006365283779640131
1.490000000000001101,-0.005735493906888747
1.491000000000000991,-0.005104150694012529
1.492000000000001103,-0.004471275267898803
1.493000000000001215,-0.003836888660272019
1.494000000000001105,-0.003201011807738664
1.495000000000000995,-0.002563665551826842
1.496000000000001107,-0.001924870639038405
1.497000000000001219,-0.001284647720889358
1.498000000000001108,-0.000643017353971664
1.499000000000000998,0.000000000000000000
