# AuFCC100UCD_FLUOROFORM-AC
# h[nm],U(h)[kJ/mol]
0.149999999999999994,129.980776567315331249
0.150999999999999995,130.289486742872526293
0.151999999999999996,126.869707761739761054
0.152999999999999997,122.687390384513903996
0.153999999999999998,118.876327318139686895
0.154999999999999999,115.680618369246488442
0.156000000000000000,112.976721820626877957
0.157000000000000001,110.542797039503710721
0.158000000000000002,108.181772476960333051
0.159000000000000002,105.764193603244706310
0.160000000000000003,103.230669414797532113
0.161000000000000004,100.576985476416297161
0.162000000000000005,97.834490706496282542
0.163000000000000006,95.052019068986737693
0.164000000000000007,92.281908320688359026
0.165000000000000008,89.570646070557614848
0.166000000000000009,86.953662669054779144
0.167000000000000010,84.453381641876319463
0.168000000000000010,82.079564776518694202
0.169000000000000011,79.831085170847273957
0.170000000000000012,77.698428569798082322
0.171000000000000013,75.666404888813815433
0.172000000000000014,73.716718553961158023
0.173000000000000015,71.830185148479756663
0.174000000000000016,69.988489344129362735
0.175000000000000017,68.175456883926955243
0.176000000000000018,66.377865605435857788
0.177000000000000018,64.585852132438333228
0.178000000000000019,62.792986834498869086
0.179000000000000020,60.996094344653499775
0.180000000000000021,59.194893997434213873
0.181000000000000022,57.391526907718649397
0.182000000000000023,55.590026256918420700
0.183000000000000024,53.795776279140589793
0.184000000000000025,52.014994537497706517
0.185000000000000026,50.254262045636892253
0.186000000000000026,48.520117017495444145
0.187000000000000027,46.818720695698189616
0.188000000000000028,45.155597839280368078
0.189000000000000029,43.535449967120776193
0.190000000000000030,41.962036216252300846
0.191000000000000031,40.438114514264007937
0.192000000000000032,38.965434502007383344
0.193000000000000033,37.544773100186468184
0.194000000000000034,36.176003627376246641
0.195000000000000034,34.858189801794146945
0.196000000000000035,33.589696669371711835
0.197000000000000036,32.368311391800219212
0.198000000000000037,31.191367815699862831
0.199000000000000038,30.055869761662467710
0.200000000000000039,28.958608969638845565
0.201000000000000040,27.896274578936235855
0.202000000000000041,26.865551882588988519
0.203000000000000042,25.863208862230390395
0.204000000000000042,24.886169673546184811
0.205000000000000043,23.931574812498688232
0.206000000000000044,22.996828151664676199
0.207000000000000045,22.079631400218367787
0.208000000000000046,21.178006818333845018
0.209000000000000047,20.290309216325368880
0.210000000000000048,19.415228400488960148
0.211000000000000049,18.551783301223164102
0.212000000000000050,17.699309044148169079
0.213000000000000050,16.857438210611046969
0.214000000000000051,16.026077488419080197
0.215000000000000052,15.205380844310969479
0.216000000000000053,14.395720263104731629
0.217000000000000054,13.597655000311315021
0.218000000000000055,12.811900190082718964
0.219000000000000056,12.039295542669842476
0.220000000000000057,11.280774758347842379
0.221000000000000058,10.537336180610669345
0.222000000000000058,9.810015112310592755
0.223000000000000059,9.099858125788285790
0.224000000000000060,8.407899612901017505
0.225000000000000061,7.735140743837931154
0.226000000000000062,7.082530935017457452
0.227000000000000063,6.450951866239293508
0.228000000000000064,5.841204035456479815
0.229000000000000065,5.253995795719310635
0.230000000000000066,4.689934782589946671
0.231000000000000066,4.149521611106555596
0.232000000000000067,3.633145698614718810
0.233000000000000068,3.141083052867600589
0.234000000000000069,2.673495853106514275
0.235000000000000070,2.230433644750436706
0.236000000000000071,1.811835965247674096
0.237000000000000072,1.417536218999682740
0.238000000000000073,1.047266622516559664
0.239000000000000073,0.700664046603693413
0.240000000000000074,0.377276589945320873
0.241000000000000075,0.076570727529136004
0.242000000000000076,-0.202061112432915829
0.243000000000000077,-0.459292678419893907
0.244000000000000078,-0.695855856164563469
0.245000000000000079,-0.912532571897849087
0.246000000000000080,-1.110146738493700269
0.247000000000000081,-1.289556333060662308
0.248000000000000081,-1.451645683148020449
0.249000000000000082,-1.597318027772762106
0.250000000000000111,-1.727488409025803362
0.251000000000000112,-1.843076940155118137
0.252000000000000113,-1.945002486804209285
0.253000000000000114,-2.034176789541121799
0.254000000000000115,-2.111499047968979692
0.255000000000000115,-2.177850979568183298
0.256000000000000116,-2.234092359982691622
0.257000000000000117,-2.281057045712801656
0.258000000000000118,-2.319549475095548097
0.259000000000000119,-2.350341639015119721
0.260000000000000120,-2.374170508958158621
0.261000000000000121,-2.391735906777782361
0.262000000000000122,-2.403698797819978417
0.263000000000000123,-2.410679986856639978
0.264000000000000123,-2.413259194523522666
0.265000000000000124,-2.411974490637585511
0.266000000000000125,-2.407322059829726246
0.267000000000000126,-2.399756274335477890
0.268000000000000127,-2.389690048503175568
0.269000000000000128,-2.377495449569194452
0.270000000000000129,-2.363504539480852706
0.271000000000000130,-2.348010422986690493
0.272000000000000131,-2.331268477832156183
0.273000000000000131,-2.313497743667443096
0.274000000000000132,-2.294882447169079853
0.275000000000000133,-2.275573641872797204
0.276000000000000134,-2.255690942291647350
0.277000000000000135,-2.235324333030546562
0.278000000000000136,-2.214536034788381791
0.279000000000000137,-2.193362410346171743
0.280000000000000138,-2.171815894860535945
0.281000000000000139,-2.149886936003018612
0.282000000000000139,-2.127545930697556376
0.283000000000000140,-2.104745146400778033
0.284000000000000141,-2.081420616034903581
0.285000000000000142,-2.057493996814441672
0.286000000000000143,-2.032874384299693471
0.287000000000000144,-2.007460074057587640
0.288000000000000145,-1.981140264311053389
0.289000000000000146,-1.953796693907451143
0.290000000000000147,-1.925305210834673542
0.291000000000000147,-1.895537267357161770
0.292000000000000148,-1.864361338634303866
0.293000000000000149,-1.831644262418992586
0.294000000000000150,-1.797252498115621488
0.295000000000000151,-1.761053304105341777
0.296000000000000152,-1.722915832822138116
0.297000000000000153,-1.682712143588962039
0.298000000000000154,-1.640318133698909886
0.299000000000000155,-1.595614388655393512
0.300000000000000155,-1.548486952868464162
0.301000000000000156,-1.498828022444285368
0.302000000000000157,-1.446536562003621906
0.303000000000000158,-1.391518847724894314
0.304000000000000159,-1.333688939030658105
0.305000000000000160,-1.272969081524602863
0.306000000000000161,-1.209290043943189730
0.307000000000000162,-1.142591392012310081
0.308000000000000163,-1.072821702198158977
0.309000000000000163,-0.999938718415089189
0.310000000000000164,-0.923909454802735786
0.311000000000000165,-0.844710247713026496
0.312000000000000166,-0.762326760056668995
0.313000000000000167,-0.676753941149587979
0.314000000000000168,-0.587995945175094237
0.315000000000000169,-0.496066011338484270
0.316000000000000170,-0.400986308739234409
0.317000000000000171,-0.302787748923116051
0.318000000000000171,-0.201509769004131950
0.319000000000000172,-0.097200088165337276
0.320000000000000173,0.010085559740168119
0.321000000000000174,0.120283714861018118
0.322000000000000175,0.233323498763596676
0.323000000000000176,0.349126938166631651
0.324000000000000177,0.467609302674549365
0.325000000000000178,0.588679454297610816
0.326000000000000179,0.712240206656174712
0.327000000000000179,0.838188691876650793
0.328000000000000180,0.966416733297068786
0.329000000000000181,1.096811222209234771
0.330000000000000182,1.229254496974414135
0.331000000000000183,1.363624722955635971
0.332000000000000184,1.499796271816239424
0.333000000000000185,1.637640098837224611
0.334000000000000186,1.777024117007109938
0.335000000000000187,1.917813566736368047
0.336000000000000187,2.059871380143739827
0.337000000000000188,2.203058538954118184
0.338000000000000189,2.347234425136579095
0.339000000000000190,2.492257163496848893
0.340000000000000191,2.637983955520768919
0.341000000000000192,2.784271403843531001
0.342000000000000193,2.930975826795274575
0.343000000000000194,3.077953562544208488
0.344000000000000195,3.225061262427188602
0.345000000000000195,3.372156173121324318
0.346000000000000196,3.519096407371346658
0.347000000000000197,3.665741203044694974
0.348000000000000198,3.811951170339924033
0.349000000000000199,3.957588527024865410
0.350000000000000200,4.102517321627694002
0.351000000000000201,4.246603644548565093
0.352000000000000202,4.389715827099827550
0.353000000000000203,4.531724628520902520
0.354000000000000203,4.672503411048944955
0.355000000000000204,4.811928303158152787
0.356000000000000205,4.949878351110198693
0.357000000000000206,5.086235658985083674
0.358000000000000207,5.220885517385769781
0.359000000000000208,5.353716521032056086
0.360000000000000209,5.484620675478664609
0.361000000000000210,5.613493493210064855
0.362000000000000210,5.740234079379891163
0.363000000000000211,5.864745207476344646
0.364000000000000212,5.986933385206545388
0.365000000000000213,6.106708910902778342
0.366000000000000214,6.223985920761736956
0.367000000000000215,6.338682427234677341
0.368000000000000216,6.450720348891638700
0.369000000000000217,6.560025532086863898
0.370000000000000218,6.666527764755207031
0.371000000000000218,6.770160782670926025
0.372000000000000219,6.870862268500535386
0.373000000000000220,6.968573843981110016
0.374000000000000221,7.063241055553609371
0.375000000000000222,7.154813353778801677
0.376000000000000223,7.243244066860033747
0.377000000000000224,7.328490368593458371
0.378000000000000225,7.410513241061662093
0.379000000000000226,7.489277432381896915
0.380000000000000226,7.564751409814304495
0.381000000000000227,7.636907308529673699
0.382000000000000228,7.705720876329777980
0.383000000000000229,7.771171414606550698
0.384000000000000230,7.833241715819275086
0.385000000000000231,7.891917997761579429
0.386000000000000232,7.947189834882353310
0.387000000000000233,7.999050086917071312
0.388000000000000234,8.047494825077828651
0.389000000000000234,8.092523256042490232
0.390000000000000235,8.134137643975202892
0.391000000000000236,8.172343230802017189
0.392000000000000237,8.207148154957598862
0.393000000000000238,8.238563368810233101
0.394000000000000239,8.266602554964400440
0.395000000000000240,8.291282041631935940
0.396000000000000241,8.312620717254521452
0.397000000000000242,8.330639944552238774
0.398000000000000242,8.345363474165040429
0.399000000000000243,8.356817358045827149
0.400000000000000244,8.365029862756456325
0.401000000000000245,8.370031382809875353
0.402000000000000246,8.371854354194590897
0.403000000000000247,8.370533168209940200
0.404000000000000248,8.366104085733704565
0.405000000000000249,8.358605152036380659
0.406000000000000250,8.348076112249810166
0.407000000000000250,8.334558327590952942
0.408000000000000251,8.318094692435328952
0.409000000000000252,8.298729552328122594
0.410000000000000253,8.276508623015107702
0.411000000000000254,8.251478910569268521
0.412000000000000255,8.223688632683714417
0.413000000000000256,8.193187141195380718
0.414000000000000257,8.160024845899261692
0.415000000000000258,8.124253139707246163
0.416000000000000258,8.085924325201027330
0.417000000000000259,8.045091542623534764
0.418000000000000260,8.001808699348890386
0.419000000000000261,7.956130400866483043
0.420000000000000262,7.908111883310415813
0.421000000000000263,7.857808947561622404
0.422000000000000264,7.805277894946229367
0.423000000000000265,7.750575464549728011
0.424000000000000266,7.693758772163310944
0.425000000000000266,7.634885250875226959
0.426000000000000267,7.574012593316892250
0.427000000000000268,7.511198695570399764
0.428000000000000269,7.446501602741290249
0.429000000000000270,7.379979456197764520
0.430000000000000271,7.311690442474739093
0.431000000000000272,7.241692743839038826
0.432000000000000273,7.170044490509518198
0.433000000000000274,7.096803714523886697
0.434000000000000274,7.022028305241837742
0.435000000000000275,6.945775966472501395
0.436000000000000276,6.868104175212157436
0.437000000000000277,6.789070141976694117
0.438000000000000278,6.708730772711772872
0.439000000000000279,6.627142632262180477
0.440000000000000280,6.544361909380524089
0.441000000000000281,6.460444383254424494
0.442000000000000282,6.375445391529917849
0.443000000000000282,6.289419799808149136
0.444000000000000283,6.202421972591172228
0.445000000000000284,6.114505745652136781
0.446000000000000285,6.025724399804182063
0.447000000000000286,5.936130636041832886
0.448000000000000287,5.845776552027970752
0.449000000000000288,5.754713619899122889
0.450000000000000289,5.662992665361104017
0.451000000000000290,5.570663848046941702
0.452000000000000290,5.477776643108485999
0.453000000000000291,5.384379824012940574
0.454000000000000292,5.290521446515358051
0.455000000000000293,5.196248833777868725
0.456000000000000294,5.101608562606533503
0.457000000000000295,5.006646450776448098
0.458000000000000296,4.911407545415783282
0.459000000000000297,4.815936112419620940
0.460000000000000298,4.720275626864167684
0.461000000000000298,4.624468764392603681
0.462000000000000299,4.528557393543279908
0.463000000000000300,4.432582568991792371
0.464000000000000301,4.336584525678221169
0.465000000000000302,4.240602673791427968
0.466000000000000303,4.144675594582100331
0.467000000000000304,4.048841036977102625
0.468000000000000305,3.953135914967516040
0.469000000000000306,3.857596305743317799
0.470000000000000306,3.762257448548044003
0.471000000000000307,3.667153744226928413
0.472000000000000308,3.572318755442677407
0.473000000000000309,3.477785207533177214
0.474000000000000310,3.383584989986151648
0.475000000000000311,3.289749158505713922
0.476000000000000312,3.196307937647023589
0.477000000000000313,3.103290723994588607
0.478000000000000314,3.010726089861344157
0.479000000000000314,2.918641787485254824
0.480000000000000315,2.827064753701108213
0.481000000000000316,2.736021115065455866
0.482000000000000317,2.645536193413212001
0.483000000000000318,2.555634511824865118
0.484000000000000319,2.466339800983703423
0.485000000000000320,2.377675005903076233
0.486000000000000321,2.289662293003988047
0.487000000000000322,2.202323057524002259
0.488000000000000322,2.115677931238754805
0.489000000000000323,2.029746790478061946
0.490000000000000324,1.944548764418791986
0.491000000000000325,1.860102243637448138
0.492000000000000326,1.776424888905669963
0.493000000000000327,1.693533640212474767
0.494000000000000328,1.611444725997409844
0.495000000000000329,1.530173672579320687
0.496000000000000330,1.449735313765913247
0.497000000000000330,1.370143800629626707
0.498000000000000331,1.291412611435927005
0.499000000000000332,1.213554561710558088
0.500000000000000333,1.136581814432497506
0.501000000000000334,1.060505890340132762
0.502000000000000335,0.985337678338349621
0.503000000000000336,0.911087445994788636
0.504000000000000337,0.837764850113737025
0.505000000000000338,0.765378947376830654
0.506000000000000338,0.693938205039837053
0.507000000000000339,0.623450511675315289
0.508000000000000340,0.553923187951387619
0.509000000000000341,0.485362997437104760
0.510000000000000342,0.417776157425332584
0.511000000000000343,0.351168349764390431
0.512000000000000344,0.285544731690103193
0.513000000000000345,0.220909946650229699
0.514000000000000346,0.157268135113457330
0.515000000000000346,0.094622945355750415
0.516000000000000347,0.032977544216858015
0.517000000000000348,-0.027665372179689340
0.518000000000000349,-0.087303567749595162
0.519000000000000350,-0.145935255819862997
0.520000000000000351,-0.203559088555891332
0.521000000000000352,-0.260174146449080268
0.522000000000000353,-0.315779927870222354
0.523000000000000353,-0.370376338693833351
0.524000000000000354,-0.423963681998002273
0.525000000000000355,-0.476542647844449330
0.526000000000000356,-0.528114303142902863
0.527000000000000357,-0.578680081603902274
0.528000000000000358,-0.628241773783888013
0.529000000000000359,-0.676801517225915861
0.530000000000000360,-0.724361786699600385
0.531000000000000361,-0.770925384543251657
0.532000000000000361,-0.816495431111238568
0.533000000000000362,-0.861075355329195657
0.534000000000000363,-0.904668885359726338
0.535000000000000364,-0.947280039380891559
0.536000000000000365,-0.988913116479644083
0.537000000000000366,-1.029572687662246855
0.538000000000000367,-1.069263586983447256
0.539000000000000368,-1.107990902796132993
0.540000000000000369,-1.145759969122926769
0.541000000000000369,-1.182576357151100543
0.542000000000000370,-1.218445866851985082
0.543000000000000371,-1.253374518726009690
0.544000000000000372,-1.287368545674227649
0.545000000000000373,-1.320434384997168475
0.546000000000000374,-1.352578670521719095
0.547000000000000375,-1.383808224856515334
0.548000000000000376,-1.414130051776372854
0.549000000000000377,-1.443551328735996453
0.550000000000000377,-1.472079399513298803
0.551000000000000378,-1.499721766982311522
0.552000000000000379,-1.526486086015855781
0.553000000000000380,-1.552380156517781051
0.554000000000000381,-1.577411916584678275
0.555000000000000382,-1.601589435796826111
0.556000000000000383,-1.624920908637966566
0.557000000000000384,-1.647414648043615149
0.558000000000000385,-1.669079079077310679
0.559000000000000385,-1.689922732734350230
0.560000000000000386,-1.709954239872320203
0.561000000000000387,-1.729182325267782261
0.562000000000000388,-1.747615801798330981
0.563000000000000389,-1.765263564749294911
0.564000000000000390,-1.782134586244113361
0.565000000000000391,-1.798237909797589129
0.566000000000000392,-1.813582644991004189
0.567000000000000393,-1.828177962268104917
0.568000000000000393,-1.842033087850905471
0.569000000000000394,-1.855157298774249508
0.570000000000000395,-1.867559918037997591
0.571000000000000396,-1.879250309875629910
0.572000000000000397,-1.890237875138164103
0.573000000000000398,-1.900532046792105856
0.574000000000000399,-1.910142285530162409
0.575000000000000400,-1.919078075493502622
0.576000000000000401,-1.927348920104198005
0.577000000000000401,-1.934964338006587070
0.578000000000000402,-1.941933859116129923
0.579000000000000403,-1.948267020774473668
0.580000000000000404,-1.953973364009297997
0.581000000000000405,-1.959062429897542312
0.582000000000000406,-1.963543756030656340
0.583000000000000407,-1.967426873080342586
0.584000000000000408,-1.970721301463517205
0.585000000000000409,-1.973436548104883226
0.586000000000000409,-1.975582103295765446
0.587000000000000410,-1.977167437647760595
0.588000000000000411,-1.978201999139630685
0.589000000000000412,-1.978695210256149251
0.590000000000000413,-1.978656465217247584
0.591000000000000414,-1.978095127296124689
0.592000000000000415,-1.977020526224824382
0.593000000000000416,-1.975441955685741435
0.594000000000000417,-1.973368670887687415
0.595000000000000417,-1.970809886225006746
0.596000000000000418,-1.967774773018243550
0.597000000000000419,-1.964272457335007216
0.598000000000000420,-1.960312017889459302
0.599000000000000421,-1.955902484019092835
0.600000000000000422,-1.951052833737284775
0.601000000000000423,-1.945771991860212990
0.602000000000000424,-1.940068828206743534
0.603000000000000425,-1.933952155869866019
0.604000000000000425,-1.927430729558202938
0.605000000000000426,-1.920513244006312847
0.606000000000000427,-1.913208332452329019
0.607000000000000428,-1.905524565181549779
0.608000000000000429,-1.897470448134699783
0.609000000000000430,-1.889054421579389853
0.610000000000000431,-1.880284858843585427
0.611000000000000432,-1.871170065109604153
0.612000000000000433,-1.861718276267449124
0.613000000000000433,-1.851937657826135508
0.614000000000000434,-1.841836303881715153
0.615000000000000435,-1.831422236140718196
0.616000000000000436,-1.820703402997807974
0.617000000000000437,-1.809687678666371369
0.618000000000000438,-1.798382862360795809
0.619000000000000439,-1.786796677529245869
0.620000000000000440,-1.774936771135759539
0.621000000000000441,-1.762810712990431572
0.622000000000000441,-1.750425995126580814
0.623000000000000442,-1.737790031223653830
0.624000000000000443,-1.724910156074847434
0.625000000000000444,-1.711793625098251059
0.626000000000000445,-1.698447613890378793
0.627000000000000446,-1.684879217821112718
0.628000000000000447,-1.671095451668871634
0.629000000000000448,-1.657103249295011738
0.630000000000000449,-1.642909463356363231
0.631000000000000449,-1.628520865054963851
0.632000000000000450,-1.613944143923887964
0.633000000000000451,-1.599185907648239979
0.634000000000000452,-1.584252681920301553
0.635000000000000453,-1.569150910327862025
0.636000000000000454,-1.553886954274847465
0.637000000000000455,-1.538467092933243574
0.638000000000000456,-1.522897523225434480
0.639000000000000457,-1.507184359836057030
0.640000000000000457,-1.491333635252502399
0.641000000000000458,-1.475351299833128849
0.642000000000000459,-1.459243221902456700
0.643000000000000460,-1.443015187872373817
0.644000000000000461,-1.426672902388629094
0.645000000000000462,-1.410221988501767942
0.646000000000000463,-1.393667987861693325
0.647000000000000464,-1.377016360935150230
0.648000000000000465,-1.360272487245297368
0.649000000000000465,-1.343441665632657100
0.650000000000000466,-1.326529114536713294
0.651000000000000467,-1.309539972297411037
0.652000000000000468,-1.292479297475907840
0.653000000000000469,-1.275352069193793181
0.654000000000000470,-1.258163187490245694
0.655000000000000471,-1.240917473696308004
0.656000000000000472,-1.223619670825751182
0.657000000000000473,-1.206274443981827815
0.658000000000000473,-1.188886380779325735
0.659000000000000474,-1.171459991781311549
0.660000000000000475,-1.153999710949951796
0.661000000000000476,-1.136509896110836637
0.662000000000000477,-1.118994829430272953
0.663000000000000478,-1.101458717904924223
0.664000000000000479,-1.083905693863322028
0.665000000000000480,-1.066339815478658304
0.666000000000000481,-1.048765067292413367
0.667000000000000481,-1.031185360748201774
0.668000000000000482,-1.013604534735470519
0.669000000000000483,-0.996026356142474256
0.670000000000000484,-0.978454520418071683
0.671000000000000485,-0.960892652141929871
0.672000000000000486,-0.943344305602596966
0.673000000000000487,-0.925812965383140729
0.674000000000000488,-0.908302046953747166
0.675000000000000488,-0.890814897271028583
0.676000000000000489,-0.873354795383547211
0.677000000000000490,-0.855924953043142756
0.678000000000000491,-0.838528515321758539
0.679000000000000492,-0.821168561233307392
0.680000000000000493,-0.803848104360241122
0.681000000000000494,-0.786570093484498356
0.682000000000000495,-0.769337413222406896
0.683000000000000496,-0.752152884663300214
0.684000000000000496,-0.735019266011429862
0.685000000000000497,-0.717939253230910790
0.686000000000000498,-0.700915480693350079
0.687000000000000499,-0.683950521827901947
0.688000000000000500,-0.667046889773396545
0.689000000000000501,-0.650207038032302620
0.690000000000000502,-0.633433361126251815
0.691000000000000503,-0.616728195252786660
0.692000000000000504,-0.600093818943154611
0.693000000000000504,-0.583532453720862820
0.694000000000000505,-0.567046264760699859
0.695000000000000506,-0.550637361548083737
0.696000000000000507,-0.534307798538398160
0.697000000000000508,-0.518059575816166462
0.698000000000000509,-0.501894639753837635
0.699000000000000510,-0.485814883669913933
0.700000000000000511,-0.469822148486308655
0.701000000000000512,-0.453918223384645880
0.702000000000000512,-0.438104846461390196
0.703000000000000513,-0.422383705381558117
0.704000000000000514,-0.406756438030875134
0.705000000000000515,-0.391224633166184499
0.706000000000000516,-0.375789831063957469
0.707000000000000517,-0.360453524166715777
0.708000000000000518,-0.345217157727247481
0.709000000000000519,-0.330082130450460420
0.710000000000000520,-0.315049795132678168
0.711000000000000520,-0.300121459298337501
0.712000000000000521,-0.285298385833841373
0.713000000000000522,-0.270581793618539734
0.714000000000000523,-0.255972858152649974
0.715000000000000524,-0.241472712182016824
0.716000000000000525,-0.227082446319618908
0.717000000000000526,-0.212803109663669943
0.718000000000000527,-0.198635710412262301
0.719000000000000528,-0.184581216474391935
0.720000000000000528,-0.170640556077352706
0.721000000000000529,-0.156814618370294229
0.722000000000000530,-0.143104254023978639
0.723000000000000531,-0.129510275826560328
0.724000000000000532,-0.116033459275354245
0.725000000000000533,-0.102674543164513271
0.726000000000000534,-0.089434230168520076
0.727000000000000535,-0.076313187421450671
0.728000000000000536,-0.063312047091941784
0.729000000000000536,-0.050431406953769117
0.730000000000000537,-0.037671830952051656
0.731000000000000538,-0.025033849764916259
0.732000000000000539,-0.012517961360699914
0.733000000000000540,-0.000124631550516641
0.734000000000000541,0.012145705463740119
0.735000000000000542,0.024292646546123852
0.736000000000000543,0.036315819087979241
0.737000000000000544,0.048214880474129841
0.738000000000000544,0.059989517553724281
0.739000000000000545,0.071639446116001232
0.740000000000000546,0.083164410370788311
0.741000000000000547,0.094564182433944016
0.742000000000000548,0.105838561817600499
0.743000000000000549,0.116987374925388493
0.744000000000000550,0.128010474552544745
0.745000000000000551,0.138907739390954882
0.746000000000000552,0.149679073539181362
0.747000000000000552,0.160324406017425591
0.748000000000000553,0.170843690287490746
0.749000000000000554,0.181236903777745761
0.750000000000000555,0.191504047413028788
0.751000000000000556,0.201645145149620786
0.752000000000000557,0.211660243515154889
0.753000000000000558,0.221549411153592585
0.754000000000000559,0.231312738375139743
0.755000000000000560,0.240950336711212104
0.756000000000000560,0.250462338474366941
0.757000000000000561,0.259848896323255918
0.758000000000000562,0.269110182832541345
0.759000000000000563,0.278246390067794724
0.760000000000000564,0.287257729165363906
0.761000000000000565,0.296144429917207019
0.762000000000000566,0.304906740360663731
0.763000000000000567,0.313544926373152122
0.764000000000000568,0.322059271271801006
0.765000000000000568,0.330450075417969891
0.766000000000000569,0.338717655826660025
0.767000000000000570,0.346862345780795722
0.768000000000000571,0.354884494450346144
0.769000000000000572,0.362784466516295367
0.770000000000000573,0.370562641799384695
0.771000000000000574,0.378219414893688488
0.772000000000000575,0.385755194804907275
0.773000000000000576,0.393170404593446432
0.774000000000000576,0.400465481022176828
0.775000000000000577,0.407640874208892778
0.776000000000000578,0.414697047283463849
0.777000000000000579,0.421634476049575102
0.778000000000000580,0.428453648651132668
0.779000000000000581,0.435155065243215844
0.780000000000000582,0.441739237667609863
0.781000000000000583,0.448206689132836289
0.782000000000000584,0.454557953898716005
0.783000000000000584,0.460793576965375429
0.784000000000000585,0.466914113766687233
0.785000000000000586,0.472920129868140804
0.786000000000000587,0.478812200669057941
0.787000000000000588,0.484590911109161637
0.788000000000000589,0.490256855379470946
0.789000000000000590,0.495810636637435131
0.790000000000000591,0.501252866726356827
0.791000000000000592,0.506584165898976813
0.792000000000000592,0.511805162545285519
0.793000000000000593,0.516916492924425097
0.794000000000000594,0.521918800900746271
0.795000000000000595,0.526812737683901577
0.796000000000000596,0.531598961573011453
0.797000000000000597,0.536278137704789271
0.798000000000000598,0.540850937805675502
0.799000000000000599,0.545318039947894073
0.800000000000000600,0.549680128309371407
0.801000000000000600,0.553937892937583110
0.802000000000000601,0.558092029517152532
0.803000000000000602,0.562143239141296602
0.804000000000000603,0.566092228086988114
0.805000000000000604,0.569939707593848266
0.806000000000000605,0.573686393646731574
0.807000000000000606,0.577333006761919343
0.808000000000000607,0.580880271776970880
0.809000000000000608,0.584328917644099888
0.810000000000000608,0.587679677227102681
0.811000000000000609,0.590933287101803706
0.812000000000000610,0.594090487359933084
0.813000000000000611,0.597152021416445633
0.814000000000000612,0.600118635820234725
0.815000000000000613,0.602991080068170260
0.816000000000000614,0.605770106422496735
0.817000000000000615,0.608456469731475602
0.818000000000000616,0.611050927253287468
0.819000000000000616,0.613554238483138281
0.820000000000000617,0.615967164983543425
0.821000000000000618,0.618290470217742971
0.822000000000000619,0.620524919386216012
0.823000000000000620,0.622671279266256539
0.824000000000000621,0.624730318054595335
0.825000000000000622,0.626702805212996039
0.826000000000000623,0.628589511316819838
0.827000000000000624,0.630391207906516704
0.828000000000000624,0.632108667341980568
0.829000000000000625,0.633742662659811273
0.830000000000000626,0.635293967433328222
0.831000000000000627,0.636763355635415418
0.832000000000000628,0.638151601504104327
0.833000000000000629,0.639459479410864562
0.834000000000000630,0.640687763731588755
0.835000000000000631,0.641837228720211983
0.836000000000000631,0.642908648384957315
0.837000000000000632,0.643902796367152419
0.838000000000000633,0.644820445822613886
0.839000000000000634,0.645662369305511019
0.840000000000000635,0.646429338654745278
0.841000000000000636,0.647122124882767880
0.842000000000000637,0.647741498066807253
0.843000000000000638,0.648288227242490245
0.844000000000000639,0.648763080299807005
0.845000000000000639,0.649166823881418109
0.846000000000000640,0.649500223283227873
0.847000000000000641,0.649764042357225624
0.848000000000000642,0.649959043416554638
0.849000000000000643,0.650085987142794641
0.850000000000000644,0.650145632495364389
0.851000000000000645,0.650138736623121494
0.852000000000000646,0.650066054778023150
0.853000000000000647,0.649928340230884305
0.854000000000000647,0.649726344189169969
0.855000000000000648,0.649460815716826678
0.856000000000000649,0.649132501656069061
0.857000000000000650,0.648742146551162691
0.858000000000000651,0.648290492574118637
0.859000000000000652,0.647778279452283501
0.860000000000000653,0.647206244397828589
0.861000000000000654,0.646575122039070749
0.862000000000000655,0.645885644353601740
0.863000000000000655,0.645138540603247934
0.864000000000000656,0.644334537270751406
0.865000000000000657,0.643474357998216728
0.866000000000000658,0.642558723527275499
0.867000000000000659,0.641588351640901666
0.868000000000000660,0.640563957106931703
0.869000000000000661,0.639486251623193391
0.870000000000000662,0.638355943764245315
0.871000000000000663,0.637173738929701861
0.872000000000000663,0.635940339294122525
0.873000000000000664,0.634656443758439881
0.874000000000000665,0.633322747902871908
0.875000000000000666,0.631939943941356441
0.876000000000000667,0.630508720677415369
0.877000000000000668,0.629029763461472990
0.878000000000000669,0.627503754149593251
0.879000000000000670,0.625931371063598641
0.880000000000000671,0.624313288952550005
0.881000000000000671,0.622650178955600930
0.882000000000000672,0.620942708566145307
0.883000000000000673,0.619191541597286177
0.884000000000000674,0.617397338148572783
0.885000000000000675,0.615560754573995506
0.886000000000000676,0.613682443451238346
0.887000000000000677,0.611763053552105140
0.888000000000000678,0.609803229814192882
0.889000000000000679,0.607803613313687707
0.890000000000000679,0.605764841239353258
0.891000000000000680,0.603687546867625713
0.892000000000000681,0.601572359538837476
0.893000000000000682,0.599419904634535428
0.894000000000000683,0.597230803555859335
0.895000000000000684,0.595005673702985627
0.896000000000000685,0.592745128455606896
0.897000000000000686,0.590449777154432920
0.898000000000000687,0.588120225083655357
0.899000000000000687,0.585757073454464150
0.900000000000000688,0.583360919389447119
0.901000000000000689,0.580932355907988529
0.902000000000000690,0.578471971912572158
0.903000000000000691,0.575980352175986532
0.904000000000000692,0.573458077329445315
0.905000000000000693,0.570905723851567237
0.906000000000000694,0.568323864058210892
0.907000000000000695,0.565713066093168071
0.908000000000000695,0.563073893919662227
0.909000000000000696,0.560406907312675728
0.910000000000000697,0.557712661852054814
0.911000000000000698,0.554991708916402926
0.912000000000000699,0.552244595677733208
0.913000000000000700,0.549471865096858414
0.914000000000000701,0.546674055919542656
0.915000000000000702,0.543851702673329718
0.916000000000000703,0.541005335665108555
0.917000000000000703,0.538135480979342051
0.918000000000000704,0.535242660476995757
0.919000000000000705,0.532327391795094029
0.920000000000000706,0.529390188346954393
0.921000000000000707,0.526431559323027098
0.922000000000000708,0.523452009692386699
0.923000000000000709,0.520452040204783417
0.924000000000000710,0.517432147393332764
0.925000000000000711,0.514392823577756397
0.926000000000000711,0.511334556868204393
0.927000000000000712,0.508257831169614538
0.928000000000000713,0.505163126186640499
0.929000000000000714,0.502050917429082366
0.930000000000000715,0.498921676217859933
0.931000000000000716,0.495775869691473692
0.932000000000000717,0.492613960812949614
0.933000000000000718,0.489436408377324383
0.934000000000000719,0.486243667019523929
0.935000000000000719,0.483036187222755209
0.936000000000000720,0.479814415327337040
0.937000000000000721,0.476578793539955137
0.938000000000000722,0.473329759943364459
0.939000000000000723,0.470067748506497463
0.940000000000000724,0.466793189094982020
0.941000000000000725,0.463506507482056296
0.942000000000000726,0.460208125359875819
0.943000000000000727,0.456898460351187807
0.944000000000000727,0.453577926021388023
0.945000000000000728,0.450246931890914581
0.946000000000000729,0.446905883448016739
0.947000000000000730,0.443555182161838313
0.948000000000000731,0.440195225495847275
0.949000000000000732,0.436826406921578037
0.950000000000000733,0.433449115932701079
0.951000000000000734,0.430063738059363765
0.952000000000000735,0.426670654882874867
0.953000000000000735,0.423270244050627187
0.954000000000000736,0.419862879291329816
0.955000000000000737,0.416448930430511122
0.956000000000000738,0.413028763406261212
0.957000000000000739,0.409602740285242461
0.958000000000000740,0.406171219278967766
0.959000000000000741,0.402734554760271757
0.960000000000000742,0.399293097280063347
0.961000000000000743,0.395847193584267787
0.962000000000000743,0.392397186630999262
0.963000000000000744,0.388943415607947485
0.964000000000000745,0.385486215949958799
0.965000000000000746,0.382025919356820787
0.966000000000000747,0.378562853811227007
0.967000000000000748,0.375097343596943689
0.968000000000000749,0.371629709317126911
0.969000000000000750,0.368160267912836181
0.970000000000000751,0.364689332681685685
0.971000000000000751,0.361217213296676942
0.972000000000000752,0.357744215825175016
0.973000000000000753,0.354270642748012121
0.974000000000000754,0.350796792978766481
0.975000000000000755,0.347322961883142489
0.976000000000000756,0.343849441298497704
0.977000000000000757,0.340376519553484802
0.978000000000000758,0.336904481487822927
0.979000000000000759,0.333433608472154364
0.980000000000000759,0.329964178428034938
0.981000000000000760,0.326496465848027884
0.982000000000000761,0.323030741815858335
0.983000000000000762,0.319567274026698600
0.984000000000000763,0.316106326807536142
0.985000000000000764,0.312648161137580871
0.986000000000000765,0.309193034668816757
0.987000000000000766,0.305741201746572100
0.988000000000000766,0.302292913430176668
0.989000000000000767,0.298848417513688902
0.990000000000000768,0.295407958546677674
0.991000000000000769,0.291971777855053627
0.992000000000000770,0.288540113561956579
0.993000000000000771,0.285113200608693773
0.994000000000000772,0.281691270775711378
0.995000000000000773,0.278274552703612121
0.996000000000000774,0.274863271914209228
0.997000000000000774,0.271457650831605890
0.998000000000000775,0.268057908803310208
0.999000000000000776,0.264664262121356741
1.000000000000000666,0.261276924043477909
1.001000000000000778,0.257896104814264726
1.002000000000000668,0.254522011686357408
1.003000000000000780,0.251154848941641418
1.004000000000000670,0.247794817912444287
1.005000000000000782,0.244442117002749010
1.006000000000000671,0.241096941709405765
1.007000000000000783,0.237759484643321611
1.008000000000000673,0.234429935550679647
1.009000000000000785,0.231108481334118210
1.010000000000000675,0.227795306073922899
1.011000000000000787,0.224490591049180122
1.012000000000000677,0.221194514758937227
1.013000000000000789,0.217907252943335683
1.014000000000000679,0.214628978604714332
1.015000000000000790,0.211359862028700329
1.016000000000000680,0.208100070805263743
1.017000000000000792,0.204849769849750091
1.018000000000000682,0.201609121423875159
1.019000000000000794,0.198378285156691259
1.020000000000000684,0.195157418065512150
1.021000000000000796,0.191946674576804588
1.022000000000000686,0.188746206547032613
1.023000000000000798,0.185556163283464443
1.024000000000000687,0.182376691564943710
1.025000000000000799,0.179207935662576479
1.026000000000000689,0.176050037360432871
1.027000000000000801,0.172903135976125971
1.028000000000000691,0.169767368381400385
1.029000000000000803,0.166642869022620738
1.030000000000000693,0.163529769941241077
1.031000000000000805,0.160428200794177772
1.032000000000000695,0.157338288874163151
1.033000000000000806,0.154260159130008095
1.034000000000000696,0.151193934186807433
1.035000000000000808,0.148139734366102088
1.036000000000000698,0.145097677705940203
1.037000000000000810,0.142067879980903283
1.038000000000000700,0.139050454722045830
1.039000000000000812,0.136045513236769028
1.040000000000000702,0.133053164628622989
1.041000000000000814,0.130073515817036467
1.042000000000000703,0.127106671556981216
1.043000000000000815,0.124152734458539110
1.044000000000000705,0.121211805006416484
1.045000000000000817,0.118283981579369660
1.046000000000000707,0.115369360469550847
1.047000000000000819,0.112468035901774371
1.048000000000000709,0.109580100052721896
1.049000000000000821,0.106705643070020659
1.050000000000000711,0.103844753091292735
1.051000000000000822,0.100997516263076889
1.052000000000000712,0.098164016759698672
1.053000000000000824,0.095344336802026614
1.054000000000000714,0.092538556676165826
1.055000000000000826,0.089746754752048935
1.056000000000000716,0.086969007501947249
1.057000000000000828,0.084205389518888341
1.058000000000000718,0.081455973534987638
1.059000000000000830,0.078720830439689887
1.060000000000000719,0.076000029297914135
1.061000000000000831,0.073293637368118808
1.062000000000000721,0.070601720120260891
1.063000000000000833,0.067924341253665199
1.064000000000000723,0.065261562714821753
1.065000000000000835,0.062613444715051883
1.066000000000000725,0.059980045748107537
1.067000000000000837,0.057361422607675884
1.068000000000000727,0.054757630404766534
1.069000000000000838,0.052168722585031482
1.070000000000000728,0.049594750945962961
1.071000000000000840,0.047035765654014211
1.072000000000000730,0.044491815261609599
1.073000000000000842,0.041962946724069493
1.074000000000000732,0.039449205416429912
1.075000000000000844,0.036950635150160401
1.076000000000000734,0.034467278189797688
1.077000000000000846,0.031999175269465191
1.078000000000000735,0.029546365609299175
1.079000000000000847,0.027108886931790394
1.080000000000000737,0.024686775477989982
1.081000000000000849,0.022280066023666917
1.082000000000000739,0.019888791895315488
1.083000000000000851,0.017512984986097234
1.084000000000000741,0.015152675771666985
1.085000000000000853,0.012807893325906840
1.086000000000000743,0.010478665336553634
1.087000000000000854,0.008165018120726467
1.088000000000000744,0.005866976640358365
1.089000000000000856,0.003584564517530575
1.090000000000000746,0.001317804049691212
1.091000000000000858,-0.000933283775214569
1.092000000000000748,-0.003168679263706478
1.093000000000000860,-0.005388364001862378
1.094000000000000750,-0.007592320840471433
1.095000000000000862,-0.009780533880319339
1.096000000000000751,-0.011952988457568026
1.097000000000000863,-0.014109671129216531
1.098000000000000753,-0.016250569658687021
1.099000000000000865,-0.018375673001507654
1.100000000000000755,-0.020484971291063823
1.101000000000000867,-0.022578455824506453
1.102000000000000757,-0.024656119048700499
1.103000000000000869,-0.026717954546323603
1.104000000000000759,-0.028763957022025027
1.105000000000000870,-0.030794122288717991
1.106000000000000760,-0.032808447253930062
1.107000000000000872,-0.034806929906311145
1.108000000000000762,-0.036789569302180712
1.109000000000000874,-0.038756365552213082
1.110000000000000764,-0.040707319808205598
1.111000000000000876,-0.042642434249944322
1.112000000000000766,-0.044561712072183166
1.113000000000000878,-0.046465157471702975
1.114000000000000767,-0.048352775634477117
1.115000000000000879,-0.050224572722937975
1.116000000000000769,-0.052080555863325849
1.117000000000000881,-0.053920733133159107
1.118000000000000771,-0.055745113548782164
1.119000000000000883,-0.057553707053011924
1.120000000000000773,-0.059346524502894862
1.121000000000000885,-0.061123577657537384
1.122000000000000774,-0.062884879166053578
1.123000000000000886,-0.064630442555596898
1.124000000000000776,-0.066360282219491223
1.125000000000000888,-0.068074413405448161
1.126000000000000778,-0.069772852203895092
1.127000000000000890,-0.071455615536385284
1.128000000000000780,-0.073122721144099040
1.129000000000000892,-0.074774187576455139
1.130000000000000782,-0.076410034179793959
1.131000000000000894,-0.078030281086172340
1.132000000000000783,-0.079634949202232769
1.133000000000000895,-0.081224060198190756
1.134000000000000785,-0.082797636496880406
1.135000000000000897,-0.084355701262922259
1.136000000000000787,-0.085898278391963762
1.137000000000000899,-0.087425392500016477
1.138000000000000789,-0.088937068912872480
1.139000000000000901,-0.090433333655648290
1.140000000000000790,-0.091914213442367262
1.141000000000000902,-0.093379735665651692
1.142000000000000792,-0.094829928386525986
1.143000000000000904,-0.096264820324284045
1.144000000000000794,-0.097684440846440651
1.145000000000000906,-0.099088819958781771
1.146000000000000796,-0.100477988295508650
1.147000000000000908,-0.101851977109451902
1.148000000000000798,-0.103210818262381876
1.149000000000000909,-0.104554544215403084
1.150000000000000799,-0.105883188019430335
1.151000000000000689,-0.107196783305762100
1.152000000000000801,-0.108495364276719936
1.153000000000000913,-0.109778965696388314
1.154000000000000803,-0.111047622881428915
1.155000000000000693,-0.112301371691980109
1.156000000000000805,-0.113540248522652681
1.157000000000000917,-0.114764290293570562
1.158000000000000806,-0.115973534441543596
1.159000000000000696,-0.117168018911284075
1.160000000000000808,-0.118347782146723146
1.161000000000000920,-0.119512863082394644
1.162000000000000810,-0.120663301134919770
1.163000000000000700,-0.121799136194541455
1.164000000000000812,-0.122920408616771587
1.165000000000000924,-0.124027159214088509
1.166000000000000814,-0.125119429247730118
1.167000000000000703,-0.126197260419562418
1.168000000000000815,-0.127260694864018697
1.169000000000000927,-0.128309775140120930
1.170000000000000817,-0.129344544223580826
1.171000000000000707,-0.130365045498967047
1.172000000000000819,-0.131371322751962005
1.173000000000000931,-0.132363420161682954
1.174000000000000821,-0.133341382293073102
1.175000000000000711,-0.134305254089392700
1.176000000000000822,-0.135255080864751409
1.177000000000000934,-0.136190908296740298
1.178000000000000824,-0.137112782419115842
1.179000000000000714,-0.138020749614569033
1.180000000000000826,-0.138914856607575660
1.181000000000000938,-0.139795150457287354
1.182000000000000828,-0.140661678550529412
1.183000000000000718,-0.141514488594842142
1.184000000000000830,-0.142353628611610633
1.185000000000000941,-0.143179146929246576
1.186000000000000831,-0.143991092176466801
1.187000000000000721,-0.144789513275604131
1.188000000000000833,-0.145574459436021764
1.189000000000000945,-0.146345980147566362
1.190000000000000835,-0.147104125174118805
1.191000000000000725,-0.147848944547169514
1.192000000000000837,-0.148580488559524632
1.193000000000000949,-0.149298807758995677
1.194000000000000838,-0.150003952942234398
1.195000000000000728,-0.150695975148578437
1.196000000000000840,-0.151374925653984194
1.197000000000000952,-0.152040855965032889
1.198000000000000842,-0.152693817812965621
1.199000000000000732,-0.153333863147828209
1.200000000000000844,-0.153961044132632369
1.201000000000000956,-0.154575413137624240
1.202000000000000846,-0.155177022734580172
1.203000000000000735,-0.155765925691177004
1.204000000000000847,-0.156342174965427905
1.205000000000000959,-0.156905823700174918
1.206000000000000849,-0.157456925217636601
1.207000000000000739,-0.157995533014027328
1.208000000000000851,-0.158521700754221812
1.209000000000000963,-0.159035482266492945
1.210000000000000853,-0.159536931537294702
1.211000000000000743,-0.160026102706117224
1.212000000000000854,-0.160503050060381847
1.213000000000000966,-0.160967828030414151
1.214000000000000856,-0.161420491184457088
1.215000000000000746,-0.161861094223746976
1.216000000000000858,-0.162289691977647893
1.217000000000000970,-0.162706339398838773
1.218000000000000860,-0.163111091558544585
1.219000000000000750,-0.163504003641857076
1.220000000000000862,-0.163885130943061258
1.221000000000000973,-0.164254528861054849
1.222000000000000863,-0.164612252894803607
1.223000000000000753,-0.164958358638849278
1.224000000000000865,-0.165292901778875401
1.225000000000000977,-0.165615938087329495
1.226000000000000867,-0.165927523419084288
1.227000000000000757,-0.166227713707159996
1.228000000000000869,-0.166516564958487490
1.229000000000000981,-0.166794133249743876
1.230000000000000870,-0.167060474723210117
1.231000000000000760,-0.167315645582695877
1.232000000000000872,-0.167559702089517149
1.233000000000000984,-0.167792700558495211
1.234000000000000874,-0.168014697354053999
1.235000000000000764,-0.168225748886306314
1.236000000000000876,-0.168425911607235024
1.237000000000000988,-0.168615242006898869
1.238000000000000878,-0.168793796609685798
1.239000000000000767,-0.168961631970628662
1.240000000000000879,-0.169118804671744005
1.241000000000000991,-0.169265371318431723
1.242000000000000881,-0.169401388535920933
1.243000000000000771,-0.169526912965752258
1.244000000000000883,-0.169642001262308523
1.245000000000000995,-0.169746710089392072
1.246000000000000885,-0.169841096116848139
1.247000000000000774,-0.169925216017221020
1.248000000000000886,-0.169999126462462569
1.249000000000000998,-0.170062884120684016
1.250000000000000888,-0.170116545652945234
1.251000000000000778,-0.170160167710084048
1.252000000000000890,-0.170193806929600733
1.253000000000001002,-0.170217519932564454
1.254000000000000892,-0.170231363320580031
1.255000000000000782,-0.170235393672773322
1.256000000000000894,-0.170229667542848240
1.257000000000001005,-0.170214241456144000
1.258000000000000895,-0.170189171906768855
1.259000000000000785,-0.170154515354746960
1.260000000000000897,-0.170110328223222085
1.261000000000001009,-0.170056666895683800
1.262000000000000899,-0.169993587713246408
1.263000000000000789,-0.169921146971954207
1.264000000000000901,-0.169839400920137329
1.265000000000001013,-0.169748405755785786
1.266000000000000902,-0.169648217623975195
1.267000000000000792,-0.169538892614329140
1.268000000000000904,-0.169420486758509542
1.269000000000001016,-0.169293056027746747
1.270000000000000906,-0.169156656330407162
1.271000000000000796,-0.169011343509593043
1.272000000000000908,-0.168857173340772077
1.273000000000001020,-0.168694201529460797
1.274000000000000909,-0.168522483708918119
1.275000000000000799,-0.168342075437881766
1.276000000000000911,-0.168153032198351982
1.277000000000001023,-0.167955409393385630
1.278000000000000913,-0.167749262344937644
1.279000000000000803,-0.167534646291730316
1.280000000000000915,-0.167311616387165352
1.281000000000001027,-0.167080227697237071
1.282000000000000917,-0.166840535198525680
1.283000000000000806,-0.166592593776175163
1.284000000000000918,-0.166336458221931077
1.285000000000001030,-0.166072183232200826
1.286000000000000920,-0.165799823406142577
1.287000000000000810,-0.165519433243781350
1.288000000000000922,-0.165231067144171295
1.289000000000001034,-0.164934779403563325
1.290000000000000924,-0.164630624213619542
1.291000000000000814,-0.164318655659660251
1.292000000000000925,-0.163998927718912391
1.293000000000001037,-0.163671494258828543
1.294000000000000927,-0.163336409035393537
1.295000000000000817,-0.162993725691483071
1.296000000000000929,-0.162643497755248501
1.297000000000001041,-0.162285778638508321
1.298000000000000931,-0.161920621635208067
1.299000000000000821,-0.161548079919858589
1.300000000000000933,-0.161168206546029591
1.301000000000001044,-0.160781054444874644
1.302000000000000934,-0.160386676423660113
1.303000000000000824,-0.159985125164335662
1.304000000000000936,-0.159576453222120190
1.305000000000001048,-0.159160713024134093
1.306000000000000938,-0.158737956868022168
1.307000000000000828,-0.158308236920634227
1.308000000000000940,-0.157871605216707400
1.309000000000001052,-0.157428113657589491
1.310000000000000941,-0.156977814009976568
1.311000000000000831,-0.156520757904668739
1.312000000000000943,-0.156056996835365003
1.313000000000001055,-0.155586582157476921
1.314000000000000945,-0.155109565086955697
1.315000000000000835,-0.154625996699139207
1.316000000000000947,-0.154135927927653238
1.317000000000001059,-0.153639409563295554
1.318000000000000949,-0.153136492252959083
1.319000000000000838,-0.152627226498588314
1.320000000000000950,-0.152111662656137042
1.321000000000001062,-0.151589850934556652
1.322000000000000952,-0.151061841394807855
1.323000000000000842,-0.150527683948889768
1.324000000000000954,-0.149987428358893643
1.325000000000001066,-0.149441124236068451
1.326000000000000956,-0.148888821039919128
1.327000000000000846,-0.148330568077313429
1.328000000000000957,-0.147766414501616289
1.329000000000001069,-0.147196409311839055
1.330000000000000959,-0.146620601351816759
1.331000000000000849,-0.146039039309388718
1.332000000000000961,-0.145451771715610689
1.333000000000001073,-0.144858846943986597
1.334000000000000963,-0.144260313209713498
1.335000000000000853,-0.143656218568938343
1.336000000000000965,-0.143046610918056066
1.337000000000001076,-0.142431537992997181
1.338000000000000966,-0.141811047368553350
1.339000000000000856,-0.141185186457713052
1.340000000000000968,-0.140554002511010301
1.341000000000001080,-0.139917542615901613
1.342000000000000970,-0.139275853696152918
1.343000000000000860,-0.138628982511242421
1.344000000000000972,-0.137976975655779849
1.345000000000001084,-0.137319879558954916
1.346000000000000973,-0.136657740483974055
1.347000000000000863,-0.135990604527549935
1.348000000000000975,-0.135318517619368750
1.349000000000001087,-0.134641525521603966
1.350000000000000977,-0.133959673828433823
1.351000000000000867,-0.133273007965567403
1.352000000000000979,-0.132581573189793606
1.353000000000001091,-0.131885414588548272
1.354000000000000981,-0.131184577079492631
1.355000000000000870,-0.130479105410091278
1.356000000000000982,-0.129769044157239971
1.357000000000001094,-0.129054437726871640
1.358000000000000984,-0.128335330353592431
1.359000000000000874,-0.127611766100338780
1.360000000000000986,-0.126883788858030200
1.361000000000001098,-0.126151442345258852
1.362000000000000988,-0.125414770107958540
1.363000000000000878,-0.124673815519132522
1.364000000000000989,-0.123928621778552683
1.365000000000001101,-0.123179231912489251
1.366000000000000991,-0.122425688773462785
1.367000000000000881,-0.121668035039995376
1.368000000000000993,-0.120906313216369174
1.369000000000001105,-0.120140565632414292
1.370000000000000995,-0.119370834443301987
1.371000000000000885,-0.118597161629345790
1.372000000000000997,-0.117819588995812935
1.373000000000001108,-0.117038158172761780
1.374000000000000998,-0.116252910614862565
1.375000000000000888,-0.115463887601276793
1.376000000000001000,-0.114671130235492608
1.377000000000001112,-0.113874679445208044
1.378000000000001002,-0.113074575982219566
1.379000000000000892,-0.112270860422310423
1.380000000000001004,-0.111463573165156829
1.381000000000001116,-0.110652754434247713
1.382000000000001005,-0.109838444276810596
1.383000000000000895,-0.109020682563744309
1.384000000000001007,-0.108199508989577753
1.385000000000001119,-0.107374963072409305
1.386000000000001009,-0.106547084153896313
1.387000000000000899,-0.105715911399209814
1.388000000000001011,-0.104881483797043401
1.389000000000001123,-0.104043840159589521
1.390000000000001013,-0.103203019122560608
1.391000000000000902,-0.102359059145193276
1.392000000000001014,-0.101511998510282891
1.393000000000001126,-0.100661875324209962
1.394000000000001016,-0.099808727516986454
1.395000000000000906,-0.098952592842302650
1.396000000000001018,-0.098093508877589247
1.397000000000001130,-0.097231513024090138
1.398000000000001020,-0.096366642506935316
1.399000000000000909,-0.095498934375221001
1.400000000000001021,-0.094628425502113617
1.401000000000001133,-0.093755152584949014
1.402000000000001023,-0.092879152145335597
1.403000000000000913,-0.092000460529273062
1.404000000000001025,-0.091119113907288135
1.405000000000001137,-0.090235148274557780
1.406000000000001027,-0.089348599451044591
1.407000000000000917,-0.088459503081668570
1.408000000000001029,-0.087567894636429139
1.409000000000001140,-0.086673809410593938
1.410000000000001030,-0.085777282524861678
1.411000000000000920,-0.084878348925533378
1.412000000000001032,-0.083977043384693500
1.413000000000001144,-0.083073400500421182
1.414000000000001034,-0.082167454696959935
1.415000000000000924,-0.081259240224937759
1.416000000000001036,-0.080348791161577601
1.417000000000001148,-0.079436141410909253
1.418000000000001037,-0.078521324703994089
1.419000000000000927,-0.077604374599151774
1.420000000000001039,-0.076685324482200876
1.421000000000001151,-0.075764207566700881
1.422000000000001041,-0.074841056894193347
1.423000000000000931,-0.073915905334459117
1.424000000000001043,-0.072988785585778038
1.425000000000001155,-0.072059730175192377
1.426000000000001044,-0.071128771458781784
1.427000000000000934,-0.070195941621932004
1.428000000000001046,-0.069261272679621816
1.429000000000001158,-0.068324796476704003
1.430000000000001048,-0.067386544688205458
1.431000000000000938,-0.066446548819616438
1.432000000000001050,-0.065504840207198614
1.433000000000001162,-0.064561450018293068
1.434000000000001052,-0.063616409251617309
1.435000000000000941,-0.062669748737609166
1.436000000000001053,-0.061721499138720437
1.437000000000001165,-0.060771690949763570
1.438000000000001055,-0.059820354498234807
1.439000000000000945,-0.058867519944644918
1.440000000000001057,-0.057913217282869155
1.441000000000001169,-0.056957476340484148
1.442000000000001059,-0.056000326779114915
1.443000000000000949,-0.055041798094800830
1.444000000000001060,-0.054081919618332183
1.445000000000001172,-0.053120720515624463
1.446000000000001062,-0.052158229788087443
1.447000000000000952,-0.051194476272976255
1.448000000000001064,-0.050229488643781260
1.449000000000001176,-0.049263295410597076
1.450000000000001066,-0.048295924920502387
1.451000000000000956,-0.047327405357943171
1.452000000000001068,-0.046357764745122598
1.453000000000001180,-0.045387030942392048
1.454000000000001069,-0.044415231648642486
1.455000000000000959,-0.043442394401702909
1.456000000000001071,-0.042468546578741433
1.457000000000001183,-0.041493715396672529
1.458000000000001073,-0.040517927912556935
1.459000000000000963,-0.039541211024017600
1.460000000000001075,-0.038563591469657134
1.461000000000001187,-0.037585095829460423
1.462000000000001076,-0.036605750525231746
1.463000000000000966,-0.035625581820997572
1.464000000000001078,-0.034644615823449944
1.465000000000001190,-0.033662878482365176
1.466000000000001080,-0.032680395591028907
1.467000000000000970,-0.031697192786680574
1.468000000000001082,-0.030713295550942998
1.469000000000001194,-0.029728729210258563
1.470000000000001084,-0.028743518936335193
1.471000000000000973,-0.027757689746582371
1.472000000000001085,-0.026771266504566481
1.473000000000001197,-0.025784273920448565
1.474000000000001087,-0.024796736551436722
1.475000000000000977,-0.023808678802240607
1.476000000000001089,-0.022820124925527430
1.477000000000001201,-0.021831099022371465
1.478000000000001091,-0.020841625042715722
1.479000000000000981,-0.019851726785833960
1.480000000000001092,-0.018861427900788034
1.481000000000001204,-0.017870751886902469
1.482000000000001094,-0.016879722094212089
1.483000000000000984,-0.015888361723950990
1.484000000000001096,-0.014896693829007972
1.485000000000001208,-0.013904741314393582
1.486000000000001098,-0.012912526937731681
1.487000000000000988,-0.011920073309717002
1.488000000000001100,-0.010927402894594398
1.489000000000001211,-0.009934538010640172
1.490000000000001101,-0.008941500830643507
1.491000000000000991,-0.007948313382371839
1.492000000000001103,-0.006954997549073150
1.493000000000001215,-0.005961575069941018
1.494000000000001105,-0.004968067540608727
1.495000000000000995,-0.003974496413632027
1.496000000000001107,-0.002980882998979425
1.497000000000001219,-0.001987248464511595
1.498000000000001108,-0.000993613836478156
1.499000000000000998,0.000000000000000000
