# CNT15-NH2-2_CS-283071-AC
# h[nm],U(h)[kJ/mol]
0.200000000000000011,62.828594639053847004
0.201000000000000012,62.599679546306241207
0.202000000000000013,61.506534447053105907
0.203000000000000014,60.036813406992884268
0.204000000000000015,58.461446906240077226
0.205000000000000016,56.915510272185336760
0.206000000000000016,55.452780870629567289
0.207000000000000017,54.081673563566177165
0.208000000000000018,52.788177482112544681
0.209000000000000019,51.549870910448191808
0.210000000000000020,50.343940540838573838
0.211000000000000021,49.151280705026252349
0.212000000000000022,47.958123828645696562
0.213000000000000023,46.756198955439160159
0.214000000000000024,45.542087751880231394
0.215000000000000024,44.316214234254260873
0.216000000000000025,43.081740793746256202
0.217000000000000026,41.843530255642718885
0.218000000000000027,40.607257684920234908
0.219000000000000028,39.378705990071253495
0.220000000000000029,38.163248334177318100
0.221000000000000030,36.965502240570245363
0.222000000000000031,35.789130928188136238
0.223000000000000032,34.636763835293251645
0.224000000000000032,33.510008358903789372
0.225000000000000033,32.409527058987904979
0.226000000000000034,31.335157927659640364
0.227000000000000035,30.286059121329287791
0.228000000000000036,29.260863359566240405
0.229000000000000037,28.257830742989220596
0.230000000000000038,27.274991888715693023
0.231000000000000039,26.310275962230594615
0.232000000000000040,25.361620388908868051
0.233000000000000040,24.427060780173484034
0.234000000000000041,23.504800950959317873
0.235000000000000042,22.593263888839519637
0.236000000000000043,21.691125215834965445
0.237000000000000044,20.797331115262970513
0.238000000000000045,19.911102927811672458
0.239000000000000046,19.031930697924501317
0.240000000000000047,18.159557912239868926
0.241000000000000048,17.293959549032301481
0.242000000000000048,16.435315378441579526
0.243000000000000049,15.583980239663977940
0.244000000000000050,14.740452790504301461
0.245000000000000051,13.905343990006613808
0.246000000000000052,13.079346346165001691
0.247000000000000053,12.263204744966854420
0.248000000000000054,11.457689478938814176
0.249000000000000055,10.663571915777513510
0.250000000000000056,9.881603091927591009
0.251000000000000056,9.112495382374016017
0.252000000000000057,8.356907285876150837
0.253000000000000058,7.615431273229671838
0.254000000000000059,6.888584573343699446
0.255000000000000060,6.176802716173915186
0.256000000000000061,5.480435610941131408
0.257000000000000062,4.799745910649878766
0.258000000000000063,4.134909397802387865
0.259000000000000064,3.486017119571612088
0.260000000000000064,2.853079001868247477
0.261000000000000065,2.236028679173433176
0.262000000000000066,1.634729289325701274
0.263000000000000067,1.048979998429790284
0.264000000000000068,0.478523039628300062
0.265000000000000069,-0.076948930266814403
0.266000000000000070,-0.617785331116036063
0.267000000000000071,-1.144370170158759858
0.268000000000000071,-1.657114695278443239
0.269000000000000072,-2.156450302482624259
0.270000000000000073,-2.642821789692463952
0.271000000000000074,-3.116681030587283630
0.272000000000000075,-3.578481125278671904
0.273000000000000076,-4.028671069098923141
0.274000000000000077,-4.467690966836377342
0.275000000000000078,-4.895967807346916167
0.276000000000000079,-5.313911802595949752
0.277000000000000079,-5.721913285793124970
0.278000000000000080,-6.120340155301546403
0.279000000000000081,-6.509535844356451051
0.280000000000000082,-6.889817791217486942
0.281000000000000083,-7.261476380107578343
0.282000000000000084,-7.624774320053847809
0.283000000000000085,-7.979946426439743945
0.284000000000000086,-8.327199768599360397
0.285000000000000087,-8.666714146032958865
0.286000000000000087,-8.998642855704371613
0.287000000000000088,-9.323113713302763728
0.288000000000000089,-9.640230292229867715
0.289000000000000090,-9.950073345331146513
0.290000000000000091,-10.252702375951495029
0.291000000000000092,-10.548157326700927428
0.292000000000000093,-10.836460356300975150
0.293000000000000094,-11.117617676998339249
0.294000000000000095,-11.391621427231125807
0.295000000000000095,-11.658451556475217359
0.296000000000000096,-11.918077701447819194
0.297000000000000097,-12.170461035073516953
0.298000000000000098,-12.415556071799077387
0.299000000000000099,-12.653312414956804588
0.300000000000000100,-12.883676433904625469
0.301000000000000101,-13.106592860602731321
0.302000000000000102,-13.322006297108419659
0.303000000000000103,-13.529862627179705115
0.304000000000000103,-13.730110326764563666
0.305000000000000104,-13.922701669618041009
0.306000000000000105,-14.107593825630246442
0.307000000000000106,-14.284749850666131010
0.308000000000000107,-14.454139567815738943
0.309000000000000108,-14.615740340932680041
0.310000000000000109,-14.769537742205690378
0.311000000000000110,-14.915526116264619105
0.312000000000000111,-15.053709043977804072
0.313000000000000111,-15.184099709653654742
0.314000000000000112,-15.306721175825249048
0.315000000000000113,-15.421606570177027962
0.316000000000000114,-15.528799189474304043
0.317000000000000115,-15.628352525585075483
0.318000000000000116,-15.720330218846735093
0.319000000000000117,-15.804805944132695572
0.320000000000000118,-15.881863235022262160
0.321000000000000119,-15.951595251477252546
0.322000000000000119,-16.014104496385336063
0.323000000000000120,-16.069502486248914863
0.324000000000000121,-16.117909381184624351
0.325000000000000122,-16.159453579255583122
0.326000000000000123,-16.194271279992278778
0.327000000000000124,-16.222506021770762175
0.328000000000000125,-16.244308197514303771
0.329000000000000126,-16.259834552967856069
0.330000000000000127,-16.269247671568763280
0.331000000000000127,-16.272715449703927248
0.332000000000000128,-16.270410565905439881
0.333000000000000129,-16.262509947296823754
0.334000000000000130,-16.249194236361052646
0.335000000000000131,-16.230647260862980374
0.336000000000000132,-16.207055509522479753
0.337000000000000133,-16.178607615803169750
0.338000000000000134,-16.145493851956132403
0.339000000000000135,-16.107905635238207509
0.340000000000000135,-16.066035048013340258
0.341000000000000136,-16.020074373241520505
0.342000000000000137,-15.970215646665238296
0.343000000000000138,-15.916650226817566249
0.344000000000000139,-15.859568383799947711
0.345000000000000140,-15.799158907611191793
0.346000000000000141,-15.735608736652306305
0.347000000000000142,-15.669102606885076057
0.348000000000000143,-15.599822721985077578
0.349000000000000143,-15.527948444702479591
0.350000000000000144,-15.453656009526104853
0.351000000000000145,-15.377118256637505311
0.352000000000000146,-15.298504387042706654
0.353000000000000147,-15.217979738678451440
0.354000000000000148,-15.135705583207746727
0.355000000000000149,-15.051838943145602556
0.356000000000000150,-14.966532428889923523
0.357000000000000151,-14.879934095173888764
0.358000000000000151,-14.792187316404795894
0.359000000000000152,-14.703430680309613976
0.360000000000000153,-14.613797899269371783
0.361000000000000154,-14.523417738692177892
0.362000000000000155,-14.432413961747935005
0.363000000000000156,-14.340905289766618935
0.364000000000000157,-14.249005377585396204
0.365000000000000158,-14.156822803118066290
0.366000000000000159,-14.064461070412487942
0.367000000000000159,-13.972018625457829799
0.368000000000000160,-13.879588884003331017
0.369000000000000161,-13.787260270653046490
0.370000000000000162,-13.695116268506875912
0.371000000000000163,-13.603235478627164312
0.372000000000000164,-13.511691688620379281
0.373000000000000165,-13.420553949637161750
0.374000000000000166,-13.329886661108432122
0.375000000000000167,-13.239749662552179998
0.376000000000000167,-13.150198331803400364
0.377000000000000168,-13.061283689039044020
0.378000000000000169,-12.973052505990001038
0.379000000000000170,-12.885547419753558884
0.380000000000000171,-12.798807050641350713
0.381000000000000172,-12.712866123520541350
0.382000000000000173,-12.627755592128485418
0.383000000000000174,-12.543502765864662507
0.384000000000000175,-12.460131438586396158
0.385000000000000175,-12.377662018958650592
0.386000000000000176,-12.296111661931240278
0.387000000000000177,-12.215494400939734376
0.388000000000000178,-12.135821280449688331
0.389000000000000179,-12.057100488485868794
0.390000000000000180,-11.979337488810745782
0.391000000000000181,-11.902535152438131760
0.392000000000000182,-11.826693888189335979
0.393000000000000183,-11.751811772019697955
0.394000000000000183,-11.677884674864019487
0.395000000000000184,-11.604906388768771563
0.396000000000000185,-11.532868751098098059
0.397000000000000186,-11.461761766619099845
0.398000000000000187,-11.391573727289571849
0.399000000000000188,-11.322291329588439979
0.400000000000000189,-11.253899789245696894
0.401000000000000190,-11.186382953244102367
0.402000000000000191,-11.119723408980295432
0.403000000000000191,-11.053902590486995194
0.404000000000000192,-10.988900881631892048
0.405000000000000193,-10.924697716221661636
0.406000000000000194,-10.861271674951940014
0.407000000000000195,-10.798600579155806400
0.408000000000000196,-10.736661581314232095
0.409000000000000197,-10.675431252302320928
0.410000000000000198,-10.614885665355213717
0.411000000000000199,-10.555000476746169369
0.412000000000000199,-10.495751003178389382
0.413000000000000200,-10.437112295899826364
0.414000000000000201,-10.379059211557812858
0.415000000000000202,-10.321566479817040118
0.416000000000000203,-10.264608767771063569
0.417000000000000204,-10.208160741183037956
0.418000000000000205,-10.152197122597105050
0.419000000000000206,-10.096692746366475291
0.420000000000000207,-10.041622610648882841
0.421000000000000207,-9.986961926424134717
0.422000000000000208,-9.932686163591998962
0.423000000000000209,-9.878771094212035919
0.424000000000000210,-9.825192832949854349
0.425000000000000211,-9.771927874796642044
0.426000000000000212,-9.718953130131279039
0.427000000000000213,-9.666245957195940264
0.428000000000000214,-9.613784192057918787
0.429000000000000214,-9.561546176131493269
0.430000000000000215,-9.509510781334830298
0.431000000000000216,-9.457657432957683241
0.432000000000000217,-9.405966130316112839
0.433000000000000218,-9.354417465270845611
0.434000000000000219,-9.302992638686056637
0.435000000000000220,-9.251673474905228289
0.436000000000000221,-9.200442434320510898
0.437000000000000222,-9.149282624111599205
0.438000000000000222,-9.098177807229665959
0.439000000000000223,-9.047112409701103530
0.440000000000000224,-8.996071526324987744
0.441000000000000225,-8.945040924837368124
0.442000000000000226,-8.894007048614332334
0.443000000000000227,-8.842957017984632628
0.444000000000000228,-8.791878630221583890
0.445000000000000229,-8.740760358282461340
0.446000000000000230,-8.689591348362306178
0.447000000000000230,-8.638361416327718700
0.448000000000000231,-8.587061043094577073
0.449000000000000232,-8.535681369012124264
0.450000000000000233,-8.484214187314377043
0.451000000000000234,-8.432651936698096762
0.452000000000000235,-8.380987693084970047
0.453000000000000236,-8.329215160623935077
0.454000000000000237,-8.277328661988121894
0.455000000000000238,-8.225323128018803942
0.456000000000000238,-8.173194086767509248
0.457000000000000239,-8.120937651985389749
0.458000000000000240,-8.068550511107526191
0.459000000000000241,-8.016029912777860034
0.460000000000000242,-7.963373653959175513
0.461000000000000243,-7.910580066670417132
0.462000000000000244,-7.857648004392499885
0.463000000000000245,-7.804576828181493120
0.464000000000000246,-7.751366392527205385
0.465000000000000246,-7.698017030992966525
0.466000000000000247,-7.644529541671142070
0.467000000000000248,-7.590905172487390828
0.468000000000000249,-7.537145606385040608
0.469000000000000250,-7.483252946419577611
0.470000000000000251,-7.429229700791728064
0.471000000000000252,-7.375078767846185102
0.472000000000000253,-7.320803421061818028
0.473000000000000254,-7.266407294057541044
0.474000000000000254,-7.211894365636986493
0.475000000000000255,-7.157268944893663054
0.476000000000000256,-7.102535656397130026
0.477000000000000257,-7.047699425479474478
0.478000000000000258,-6.992765463640127521
0.479000000000000259,-6.937739254086046969
0.480000000000000260,-6.882626537423108815
0.481000000000000261,-6.827433297513394450
0.482000000000000262,-6.772165747512235434
0.483000000000000262,-6.716830316097704312
0.484000000000000263,-6.661433633904239926
0.485000000000000264,-6.605982520171397532
0.486000000000000265,-6.550483969617543423
0.487000000000000266,-6.494945139547607660
0.488000000000000267,-6.439373337203124770
0.489000000000000268,-6.383776007362078175
0.490000000000000269,-6.328160720195079136
0.491000000000000270,-6.272535159384033498
0.492000000000000270,-6.216907110508317125
0.493000000000000271,-6.161284449703218868
0.494000000000000272,-6.105675132594495125
0.495000000000000273,-6.050087183512296463
0.496000000000000274,-5.994528684987386669
0.497000000000000275,-5.939007767531600201
0.498000000000000276,-5.883532599704357935
0.499000000000000277,-5.828111378466343417
0.500000000000000222,-5.772752319820931177
0.501000000000000334,-5.717463649743715237
0.502000000000000224,-5.662253595399862505
0.503000000000000336,-5.607130376648607140
0.504000000000000226,-5.552102197834106967
0.505000000000000338,-5.497177239860998377
0.506000000000000227,-5.442363652553343201
0.507000000000000339,-5.387669547294570371
0.508000000000000229,-5.333102989946481465
0.509000000000000341,-5.278671994044382032
0.510000000000000231,-5.224384514265946855
0.511000000000000343,-5.170248440170238879
0.512000000000000233,-5.116271590204081399
0.513000000000000345,-5.062461705971850634
0.514000000000000234,-5.008826446765453078
0.515000000000000346,-4.955373384350113319
0.516000000000000236,-4.902109998002480040
0.517000000000000348,-4.849043669796429867
0.518000000000000238,-4.796181680132670877
0.519000000000000350,-4.743531203507356686
0.520000000000000240,-4.691099304515541135
0.521000000000000352,-4.638892934084614339
0.522000000000000242,-4.586918925933188618
0.523000000000000353,-4.535183993250535117
0.524000000000000243,-4.483694725591901076
0.525000000000000355,-4.432457585984678872
0.526000000000000245,-4.381478908240696413
0.527000000000000357,-4.330764894469424142
0.528000000000000247,-4.280321612787463259
0.529000000000000359,-4.230154995218983416
0.530000000000000249,-4.180270835782419425
0.531000000000000361,-4.130674788758161853
0.532000000000000250,-4.081372367132539480
0.533000000000000362,-4.032368941212804536
0.534000000000000252,-3.983669737408454203
0.535000000000000364,-3.935279837173705886
0.536000000000000254,-3.887204176106476616
0.537000000000000366,-3.839447543198653445
0.538000000000000256,-3.792014580233265431
0.539000000000000368,-3.744909781323279674
0.540000000000000258,-3.698137492587753261
0.541000000000000369,-3.651701911960196334
0.542000000000000259,-3.605607089124949649
0.543000000000000371,-3.559856925576590836
0.544000000000000261,-3.514455174798170933
0.545000000000000373,-3.469405442553599617
0.546000000000000263,-3.424711187289989134
0.547000000000000375,-3.380375720645341975
0.548000000000000265,-3.336402208057761332
0.549000000000000377,-3.292793669471492102
0.550000000000000266,-3.249552980136165559
0.551000000000000378,-3.206682871494819231
0.552000000000000268,-3.164185932157046022
0.553000000000000380,-3.122064608953122100
0.554000000000000270,-3.080321208065587513
0.555000000000000382,-3.038957896234232958
0.556000000000000272,-2.997976702031224683
0.557000000000000384,-2.957379517202388008
0.558000000000000274,-2.917168098071582172
0.559000000000000385,-2.877344067004369066
0.560000000000000275,-2.837908913928001375
0.561000000000000387,-2.798863997904205370
0.562000000000000277,-2.760210548751790061
0.563000000000000389,-2.721949668715864856
0.564000000000000279,-2.684082334180788898
0.565000000000000391,-2.646609397423795418
0.566000000000000281,-2.609531588406569291
0.567000000000000393,-2.572849516601896536
0.568000000000000282,-2.536563672852852669
0.569000000000000394,-2.500674431261691311
0.570000000000000284,-2.465182051106184602
0.571000000000000396,-2.430086678780656761
0.572000000000000286,-2.395388349759639546
0.573000000000000398,-2.361086990581513945
0.574000000000000288,-2.327182420850198330
0.575000000000000400,-2.293674355252515618
0.576000000000000290,-2.260562405589278789
0.577000000000000401,-2.227846082817947604
0.578000000000000291,-2.195524799105060598
0.579000000000000403,-2.163597869886376479
0.580000000000000293,-2.132064515933108417
0.581000000000000405,-2.100923865422271053
0.582000000000000295,-2.070174956009709355
0.583000000000000407,-2.039816736903932615
0.584000000000000297,-2.009848070939402653
0.585000000000000409,-1.980267736647606913
0.586000000000000298,-1.951074430324654330
0.587000000000000410,-1.922266768093793932
0.588000000000000300,-1.893843287961772592
0.589000000000000412,-1.865802451867530021
0.590000000000000302,-1.838142647722210921
0.591000000000000414,-1.810862191439221558
0.592000000000000304,-1.783959328953270473
0.593000000000000416,-1.757432238227284005
0.594000000000000306,-1.731279031246300448
0.595000000000000417,-1.705497755997249287
0.596000000000000307,-1.680086398433816131
0.597000000000000419,-1.655042884425458549
0.598000000000000309,-1.630365081689824525
0.599000000000000421,-1.606050801707698650
0.600000000000000311,-1.582097801619884336
0.601000000000000423,-1.558503786105166933
0.602000000000000313,-1.535266409238907670
0.603000000000000425,-1.512383276331403126
0.604000000000000314,-1.489851945745763739
0.605000000000000426,-1.467669930694421421
0.606000000000000316,-1.445834701014098389
0.607000000000000428,-1.424343684918500275
0.608000000000000318,-1.403194270728536308
0.609000000000000430,-1.382383808579463080
0.610000000000000320,-1.361909612104778677
0.611000000000000432,-1.341768960096356267
0.612000000000000322,-1.321959098140680577
0.613000000000000433,-1.302477240230762945
0.614000000000000323,-1.283320570353613022
0.615000000000000435,-1.264486244052950070
0.616000000000000325,-1.245971389967036602
0.617000000000000437,-1.227773111341395884
0.618000000000000327,-1.209888487516350253
0.619000000000000439,-1.192314575389155307
0.620000000000000329,-1.175048410850743075
0.621000000000000441,-1.158087010196908295
0.622000000000000330,-1.141427371513942912
0.623000000000000442,-1.125066476038619090
0.624000000000000332,-1.109001289492584252
0.625000000000000444,-1.093228763391091096
0.626000000000000334,-1.077745836326138740
0.627000000000000446,-1.062549435224022343
0.628000000000000336,-1.047636476577374909
0.629000000000000448,-1.033003867651727692
0.630000000000000338,-1.018648507666749747
0.631000000000000449,-1.004567288952139315
0.632000000000000339,-0.990757098078418386
0.633000000000000451,-0.977214816962633570
0.634000000000000341,-0.963937323949187963
0.635000000000000453,-0.950921494865887951
0.636000000000000343,-0.938164204055397577
0.637000000000000455,-0.925662325382262119
0.638000000000000345,-0.913412733215694161
0.639000000000000457,-0.901412303388249292
0.640000000000000346,-0.889657914130695837
0.641000000000000458,-0.878146446983169016
0.642000000000000348,-0.866874787682924919
0.643000000000000460,-0.855839827028817446
0.644000000000000350,-0.845038461722839029
0.645000000000000462,-0.834467595188838507
0.646000000000000352,-0.824124138368774739
0.647000000000000464,-0.814005010496634207
0.648000000000000353,-0.804107139850401831
0.649000000000000465,-0.794427464482188705
0.650000000000000355,-0.784962932926931201
0.651000000000000467,-0.775710504889791652
0.652000000000000357,-0.766667151912642453
0.653000000000000469,-0.757829858019817948
0.654000000000000359,-0.749195620343493074
0.655000000000000471,-0.740761449728872590
0.656000000000000361,-0.732524371319585921
0.657000000000000473,-0.724481425123457479
0.658000000000000362,-0.716629666559039258
0.659000000000000474,-0.708966166983109658
0.660000000000000364,-0.701488014199508791
0.661000000000000476,-0.694192312949518220
0.662000000000000366,-0.687076185384142946
0.663000000000000478,-0.680136771518561667
0.664000000000000368,-0.673371229669029403
0.665000000000000480,-0.666776736872553899
0.666000000000000369,-0.660350489289595055
0.667000000000000481,-0.654089702590134991
0.668000000000000371,-0.647991612323372879
0.669000000000000483,-0.642053474271333746
0.670000000000000373,-0.636272564786741102
0.671000000000000485,-0.630646181115328441
0.672000000000000375,-0.625171641703036518
0.673000000000000487,-0.619846286488231701
0.674000000000000377,-0.614667477179341892
0.675000000000000488,-0.609632597518132258
0.676000000000000378,-0.604739053528954962
0.677000000000000490,-0.599984273754204822
0.678000000000000380,-0.595365709476298854
0.679000000000000492,-0.590880834926448606
0.680000000000000382,-0.586527147480495836
0.681000000000000494,-0.582302167842098761
0.682000000000000384,-0.578203440213528763
0.683000000000000496,-0.574228532454356566
0.684000000000000385,-0.570375036228296661
0.685000000000000497,-0.566640567138464335
0.686000000000000387,-0.563022764851331181
0.687000000000000499,-0.559519293209606472
0.688000000000000389,-0.556127840334351253
0.689000000000000501,-0.552846118716510793
0.690000000000000391,-0.549671865298196671
0.691000000000000503,-0.546602841543898377
0.692000000000000393,-0.543636833501930705
0.693000000000000504,-0.540771651856304159
0.694000000000000394,-0.538005131969314432
0.695000000000000506,-0.535335133915036177
0.696000000000000396,-0.532759542504001038
0.697000000000000508,-0.530276267299264692
0.698000000000000398,-0.527883242624102911
0.699000000000000510,-0.525578427561550710
0.700000000000000400,-0.523359805946028489
0.701000000000000512,-0.521225386347251685
0.702000000000000401,-0.519173202046650961
0.703000000000000513,-0.517201311006521780
0.704000000000000403,-0.515307795832093296
0.705000000000000515,-0.513490763726758614
0.706000000000000405,-0.511748346440625057
0.707000000000000517,-0.510078700212619696
0.708000000000000407,-0.508480005706337557
0.709000000000000519,-0.506950467939815796
0.710000000000000409,-0.505488316209440014
0.711000000000000520,-0.504091804008167554
0.712000000000000410,-0.502759208938237889
0.713000000000000522,-0.501488832618565583
0.714000000000000412,-0.500279000587001699
0.715000000000000524,-0.499128062197608302
0.716000000000000414,-0.498034390513157454
0.717000000000000526,-0.496996382192995856
0.718000000000000416,-0.496012457376431626
0.719000000000000528,-0.495081059561859216
0.720000000000000417,-0.494200655481708939
0.721000000000000529,-0.493369734973440111
0.722000000000000419,-0.492586810846700307
0.723000000000000531,-0.491850418746797136
0.724000000000000421,-0.491159117014646207
0.725000000000000533,-0.490511486543346753
0.726000000000000423,-0.489906130631495018
0.727000000000000535,-0.489341674833404627
0.728000000000000425,-0.488816766806356995
0.729000000000000536,-0.488330076155014114
0.730000000000000426,-0.487880294273137061
0.731000000000000538,-0.487466134182717448
0.732000000000000428,-0.487086330370658849
0.733000000000000540,-0.486739638623139181
0.734000000000000430,-0.486424835857754367
0.735000000000000542,-0.486140719953567113
0.736000000000000432,-0.485886109579193259
0.737000000000000544,-0.485659844019006137
0.738000000000000433,-0.485460782997585993
0.739000000000000545,-0.485287806502529784
0.740000000000000435,-0.485139814605700104
0.741000000000000547,-0.485015727283047038
0.742000000000000437,-0.484914484233065934
0.743000000000000549,-0.484835044694019335
0.744000000000000439,-0.484776387260000774
0.745000000000000551,-0.484737509695941760
0.746000000000000441,-0.484717428751639035
0.747000000000000552,-0.484715179974902710
0.748000000000000442,-0.484729817523905926
0.749000000000000554,-0.484760413978826576
0.750000000000000444,-0.484806060152827289
0.751000000000000556,-0.484865864902519761
0.752000000000000446,-0.484938954937922051
0.753000000000000558,-0.485024474632018532
0.754000000000000448,-0.485121585829987823
0.755000000000000560,-0.485229467658188196
0.756000000000000449,-0.485347316332915946
0.757000000000000561,-0.485474344969074934
0.758000000000000451,-0.485609783388762650
0.759000000000000563,-0.485752877929876259
0.760000000000000453,-0.485902891254760216
0.761000000000000565,-0.486059102159011935
0.762000000000000455,-0.486220805380431276
0.763000000000000567,-0.486387311408239154
0.764000000000000457,-0.486557946292567489
0.765000000000000568,-0.486732051454304038
0.766000000000000458,-0.486908983495322967
0.767000000000000570,-0.487088114009180395
0.768000000000000460,-0.487268829392267400
0.769000000000000572,-0.487450530655542280
0.770000000000000462,-0.487632633236805391
0.771000000000000574,-0.487814566813636941
0.772000000000000464,-0.487995775116972397
0.773000000000000576,-0.488175715745405026
0.774000000000000465,-0.488353859980225846
0.775000000000000577,-0.488529692601248455
0.776000000000000467,-0.488702711703461301
0.777000000000000579,-0.488872428514517510
0.778000000000000469,-0.489038367213140979
0.779000000000000581,-0.489200064748421148
0.780000000000000471,-0.489357070660080162
0.781000000000000583,-0.489508946899714026
0.782000000000000473,-0.489655267653043846
0.783000000000000584,-0.489795619163206353
0.784000000000000474,-0.489929599555102513
0.785000000000000586,-0.490056818660836779
0.786000000000000476,-0.490176897846265391
0.787000000000000588,-0.490289469838695424
0.788000000000000478,-0.490394178555707605
0.789000000000000590,-0.490490678935192548
0.790000000000000480,-0.490578636766565268
0.791000000000000592,-0.490657728523195780
0.792000000000000481,-0.490727641196082753
0.793000000000000593,-0.490788072128771735
0.794000000000000483,-0.490838728853541351
0.795000000000000595,-0.490879328928877701
0.796000000000000485,-0.490909599778235783
0.797000000000000597,-0.490929278530124580
0.798000000000000487,-0.490938111859502702
0.799000000000000599,-0.490935855830519963
0.800000000000000488,-0.490922275740591385
0.801000000000000600,-0.490897145965845272
0.802000000000000490,-0.490860249807923033
0.803000000000000602,-0.490811379342160958
0.804000000000000492,-0.490750335267155724
0.805000000000000604,-0.490676926755713005
0.806000000000000494,-0.490590971307208801
0.807000000000000606,-0.490492294601336809
0.808000000000000496,-0.490380730353274952
0.809000000000000608,-0.490256120170268428
0.810000000000000497,-0.490118313409624584
0.811000000000000609,-0.489967167038133256
0.812000000000000499,-0.489802545492911801
0.813000000000000611,-0.489624320543683655
0.814000000000000501,-0.489432371156474644
0.815000000000000613,-0.489226583358759293
0.816000000000000503,-0.489006850106018631
0.817000000000000615,-0.488773071149755101
0.818000000000000504,-0.488525152906915672
0.819000000000000616,-0.488263008330777404
0.820000000000000506,-0.487986556783235936
0.821000000000000618,-0.487695723908547429
0.822000000000000508,-0.487390441508491867
0.823000000000000620,-0.487070647418961333
0.824000000000000510,-0.486736285387979972
0.825000000000000622,-0.486387304955149979
0.826000000000000512,-0.486023661332491863
0.827000000000000624,-0.485645315286742041
0.828000000000000513,-0.485252233023025448
0.829000000000000625,-0.484844386069958777
0.830000000000000515,-0.484421751166145220
0.831000000000000627,-0.483984310148072860
0.832000000000000517,-0.483532049839400124
0.833000000000000629,-0.483064961941647275
0.834000000000000519,-0.482583042926245986
0.835000000000000631,-0.482086293927979193
0.836000000000000520,-0.481574720639796894
0.837000000000000632,-0.481048333208976164
0.838000000000000522,-0.480507146134660279
0.839000000000000634,-0.479951178166731052
0.840000000000000524,-0.479380452206039642
0.841000000000000636,-0.478794995205954532
0.842000000000000526,-0.478194838075254591
0.843000000000000638,-0.477580015582337758
0.844000000000000528,-0.476950566260734399
0.845000000000000639,-0.476306532315939890
0.846000000000000529,-0.475647959533527342
0.847000000000000641,-0.474974897188563006
0.848000000000000531,-0.474287397956290768
0.849000000000000643,-0.473585517824089475
0.850000000000000533,-0.472869316004702944
0.851000000000000645,-0.472138854850696010
0.852000000000000535,-0.471394199770192812
0.853000000000000647,-0.470635419143809020
0.854000000000000536,-0.469862584242843107
0.855000000000000648,-0.469075769148663113
0.856000000000000538,-0.468275050673304161
0.857000000000000650,-0.467460508281266229
0.858000000000000540,-0.466632224012498931
0.859000000000000652,-0.465790282406556233
0.860000000000000542,-0.464934770427926136
0.861000000000000654,-0.464065777392515089
0.862000000000000544,-0.463183394895282430
0.863000000000000655,-0.462287716739001708
0.864000000000000545,-0.461378838864161811
0.865000000000000657,-0.460456859279983199
0.866000000000000547,-0.459521877996530548
0.867000000000000659,-0.458573996957933272
0.868000000000000549,-0.457613319976689970
0.869000000000000661,-0.456639952669043503
0.870000000000000551,-0.455654002391428947
0.871000000000000663,-0.454655578177967534
0.872000000000000552,-0.453644790679020360
0.873000000000000664,-0.452621752100758168
0.874000000000000554,-0.451586576145771468
0.875000000000000666,-0.450539377954680742
0.876000000000000556,-0.449480274048766559
0.877000000000000668,-0.448409382273570967
0.878000000000000558,-0.447326821743500802
0.879000000000000670,-0.446232712787395180
0.880000000000000560,-0.445127176895045218
0.881000000000000671,-0.444010336664689587
0.882000000000000561,-0.442882315751419953
0.883000000000000673,-0.441743238816542316
0.884000000000000563,-0.440593231477849456
0.885000000000000675,-0.439432420260793877
0.886000000000000565,-0.438260932550576687
0.887000000000000677,-0.437078896545112616
0.888000000000000567,-0.435886441208885422
0.889000000000000679,-0.434683696227661898
0.890000000000000568,-0.433470791964063129
0.891000000000000680,-0.432247859414001734
0.892000000000000570,-0.431015030163939161
0.893000000000000682,-0.429772436348972886
0.894000000000000572,-0.428520210611757324
0.895000000000000684,-0.427258486062210341
0.896000000000000574,-0.425987396238044713
0.897000000000000686,-0.424707075066057815
0.898000000000000576,-0.423417656824229216
0.899000000000000687,-0.422119276104567898
0.900000000000000577,-0.420812067776727250
0.901000000000000689,-0.419496166952362859
0.902000000000000579,-0.418171708950241416
0.903000000000000691,-0.416838829262067612
0.904000000000000581,-0.415497663519040827
0.905000000000000693,-0.414148347459118882
0.906000000000000583,-0.412791016894990814
0.907000000000000695,-0.411425807682722133
0.908000000000000584,-0.410052855691114604
0.909000000000000696,-0.408672296771713683
0.910000000000000586,-0.407284266729495248
0.911000000000000698,-0.405888901294202242
0.912000000000000588,-0.404486336092337084
0.913000000000000700,-0.403076706619775904
0.914000000000000590,-0.401660148215029100
0.915000000000000702,-0.400236796033110687
0.916000000000000592,-0.398806785020031973
0.917000000000000703,-0.397370249887878113
0.918000000000000593,-0.395927325090505822
0.919000000000000705,-0.394478144799796648
0.920000000000000595,-0.393022842882521206
0.921000000000000707,-0.391561552877737196
0.922000000000000597,-0.390094407974781454
0.923000000000000709,-0.388621540991787695
0.924000000000000599,-0.387143084354768574
0.925000000000000711,-0.385659170077223057
0.926000000000000600,-0.384169929740269811
0.927000000000000712,-0.382675494473312727
0.928000000000000602,-0.381175994935206708
0.929000000000000714,-0.379671561295938154
0.930000000000000604,-0.378162323218797003
0.931000000000000716,-0.376648409843029941
0.932000000000000606,-0.375129949766993431
0.933000000000000718,-0.373607071031773430
0.934000000000000608,-0.372079901105256183
0.935000000000000719,-0.370548566866686691
0.936000000000000609,-0.369013194591656546
0.937000000000000721,-0.367473909937544085
0.938000000000000611,-0.365930837929399178
0.939000000000000723,-0.364384102946244348
0.940000000000000613,-0.362833828707811556
0.941000000000000725,-0.361280138261691752
0.942000000000000615,-0.359723153970889831
0.943000000000000727,-0.358162997501794145
0.944000000000000616,-0.356599789812530266
0.945000000000000728,-0.355033651141706874
0.946000000000000618,-0.353464700997555725
0.947000000000000730,-0.351893058147429882
0.948000000000000620,-0.350318840607689030
0.949000000000000732,-0.348742165633941947
0.950000000000000622,-0.347163149711642083
0.951000000000000734,-0.345581908547045902
0.952000000000000624,-0.343998557058503074
0.953000000000000735,-0.342413209368097771
0.954000000000000625,-0.340825978793617534
0.955000000000000737,-0.339236977840847831
0.956000000000000627,-0.337646318196194950
0.957000000000000739,-0.336054110719618493
0.958000000000000629,-0.334460465437876331
0.959000000000000741,-0.332865491538070823
0.960000000000000631,-0.331269297361501958
0.961000000000000743,-0.329671990397806924
0.962000000000000632,-0.328073677279386966
0.963000000000000744,-0.326474463776121882
0.964000000000000634,-0.324874454790363087
0.965000000000000746,-0.323273754352181641
0.966000000000000636,-0.321672465614914471
0.967000000000000748,-0.320070690850940587
0.968000000000000638,-0.318468531447732572
0.969000000000000750,-0.316866087904158378
0.970000000000000639,-0.315263459827023806
0.971000000000000751,-0.313660745927857032
0.972000000000000641,-0.312058044019939529
0.973000000000000753,-0.310455451015557604
0.974000000000000643,-0.308853062923493404
0.975000000000000755,-0.307250974846730140
0.976000000000000645,-0.305649280980381133
0.977000000000000757,-0.304048074609826968
0.978000000000000647,-0.302447448109075090
0.979000000000000759,-0.300847492939308847
0.980000000000000648,-0.299248299647653371
0.981000000000000760,-0.297649957866126247
0.982000000000000650,-0.296052556310786419
0.983000000000000762,-0.294456182781072384
0.984000000000000652,-0.292860924159324576
0.985000000000000764,-0.291266866410487824
0.986000000000000654,-0.289674094581987507
0.987000000000000766,-0.288082692803788565
0.988000000000000655,-0.286492744288609713
0.989000000000000767,-0.284904331332315575
0.990000000000000657,-0.283317535314462188
0.991000000000000769,-0.281732436698999000
0.992000000000000659,-0.280149115035140173
0.993000000000000771,-0.278567648958365166
0.994000000000000661,-0.276988116191581646
0.995000000000000773,-0.275410593546426996
0.996000000000000663,-0.273835156924713885
0.997000000000000774,-0.272261881320000787
0.998000000000000664,-0.270690840819317047
0.999000000000000776,-0.269122108604995081
1.000000000000000666,-0.267555756956650403
1.001000000000000778,-0.265991857253270625
1.002000000000000668,-0.264430479975436783
1.003000000000000780,-0.262871694707652148
1.004000000000000670,-0.261315570140792819
1.005000000000000782,-0.259762174074667618
1.006000000000000671,-0.258211573420696006
1.007000000000000783,-0.256663834204667873
1.008000000000000673,-0.255119021569640558
1.009000000000000785,-0.253577199778906137
1.010000000000000675,-0.252038432219076014
1.011000000000000787,-0.250502781403250996
1.012000000000000677,-0.248970308974290372
1.013000000000000789,-0.247441075708158265
1.014000000000000679,-0.245915141517381558
1.015000000000000790,-0.244392565454560395
1.016000000000000680,-0.242873405715991503
1.017000000000000792,-0.241357719645350022
1.018000000000000682,-0.239845563737459855
1.019000000000000794,-0.238336993642137424
1.020000000000000684,-0.236832064168102902
1.021000000000000796,-0.235330829286967191
1.022000000000000686,-0.233833342137290456
1.023000000000000798,-0.232339655028696523
1.024000000000000687,-0.230849819446057036
1.025000000000000799,-0.229363886053742055
1.026000000000000689,-0.227881904699922033
1.027000000000000801,-0.226403924420932823
1.028000000000000691,-0.224929993445692228
1.029000000000000803,-0.223460159200171204
1.030000000000000693,-0.221994468311928456
1.031000000000000805,-0.220532966614670423
1.032000000000000695,-0.219075699152878389
1.033000000000000806,-0.217622710186484047
1.034000000000000696,-0.216174043195569349
1.035000000000000808,-0.214729740885130471
1.036000000000000698,-0.213289845189867489
1.037000000000000810,-0.211854397279020945
1.038000000000000700,-0.210423437561248677
1.039000000000000812,-0.208997005689522286
1.040000000000000702,-0.207575140566080479
1.041000000000000814,-0.206157880347395045
1.042000000000000703,-0.204745262449175958
1.043000000000000815,-0.203337323551410737
1.044000000000000705,-0.201934099603427120
1.045000000000000817,-0.200535625828967945
1.046000000000000707,-0.199141936731325880
1.047000000000000819,-0.197753066098461217
1.048000000000000709,-0.196369047008176478
1.049000000000000821,-0.194989911833283347
1.050000000000000711,-0.193615692246809967
1.051000000000000822,-0.192246419227215387
1.052000000000000712,-0.190882123063626785
1.053000000000000824,-0.189522833361086246
1.054000000000000714,-0.188168579045814771
1.055000000000000826,-0.186819388370494499
1.056000000000000716,-0.185475288919551839
1.057000000000000828,-0.184136307614463479
1.058000000000000718,-0.182802470719059751
1.059000000000000830,-0.181473803844851289
1.060000000000000719,-0.180150331956350829
1.061000000000000831,-0.178832079376398057
1.062000000000000721,-0.177519069791516354
1.063000000000000833,-0.176211326257232404
1.064000000000000723,-0.174908871203444338
1.065000000000000835,-0.173611726439745345
1.066000000000000725,-0.172319913160795646
1.067000000000000837,-0.171033451951656063
1.068000000000000727,-0.169752362793147787
1.069000000000000838,-0.168476665067196135
1.070000000000000728,-0.167206377562173769
1.071000000000000840,-0.165941518478248173
1.072000000000000730,-0.164682105432722270
1.073000000000000842,-0.163428155465357883
1.074000000000000732,-0.162179685043718297
1.075000000000000844,-0.160936710068485145
1.076000000000000734,-0.159699245878771101
1.077000000000000846,-0.158467307257429108
1.078000000000000735,-0.157240908436356047
1.079000000000000847,-0.156020063101778989
1.080000000000000737,-0.154804784399535211
1.081000000000000849,-0.153595084940346183
1.082000000000000739,-0.152390976805068801
1.083000000000000851,-0.151192471549948415
1.084000000000000741,-0.149999580211853861
1.085000000000000853,-0.148812313313491762
1.086000000000000743,-0.147630680868623770
1.087000000000000854,-0.146454692387248675
1.088000000000000744,-0.145284356880793608
1.089000000000000856,-0.144119682867265231
1.090000000000000746,-0.142960678376405997
1.091000000000000858,-0.141807350954822387
1.092000000000000748,-0.140659707671096174
1.093000000000000860,-0.139517755120887932
1.094000000000000750,-0.138381499432010641
1.095000000000000862,-0.137250946269488638
1.096000000000000751,-0.136126100840607250
1.097000000000000863,-0.135006967899927777
1.098000000000000753,-0.133893551754296319
1.099000000000000865,-0.132785856267825408
1.100000000000000755,-0.131683884866853923
1.101000000000000867,-0.130587640544888556
1.102000000000000757,-0.129497125867536034
1.103000000000000869,-0.128412342977385741
1.104000000000000759,-0.127333293598896197
1.105000000000000870,-0.126259979043253701
1.106000000000000760,-0.125192400213195443
1.107000000000000872,-0.124130557607826472
1.108000000000000762,-0.123074451327402495
1.109000000000000874,-0.122024081078099395
1.110000000000000764,-0.120979446176741098
1.111000000000000876,-0.119940545555527134
1.112000000000000766,-0.118907377766716921
1.113000000000000878,-0.117879940987295040
1.114000000000000767,-0.116858233023621236
1.115000000000000879,-0.115842251316036829
1.116000000000000769,-0.114831992943464162
1.117000000000000881,-0.113827454627968061
1.118000000000000771,-0.112828632739300702
1.119000000000000883,-0.111835523299408296
1.120000000000000773,-0.110848121986930101
1.121000000000000885,-0.109866424141650446
1.122000000000000774,-0.108890424768942354
1.123000000000000886,-0.107920118544170759
1.124000000000000776,-0.106955499817079497
1.125000000000000888,-0.105996562616144013
1.126000000000000778,-0.105043300652902058
1.127000000000000890,-0.104095707326250425
1.128000000000000780,-0.103153775726727126
1.129000000000000892,-0.102217498640748430
1.130000000000000782,-0.101286868554833639
1.131000000000000894,-0.100361877659797608
1.132000000000000783,-0.099442517854909623
1.133000000000000895,-0.098528780752032863
1.134000000000000785,-0.097620657679728703
1.135000000000000897,-0.096718139687342233
1.136000000000000787,-0.095821217549047197
1.137000000000000899,-0.094929881767874161
1.138000000000000789,-0.094044122579705805
1.139000000000000901,-0.093163929957239683
1.140000000000000790,-0.092289293613934925
1.141000000000000902,-0.091420203007911635
1.142000000000000792,-0.090556647345845065
1.143000000000000904,-0.089698615586808222
1.144000000000000794,-0.088846096446102044
1.145000000000000906,-0.087999078399056130
1.146000000000000796,-0.087157549684788130
1.147000000000000908,-0.086321498309947647
1.148000000000000798,-0.085490912052428619
1.149000000000000909,-0.084665778465047054
1.150000000000000799,-0.083846084879202087
1.151000000000000911,-0.083031818408492608
1.152000000000000801,-0.082222965952322924
1.153000000000000913,-0.081419514199462834
1.154000000000000803,-0.080621449631591402
1.155000000000000915,-0.079828758526807597
1.156000000000000805,-0.079041426963119762
1.157000000000000917,-0.078259440821882173
1.158000000000000806,-0.077482785791244152
1.159000000000000918,-0.076711447369529923
1.160000000000000808,-0.075945410868614269
1.161000000000000920,-0.075184661417264778
1.162000000000000810,-0.074429183964454124
1.163000000000000922,-0.073678963282643756
1.164000000000000812,-0.072933983971037966
1.165000000000000924,-0.072194230458820466
1.166000000000000814,-0.071459687008347483
1.167000000000000925,-0.070730337718319838
1.168000000000000815,-0.070006166526933922
1.169000000000000927,-0.069287157214995954
1.170000000000000817,-0.068573293409007016
1.171000000000000929,-0.067864558584230239
1.172000000000000819,-0.067160936067721583
1.173000000000000931,-0.066462409041339016
1.174000000000000821,-0.065768960544719438
1.175000000000000933,-0.065080573478230139
1.176000000000000822,-0.064397230605899053
1.177000000000000934,-0.063718914558299214
1.178000000000000824,-0.063045607835433309
1.179000000000000936,-0.062377292809572715
1.180000000000000826,-0.061713951728068039
1.181000000000000938,-0.061055566716147334
1.182000000000000828,-0.060402119779675120
1.183000000000000940,-0.059753592807888611
1.184000000000000830,-0.059109967576110291
1.185000000000000941,-0.058471225748428078
1.186000000000000831,-0.057837348880359352
1.187000000000000943,-0.057208318421474183
1.188000000000000833,-0.056584115718010378
1.189000000000000945,-0.055964722015443093
1.190000000000000835,-0.055350118461047447
1.191000000000000947,-0.054740286106419921
1.192000000000000837,-0.054135205909989458
1.193000000000000949,-0.053534858739481793
1.194000000000000838,-0.052939225374386015
1.195000000000000950,-0.052348286508371290
1.196000000000000840,-0.051762022751692061
1.197000000000000952,-0.051180414633564063
1.198000000000000842,-0.050603442604520932
1.199000000000000954,-0.050031087038731700
1.200000000000000844,-0.049463328236314608
1.201000000000000734,-0.048900146425605591
1.202000000000000846,-0.048341521765424347
1.203000000000000957,-0.047787434347288674
1.204000000000000847,-0.047237864197637695
1.205000000000000737,-0.046692791279998272
1.206000000000000849,-0.046152195497154005
1.207000000000000961,-0.045616056693273364
1.208000000000000851,-0.045084354656029960
1.209000000000000741,-0.044557069118675255
1.210000000000000853,-0.044034179762120526
1.211000000000000965,-0.043515666216965079
1.212000000000000854,-0.043001508065521506
1.213000000000000744,-0.042491684843810114
1.214000000000000856,-0.041986176043532122
1.215000000000000968,-0.041484961114019309
1.216000000000000858,-0.040988019464164076
1.217000000000000748,-0.040495330464325380
1.218000000000000860,-0.040006873448208205
1.219000000000000972,-0.039522627714735990
1.220000000000000862,-0.039042572529878423
1.221000000000000751,-0.038566687128477141
1.222000000000000863,-0.038094950716042526
1.223000000000000975,-0.037627342470527458
1.224000000000000865,-0.037163841544083337
1.225000000000000755,-0.036704427064788978
1.226000000000000867,-0.036249078138369757
1.227000000000000979,-0.035797773849883988
1.228000000000000869,-0.035350493265395577
1.229000000000000759,-0.034907215433625891
1.230000000000000870,-0.034467919387580218
1.231000000000000982,-0.034032584146156564
1.232000000000000872,-0.033601188715743427
1.233000000000000762,-0.033173712091778759
1.234000000000000874,-0.032750133260306777
1.235000000000000986,-0.032330431199509062
1.236000000000000876,-0.031914584881202482
1.237000000000000766,-0.031502573272352022
1.238000000000000878,-0.031094375336524926
1.239000000000000989,-0.030689970035345848
1.240000000000000879,-0.030289336329945071
1.241000000000000769,-0.029892453182352157
1.242000000000000881,-0.029499299556908352
1.243000000000000993,-0.029109854421639648
1.244000000000000883,-0.028724096749617005
1.245000000000000773,-0.028342005520293673
1.246000000000000885,-0.027963559720833385
1.247000000000000997,-0.027588738347414737
1.248000000000000886,-0.027217520406518158
1.249000000000000776,-0.026849884916191901
1.250000000000000888,-0.026485810907313095
1.251000000000001000,-0.026125277424813353
1.252000000000000890,-0.025768263528902841
1.253000000000000780,-0.025414748296265766
1.254000000000000892,-0.025064710821249826
1.255000000000001004,-0.024718130217028084
1.256000000000000894,-0.024374985616748907
1.257000000000000783,-0.024035256174672254
1.258000000000000895,-0.023698921067287531
1.259000000000001007,-0.023365959494410119
1.260000000000000897,-0.023036350680271756
1.261000000000000787,-0.022710073874578948
1.262000000000000899,-0.022387108353578107
1.263000000000001011,-0.022067433421087076
1.264000000000000901,-0.021751028409513141
1.265000000000000790,-0.021437872680864729
1.266000000000000902,-0.021127945627738461
1.267000000000001014,-0.020821226674297259
1.268000000000000904,-0.020517695277225818
1.269000000000000794,-0.020217330926683603
1.270000000000000906,-0.019920113147228205
1.271000000000001018,-0.019626021498734974
1.272000000000000908,-0.019335035577301575
1.273000000000000798,-0.019047135016124640
1.274000000000000909,-0.018762299486383850
1.275000000000001021,-0.018480508698095394
1.276000000000000911,-0.018201742400956195
1.277000000000000801,-0.017925980385176777
1.278000000000000913,-0.017653202482291713
1.279000000000001025,-0.017383388565977216
1.280000000000000915,-0.017116518552824849
1.281000000000000805,-0.016852572403128065
1.282000000000000917,-0.016591530121638814
1.283000000000001029,-0.016333371758325749
1.284000000000000918,-0.016078077409103934
1.285000000000000808,-0.015825627216560605
1.286000000000000920,-0.015576001370668113
1.287000000000001032,-0.015329180109485061
1.288000000000000922,-0.015085143719835246
1.289000000000000812,-0.014843872537985039
1.290000000000000924,-0.014605346950312622
1.291000000000001036,-0.014369547393941338
1.292000000000000925,-0.014136454357393571
1.293000000000000815,-0.013906048381202223
1.294000000000000927,-0.013678310058535186
1.295000000000001039,-0.013453220035790553
1.296000000000000929,-0.013230759013189639
1.297000000000000819,-0.013010907745356470
1.298000000000000931,-0.012793647041882208
1.299000000000001043,-0.012578957767887649
1.300000000000000933,-0.012366820844555875
1.301000000000000822,-0.012157217249685997
1.302000000000000934,-0.011950128018195019
1.303000000000001046,-0.011745534242650939
1.304000000000000936,-0.011543417073754062
1.305000000000000826,-0.011343757720847714
1.306000000000000938,-0.011146537452384159
1.307000000000001050,-0.010951737596402372
1.308000000000000940,-0.010759339540990800
1.309000000000000830,-0.010569324734730007
1.310000000000000941,-0.010381674687137927
1.311000000000001053,-0.010196370969098322
1.312000000000000943,-0.010013395213282006
1.313000000000000833,-0.009832729114559818
1.314000000000000945,-0.009654354430397822
1.315000000000001057,-0.009478252981253590
1.316000000000000947,-0.009304406650960332
1.317000000000000837,-0.009132797387093421
1.318000000000000949,-0.008963407201340520
1.319000000000001060,-0.008796218169852451
1.320000000000000950,-0.008631212433588595
1.321000000000000840,-0.008468372198657708
1.322000000000000952,-0.008307679736642596
1.323000000000001064,-0.008149117384921713
1.324000000000000954,-0.007992667546975602
1.325000000000000844,-0.007838312692694378
1.326000000000000956,-0.007686035358671033
1.327000000000001068,-0.007535818148482512
1.328000000000000957,-0.007387643732969064
1.329000000000000847,-0.007241494850509093
1.330000000000000959,-0.007097354307271294
1.331000000000001071,-0.006955204977472628
1.332000000000000961,-0.006815029803626554
1.333000000000000851,-0.006676811796776013
1.334000000000000963,-0.006540534036721750
1.335000000000001075,-0.006406179672252610
1.336000000000000965,-0.006273731921353704
1.337000000000000854,-0.006143174071414286
1.338000000000000966,-0.006014489479434007
1.339000000000001078,-0.005887661572207017
1.340000000000000968,-0.005762673846516228
1.341000000000000858,-0.005639509869307355
1.342000000000000970,-0.005518153277859363
1.343000000000001082,-0.005398587779956303
1.344000000000000972,-0.005280797154035811
1.345000000000000862,-0.005164765249353115
1.346000000000000973,-0.005050475986110173
1.347000000000001085,-0.004937913355610181
1.348000000000000975,-0.004827061420375494
1.349000000000000865,-0.004717904314282336
1.350000000000000977,-0.004610426242675355
1.351000000000001089,-0.004504611482483901
1.352000000000000979,-0.004400444382323445
1.353000000000000869,-0.004297909362602185
1.354000000000000981,-0.004196990915611483
1.355000000000001092,-0.004097673605617387
1.356000000000000982,-0.003999942068938770
1.357000000000000872,-0.003903781014031653
1.358000000000000984,-0.003809175221555339
1.359000000000001096,-0.003716109544440105
1.360000000000000986,-0.003624568907939830
1.361000000000000876,-0.003534538309707674
1.362000000000000988,-0.003446002819815942
1.363000000000001100,-0.003358947580827786
1.364000000000000989,-0.003273357807816732
1.365000000000000879,-0.003189218788407016
1.366000000000000991,-0.003106515882806812
1.367000000000001103,-0.003025234523822676
1.368000000000000993,-0.002945360216881231
1.369000000000000883,-0.002866878540047016
1.370000000000000995,-0.002789775144023321
1.371000000000001107,-0.002714035752165055
1.372000000000000997,-0.002639646160464143
1.373000000000000886,-0.002566592237563119
1.374000000000000998,-0.002494859924722824
1.375000000000001110,-0.002424435235829185
1.376000000000001000,-0.002355304257357434
1.377000000000000890,-0.002287453148357828
1.378000000000001002,-0.002220868140421281
1.379000000000001114,-0.002155535537655628
1.380000000000001004,-0.002091441716640603
1.381000000000000894,-0.002028573126388920
1.382000000000001005,-0.001966916288309326
1.383000000000001117,-0.001906457796146784
1.384000000000001007,-0.001847184315937210
1.385000000000000897,-0.001789082585946887
1.386000000000001009,-0.001732139416614588
1.387000000000001121,-0.001676341690486613
1.388000000000001011,-0.001621676362147485
1.389000000000000901,-0.001568130458147769
1.390000000000001013,-0.001515691076933828
1.391000000000001124,-0.001464345388759376
1.392000000000001014,-0.001414080635614014
1.393000000000000904,-0.001364884131128320
1.394000000000001016,-0.001316743260487830
1.395000000000001128,-0.001269645480342357
1.396000000000001018,-0.001223578318708196
1.397000000000000908,-0.001178529374863335
1.398000000000001020,-0.001134486319257971
1.399000000000001132,-0.001091436893395793
1.400000000000001021,-0.001049368909728211
1.401000000000000911,-0.001008270251551292
1.402000000000001023,-0.000968128872879608
1.403000000000001135,-0.000928932798333219
1.404000000000001025,-0.000890670123016103
1.405000000000000915,-0.000853329012397631
1.406000000000001027,-0.000816897702174026
1.407000000000001139,-0.000781364498155548
1.408000000000001029,-0.000746717776116182
1.409000000000000918,-0.000712945981677980
1.410000000000001030,-0.000680037630160417
1.411000000000001142,-0.000647981306440221
1.412000000000001032,-0.000616765664819946
1.413000000000000922,-0.000586379428876188
1.414000000000001034,-0.000556811391310898
1.415000000000001146,-0.000528050413801128
1.416000000000001036,-0.000500085426855776
1.417000000000000925,-0.000472905429650663
1.418000000000001037,-0.000446499489875978
1.419000000000001149,-0.000420856743578620
1.420000000000001039,-0.000395966395000424
1.421000000000000929,-0.000371817716414927
1.422000000000001041,-0.000348400047959350
1.423000000000001153,-0.000325702797471013
1.424000000000001043,-0.000303715440317420
1.425000000000000933,-0.000282427519221593
1.426000000000001044,-0.000261828644091378
1.427000000000001156,-0.000241908491842637
1.428000000000001046,-0.000222656806225333
1.429000000000000936,-0.000204063397640857
1.430000000000001048,-0.000186118142960553
1.431000000000001160,-0.000168810985344442
1.432000000000001050,-0.000152131934062874
1.433000000000000940,-0.000136071064297502
1.434000000000001052,-0.000120618516965987
1.435000000000001164,-0.000105764498522967
1.436000000000001053,-0.000091499280776659
1.437000000000000943,-0.000077813200692681
1.438000000000001055,-0.000064696660201148
1.439000000000001167,-0.000052140125999740
1.440000000000001057,-0.000040134129356333
1.441000000000000947,-0.000028669265913110
1.442000000000001059,-0.000017736195485497
1.443000000000001171,-0.000007325641861500
1.444000000000001060,0.000002571607404513
1.445000000000000950,0.000011964701188082
1.446000000000001062,0.000020862725010083
1.447000000000001174,0.000029274701231301
1.448000000000001064,0.000037209589267824
1.449000000000000954,0.000044676285799973
1.450000000000001066,0.000051683624977446
1.451000000000001178,0.000058240378631951
1.452000000000001068,0.000064355256493406
1.453000000000000957,0.000070036906396463
1.454000000000001069,0.000075293914499883
1.455000000000001181,0.000080134805499001
1.456000000000001071,0.000084568042842031
1.457000000000000961,0.000088602028948270
1.458000000000001073,0.000092245105425105
1.459000000000001185,0.000095505553287112
1.460000000000001075,0.000098391593176773
1.461000000000000965,0.000100911385582721
1.462000000000001076,0.000103073031064059
1.463000000000001188,0.000104884570472469
1.464000000000001078,0.000106353985170327
1.465000000000000968,0.000107489197258737
1.466000000000001080,0.000108298069805461
1.467000000000001192,0.000108788407061344
1.468000000000001082,0.000108967954693000
1.469000000000000972,0.000108844400006478
1.470000000000001084,0.000108425372173083
1.471000000000001195,0.000107718442460435
1.472000000000001085,0.000106731124459948
1.473000000000000975,0.000105470874311647
1.474000000000001087,0.000103945090942222
1.475000000000001199,0.000102161116281881
1.476000000000001089,0.000100126235508605
1.477000000000000979,0.000097847677267167
1.478000000000001091,0.000095332613909412
1.479000000000001203,0.000092588161723860
1.480000000000001092,0.000089621381160532
1.481000000000000982,0.000086439277073241
1.482000000000001094,0.000083048798946116
1.483000000000001206,0.000079456841132061
1.484000000000001096,0.000075670243080370
1.485000000000000986,0.000071695789575726
1.486000000000001098,0.000067540210967591
1.487000000000001210,0.000063210183408604
1.488000000000001100,0.000058712329087461
1.489000000000000989,0.000054053216465941
1.490000000000001101,0.000049239360507723
1.491000000000001213,0.000044277222922302
1.492000000000001103,0.000039173212395520
1.493000000000000993,0.000033933684822658
1.494000000000001105,0.000028564943552395
1.495000000000001217,0.000023073239615970
1.496000000000001107,0.000017464771963886
1.497000000000000997,0.000011745687705300
1.498000000000001108,0.000005922082339557
1.499000000000001220,0.000000000000000000
