# hydroxyapatite-010-ph14_BSAI2
# h[nm],U(h)[kJ/mol]
0.149999999999999994,135.863770466478996468
0.150999999999999995,133.782085262998634789
0.151999999999999996,131.724656741474973387
0.152999999999999997,129.735240847714322854
0.153999999999999998,127.818790340677381323
0.154999999999999999,125.965421544455210778
0.156000000000000000,124.162530988511278451
0.157000000000000001,122.400043435041567363
0.158000000000000002,120.671918756111111293
0.159000000000000002,118.975820250914964049
0.160000000000000003,117.312052317732010920
0.161000000000000004,115.682371559355757995
0.162000000000000005,114.088965525450021232
0.163000000000000006,112.533710614697611163
0.164000000000000007,111.017719633018984382
0.165000000000000008,109.541139450298686597
0.166000000000000009,108.103139757823143441
0.167000000000000010,106.702031847255852881
0.168000000000000010,105.335463190995483274
0.169000000000000011,104.000644233240151948
0.170000000000000012,102.694575177149388878
0.171000000000000013,101.414251040142602278
0.172000000000000014,100.156832083103537911
0.173000000000000015,98.919773663666731522
0.174000000000000016,97.700914682210097340
0.175000000000000017,96.498527298610056846
0.176000000000000018,95.311332777688363649
0.177000000000000018,94.138489459382881819
0.178000000000000019,92.979559212179836436
0.179000000000000020,91.834458545323627732
0.180000000000000021,90.703400015907590159
0.181000000000000022,89.586828820050058653
0.182000000000000023,88.485358615495854906
0.183000000000000024,87.399709767410598715
0.184000000000000025,86.330652395412940336
0.185000000000000026,85.278955863152120287
0.186000000000000026,84.245345711456693039
0.187000000000000027,83.230468500132985810
0.188000000000000028,82.234864591522551791
0.189000000000000029,81.258948575053466357
0.190000000000000030,80.302996786917518079
0.191000000000000031,79.367141211512119980
0.192000000000000032,78.451368949557334531
0.193000000000000033,77.555526390114437163
0.194000000000000034,76.679327219069776334
0.195000000000000034,75.822363424979016600
0.196000000000000035,74.984118515673671368
0.197000000000000036,74.163982228144590181
0.198000000000000037,73.361266093613352268
0.199000000000000038,72.575219304228355099
0.200000000000000039,71.805044413401148518
0.201000000000000040,71.049912485295180886
0.202000000000000041,70.308977388092259275
0.203000000000000042,69.581388998782443878
0.204000000000000042,68.866305153323580157
0.205000000000000043,68.162902234544901603
0.206000000000000044,67.470384340934671741
0.207000000000000045,66.787991022568377275
0.208000000000000046,66.115003606209455711
0.209000000000000047,65.450750160525927868
0.210000000000000048,64.794609174978205601
0.211000000000000049,64.146012042878311377
0.212000000000000050,63.504444451047447728
0.213000000000000050,62.869446786070682265
0.214000000000000051,62.240613670987009698
0.215000000000000052,61.617592746976470153
0.216000000000000053,61.000082812760425099
0.217000000000000054,60.387831430535626964
0.218000000000000055,59.780632101773051090
0.219000000000000056,59.178321109534749667
0.220000000000000057,58.580774116453063982
0.221000000000000058,57.987902599479525634
0.222000000000000058,57.399650194203807985
0.223000000000000059,56.815989013182367273
0.224000000000000060,56.236915994475097591
0.225000000000000061,55.662449328608069266
0.226000000000000062,55.092625004567729263
0.227000000000000063,54.527493508269472500
0.228000000000000064,53.967116700285927777
0.229000000000000065,53.411564893506636054
0.230000000000000066,52.860914145847765155
0.231000000000000066,52.315243778146133025
0.232000000000000067,51.774634122947624348
0.233000000000000068,51.239164506021346313
0.234000000000000069,50.708911459075835637
0.235000000000000070,50.183947159292017659
0.236000000000000071,49.664338088890822576
0.237000000000000072,49.150143905983519232
0.238000000000000073,48.641416516377070423
0.239000000000000073,48.138199334787728390
0.240000000000000074,47.640526723016968447
0.241000000000000075,47.148423592030951568
0.242000000000000076,46.661905154523793726
0.243000000000000077,46.180976814402001196
0.244000000000000078,45.705634179675385553
0.245000000000000079,45.235863185446817170
0.246000000000000080,44.771640314036041275
0.247000000000000081,44.312932899725304026
0.248000000000000081,43.859699506156530902
0.249000000000000082,43.411890365020653348
0.250000000000000111,42.969447865342644377
0.251000000000000112,42.532307083364429445
0.252000000000000113,42.100396343749629580
0.253000000000000114,41.673637803566556670
0.254000000000000115,41.251948051238386483
0.255000000000000115,40.835238713374913289
0.256000000000000116,40.423417063109475578
0.257000000000000117,40.016386624253051707
0.258000000000000118,39.614047766239899317
0.259000000000000119,39.216298285471559382
0.260000000000000120,38.823033969264926668
0.261000000000000121,38.434149139175765697
0.262000000000000122,38.049537170996465818
0.263000000000000123,37.669090989219007781
0.264000000000000123,37.292703534207625182
0.265000000000000124,36.920268200743500131
0.266000000000000125,36.551679246983795224
0.267000000000000126,36.186832173223109521
0.268000000000000127,35.825624070155896561
0.269000000000000128,35.467953936616495980
0.270000000000000129,35.113722967019583621
0.271000000000000130,34.762834808940553444
0.272000000000000131,34.415195791463460750
0.273000000000000131,34.070715125086778130
0.274000000000000132,33.729305074113980822
0.275000000000000133,33.390881102571356109
0.276000000000000134,33.055361994788754032
0.277000000000000135,32.722669951853582404
0.278000000000000136,32.392730665205327512
0.279000000000000137,32.065473368678553356
0.280000000000000138,31.740830870329205027
0.281000000000000139,31.418739565392439061
0.282000000000000139,31.099139431722484517
0.283000000000000140,30.781974009057044839
0.284000000000000141,30.467190363432031575
0.285000000000000142,30.154739038047431166
0.286000000000000143,29.844573991854396411
0.287000000000000144,29.536652527096357801
0.288000000000000145,29.230935206995525277
0.289000000000000146,28.927385764730900064
0.290000000000000147,28.625971004804959819
0.291000000000000147,28.326660697845760239
0.292000000000000148,28.029427469838175568
0.293000000000000149,27.734246686724411290
0.294000000000000150,27.441096335259373973
0.295000000000000151,27.149956900951728755
0.296000000000000152,26.860811243867082965
0.297000000000000153,26.573644473015825440
0.298000000000000154,26.288443819994920858
0.299000000000000155,26.005198512501088715
0.300000000000000155,25.723899648282088748
0.301000000000000156,25.444540070043938584
0.302000000000000157,25.167114241783998807
0.303000000000000158,24.891618126974808689
0.304000000000000159,24.618049068979296123
0.305000000000000160,24.346405674036624589
0.306000000000000161,24.076687697118021703
0.307000000000000162,23.808895930914228956
0.308000000000000163,23.543032098180724176
0.309000000000000163,23.279098747633273803
0.310000000000000164,23.017099153554930524
0.311000000000000165,22.757037219246079474
0.312000000000000166,22.498917384421680765
0.313000000000000167,22.242744536634418751
0.314000000000000168,21.988523926778881901
0.315000000000000169,21.736261088709813549
0.316000000000000170,21.485961762987933810
0.317000000000000171,21.237631824748174125
0.318000000000000171,20.991277215668638689
0.319000000000000172,20.746903880003408460
0.320000000000000173,20.504517704628984376
0.321000000000000174,20.264124463041476076
0.322000000000000175,20.025729763231293390
0.323000000000000176,19.789338999352224846
0.324000000000000177,19.554957307093381758
0.325000000000000178,19.322589522655498229
0.326000000000000179,19.092240145226380577
0.327000000000000179,18.863913302845652709
0.328000000000000180,18.637612721544098093
0.329000000000000181,18.413341697639644678
0.330000000000000182,18.191103073069527341
0.331000000000000183,17.970899213635728842
0.332000000000000184,17.752731990040015120
0.333000000000000185,17.536602761583800714
0.334000000000000186,17.322512362408200914
0.335000000000000187,17.110461090149833296
0.336000000000000187,16.900448696888769717
0.337000000000000188,16.692474382266514255
0.338000000000000189,16.486536788653136654
0.339000000000000190,16.282633998244886442
0.340000000000000191,16.080763531975758696
0.341000000000000192,15.880922350129011988
0.342000000000000193,15.683106854537314234
0.343000000000000194,15.487312892262966812
0.344000000000000195,15.293535760653131916
0.345000000000000195,15.101770213667546017
0.346000000000000196,14.912010469380225786
0.347000000000000197,14.724250218559353343
0.348000000000000198,14.538482634233684365
0.349000000000000199,14.354700382156696747
0.350000000000000200,14.172895632083731599
0.351000000000000201,13.993060069780536736
0.352000000000000202,13.815184909685550352
0.353000000000000203,13.639260908151388918
0.354000000000000203,13.465278377194801251
0.355000000000000204,13.293227198687759483
0.356000000000000205,13.123096838925693675
0.357000000000000206,12.954876363512155990
0.358000000000000207,12.788554452502856051
0.359000000000000208,12.624119415754838869
0.360000000000000209,12.461559208429816792
0.361000000000000210,12.300861446604063332
0.362000000000000210,12.142013422939676559
0.363000000000000211,11.985002122375513878
0.364000000000000212,11.829814237798446541
0.365000000000000213,11.676436185658602085
0.366000000000000214,11.524854121494659154
0.367000000000000215,11.375053955338010780
0.368000000000000216,11.227021366966729587
0.369000000000000217,11.080741820982982659
0.370000000000000218,10.936200581689419664
0.371000000000000218,10.793382727742471872
0.372000000000000219,10.652273166562308049
0.373000000000000220,10.512856648481381683
0.374000000000000221,10.375117780615122243
0.375000000000000222,10.239041040440408636
0.376000000000000223,10.104610789068676269
0.377000000000000224,9.971811284202590997
0.378000000000000225,9.840626692766452521
0.379000000000000226,9.711041103201939251
0.380000000000000226,9.583038537422194025
0.381000000000000227,9.456602962418537928
0.382000000000000228,9.331718301515234515
0.383000000000000229,9.208368445268900970
0.384000000000000230,9.086537262010089933
0.385000000000000231,8.966208608025727500
0.386000000000000232,8.847366337381860291
0.387000000000000233,8.729994311386997552
0.388000000000000234,8.614076407697291771
0.389000000000000234,8.499596529065341244
0.390000000000000235,8.386538611735101512
0.391000000000000236,8.274886633486186582
0.392000000000000237,8.164624621331149967
0.393000000000000238,8.055736658870014111
0.394000000000000239,7.948206893306784870
0.395000000000000240,7.842019542133061627
0.396000000000000241,7.737158899484233743
0.397000000000000242,7.633609342174179524
0.398000000000000242,7.531355335414571250
0.399000000000000243,7.430381438225344581
0.400000000000000244,7.330672308542856896
0.401000000000000245,7.232212708032709436
0.402000000000000246,7.134987506614407948
0.403000000000000247,7.038981686704791407
0.404000000000000248,6.944180347187855595
0.405000000000000249,6.850568707118222633
0.406000000000000250,6.758132109165853940
0.407000000000000250,6.666856022809490412
0.408000000000000251,6.576726047286472365
0.409000000000000252,6.487727914306520738
0.410000000000000253,6.399847490537043271
0.411000000000000254,6.313070779867575588
0.412000000000000255,6.227383925460943992
0.413000000000000256,6.142773211598490768
0.414000000000000257,6.059225065327007442
0.415000000000000258,5.976726057914483192
0.416000000000000258,5.895262906122196611
0.417000000000000259,5.814822473300092831
0.418000000000000260,5.735391770312716631
0.419000000000000261,5.656957956302475665
0.420000000000000262,5.579508339297289510
0.421000000000000263,5.503030376669132195
0.422000000000000264,5.427511675450253037
0.423000000000000265,5.352939992513380041
0.424000000000000266,5.279303234622327423
0.425000000000000266,5.206589458359141886
0.426000000000000267,5.134786869933829045
0.427000000000000268,5.063883824882534412
0.428000000000000269,4.993868827659952991
0.429000000000000270,4.924730531131495503
0.430000000000000271,4.856457735970706402
0.431000000000000272,4.789039389967149063
0.432000000000000273,4.722464587249949552
0.433000000000000274,4.656722567431932802
0.434000000000000274,4.591802714679168673
0.435000000000000275,4.527694556710629925
0.436000000000000276,4.464387763732474035
0.437000000000000277,4.401872147311255645
0.438000000000000278,4.340137659190408392
0.439000000000000279,4.279174390053939625
0.440000000000000280,4.218972568241365018
0.441000000000000281,4.159522558417632965
0.442000000000000282,4.100814860201635881
0.443000000000000282,4.042840106756914409
0.444000000000000283,3.985589063347826588
0.445000000000000284,3.929052625864480230
0.446000000000000285,3.873221819319498938
0.447000000000000286,3.818087796319602489
0.448000000000000287,3.763641835514873524
0.449000000000000288,3.709875340028405244
0.450000000000000289,3.656779835868945838
0.451000000000000290,3.604346970329072697
0.452000000000000290,3.552568510371166610
0.453000000000000291,3.501436341003577812
0.454000000000000292,3.450942463649052883
0.455000000000000293,3.401078994507476416
0.456000000000000294,3.351838162914940078
0.457000000000000295,3.303212309700894078
0.458000000000000296,3.255193885545215160
0.459000000000000297,3.207775449336808471
0.460000000000000298,3.160949666535285640
0.461000000000000298,3.114709307537283145
0.462000000000000299,3.069047246048710154
0.463000000000000300,3.023956457464332281
0.464000000000000301,2.979430017255844554
0.465000000000000302,2.935461099369666815
0.466000000000000303,2.892042974635488317
0.467000000000000304,2.849169009186572676
0.468000000000000305,2.806832662892827734
0.469000000000000306,2.765027487807462769
0.470000000000000306,2.723747126628020432
0.471000000000000307,2.682985311172647602
0.472000000000000308,2.642735860872193143
0.473000000000000309,2.602992681278780474
0.474000000000000310,2.563749762591542858
0.475000000000000311,2.525001178199886454
0.476000000000000312,2.486741083244968120
0.477000000000000313,2.448963713199597603
0.478000000000000314,2.411663382467164940
0.479000000000000314,2.374834482999811147
0.480000000000000315,2.338471482936184564
0.481000000000000316,2.302568925259069754
0.482000000000000317,2.267121426473101664
0.483000000000000318,2.232123675302753796
0.484000000000000319,2.197570431410768244
0.485000000000000320,2.163456524137193693
0.486000000000000321,2.129776851259046033
0.487000000000000322,2.096526377770727922
0.488000000000000322,2.063700134685269472
0.489000000000000323,2.031293217856307898
0.490000000000000324,1.999300786820903397
0.491000000000000325,1.967718063663104200
0.492000000000000326,1.936540331898218170
0.493000000000000327,1.905762935377715905
0.494000000000000328,1.875381277214696496
0.495000000000000329,1.845390818729750748
0.496000000000000330,1.815787078417189004
0.497000000000000330,1.786565630931333803
0.498000000000000331,1.757722106092941106
0.499000000000000332,1.729252187915359729
0.500000000000000333,1.701151613650358385
0.501000000000000334,1.673416172853458672
0.502000000000000335,1.646041706468435617
0.503000000000000336,1.619024105930923607
0.504000000000000337,1.592359312290763551
0.505000000000000338,1.566043315352969589
0.506000000000000338,1.540072152837000274
0.507000000000000339,1.514441909554097521
0.508000000000000340,1.489148716602496147
0.509000000000000341,1.464188750580138532
0.510000000000000342,1.439558232814750927
0.511000000000000343,1.415253428610880659
0.512000000000000344,1.391270646513755649
0.513000000000000345,1.367606237589592322
0.514000000000000346,1.344256594722087472
0.515000000000000346,1.321218151924864248
0.516000000000000347,1.298487383669534534
0.517000000000000348,1.276060804229108836
0.518000000000000349,1.253934967036487436
0.519000000000000350,1.232106464057695749
0.520000000000000351,1.210571925179678932
0.521000000000000352,1.189328017612208299
0.522000000000000353,1.168371445303815204
0.523000000000000353,1.147698948371261185
0.524000000000000354,1.127307302542442047
0.525000000000000355,1.107193318612295752
0.526000000000000356,1.087353841911562480
0.527000000000000357,1.067785751788008053
0.528000000000000358,1.048485961099901997
0.529000000000000359,1.029451415721441609
0.530000000000000360,1.010679094059897087
0.531000000000000361,0.992166006584138005
0.532000000000000361,0.973909195364327074
0.533000000000000362,0.955905733622504195
0.534000000000000363,0.938152725293811884
0.535000000000000364,0.920647304598050886
0.536000000000000365,0.903386635621412415
0.537000000000000366,0.886367911908014561
0.538000000000000367,0.869588356061132828
0.539000000000000368,0.853045219353730011
0.540000000000000369,0.836735781348191709
0.541000000000000369,0.820657349524897883
0.542000000000000370,0.804807258919555624
0.543000000000000371,0.789182871768877359
0.544000000000000372,0.773781577164556200
0.545000000000000373,0.758600790715190376
0.546000000000000374,0.743637954216016417
0.547000000000000375,0.728890535326205291
0.548000000000000376,0.714356027253530534
0.549000000000000377,0.700031948446196650
0.550000000000000377,0.685915842291594524
0.551000000000000378,0.672005276821887709
0.552000000000000379,0.658297844426096401
0.553000000000000380,0.644791161568620597
0.554000000000000381,0.631482868513957407
0.555000000000000382,0.618370629057396592
0.556000000000000383,0.605452130261635801
0.557000000000000384,0.592725082198987785
0.558000000000000385,0.580187217699168811
0.559000000000000385,0.567836292102390283
0.560000000000000386,0.555670083017623551
0.561000000000000387,0.543686390085918902
0.562000000000000388,0.531883034748605654
0.563000000000000389,0.520257860020167606
0.564000000000000390,0.508808730265753129
0.565000000000000391,0.497533530983098160
0.566000000000000392,0.486430168588767753
0.567000000000000393,0.475496570208530311
0.568000000000000393,0.464730683471815620
0.569000000000000394,0.454130476310058095
0.570000000000000395,0.443693936758816132
0.571000000000000396,0.433419072763593261
0.572000000000000397,0.423303911989166781
0.573000000000000398,0.413346501632387286
0.574000000000000399,0.403544908238277600
0.575000000000000400,0.393897217519364073
0.576000000000000401,0.384401534178133386
0.577000000000000401,0.375055981732460686
0.578000000000000402,0.365858702343987818
0.579000000000000403,0.356807856649331345
0.580000000000000404,0.347901623593953768
0.581000000000000405,0.339138200268757073
0.582000000000000406,0.330515801749147187
0.583000000000000407,0.322032660936624193
0.584000000000000408,0.313687028402716894
0.585000000000000409,0.305477172235237959
0.586000000000000409,0.297401377886782836
0.587000000000000410,0.289457948025332590
0.588000000000000411,0.281645202387017846
0.589000000000000412,0.273961477630809025
0.590000000000000413,0.266405127195223912
0.591000000000000414,0.258974521156879800
0.592000000000000415,0.251668046090867792
0.593000000000000416,0.244484104932905622
0.594000000000000417,0.237421116843176294
0.595000000000000417,0.230477517071792537
0.596000000000000418,0.223651756825902381
0.597000000000000419,0.216942303138272174
0.598000000000000420,0.210347638737412496
0.599000000000000421,0.203866261919096958
0.600000000000000422,0.197496686419289774
0.601000000000000423,0.191237441288452825
0.602000000000000424,0.185087070767094269
0.603000000000000425,0.179044134162609114
0.604000000000000425,0.173107205727369567
0.605000000000000426,0.167274874537949619
0.606000000000000427,0.161545744375503425
0.607000000000000428,0.155918433607310558
0.608000000000000429,0.150391575069294292
0.609000000000000430,0.144963815949688685
0.610000000000000431,0.139633817673639693
0.611000000000000432,0.134400255788825640
0.612000000000000433,0.129261819852022425
0.613000000000000433,0.124217213316583724
0.614000000000000434,0.119265153420828357
0.615000000000000435,0.114404371077285877
0.616000000000000436,0.109633610762837175
0.617000000000000437,0.104951630409591545
0.618000000000000438,0.100357201296648629
0.619000000000000439,0.095849107942612144
0.620000000000000440,0.091426147998847893
0.621000000000000441,0.087087132143508175
0.622000000000000441,0.082830883976257819
0.623000000000000442,0.078656239913732093
0.624000000000000443,0.074562049085661483
0.625000000000000444,0.070547173231671173
0.626000000000000445,0.066610486598748131
0.627000000000000446,0.062750875839349782
0.628000000000000447,0.058967239910132419
0.629000000000000448,0.055258489971304059
0.630000000000000449,0.051623549286598722
0.631000000000000449,0.048061353123803406
0.632000000000000450,0.044570848655909968
0.633000000000000451,0.041150994862798683
0.634000000000000452,0.037800762433537041
0.635000000000000453,0.034519133669161504
0.636000000000000454,0.031305102386079323
0.637000000000000455,0.028157673819932526
0.638000000000000456,0.025075864530056124
0.639000000000000457,0.022058702304416124
0.640000000000000457,0.019105226065062087
0.641000000000000458,0.016214485774127273
0.642000000000000459,0.013385542340270961
0.643000000000000460,0.010617467525671841
0.644000000000000461,0.007909343853485306
0.645000000000000462,0.005260264515780888
0.646000000000000463,0.002669333281994313
0.647000000000000464,0.000135664407828329
0.648000000000000465,-0.002341617455371814
0.649000000000000465,-0.004763377350743480
0.650000000000000466,-0.007130470105611120
0.651000000000000467,-0.009443740420664126
0.652000000000000468,-0.011704022958740701
0.653000000000000469,-0.013912142433082374
0.654000000000000470,-0.016068913695196540
0.655000000000000471,-0.018175141822226338
0.656000000000000472,-0.020231622203858067
0.657000000000000473,-0.022239140628805110
0.658000000000000473,-0.024198473370829265
0.659000000000000474,-0.026110387274301972
0.660000000000000475,-0.027975639839341603
0.661000000000000476,-0.029794979306464742
0.662000000000000477,-0.031569144740835706
0.663000000000000478,-0.033298866116029800
0.664000000000000479,-0.034984864397391680
0.665000000000000480,-0.036627851624891274
0.666000000000000481,-0.038228530995613172
0.667000000000000481,-0.039787596945705328
0.668000000000000482,-0.041305735231987772
0.669000000000000483,-0.042783623013021035
0.670000000000000484,-0.044221928929794360
0.671000000000000485,-0.045621313185948364
0.672000000000000486,-0.046982427627529355
0.673000000000000487,-0.048305915822351352
0.674000000000000488,-0.049592413138858017
0.675000000000000488,-0.050842546824558722
0.676000000000000489,-0.052056936084052471
0.677000000000000490,-0.053236192156533323
0.678000000000000491,-0.054380918392915978
0.679000000000000492,-0.055491710332475477
0.680000000000000493,-0.056569155779050403
0.681000000000000494,-0.057613834876800628
0.682000000000000495,-0.058626320185498779
0.683000000000000496,-0.059607176755396285
0.684000000000000496,-0.060556962201628504
0.685000000000000497,-0.061476226778148402
0.686000000000000498,-0.062365513451251652
0.687000000000000499,-0.063225357972604368
0.688000000000000500,-0.064056288951846563
0.689000000000000501,-0.064858827928728990
0.690000000000000502,-0.065633489444812038
0.691000000000000503,-0.066380781114698778
0.692000000000000504,-0.067101203696787542
0.693000000000000504,-0.067795251163639464
0.694000000000000505,-0.068463410771803138
0.695000000000000506,-0.069106163131256435
0.696000000000000507,-0.069723982274350921
0.697000000000000508,-0.070317335724304791
0.698000000000000509,-0.070886684563252839
0.699000000000000510,-0.071432483499826491
0.700000000000000511,-0.071955180936274066
0.701000000000000512,-0.072455219035142585
0.702000000000000512,-0.072933033785470058
0.703000000000000513,-0.073389055068544234
0.704000000000000514,-0.073823706723202639
0.705000000000000515,-0.074237406610651549
0.706000000000000516,-0.074630566678850666
0.707000000000000517,-0.075003593026437054
0.708000000000000518,-0.075356885966152892
0.709000000000000519,-0.075690840087891967
0.710000000000000520,-0.076005844321200694
0.711000000000000520,-0.076302281997379040
0.712000000000000521,-0.076580530911112304
0.713000000000000522,-0.076840963381614752
0.714000000000000523,-0.077083946313367430
0.715000000000000524,-0.077309841256353318
0.716000000000000525,-0.077519004465859617
0.717000000000000526,-0.077711786961830620
0.718000000000000527,-0.077888534587727098
0.719000000000000528,-0.078049588068966655
0.720000000000000528,-0.078195283070921287
0.721000000000000529,-0.078325950256401447
0.722000000000000530,-0.078441915342754936
0.723000000000000531,-0.078543499158453448
0.724000000000000532,-0.078631017699286890
0.725000000000000533,-0.078704782184061101
0.726000000000000534,-0.078765099109854159
0.727000000000000535,-0.078812270306837878
0.728000000000000536,-0.078846592992648262
0.729000000000000536,-0.078868359826283291
0.730000000000000537,-0.078877858961600794
0.731000000000000538,-0.078875374100320458
0.732000000000000539,-0.078861184544622112
0.733000000000000540,-0.078835565249275652
0.734000000000000541,-0.078798786873347709
0.735000000000000542,-0.078751115831437749
0.736000000000000543,-0.078692814344523299
0.737000000000000544,-0.078624140490312272
0.738000000000000544,-0.078545348253203917
0.739000000000000545,-0.078456687573790471
0.740000000000000546,-0.078358404397922604
0.741000000000000547,-0.078250740725348961
0.742000000000000548,-0.078133934657959050
0.743000000000000549,-0.078008220447510768
0.744000000000000550,-0.077873828543019233
0.745000000000000551,-0.077730985637664257
0.746000000000000552,-0.077579914715307813
0.747000000000000552,-0.077420835096563015
0.748000000000000553,-0.077253962484446603
0.749000000000000554,-0.077079509009621919
0.750000000000000555,-0.076897683275215609
0.751000000000000556,-0.076708690401218554
0.752000000000000557,-0.076512732068495126
0.753000000000000558,-0.076310006562313751
0.754000000000000559,-0.076100708815563398
0.755000000000000560,-0.075885030451473989
0.756000000000000560,-0.075663159825997806
0.757000000000000561,-0.075435282069723372
0.758000000000000562,-0.075201579129431179
0.759000000000000563,-0.074962229809241554
0.760000000000000564,-0.074717409811356356
0.761000000000000565,-0.074467291776391761
0.762000000000000566,-0.074212045323343981
0.763000000000000567,-0.073951837089141242
0.764000000000000568,-0.073686830767802136
0.765000000000000568,-0.073417187149239393
0.766000000000000569,-0.073143064157626642
0.767000000000000570,-0.072864616889427816
0.768000000000000571,-0.072581997651009825
0.769000000000000572,-0.072295355995890126
0.770000000000000573,-0.072004838761613996
0.771000000000000574,-0.071710590106244268
0.772000000000000575,-0.071412751544485550
0.773000000000000576,-0.071111461983424648
0.774000000000000576,-0.070806857757921754
0.775000000000000577,-0.070499072665619070
0.776000000000000578,-0.070188238001593323
0.777000000000000579,-0.069874482592652470
0.778000000000000580,-0.069557932831249766
0.779000000000000581,-0.069238712709070324
0.780000000000000582,-0.068916943850238291
0.781000000000000583,-0.068592745544194200
0.782000000000000584,-0.068266234778200749
0.783000000000000584,-0.067937526269508858
0.784000000000000585,-0.067606732497192817
0.785000000000000586,-0.067273963733612246
0.786000000000000587,-0.066939328075568100
0.787000000000000588,-0.066602931475089999
0.788000000000000589,-0.066264877769902059
0.789000000000000590,-0.065925268713567547
0.790000000000000591,-0.065584204005275107
0.791000000000000592,-0.065241781319314393
0.792000000000000592,-0.064898096334228259
0.793000000000000593,-0.064553242761620999
0.794000000000000594,-0.064207312374673656
0.795000000000000595,-0.063860395036322806
0.796000000000000596,-0.063512578727115646
0.797000000000000597,-0.063163949572772951
0.798000000000000598,-0.062814591871427350
0.799000000000000599,-0.062464588120538955
0.800000000000000600,-0.062114019043546478
0.801000000000000600,-0.061762963616165026
0.802000000000000601,-0.061411499092404544
0.803000000000000602,-0.061059701030299132
0.804000000000000603,-0.060707643317316415
0.805000000000000604,-0.060355398195499510
0.806000000000000605,-0.060003036286277567
0.807000000000000606,-0.059650626615027492
0.808000000000000607,-0.059298236635327094
0.809000000000000608,-0.058945932252916979
0.810000000000000608,-0.058593777849417203
0.811000000000000609,-0.058241836305683026
0.812000000000000610,-0.057890169025003047
0.813000000000000611,-0.057538835955896761
0.814000000000000612,-0.057187895614721374
0.815000000000000613,-0.056837405107993101
0.816000000000000614,-0.056487420154409697
0.817000000000000615,-0.056137995106633184
0.818000000000000616,-0.055789182972812490
0.819000000000000616,-0.055441035437826768
0.820000000000000617,-0.055093602884272896
0.821000000000000618,-0.054746934413213155
0.822000000000000619,-0.054401077864657275
0.823000000000000620,-0.054056079837785306
0.824000000000000621,-0.053711985710918751
0.825000000000000622,-0.053368839661276410
0.826000000000000623,-0.053026684684449335
0.827000000000000624,-0.052685562613637403
0.828000000000000624,-0.052345514138673756
0.829000000000000625,-0.052006578824764657
0.830000000000000626,-0.051668795131039967
0.831000000000000627,-0.051332200428840416
0.832000000000000628,-0.050996831019785360
0.833000000000000629,-0.050662722153602111
0.834000000000000630,-0.050329908045738316
0.835000000000000631,-0.049998421894739228
0.836000000000000631,-0.049668295899409479
0.837000000000000632,-0.049339561275760710
0.838000000000000633,-0.049012248273719403
0.839000000000000634,-0.048686386193631470
0.840000000000000635,-0.048362003402565898
0.841000000000000636,-0.048039127350378019
0.842000000000000637,-0.047717784585585642
0.843000000000000638,-0.047398000771025565
0.844000000000000639,-0.047079800699312294
0.845000000000000639,-0.046763208308086571
0.846000000000000640,-0.046448246695054020
0.847000000000000641,-0.046134938132864865
0.848000000000000642,-0.045823304083729186
0.849000000000000643,-0.045513365213892973
0.850000000000000644,-0.045205141407911043
0.851000000000000645,-0.044898651782701804
0.852000000000000646,-0.044593914701428997
0.853000000000000647,-0.044290947787218302
0.854000000000000647,-0.043989767936640889
0.855000000000000648,-0.043690391333054725
0.856000000000000649,-0.043392833459748856
0.857000000000000650,-0.043097109112903945
0.858000000000000651,-0.042803232414382164
0.859000000000000652,-0.042511216824332287
0.860000000000000653,-0.042221075153647779
0.861000000000000654,-0.041932819576200930
0.862000000000000655,-0.041646461640966047
0.863000000000000655,-0.041362012283931285
0.864000000000000656,-0.041079481839869411
0.865000000000000657,-0.040798880053918032
0.866000000000000658,-0.040520216093028381
0.867000000000000659,-0.040243498557239674
0.868000000000000660,-0.039968735490775162
0.869000000000000661,-0.039695934393006074
0.870000000000000662,-0.039425102229250192
0.871000000000000663,-0.039156245441435936
0.872000000000000663,-0.038889369958555776
0.873000000000000664,-0.038624481207048381
0.874000000000000665,-0.038361584120967226
0.875000000000000666,-0.038100683152044089
0.876000000000000667,-0.037841782279579149
0.877000000000000668,-0.037584885020198154
0.878000000000000669,-0.037329994437482979
0.879000000000000670,-0.037077113151424368
0.880000000000000671,-0.036826243347777912
0.881000000000000671,-0.036577386787243607
0.882000000000000672,-0.036330544814549962
0.883000000000000673,-0.036085718367363816
0.884000000000000674,-0.035842907985099162
0.885000000000000675,-0.035602113817576081
0.886000000000000676,-0.035363335633558937
0.887000000000000677,-0.035126572829162581
0.888000000000000678,-0.034891824436134380
0.889000000000000679,-0.034659089130011013
0.890000000000000679,-0.034428365238152681
0.891000000000000680,-0.034199650747653673
0.892000000000000681,-0.033972943313132817
0.893000000000000682,-0.033748240264403172
0.894000000000000683,-0.033525538614026101
0.895000000000000684,-0.033304835064752222
0.896000000000000685,-0.033086126016846996
0.897000000000000686,-0.032869407575289375
0.898000000000000687,-0.032654675556878163
0.899000000000000687,-0.032441925497219012
0.900000000000000688,-0.032231152657599335
0.901000000000000689,-0.032022352031756532
0.902000000000000690,-0.031815518352546958
0.903000000000000691,-0.031610646098499465
0.904000000000000692,-0.031407729500270522
0.905000000000000693,-0.031206762546993238
0.906000000000000694,-0.031007738992534596
0.907000000000000695,-0.030810652361636392
0.908000000000000695,-0.030615495955973328
0.909000000000000696,-0.030422262860096728
0.910000000000000697,-0.030230945947306475
0.911000000000000698,-0.030041537885397984
0.912000000000000699,-0.029854031142337735
0.913000000000000700,-0.029668417991843520
0.914000000000000701,-0.029484690518851175
0.915000000000000702,-0.029302840624925719
0.916000000000000703,-0.029122860033555187
0.917000000000000703,-0.028944740295368410
0.918000000000000704,-0.028768472793270338
0.919000000000000705,-0.028594048747469590
0.920000000000000706,-0.028421459220457856
0.921000000000000707,-0.028250695121866575
0.922000000000000708,-0.028081747213264029
0.923000000000000709,-0.027914606112880304
0.924000000000000710,-0.027749262300214812
0.925000000000000711,-0.027585706120605329
0.926000000000000711,-0.027423927789694390
0.927000000000000712,-0.027263917397822322
0.928000000000000713,-0.027105664914346551
0.929000000000000714,-0.026949160191904555
0.930000000000000715,-0.026794392970556264
0.931000000000000716,-0.026641352881894433
0.932000000000000717,-0.026490029453075846
0.933000000000000718,-0.026340412110763232
0.934000000000000719,-0.026192490185017476
0.935000000000000719,-0.026046252913110392
0.936000000000000720,-0.025901689443262994
0.937000000000000721,-0.025758788838331541
0.938000000000000722,-0.025617540079421908
0.939000000000000723,-0.025477932069429776
0.940000000000000724,-0.025339953636517039
0.941000000000000725,-0.025203593537544543
0.942000000000000726,-0.025068840461420827
0.943000000000000727,-0.024935683032384852
0.944000000000000727,-0.024804109813253164
0.945000000000000728,-0.024674109308584678
0.946000000000000729,-0.024545669967781767
0.947000000000000730,-0.024418780188170168
0.948000000000000731,-0.024293428317962048
0.949000000000000732,-0.024169602659219067
0.950000000000000733,-0.024047291470718685
0.951000000000000734,-0.023926482970794520
0.952000000000000735,-0.023807165340100488
0.953000000000000735,-0.023689326724324326
0.954000000000000736,-0.023572955236862557
0.955000000000000737,-0.023458038961424579
0.956000000000000738,-0.023344565954602308
0.957000000000000739,-0.023232524248372029
0.958000000000000740,-0.023121901852564013
0.959000000000000741,-0.023012686757256963
0.960000000000000742,-0.022904866935162260
0.961000000000000743,-0.022798430343921754
0.962000000000000743,-0.022693364928377441
0.963000000000000744,-0.022589658622795529
0.964000000000000745,-0.022487299353042046
0.965000000000000746,-0.022386275038703097
0.966000000000000747,-0.022286573595182345
0.967000000000000748,-0.022188182935726462
0.968000000000000749,-0.022091090973438633
0.969000000000000750,-0.021995285623218740
0.970000000000000751,-0.021900754803691695
0.971000000000000751,-0.021807486439067308
0.972000000000000752,-0.021715468460966156
0.973000000000000753,-0.021624688810232429
0.974000000000000754,-0.021535135438664942
0.975000000000000755,-0.021446796310737593
0.976000000000000756,-0.021359659405271663
0.977000000000000757,-0.021273712717070212
0.978000000000000758,-0.021188944258523711
0.979000000000000759,-0.021105342061170006
0.980000000000000759,-0.021022894177213616
0.981000000000000760,-0.020941588681028037
0.982000000000000761,-0.020861413670608484
0.983000000000000762,-0.020782357268991355
0.984000000000000763,-0.020704407625637803
0.985000000000000764,-0.020627552917803861
0.986000000000000765,-0.020551781351844538
0.987000000000000766,-0.020477081164518216
0.988000000000000766,-0.020403440624233053
0.989000000000000767,-0.020330848032277363
0.990000000000000768,-0.020259291724029693
0.991000000000000769,-0.020188760070097483
0.992000000000000770,-0.020119241477468828
0.993000000000000771,-0.020050724390630253
0.994000000000000772,-0.019983197292614018
0.995000000000000773,-0.019916648706078809
0.996000000000000774,-0.019851067194309416
0.997000000000000774,-0.019786441362222559
0.998000000000000775,-0.019722759857328232
0.999000000000000776,-0.019660011370671970
1.000000000000000666,-0.019598184637746697
1.001000000000000778,-0.019537268439387349
1.002000000000000668,-0.019477251602624972
1.003000000000000780,-0.019418123001533772
1.004000000000000670,-0.019359871558035598
1.005000000000000782,-0.019302486242699798
1.006000000000000671,-0.019245956075503758
1.007000000000000783,-0.019190270126574070
1.008000000000000673,-0.019135417516911023
1.009000000000000785,-0.019081387419081872
1.010000000000000675,-0.019028169057899301
1.011000000000000787,-0.018975751711073220
1.012000000000000677,-0.018924124709843879
1.013000000000000789,-0.018873277439595638
1.014000000000000679,-0.018823199340438208
1.015000000000000790,-0.018773879907789445
1.016000000000000680,-0.018725308692918306
1.017000000000000792,-0.018677475303483425
1.018000000000000682,-0.018630369404024665
1.019000000000000794,-0.018583980716481867
1.020000000000000684,-0.018538299020657675
1.021000000000000796,-0.018493314154667699
1.022000000000000686,-0.018449016015385913
1.023000000000000798,-0.018405394558865449
1.024000000000000687,-0.018362439800735816
1.025000000000000799,-0.018320141816593374
1.026000000000000689,-0.018278490742375718
1.027000000000000801,-0.018237476774703762
1.028000000000000691,-0.018197090171225058
1.029000000000000803,-0.018157321250940200
1.030000000000000693,-0.018118160394492287
1.031000000000000805,-0.018079598044482097
1.032000000000000695,-0.018041624705721803
1.033000000000000806,-0.018004230945504452
1.034000000000000696,-0.017967407393857909
1.035000000000000808,-0.017931144743762482
1.036000000000000698,-0.017895433751379315
1.037000000000000810,-0.017860265236261857
1.038000000000000700,-0.017825630081532536
1.039000000000000812,-0.017791519234067580
1.040000000000000702,-0.017757923704674976
1.041000000000000814,-0.017724834568230104
1.042000000000000703,-0.017692242963825173
1.043000000000000815,-0.017660140094900634
1.044000000000000705,-0.017628517229362928
1.045000000000000817,-0.017597365699677840
1.046000000000000707,-0.017566676902983414
1.047000000000000819,-0.017536442301159964
1.048000000000000709,-0.017506653420911886
1.049000000000000821,-0.017477301853816612
1.050000000000000711,-0.017448379256387779
1.051000000000000822,-0.017419877350110836
1.052000000000000712,-0.017391787921471523
1.053000000000000824,-0.017364102821984927
1.054000000000000714,-0.017336813968197102
1.055000000000000826,-0.017309913341693628
1.056000000000000716,-0.017283392989089229
1.057000000000000828,-0.017257245022014710
1.058000000000000718,-0.017231461617084581
1.059000000000000830,-0.017206035015868641
1.060000000000000719,-0.017180957524847992
1.061000000000000831,-0.017156221515370544
1.062000000000000721,-0.017131819423573065
1.063000000000000833,-0.017107743750341384
1.064000000000000723,-0.017083987061213203
1.065000000000000835,-0.017060541986305057
1.066000000000000725,-0.017037401220227916
1.067000000000000837,-0.017014557521971639
1.068000000000000727,-0.016992003714827293
1.069000000000000838,-0.016969732686254090
1.070000000000000728,-0.016947737387770855
1.071000000000000840,-0.016926010834832462
1.072000000000000730,-0.016904546106696929
1.073000000000000842,-0.016883336346293701
1.074000000000000732,-0.016862374760061468
1.075000000000000844,-0.016841654617824060
1.076000000000000734,-0.016821169252624314
1.077000000000000846,-0.016800912060555402
1.078000000000000735,-0.016780876500609818
1.079000000000000847,-0.016761056094488372
1.080000000000000737,-0.016741444426447091
1.081000000000000849,-0.016722035143094834
1.082000000000000739,-0.016702821953210677
1.083000000000000851,-0.016683798627556274
1.084000000000000741,-0.016664958998678453
1.085000000000000853,-0.016646296960700482
1.086000000000000743,-0.016627806469119415
1.087000000000000854,-0.016609481540601653
1.088000000000000744,-0.016591316252759915
1.089000000000000856,-0.016573304743936205
1.090000000000000746,-0.016555441212975665
1.091000000000000858,-0.016537719919007644
1.092000000000000748,-0.016520135181205511
1.093000000000000860,-0.016502681378561451
1.094000000000000750,-0.016485352949631965
1.095000000000000862,-0.016468144392317433
1.096000000000000751,-0.016451050263603224
1.097000000000000863,-0.016434065179306769
1.098000000000000753,-0.016417183813840348
1.099000000000000865,-0.016400400899946464
1.100000000000000755,-0.016383711228440245
1.101000000000000867,-0.016367109647951541
1.102000000000000757,-0.016350591064659900
1.103000000000000869,-0.016334150442029498
1.104000000000000759,-0.016317782800536192
1.105000000000000870,-0.016301483217404582
1.106000000000000760,-0.016285246826317018
1.107000000000000872,-0.016269068817161017
1.108000000000000762,-0.016252944435729333
1.109000000000000874,-0.016236868983457831
1.110000000000000764,-0.016220837817122687
1.111000000000000876,-0.016204846348566247
1.112000000000000766,-0.016188890044415611
1.113000000000000878,-0.016172964425782976
1.114000000000000767,-0.016157065067982347
1.115000000000000879,-0.016141187600232414
1.116000000000000769,-0.016125327705365716
1.117000000000000881,-0.016109481119529624
1.118000000000000771,-0.016093643631894194
1.119000000000000883,-0.016077811084351568
1.120000000000000773,-0.016061979371214345
1.121000000000000885,-0.016046144438920752
1.122000000000000774,-0.016030302285719344
1.123000000000000886,-0.016014448961375764
1.124000000000000776,-0.015998580566874698
1.125000000000000888,-0.015982693254093204
1.126000000000000778,-0.015966783225508686
1.127000000000000890,-0.015950846733898558
1.128000000000000780,-0.015934880082009349
1.129000000000000892,-0.015918879622267738
1.130000000000000782,-0.015902841756463185
1.131000000000000894,-0.015886762935430423
1.132000000000000783,-0.015870639658749651
1.133000000000000895,-0.015854468474431622
1.134000000000000785,-0.015838245978595761
1.135000000000000897,-0.015821968815172616
1.136000000000000787,-0.015805633675576448
1.137000000000000899,-0.015789237298401620
1.138000000000000789,-0.015772776469099015
1.139000000000000901,-0.015756248019674398
1.140000000000000790,-0.015739648828361270
1.141000000000000902,-0.015722975819312441
1.142000000000000792,-0.015706225962283410
1.143000000000000904,-0.015689396272314103
1.144000000000000794,-0.015672483809428577
1.145000000000000906,-0.015655485678293946
1.146000000000000796,-0.015638399027931217
1.147000000000000908,-0.015621221051385508
1.148000000000000798,-0.015603948985411514
1.149000000000000909,-0.015586580110167631
1.150000000000000799,-0.015569111748888160
1.151000000000000689,-0.015551541267581315
1.152000000000000801,-0.015533866074706252
1.153000000000000913,-0.015516083620869647
1.154000000000000803,-0.015498191398496791
1.155000000000000693,-0.015480186941529955
1.156000000000000805,-0.015462067825117897
1.157000000000000917,-0.015443831665286119
1.158000000000000806,-0.015425476118647845
1.159000000000000696,-0.015406998882077588
1.160000000000000808,-0.015388397692400042
1.161000000000000920,-0.015369670326088847
1.162000000000000810,-0.015350814598950357
1.163000000000000700,-0.015331828365816647
1.164000000000000812,-0.015312709520232771
1.165000000000000924,-0.015293455994151680
1.166000000000000814,-0.015274065757631706
1.167000000000000703,-0.015254536818518539
1.168000000000000815,-0.015234867222155607
1.169000000000000927,-0.015215055051060350
1.170000000000000817,-0.015195098424632713
1.171000000000000707,-0.015174995498846206
1.172000000000000819,-0.015154744465953046
1.173000000000000931,-0.015134343554169843
1.174000000000000821,-0.015113791027383508
1.175000000000000711,-0.015093085184852589
1.176000000000000822,-0.015072224360907860
1.177000000000000934,-0.015051206924647075
1.178000000000000824,-0.015030031279650486
1.179000000000000714,-0.015008695863667609
1.180000000000000826,-0.014987199148339991
1.181000000000000938,-0.014965539638890912
1.182000000000000828,-0.014943715873842436
1.183000000000000718,-0.014921726424723097
1.184000000000000830,-0.014899569895769561
1.185000000000000941,-0.014877244923639159
1.186000000000000831,-0.014854750177126032
1.187000000000000721,-0.014832084356864450
1.188000000000000833,-0.014809246195049298
1.189000000000000945,-0.014786234455147729
1.190000000000000835,-0.014763047931615952
1.191000000000000725,-0.014739685449608108
1.192000000000000837,-0.014716145864709328
1.193000000000000949,-0.014692428062636310
1.194000000000000838,-0.014668530958972848
1.195000000000000728,-0.014644453498881738
1.196000000000000840,-0.014620194656828817
1.197000000000000952,-0.014595753436315700
1.198000000000000842,-0.014571128869586730
1.199000000000000732,-0.014546320017379030
1.200000000000000844,-0.014521325968621218
1.201000000000000956,-0.014496145840188773
1.202000000000000846,-0.014470778776623765
1.203000000000000735,-0.014445223949855961
1.204000000000000847,-0.014419480558949264
1.205000000000000959,-0.014393547829837339
1.206000000000000849,-0.014367425015045180
1.207000000000000739,-0.014341111393434303
1.208000000000000851,-0.014314606269943669
1.209000000000000963,-0.014287908975316479
1.210000000000000853,-0.014261018865859749
1.211000000000000743,-0.014233935323165348
1.212000000000000854,-0.014206657753871194
1.213000000000000966,-0.014179185589386325
1.214000000000000856,-0.014151518285661763
1.215000000000000746,-0.014123655322915912
1.216000000000000858,-0.014095596205393074
1.217000000000000970,-0.014067340461113631
1.218000000000000860,-0.014038887641621450
1.219000000000000750,-0.014010237321738112
1.220000000000000862,-0.013981389099322819
1.221000000000000973,-0.013952342595017157
1.222000000000000863,-0.013923097452012834
1.223000000000000753,-0.013893653335801281
1.224000000000000865,-0.013864009933938565
1.225000000000000977,-0.013834166955805171
1.226000000000000867,-0.013804124132371231
1.227000000000000757,-0.013773881215952532
1.228000000000000869,-0.013743437979982797
1.229000000000000981,-0.013712794218784874
1.230000000000000870,-0.013681949747321755
1.231000000000000760,-0.013650904400983089
1.232000000000000872,-0.013619658035357635
1.233000000000000984,-0.013588210525981765
1.234000000000000874,-0.013556561768144538
1.235000000000000764,-0.013524711676640721
1.236000000000000876,-0.013492660185557276
1.237000000000000988,-0.013460407248048544
1.238000000000000878,-0.013427952836117918
1.239000000000000767,-0.013395296940392898
1.240000000000000879,-0.013362439569915929
1.241000000000000991,-0.013329380751922909
1.242000000000000881,-0.013296120531627542
1.243000000000000771,-0.013262658972008998
1.244000000000000883,-0.013228996153603900
1.245000000000000995,-0.013195132174289564
1.246000000000000885,-0.013161067149080597
1.247000000000000774,-0.013126801209911337
1.248000000000000886,-0.013092334505443609
1.249000000000000998,-0.013057667200847261
1.250000000000000888,-0.013022799477610652
1.251000000000000778,-0.012987731533323565
1.252000000000000890,-0.012952463581491904
1.253000000000001002,-0.012916995851323809
1.254000000000000892,-0.012881328587543367
1.255000000000000782,-0.012845462050186407
1.256000000000000894,-0.012809396514406083
1.257000000000001005,-0.012773132270284742
1.258000000000000895,-0.012736669622634283
1.259000000000000785,-0.012700008890810901
1.260000000000000897,-0.012663150408518929
1.261000000000001009,-0.012626094523631708
1.262000000000000899,-0.012588841597993384
1.263000000000000789,-0.012551392007244977
1.264000000000000901,-0.012513746140630392
1.265000000000001013,-0.012475904400816683
1.266000000000000902,-0.012437867203718513
1.267000000000000792,-0.012399634978306404
1.268000000000000904,-0.012361208166438761
1.269000000000001016,-0.012322587222678674
1.270000000000000906,-0.012283772614120315
1.271000000000000796,-0.012244764820212183
1.272000000000000908,-0.012205564332581333
1.273000000000001020,-0.012166171654871053
1.274000000000000909,-0.012126587302558505
1.275000000000000799,-0.012086811802788932
1.276000000000000911,-0.012046845694214235
1.277000000000001023,-0.012006689526817365
1.278000000000000913,-0.011966343861745440
1.279000000000000803,-0.011925809271158997
1.280000000000000915,-0.011885086338057356
1.281000000000001027,-0.011844175656113697
1.282000000000000917,-0.011803077829529180
1.283000000000000806,-0.011761793472858016
1.284000000000000918,-0.011720323210864239
1.285000000000001030,-0.011678667678352779
1.286000000000000920,-0.011636827520021827
1.287000000000000810,-0.011594803390304793
1.288000000000000922,-0.011552595953222219
1.289000000000001034,-0.011510205882226083
1.290000000000000924,-0.011467633860046112
1.291000000000000814,-0.011424880578555691
1.292000000000000925,-0.011381946738600626
1.293000000000001037,-0.011338833049878410
1.294000000000000927,-0.011295540230777544
1.295000000000000817,-0.011252069008226956
1.296000000000000929,-0.011208420117575219
1.297000000000001041,-0.011164594302428797
1.298000000000000931,-0.011120592314521626
1.299000000000000821,-0.011076414913573777
1.300000000000000933,-0.011032062867149247
1.301000000000001044,-0.010987536950527151
1.302000000000000934,-0.010942837946558277
1.303000000000000824,-0.010897966645540741
1.304000000000000936,-0.010852923845068351
1.305000000000001048,-0.010807710349921024
1.306000000000000938,-0.010762326971915218
1.307000000000000828,-0.010716774529786975
1.308000000000000940,-0.010671053849053435
1.309000000000001052,-0.010625165761893622
1.310000000000000941,-0.010579111107014132
1.311000000000000831,-0.010532890729533038
1.312000000000000943,-0.010486505480843572
1.313000000000001055,-0.010439956218505683
1.314000000000000945,-0.010393243806109417
1.315000000000000835,-0.010346369113164087
1.316000000000000947,-0.010299333014976954
1.317000000000001059,-0.010252136392532805
1.318000000000000949,-0.010204780132369638
1.319000000000000838,-0.010157265126481664
1.320000000000000950,-0.010109592272182492
1.321000000000001062,-0.010061762472001950
1.322000000000000952,-0.010013776633574906
1.323000000000000842,-0.009965635669517844
1.324000000000000954,-0.009917340497328838
1.325000000000001066,-0.009868892039272619
1.326000000000000956,-0.009820291222273866
1.327000000000000846,-0.009771538977805408
1.328000000000000957,-0.009722636241786226
1.329000000000001069,-0.009673583954467472
1.330000000000000959,-0.009624383060339510
1.331000000000000849,-0.009575034508020193
1.332000000000000961,-0.009525539250147451
1.333000000000001073,-0.009475898243284734
1.334000000000000963,-0.009426112447822724
1.335000000000000853,-0.009376182827872438
1.336000000000000965,-0.009326110351165835
1.337000000000001076,-0.009275895988966236
1.338000000000000966,-0.009225540715960778
1.339000000000000856,-0.009175045510171748
1.340000000000000968,-0.009124411352859744
1.341000000000001080,-0.009073639228426371
1.342000000000000970,-0.009022730124323693
1.343000000000000860,-0.008971685030966731
1.344000000000000972,-0.008920504941629059
1.345000000000001084,-0.008869190852367108
1.346000000000000973,-0.008817743761922068
1.347000000000000863,-0.008766164671633062
1.348000000000000975,-0.008714454585348898
1.349000000000001087,-0.008662614509339169
1.350000000000000977,-0.008610645452219668
1.351000000000000867,-0.008558548424855898
1.352000000000000979,-0.008506324440273898
1.353000000000001091,-0.008453974513596470
1.354000000000000981,-0.008401499661944829
1.355000000000000870,-0.008348900904360581
1.356000000000000982,-0.008296179261728600
1.357000000000001094,-0.008243335756696012
1.358000000000000984,-0.008190371413589682
1.359000000000000874,-0.008137287258344401
1.360000000000000986,-0.008084084318414330
1.361000000000001098,-0.008030763622717473
1.362000000000000988,-0.007977326201535547
1.363000000000000878,-0.007923773086455220
1.364000000000000989,-0.007870105310293623
1.365000000000001101,-0.007816323907011983
1.366000000000000991,-0.007762429911660314
1.367000000000000881,-0.007708424360296120
1.368000000000000993,-0.007654308289916645
1.369000000000001105,-0.007600082738386309
1.370000000000000995,-0.007545748744371401
1.371000000000000885,-0.007491307347269115
1.372000000000000997,-0.007436759587138330
1.373000000000001108,-0.007382106504639464
1.374000000000000998,-0.007327349140959415
1.375000000000000888,-0.007272488537752657
1.376000000000001000,-0.007217525737079555
1.377000000000001112,-0.007162461781326797
1.378000000000001002,-0.007107297713165562
1.379000000000000892,-0.007052034575473955
1.380000000000001004,-0.006996673411279662
1.381000000000001116,-0.006941215263704313
1.382000000000001005,-0.006885661175894606
1.383000000000000895,-0.006830012190966586
1.384000000000001007,-0.006774269351949988
1.385000000000001119,-0.006718433701723678
1.386000000000001009,-0.006662506282968420
1.387000000000000899,-0.006606488138091638
1.388000000000001011,-0.006550380309198226
1.389000000000001123,-0.006494183838010492
1.390000000000001013,-0.006437899765825018
1.391000000000000902,-0.006381529133459950
1.392000000000001014,-0.006325072981194019
1.393000000000001126,-0.006268532348723444
1.394000000000001016,-0.006211908275103215
1.395000000000000906,-0.006155201798697980
1.396000000000001018,-0.006098413957129479
1.397000000000001130,-0.006041545787228924
1.398000000000001020,-0.005984598324987850
1.399000000000000909,-0.005927572605505844
1.400000000000001021,-0.005870469662944808
1.401000000000001133,-0.005813290530483714
1.402000000000001023,-0.005756036240265989
1.403000000000000913,-0.005698707823354373
1.404000000000001025,-0.005641306309693462
1.405000000000001137,-0.005583832728050934
1.406000000000001027,-0.005526288105982546
1.407000000000000917,-0.005468673469790211
1.408000000000001029,-0.005410989844466832
1.409000000000001140,-0.005353238253663289
1.410000000000001030,-0.005295419719646517
1.411000000000000920,-0.005237535263250675
1.412000000000001032,-0.005179585903841166
1.413000000000001144,-0.005121572659276775
1.414000000000001034,-0.005063496545860543
1.415000000000000924,-0.005005358578306114
1.416000000000001036,-0.004947159769706519
1.417000000000001148,-0.004888901131481131
1.418000000000001037,-0.004830583673342771
1.419000000000000927,-0.004772208403265818
1.420000000000001039,-0.004713776327445966
1.421000000000001151,-0.004655288450264534
1.422000000000001041,-0.004596745774246117
1.423000000000000931,-0.004538149300036241
1.424000000000001043,-0.004479500026359408
1.425000000000001155,-0.004420798949979102
1.426000000000001044,-0.004362047065676602
1.427000000000000934,-0.004303245366208527
1.428000000000001046,-0.004244394842279134
1.429000000000001158,-0.004185496482501194
1.430000000000001048,-0.004126551273377661
1.431000000000000938,-0.004067560199251497
1.432000000000001050,-0.004008524242293033
1.433000000000001162,-0.003949444382461290
1.434000000000001052,-0.003890321597470314
1.435000000000000941,-0.003831156862770513
1.436000000000001053,-0.003771951151506568
1.437000000000001165,-0.003712705434501157
1.438000000000001055,-0.003653420680221262
1.439000000000000945,-0.003594097854749093
1.440000000000001057,-0.003534737921760116
1.441000000000001169,-0.003475341842489829
1.442000000000001059,-0.003415910575712890
1.443000000000000949,-0.003356445077716225
1.444000000000001060,-0.003296946302270989
1.445000000000001172,-0.003237415200609148
1.446000000000001062,-0.003177852721403775
1.447000000000000952,-0.003118259810735307
1.448000000000001064,-0.003058637412076291
1.449000000000001176,-0.002998986466263785
1.450000000000001066,-0.002939307911477701
1.451000000000000956,-0.002879602683218329
1.452000000000001068,-0.002819871714282713
1.453000000000001180,-0.002760115934748179
1.454000000000001069,-0.002700336271940480
1.455000000000000959,-0.002640533650426566
1.456000000000001071,-0.002580708991984226
1.457000000000001183,-0.002520863215584437
1.458000000000001073,-0.002460997237372815
1.459000000000000963,-0.002401111970649150
1.460000000000001075,-0.002341208325846846
1.461000000000001187,-0.002281287210519091
1.462000000000001076,-0.002221349529316129
1.463000000000000966,-0.002161396183966341
1.464000000000001078,-0.002101428073266532
1.465000000000001190,-0.002041446093051154
1.466000000000001080,-0.001981451136192210
1.467000000000000970,-0.001921444092566691
1.468000000000001082,-0.001861425849052573
1.469000000000001194,-0.001801397289502775
1.470000000000001084,-0.001741359294738042
1.471000000000000973,-0.001681312742528143
1.472000000000001085,-0.001621258507580317
1.473000000000001197,-0.001561197461513186
1.474000000000001087,-0.001501130472860466
1.475000000000000977,-0.001441058407041446
1.476000000000001089,-0.001380982126354506
1.477000000000001201,-0.001320902489966070
1.478000000000001091,-0.001260820353892282
1.479000000000000981,-0.001200736570985187
1.480000000000001092,-0.001140651990930271
1.481000000000001204,-0.001080567460221372
1.482000000000001094,-0.001020483822160203
1.483000000000000984,-0.000960401916840787
1.484000000000001096,-0.000900322581128774
1.485000000000001208,-0.000840246648669378
1.486000000000001098,-0.000780174949861761
1.487000000000000988,-0.000720108311853143
1.488000000000001100,-0.000660047558530336
1.489000000000001211,-0.000599993510508837
1.490000000000001101,-0.000539946985123806
1.491000000000000991,-0.000479908796419851
1.492000000000001103,-0.000419879755139297
1.493000000000001215,-0.000359860668724577
1.494000000000001105,-0.000299852341293161
1.495000000000000995,-0.000239855573642389
1.496000000000001107,-0.000179871163237161
1.497000000000001219,-0.000119899904203496
1.498000000000001108,-0.000059942587316452
1.499000000000000998,0.000000000000000000
