# ZnO1m210NBDry_CS-61707-AC
# h[nm],U(h)[kJ/mol]
0.149999999999999994,193.658527013242121484
0.150999999999999995,192.433921352618909850
0.151999999999999996,189.965234414342205582
0.152999999999999997,187.258208734989068489
0.153999999999999998,184.671849264452220041
0.154999999999999999,182.267008715782850459
0.156000000000000000,179.991948894544350424
0.157000000000000001,177.772947281073726344
0.158000000000000002,175.552051298595984008
0.159000000000000002,173.297335147026018376
0.160000000000000003,171.000393733919509032
0.161000000000000004,168.669214500784022448
0.162000000000000005,166.320584810982722956
0.163000000000000006,163.973874118501782959
0.164000000000000007,161.646751254715809409
0.165000000000000008,159.352750055834519571
0.166000000000000009,157.100319383239025228
0.167000000000000010,154.892921599386966136
0.168000000000000010,152.729775745825719468
0.169000000000000011,150.606918276352701014
0.170000000000000012,148.518341677102654330
0.171000000000000013,146.457052343323823607
0.172000000000000014,144.415956101965150538
0.173000000000000015,142.388530756170013092
0.174000000000000016,140.369280915856080583
0.175000000000000017,138.353993455099754328
0.176000000000000018,136.339824913069719514
0.177000000000000018,134.325257657066799766
0.178000000000000019,132.309961947821307149
0.179000000000000020,130.294598058496148951
0.180000000000000021,128.280587741987858408
0.181000000000000022,126.269878672084331583
0.182000000000000023,124.264719733732249551
0.183000000000000024,122.267459677191780543
0.184000000000000025,120.280376952778510713
0.185000000000000026,118.305544634563830186
0.186000000000000026,116.344731248970177262
0.187000000000000027,114.399336007444276220
0.188000000000000028,112.470355321315423680
0.189000000000000029,110.558376451280992114
0.190000000000000030,108.663593606924223423
0.191000000000000031,106.785841659163267536
0.192000000000000032,104.924642764915773796
0.193000000000000033,103.079261544468209877
0.194000000000000034,101.248764926955757915
0.195000000000000034,99.432083329880896372
0.196000000000000035,97.628070418899397964
0.197000000000000036,95.835559269449362318
0.198000000000000037,94.053413297062263609
0.199000000000000038,92.280570821370901058
0.200000000000000039,90.516082569530524893
0.201000000000000040,88.759141802866651005
0.202000000000000041,87.009107064960787170
0.203000000000000042,85.265517801966154821
0.204000000000000042,83.528103300677898346
0.205000000000000043,81.796785532098581939
0.206000000000000044,80.071676584044141123
0.207000000000000045,78.353071422163594661
0.208000000000000046,76.641436741012483935
0.209000000000000047,74.937396661679841259
0.210000000000000048,73.241716005646068766
0.211000000000000049,71.555281831231624778
0.212000000000000050,69.879083863770276253
0.213000000000000050,68.214194387495950878
0.214000000000000051,66.561748099426523595
0.215000000000000052,64.922922356070515093
0.216000000000000053,63.298918174823917582
0.217000000000000054,61.690942285247572840
0.218000000000000055,60.100190462356906096
0.219000000000000056,58.527832315592945633
0.220000000000000057,56.974997653911160000
0.221000000000000058,55.442764499817066337
0.222000000000000058,53.932148783327804153
0.223000000000000059,52.444095710745600059
0.224000000000000060,50.979472772609568665
0.225000000000000061,49.539064329988590885
0.226000000000000062,48.123567698036119111
0.227000000000000063,46.733590630051182302
0.228000000000000064,45.369650093749065434
0.229000000000000065,44.032172223589853388
0.230000000000000066,42.721493328406488388
0.231000000000000066,41.437861831770483434
0.232000000000000067,40.181441023125408663
0.233000000000000068,38.952312500305026788
0.234000000000000069,37.750480188275496118
0.235000000000000070,36.575874824461614310
0.236000000000000071,35.428358807538472774
0.237000000000000072,34.307731313818202068
0.238000000000000073,33.213733593104493025
0.239000000000000073,32.146054363919176922
0.240000000000000074,31.104335236142297560
0.241000000000000075,30.088176097212283366
0.242000000000000076,29.097140405971526178
0.243000000000000077,28.130760345920158727
0.244000000000000078,27.188541796977016674
0.245000000000000079,26.269969091778250458
0.246000000000000080,25.374509529029804611
0.247000000000000081,24.501617622435592381
0.248000000000000081,23.650739069235044099
0.249000000000000082,22.821314427392238144
0.250000000000000111,22.012782494985387416
0.251000000000000112,21.224583389360880403
0.252000000000000113,20.456161327152674545
0.253000000000000114,19.706967109349314171
0.254000000000000115,18.976460318234625646
0.255000000000000115,18.264111235266263122
0.256000000000000116,17.569402490811530271
0.257000000000000117,16.891830458163799022
0.258000000000000118,16.230906405444567753
0.259000000000000119,15.586157419883349462
0.260000000000000120,14.957127119589921804
0.261000000000000121,14.343376168320517650
0.262000000000000122,13.744482608914911026
0.263000000000000123,13.160042031074514313
0.264000000000000123,12.589667588983310509
0.265000000000000124,12.032989883969881006
0.266000000000000125,11.489656726987814039
0.267000000000000126,10.959332795176438324
0.268000000000000127,10.441699196167711250
0.269000000000000128,9.936452953150133993
0.270000000000000129,9.443306422995730642
0.271000000000000130,8.961986659018595702
0.272000000000000131,8.492234729174121810
0.273000000000000131,8.033804999736016583
0.274000000000000132,7.586464393714429377
0.275000000000000133,7.149991632509534512
0.276000000000000134,6.724176468538033191
0.277000000000000135,6.308818915831861496
0.278000000000000136,5.903728484891393791
0.279000000000000137,5.508723427386047256
0.280000000000000138,5.123629995635658574
0.281000000000000139,4.748281721177296966
0.282000000000000139,4.382518716129022884
0.283000000000000140,4.026187000502616797
0.284000000000000141,3.679137858094708058
0.285000000000000142,3.341227223098608867
0.286000000000000143,3.012315099128286988
0.287000000000000144,2.692265011931103125
0.288000000000000145,2.380943496684785554
0.289000000000000146,2.078219620429169634
0.290000000000000147,1.783964539868539090
0.291000000000000147,1.498051094499972979
0.292000000000000148,1.220353434770664158
0.293000000000000149,0.950746684745624959
0.294000000000000150,0.689106638571144181
0.295000000000000151,0.435309489850226605
0.296000000000000152,0.189231592900576617
0.297000000000000153,-0.049250745257138726
0.298000000000000154,-0.280261443435260493
0.299000000000000155,-0.503924796676439968
0.300000000000000155,-0.720365599914538968
0.301000000000000156,-0.929709246349607499
0.302000000000000157,-1.132081802021933870
0.303000000000000158,-1.327610058089679912
0.304000000000000159,-1.516421562323548411
0.305000000000000160,-1.698644631328600552
0.306000000000000161,-1.874408344991452591
0.307000000000000162,-2.043842524629984503
0.308000000000000163,-2.207077696294192926
0.309000000000000163,-2.364245040632018124
0.310000000000000164,-2.515476330693578344
0.311000000000000165,-2.660903859001791716
0.312000000000000166,-2.800660355168605786
0.313000000000000167,-2.934878895283456579
0.314000000000000168,-3.063692804245900181
0.315000000000000169,-3.187235552157626106
0.316000000000000170,-3.305640645831124935
0.317000000000000171,-3.419041516413100279
0.318000000000000171,-3.527571404061620175
0.319000000000000172,-3.631363240556779282
0.320000000000000173,-3.730549530665562941
0.321000000000000174,-3.825262233023427605
0.322000000000000175,-3.915632641238024458
0.323000000000000176,-4.001791265864282465
0.324000000000000177,-4.083867717845608425
0.325000000000000178,-4.161990593962758389
0.326000000000000179,-4.236287364781029297
0.327000000000000179,-4.306884265536681689
0.328000000000000180,-4.373906190356168011
0.329000000000000181,-4.437476590156686385
0.330000000000000182,-4.497717374532670398
0.331000000000000183,-4.554748817892421364
0.332000000000000184,-4.608689470069418093
0.333000000000000185,-4.659656071596426585
0.334000000000000186,-4.707763473795736786
0.335000000000000187,-4.753124563806130354
0.336000000000000187,-4.795850194637133690
0.337000000000000188,-4.836049120312063465
0.338000000000000189,-4.873827936135738170
0.339000000000000190,-4.909291024097863776
0.340000000000000191,-4.942540503400561391
0.341000000000000192,-4.973676186078231254
0.342000000000000193,-5.002795537658660585
0.343000000000000194,-5.029993642797575326
0.344000000000000195,-5.055363175802633613
0.345000000000000195,-5.078994375949892337
0.346000000000000196,-5.100975027482308022
0.347000000000000197,-5.121390444169573897
0.348000000000000198,-5.140323458298542647
0.349000000000000199,-5.157854413955123007
0.350000000000000200,-5.174061164451508432
0.351000000000000201,-5.189019073746337085
0.352000000000000202,-5.202801021700421913
0.353000000000000203,-5.215477413006814444
0.354000000000000203,-5.227116189630746312
0.355000000000000204,-5.237782846592699215
0.356000000000000205,-5.247540450926603484
0.357000000000000206,-5.256449663644516157
0.358000000000000207,-5.264568764538712031
0.359000000000000208,-5.271953679653236691
0.360000000000000209,-5.278658011257926219
0.361000000000000210,-5.284733070159417956
0.362000000000000210,-5.290227910186230176
0.363000000000000211,-5.295189364687185041
0.364000000000000212,-5.299662084885733648
0.365000000000000213,-5.303688579935774250
0.366000000000000214,-5.307309258528351670
0.367000000000000215,-5.310562471902302129
0.368000000000000216,-5.313484558116223333
0.369000000000000217,-5.316109887443126070
0.370000000000000218,-5.318470908753798021
0.371000000000000218,-5.320598196759277698
0.372000000000000219,-5.322520499987673404
0.373000000000000220,-5.324264789375209084
0.374000000000000221,-5.325856307356210628
0.375000000000000222,-5.327318617341404661
0.376000000000000223,-5.328673653479255812
0.377000000000000224,-5.329941770599252671
0.378000000000000225,-5.331141794241419873
0.379000000000000226,-5.332291070680831524
0.380000000000000226,-5.333405516860890927
0.381000000000000227,-5.334499670153522111
0.382000000000000228,-5.335586737869415508
0.383000000000000229,-5.336678646445753849
0.384000000000000230,-5.337786090243314518
0.385000000000000231,-5.338918579889496918
0.386000000000000232,-5.340084490107615878
0.387000000000000233,-5.341291106977410053
0.388000000000000234,-5.342544674575409047
0.389000000000000234,-5.343850440948054725
0.390000000000000235,-5.345212703373848129
0.391000000000000236,-5.346634852874986521
0.392000000000000237,-5.348119417942032605
0.393000000000000238,-5.349668107438941611
0.394000000000000239,-5.351281852658814842
0.395000000000000240,-5.352960848504134006
0.396000000000000241,-5.354704593768114584
0.397000000000000242,-5.356511930496773211
0.398000000000000242,-5.358381082414199525
0.399000000000000243,-5.360309692395976100
0.400000000000000244,-5.362294858978414069
0.401000000000000245,-5.364333171893692409
0.402000000000000246,-5.366420746623002280
0.403000000000000247,-5.368553257962426883
0.404000000000000248,-5.370725972597908182
0.405000000000000249,-5.372933780687941585
0.406000000000000250,-5.375171226454173556
0.407000000000000250,-5.377432537782101285
0.408000000000000251,-5.379711654835412915
0.409000000000000252,-5.382002257689274316
0.410000000000000253,-5.384297792989082510
0.411000000000000254,-5.386591499642660708
0.412000000000000255,-5.388876433555010337
0.413000000000000256,-5.391145491416031277
0.414000000000000257,-5.393391433552369385
0.415000000000000258,-5.395606905855952817
0.416000000000000258,-5.397784460802181883
0.417000000000000259,-5.399916577572004606
0.418000000000000260,-5.401995681292483198
0.419000000000000261,-5.404014161411401673
0.420000000000000262,-5.405964389221805000
0.421000000000000263,-5.407838734553226168
0.422000000000000264,-5.409629581646390406
0.423000000000000265,-5.411329344229007354
0.424000000000000266,-5.412930479810505346
0.425000000000000266,-5.414425503213593061
0.426000000000000267,-5.415806999361246099
0.427000000000000268,-5.417067635337568632
0.428000000000000269,-5.418200171741238691
0.429000000000000270,-5.419197473350519267
0.430000000000000271,-5.420052519118579326
0.431000000000000272,-5.420758411518260544
0.432000000000000273,-5.421308385255140472
0.433000000000000274,-5.421695815367916005
0.434000000000000274,-5.421914224734942778
0.435000000000000275,-5.421957291005751856
0.436000000000000276,-5.421818852976195480
0.437000000000000277,-5.421492916425806996
0.438000000000000278,-5.420973659435674996
0.439000000000000279,-5.420255437205105054
0.440000000000000280,-5.419332786384980061
0.441000000000000281,-5.418200428945574743
0.442000000000000282,-5.416853275596449357
0.443000000000000282,-5.415286428775476502
0.444000000000000283,-5.413495185224223682
0.445000000000000284,-5.411475038166214446
0.446000000000000285,-5.409221679104520675
0.447000000000000286,-5.406730999254927283
0.448000000000000287,-5.403999090630231983
0.449000000000000288,-5.401022246791384873
0.450000000000000289,-5.397796963280434568
0.451000000000000290,-5.394319937750192473
0.452000000000000290,-5.390588069805122728
0.453000000000000291,-5.386598460567457280
0.454000000000000292,-5.382348411982500025
0.455000000000000293,-5.377835425876424047
0.456000000000000294,-5.373057202779739860
0.457000000000000295,-5.368011640529200434
0.458000000000000296,-5.362696832660427404
0.459000000000000297,-5.357111066603478911
0.460000000000000298,-5.351252821692923156
0.461000000000000298,-5.345120767003864515
0.462000000000000299,-5.338713759024902750
0.463000000000000300,-5.332030839178693249
0.464000000000000301,-5.325071231200493749
0.465000000000000302,-5.317834338384638038
0.466000000000000303,-5.310319740708662195
0.467000000000000304,-5.302527191844402132
0.468000000000000305,-5.294456616065076560
0.469000000000000306,-5.286108105057076401
0.470000000000000306,-5.277481914644901018
0.471000000000000307,-5.268578461437154914
0.472000000000000308,-5.259398319401620725
0.473000000000000309,-5.249942216376708437
0.474000000000000310,-5.240211030526529257
0.475000000000000311,-5.230205786746511265
0.476000000000000312,-5.219927653026180003
0.477000000000000313,-5.209377936775428708
0.478000000000000314,-5.198558081120328467
0.479000000000000314,-5.187469661174413105
0.480000000000000315,-5.176114380290828265
0.481000000000000316,-5.164494066300813202
0.482000000000000317,-5.152610667743462436
0.483000000000000318,-5.140466250091669131
0.484000000000000319,-5.128062991978780794
0.485000000000000320,-5.115403181430403734
0.486000000000000321,-5.102489212105451699
0.487000000000000322,-5.089323579550424803
0.488000000000000322,-5.075908877470522995
0.489000000000000323,-5.062247794021331515
0.490000000000000324,-5.048343108124217160
0.491000000000000325,-5.034197685808675438
0.492000000000000326,-5.019814476584516960
0.493000000000000327,-5.005196509846786768
0.494000000000000328,-4.990346891315885713
0.495000000000000329,-4.975268799515466078
0.496000000000000330,-4.959965482290230376
0.497000000000000330,-4.944440253365995019
0.498000000000000331,-4.928696488953649535
0.499000000000000332,-4.912737624399211356
0.500000000000000333,-4.896567150881431019
0.501000000000000334,-4.880188612158524286
0.502000000000000335,-4.863605601365575737
0.503000000000000336,-4.846821757863793323
0.504000000000000337,-4.829840764142876886
0.505000000000000338,-4.812666342777517592
0.506000000000000338,-4.795302253439024831
0.507000000000000339,-4.777752289962899468
0.508000000000000340,-4.760020277473094197
0.509000000000000341,-4.742110069563731045
0.510000000000000342,-4.724025545538622417
0.511000000000000343,-4.705770607709281350
0.512000000000000344,-4.687349178751647472
0.513000000000000345,-4.668765199121912346
0.514000000000000346,-4.650022624531720439
0.515000000000000346,-4.631125423482727932
0.516000000000000347,-4.612077574860755647
0.517000000000000348,-4.592883065589552061
0.518000000000000349,-4.573545888343971910
0.519000000000000350,-4.554070039322651198
0.520000000000000351,-4.534459516079826003
0.521000000000000352,-4.514718315416288874
0.522000000000000353,-4.494850431328980989
0.523000000000000353,-4.474859853019051315
0.524000000000000354,-4.454750562958027515
0.525000000000000355,-4.434526535011550585
0.526000000000000356,-4.414191732620376563
0.527000000000000357,-4.393750107038091990
0.528000000000000358,-4.373205595624978237
0.529000000000000359,-4.352562120197595696
0.530000000000000360,-4.331823585433332013
0.531000000000000361,-4.310993877329455159
0.532000000000000361,-4.290076861715933276
0.533000000000000362,-4.269076382821384463
0.534000000000000363,-4.247996261891475278
0.535000000000000364,-4.226840295859036090
0.536000000000000365,-4.205612256065180077
0.537000000000000366,-4.184315887030685133
0.538000000000000367,-4.162954905276802897
0.539000000000000368,-4.141532998194887405
0.540000000000000369,-4.120053822963800627
0.541000000000000369,-4.098521005514582427
0.542000000000000370,-4.076938139541281814
0.543000000000000371,-4.055308785557373952
0.544000000000000372,-4.033636469996770835
0.545000000000000373,-4.011924684358691096
0.546000000000000374,-3.990176884395467916
0.547000000000000375,-3.968396489342508993
0.548000000000000376,-3.946586881189558138
0.549000000000000377,-3.924751403992376986
0.550000000000000377,-3.902893363224022583
0.551000000000000378,-3.881016025164832683
0.552000000000000379,-3.859122616330370903
0.553000000000000380,-3.837216322936340074
0.554000000000000381,-3.815300290399694205
0.555000000000000382,-3.793377622875189648
0.556000000000000383,-3.771451382826312315
0.557000000000000384,-3.749524590630010756
0.558000000000000385,-3.727600224214179914
0.559000000000000385,-3.705681218727234771
0.560000000000000386,-3.683770466238848851
0.561000000000000387,-3.661870815471115925
0.562000000000000388,-3.639985071559246332
0.563000000000000389,-3.618115995841146848
0.564000000000000390,-3.596266305674897801
0.565000000000000391,-3.574438674283521244
0.566000000000000392,-3.552635730626157340
0.567000000000000393,-3.530860059294966824
0.568000000000000393,-3.509114200436897590
0.569000000000000394,-3.487400649699689215
0.570000000000000395,-3.465721858201317396
0.571000000000000396,-3.444080232522107821
0.572000000000000397,-3.422478134718950571
0.573000000000000398,-3.400917882360714906
0.574000000000000399,-3.379401748584367482
0.575000000000000400,-3.357931962170924489
0.576000000000000401,-3.336510707640703011
0.577000000000000401,-3.315140125367193491
0.578000000000000402,-3.293822311708790807
0.579000000000000403,-3.272559319157864799
0.580000000000000404,-3.251353156506541442
0.581000000000000405,-3.230205789028446794
0.582000000000000406,-3.209119138675995853
0.583000000000000407,-3.188095084292436709
0.584000000000000408,-3.167135461838253008
0.585000000000000409,-3.146242064631207924
0.586000000000000409,-3.125416643599521649
0.587000000000000410,-3.104660907547698301
0.588000000000000411,-3.083976523434304617
0.589000000000000412,-3.063365116661380227
0.590000000000000413,-3.042828271374763638
0.591000000000000414,-3.022367530774960009
0.592000000000000415,-3.001984397438055119
0.593000000000000416,-2.981680333646078651
0.594000000000000417,-2.961456761726460662
0.595000000000000417,-2.941315064400164658
0.596000000000000418,-2.921256585137781414
0.597000000000000419,-2.901282628523556451
0.598000000000000420,-2.881394460626498955
0.599000000000000421,-2.861593309378494876
0.600000000000000422,-2.841880364958798033
0.601000000000000423,-2.822256780184609237
0.602000000000000424,-2.802723670907317999
0.603000000000000425,-2.783282116414063090
0.604000000000000425,-2.763933159834179865
0.605000000000000426,-2.744677808550239018
0.606000000000000427,-2.725517034613376133
0.607000000000000428,-2.706451775162327600
0.608000000000000429,-2.687482932846282591
0.609000000000000430,-2.668611376250707767
0.610000000000000431,-2.649837940326320140
0.611000000000000432,-2.631163426820563700
0.612000000000000433,-2.612588604711428619
0.613000000000000433,-2.594114210643395424
0.614000000000000434,-2.575740949365107113
0.615000000000000435,-2.557469494168530311
0.616000000000000436,-2.539300487329394507
0.617000000000000437,-2.521234540548687342
0.618000000000000438,-2.503272235394835121
0.619000000000000439,-2.485414123746414905
0.620000000000000440,-2.467660728235225864
0.621000000000000441,-2.450012542689390393
0.622000000000000441,-2.432470032576373509
0.623000000000000442,-2.415033635445593685
0.624000000000000443,-2.397703761370569620
0.625000000000000444,-2.380480793390357341
0.626000000000000445,-2.363365087949990340
0.627000000000000446,-2.346356975339958240
0.628000000000000447,-2.329456760134350990
0.629000000000000448,-2.312664721627623710
0.630000000000000449,-2.295981114269780576
0.631000000000000449,-2.279406168099838315
0.632000000000000450,-2.262940089177422287
0.633000000000000451,-2.246583060012377508
0.634000000000000452,-2.230335239992185858
0.635000000000000453,-2.214196765807184608
0.636000000000000454,-2.198167751873323361
0.637000000000000455,-2.182248290752489606
0.638000000000000456,-2.166438453570137312
0.639000000000000457,-2.150738290430245225
0.640000000000000457,-2.135147830827448523
0.641000000000000458,-2.119667084056175099
0.642000000000000459,-2.104296039616886382
0.643000000000000460,-2.089034667619078967
0.644000000000000461,-2.073882919181211815
0.645000000000000462,-2.058840726827308565
0.646000000000000463,-2.043908004880209628
0.647000000000000464,-2.029084649851456756
0.648000000000000465,-2.014370540827683076
0.649000000000000465,-1.999765539853430640
0.650000000000000466,-1.985269492310442585
0.651000000000000467,-1.970882227293215605
0.652000000000000468,-1.956603557980927777
0.653000000000000469,-1.942433282005533668
0.654000000000000470,-1.928371181816158408
0.655000000000000471,-1.914417025039573117
0.656000000000000472,-1.900570564836844722
0.657000000000000473,-1.886831540256028061
0.658000000000000473,-1.873199676580987516
0.659000000000000474,-1.859674685676175887
0.660000000000000475,-1.846256266327482631
0.661000000000000476,-1.832944104578988931
0.662000000000000477,-1.819737874065768368
0.663000000000000478,-1.806637236342542252
0.664000000000000479,-1.793641841208372112
0.665000000000000480,-1.780751327027117359
0.666000000000000481,-1.767965321043969196
0.667000000000000481,-1.755283439697703729
0.668000000000000482,-1.742705288928997120
0.669000000000000483,-1.730230464484479924
0.670000000000000484,-1.717858552216760870
0.671000000000000485,-1.705589128380309516
0.672000000000000486,-1.693421759923198877
0.673000000000000487,-1.681356004774802626
0.674000000000000488,-1.669391412129304086
0.675000000000000488,-1.657527522725140035
0.676000000000000489,-1.645763869120410616
0.677000000000000490,-1.634099975964090401
0.678000000000000491,-1.622535360263283710
0.679000000000000492,-1.611069531646362352
0.680000000000000493,-1.599701992622064584
0.681000000000000494,-1.588432238834610599
0.682000000000000495,-1.577259759314747045
0.683000000000000496,-1.566184036726868900
0.684000000000000496,-1.555204547612120569
0.685000000000000497,-1.544320762627568122
0.686000000000000498,-1.533532146781455108
0.687000000000000499,-1.522838159664533730
0.688000000000000500,-1.512238255677510024
0.689000000000000501,-1.501731884254663196
0.690000000000000502,-1.491318490083619164
0.691000000000000503,-1.480997513321308023
0.692000000000000504,-1.470768389806143661
0.693000000000000504,-1.460630551266507648
0.694000000000000505,-1.450583425525408421
0.695000000000000506,-1.440626436701571977
0.696000000000000507,-1.430759005406776252
0.697000000000000508,-1.420980548939593913
0.698000000000000509,-1.411290481475548475
0.699000000000000510,-1.401688214253668630
0.700000000000000511,-1.392173155759537595
0.701000000000000512,-1.382744711904827506
0.702000000000000512,-1.373402286203357914
0.703000000000000513,-1.364145279943731914
0.704000000000000514,-1.354973092358565445
0.705000000000000515,-1.345885120790337508
0.706000000000000516,-1.336880760853927708
0.707000000000000517,-1.327959406595851544
0.708000000000000518,-1.319120450650182574
0.709000000000000519,-1.310363284391358851
0.710000000000000520,-1.301687298083663569
0.711000000000000520,-1.293091881027650825
0.712000000000000521,-1.284576421703403026
0.713000000000000522,-1.276140307910693661
0.714000000000000523,-1.267782926906162677
0.715000000000000524,-1.259503665537387462
0.716000000000000525,-1.251301910374068793
0.717000000000000526,-1.243177047836227178
0.718000000000000527,-1.235128464319486197
0.719000000000000528,-1.227155546317519219
0.720000000000000528,-1.219257680541682820
0.721000000000000529,-1.211434254037772940
0.722000000000000530,-1.203684654300138490
0.723000000000000531,-1.196008269382967004
0.724000000000000532,-1.188404488008965920
0.725000000000000533,-1.180872699675367343
0.726000000000000534,-1.173412294757287588
0.727000000000000535,-1.166022664608575621
0.728000000000000536,-1.158703201660062909
0.729000000000000536,-1.151453299515343698
0.730000000000000537,-1.144272353044092139
0.731000000000000538,-1.137159758472903404
0.732000000000000539,-1.130114913473794225
0.733000000000000540,-1.123137217250302022
0.734000000000000541,-1.116226070621283650
0.735000000000000542,-1.109380876102374458
0.736000000000000543,-1.102601037985279531
0.737000000000000544,-1.095885962414731907
0.738000000000000544,-1.089235057463375789
0.739000000000000545,-1.082647733204389118
0.740000000000000546,-1.076123401782075106
0.741000000000000547,-1.069661477480285061
0.742000000000000548,-1.063261376788908752
0.743000000000000549,-1.056922518468188965
0.744000000000000550,-1.050644323611165554
0.745000000000000551,-1.044426215704131744
0.746000000000000552,-1.038267620685163539
0.747000000000000552,-1.032167967000762854
0.748000000000000553,-1.026126685660641469
0.749000000000000554,-1.020143210290675118
0.750000000000000555,-1.014216977184084545
0.751000000000000556,-1.008347425350813342
0.752000000000000557,-1.002533996565241781
0.753000000000000558,-0.996776135412081876
0.754000000000000559,-0.991073289330743790
0.755000000000000560,-0.985424908657938525
0.756000000000000560,-0.979830446668762511
0.757000000000000561,-0.974289359616108852
0.758000000000000562,-0.968801106768586884
0.759000000000000563,-0.963365150446908070
0.760000000000000564,-0.957980956058758659
0.761000000000000565,-0.952647992132205856
0.762000000000000566,-0.947365730347674018
0.763000000000000567,-0.942133645568490663
0.764000000000000568,-0.936951215870047149
0.765000000000000568,-0.931817922567638846
0.766000000000000569,-0.926733250242895878
0.767000000000000570,-0.921696686768994078
0.768000000000000571,-0.916707723334490687
0.769000000000000572,-0.911765854465998560
0.770000000000000573,-0.906870578049557396
0.771000000000000574,-0.902021395350844912
0.772000000000000575,-0.897217811034175527
0.773000000000000576,-0.892459333180364967
0.774000000000000576,-0.887745473303439447
0.775000000000000577,-0.883075746366278280
0.776000000000000578,-0.878449670795103166
0.777000000000000579,-0.873866768492987944
0.778000000000000580,-0.869326564852247907
0.779000000000000581,-0.864828588765872097
0.780000000000000582,-0.860372372637923322
0.781000000000000583,-0.855957452392996365
0.782000000000000584,-0.851583367484696319
0.783000000000000584,-0.847249660903194091
0.784000000000000585,-0.842955879181896295
0.785000000000000586,-0.838701572403180107
0.786000000000000587,-0.834486294203311774
0.787000000000000588,-0.830309601776483830
0.788000000000000589,-0.826171055878011984
0.789000000000000590,-0.822070220826781495
0.790000000000000591,-0.818006664506834680
0.791000000000000592,-0.813979958368228673
0.792000000000000592,-0.809989677427136789
0.793000000000000593,-0.806035400265195490
0.794000000000000594,-0.802116709028161567
0.795000000000000595,-0.798233189423869893
0.796000000000000596,-0.794384430719467849
0.797000000000000597,-0.790570025738049131
0.798000000000000598,-0.786789570854605436
0.799000000000000599,-0.783042665991339426
0.800000000000000600,-0.779328914612406165
0.801000000000000600,-0.775647923718004062
0.802000000000000601,-0.771999303837929474
0.803000000000000602,-0.768382669024532783
0.804000000000000603,-0.764797636845156226
0.805000000000000604,-0.761243828374025155
0.806000000000000605,-0.757720868183570095
0.807000000000000606,-0.754228384335344226
0.808000000000000607,-0.750766008370357341
0.809000000000000608,-0.747333375298965152
0.810000000000000608,-0.743930123590342385
0.811000000000000609,-0.740555895161388866
0.812000000000000610,-0.737210335365350966
0.813000000000000611,-0.733893092979881478
0.814000000000000612,-0.730603820194772324
0.815000000000000613,-0.727342172599289127
0.816000000000000614,-0.724107809169060812
0.817000000000000615,-0.720900392252653899
0.818000000000000616,-0.717719587557775984
0.819000000000000616,-0.714565064137109518
0.820000000000000617,-0.711436494373812400
0.821000000000000618,-0.708333553966719043
0.822000000000000619,-0.705255921915210471
0.823000000000000620,-0.702203280503764349
0.824000000000000621,-0.699175315286225008
0.825000000000000622,-0.696171715069809127
0.826000000000000623,-0.693192171898817433
0.827000000000000624,-0.690236381038080937
0.828000000000000624,-0.687304040956182360
0.829000000000000625,-0.684394853308391449
0.830000000000000626,-0.681508522919418547
0.831000000000000627,-0.678644757765904161
0.832000000000000628,-0.675803268958726999
0.833000000000000629,-0.672983770725072428
0.834000000000000630,-0.670185980390328950
0.835000000000000631,-0.667409618359796064
0.836000000000000631,-0.664654408100198268
0.837000000000000632,-0.661920076121053969
0.838000000000000633,-0.659206351955842096
0.839000000000000634,-0.656512968143049713
0.840000000000000635,-0.653839660207075513
0.841000000000000636,-0.651186166638938135
0.842000000000000637,-0.648552228876942971
0.843000000000000638,-0.645937591287135571
0.844000000000000639,-0.643342001143695219
0.845000000000000639,-0.640765208609198833
0.846000000000000640,-0.638206966714763513
0.847000000000000641,-0.635667031340150457
0.848000000000000642,-0.633145161193695571
0.849000000000000643,-0.630641117792213435
0.850000000000000644,-0.628154665440840199
0.851000000000000645,-0.625685571212719727
0.852000000000000646,-0.623233604928724816
0.853000000000000647,-0.620798539137050520
0.854000000000000647,-0.618380149092774167
0.855000000000000648,-0.615978212737374520
0.856000000000000649,-0.613592510678204084
0.857000000000000650,-0.611222826167921229
0.858000000000000651,-0.608868945083875790
0.859000000000000652,-0.606530655907489114
0.860000000000000653,-0.604207749703621011
0.861000000000000654,-0.601900020099864097
0.862000000000000655,-0.599607263265902524
0.863000000000000655,-0.597329277892787558
0.864000000000000656,-0.595065865172273778
0.865000000000000657,-0.592816828776093763
0.866000000000000658,-0.590581974835293289
0.867000000000000659,-0.588361111919555868
0.868000000000000660,-0.586154051016509636
0.869000000000000661,-0.583960605511090414
0.870000000000000662,-0.581780591164909433
0.871000000000000663,-0.579613826095668250
0.872000000000000663,-0.577460130756540013
0.873000000000000664,-0.575319327915657541
0.874000000000000665,-0.573191242635580300
0.875000000000000666,-0.571075702252840656
0.876000000000000667,-0.568972536357490455
0.877000000000000668,-0.566881576772723661
0.878000000000000669,-0.564802657534547170
0.879000000000000670,-0.562735614871465062
0.880000000000000671,-0.560680287184273984
0.881000000000000671,-0.558636515025846436
0.882000000000000672,-0.556604141081050829
0.883000000000000673,-0.554583010146658340
0.884000000000000674,-0.552572969111374990
0.885000000000000675,-0.550573866935888723
0.886000000000000676,-0.548585554633030825
0.887000000000000677,-0.546607885247979097
0.888000000000000678,-0.544640713838534962
0.889000000000000679,-0.542683897455505382
0.890000000000000679,-0.540737295123124961
0.891000000000000680,-0.538800767819586857
0.892000000000000681,-0.536874178457640516
0.893000000000000682,-0.534957391865275467
0.894000000000000683,-0.533050274766488030
0.895000000000000684,-0.531152695762153959
0.896000000000000685,-0.529264525310964351
0.897000000000000686,-0.527385635710462930
0.898000000000000687,-0.525515901078194458
0.899000000000000687,-0.523655197332904554
0.900000000000000688,-0.521803402175877618
0.901000000000000689,-0.519960395072345816
0.902000000000000690,-0.518126057233011639
0.903000000000000691,-0.516300271595656723
0.904000000000000692,-0.514482922806856924
0.905000000000000693,-0.512673897203797524
0.906000000000000694,-0.510873082796212241
0.907000000000000695,-0.509080369248372078
0.908000000000000695,-0.507295647861253807
0.909000000000000696,-0.505518811554741765
0.910000000000000697,-0.503749754849997400
0.911000000000000698,-0.501988373851894876
0.912000000000000699,-0.500234566231580247
0.913000000000000700,-0.498488231209159582
0.914000000000000701,-0.496749269536442828
0.915000000000000702,-0.495017583479875622
0.916000000000000703,-0.493293076803510644
0.917000000000000703,-0.491575654752140490
0.918000000000000704,-0.489865224034518321
0.919000000000000705,-0.488161692806700465
0.920000000000000706,-0.486464970655507478
0.921000000000000707,-0.484774968582086185
0.922000000000000708,-0.483091598985596782
0.923000000000000709,-0.481414775647034165
0.924000000000000710,-0.479744413713110329
0.925000000000000711,-0.478080429680315777
0.926000000000000711,-0.476422741379058212
0.927000000000000712,-0.474771267957931287
0.928000000000000713,-0.473125929868093320
0.929000000000000714,-0.471486648847789014
0.930000000000000715,-0.469853347906940111
0.931000000000000716,-0.468225951311897037
0.932000000000000717,-0.466604384570298625
0.933000000000000718,-0.464988574416028366
0.934000000000000719,-0.463378448794320719
0.935000000000000719,-0.461773936846966049
0.936000000000000720,-0.460174968897624992
0.937000000000000721,-0.458581476437286639
0.938000000000000722,-0.456993392109833529
0.939000000000000723,-0.455410649697707393
0.940000000000000724,-0.453833184107721332
0.941000000000000725,-0.452260931356967433
0.942000000000000726,-0.450693828558867360
0.943000000000000727,-0.449131813909297850
0.944000000000000727,-0.447574826672886228
0.945000000000000728,-0.446022807169390689
0.946000000000000729,-0.444475696760187056
0.947000000000000730,-0.442933437834920896
0.948000000000000731,-0.441395973798210939
0.949000000000000732,-0.439863249056534955
0.950000000000000733,-0.438335209005169868
0.951000000000000734,-0.436811800015316387
0.952000000000000735,-0.435292969421266829
0.953000000000000735,-0.433778665507729144
0.954000000000000736,-0.432268837497275182
0.955000000000000737,-0.430763435537870443
0.956000000000000738,-0.429262410690546159
0.957000000000000739,-0.427765714917167528
0.958000000000000740,-0.426273301068329669
0.959000000000000741,-0.424785122871345344
0.960000000000000742,-0.423301134918381727
0.961000000000000743,-0.421821292654669999
0.962000000000000743,-0.420345552366842568
0.963000000000000744,-0.418873871171390633
0.964000000000000745,-0.417406207003233554
0.965000000000000746,-0.415942518604368261
0.966000000000000747,-0.414482765512672047
0.967000000000000748,-0.413026908050770580
0.968000000000000749,-0.411574907315070404
0.969000000000000750,-0.410126725164830119
0.970000000000000751,-0.408682324211414372
0.971000000000000751,-0.407241667807585306
0.972000000000000752,-0.405804720036940125
0.973000000000000753,-0.404371445703477383
0.974000000000000754,-0.402941810321200022
0.975000000000000755,-0.401515780103887221
0.976000000000000756,-0.400093321954945069
0.977000000000000757,-0.398674403457356163
0.978000000000000758,-0.397258992863739557
0.979000000000000759,-0.395847059086535336
0.980000000000000759,-0.394438571688240980
0.981000000000000760,-0.393033500871796226
0.982000000000000761,-0.391631817471059684
0.983000000000000762,-0.390233492941359672
0.984000000000000763,-0.388838499350170730
0.985000000000000764,-0.387446809367897216
0.986000000000000765,-0.386058396258720404
0.987000000000000766,-0.384673233871574094
0.988000000000000766,-0.383291296631206369
0.989000000000000767,-0.381912559529346218
0.990000000000000768,-0.380536998115960257
0.991000000000000769,-0.379164588490589427
0.992000000000000770,-0.377795307293807725
0.993000000000000771,-0.376429131698778563
0.994000000000000772,-0.375066039402854767
0.995000000000000773,-0.373706008619346886
0.996000000000000774,-0.372349018069311921
0.997000000000000774,-0.370995046973483455
0.998000000000000775,-0.369644075044272491
0.999000000000000776,-0.368296082477856612
1.000000000000000666,-0.366951049946368069
1.001000000000000778,-0.365608958590168343
1.002000000000000668,-0.364269790010205985
1.003000000000000780,-0.362933526260466377
1.004000000000000670,-0.361600149840506535
1.005000000000000782,-0.360269643688087227
1.006000000000000671,-0.358941991171875863
1.007000000000000783,-0.357617176084233157
1.008000000000000673,-0.356295182634104146
1.009000000000000785,-0.354975995439974379
1.010000000000000675,-0.353659599522916923
1.011000000000000787,-0.352345980299713479
1.012000000000000677,-0.351035123576079910
1.013000000000000789,-0.349727015539947783
1.014000000000000679,-0.348421642754823679
1.015000000000000790,-0.347118992153268302
1.016000000000000680,-0.345819051030409164
1.017000000000000792,-0.344521807037551808
1.018000000000000682,-0.343227248175867861
1.019000000000000794,-0.341935362790162678
1.020000000000000684,-0.340646139562716943
1.021000000000000796,-0.339359567507200088
1.022000000000000686,-0.338075635962664045
1.023000000000000798,-0.336794334587612876
1.024000000000000687,-0.335515653354138743
1.025000000000000799,-0.334239582542141256
1.026000000000000689,-0.332966112733618425
1.027000000000000801,-0.331695234807012906
1.028000000000000691,-0.330426939931657948
1.029000000000000803,-0.329161219562270624
1.030000000000000693,-0.327898065433516905
1.031000000000000805,-0.326637469554677651
1.032000000000000695,-0.325379424204325862
1.033000000000000806,-0.324123921925133396
1.034000000000000696,-0.322870955518703373
1.035000000000000808,-0.321620518040480641
1.036000000000000698,-0.320372602794734507
1.037000000000000810,-0.319127203329623799
1.038000000000000700,-0.317884313432272192
1.039000000000000812,-0.316643927123962610
1.040000000000000702,-0.315406038655381860
1.041000000000000814,-0.314170642501916397
1.042000000000000703,-0.312937733359006764
1.043000000000000815,-0.311707306137591511
1.044000000000000705,-0.310479355959598302
1.045000000000000817,-0.309253878153464334
1.046000000000000707,-0.308030868249783596
1.047000000000000819,-0.306810321976957179
1.048000000000000709,-0.305592235256921696
1.049000000000000821,-0.304376604200944145
1.050000000000000711,-0.303163425105456352
1.051000000000000822,-0.301952694447975845
1.052000000000000712,-0.300744408883047931
1.053000000000000824,-0.299538565238269550
1.054000000000000714,-0.298335160510362241
1.055000000000000826,-0.297134191861296137
1.056000000000000716,-0.295935656614476794
1.057000000000000828,-0.294739552250970149
1.058000000000000718,-0.293545876405802708
1.059000000000000830,-0.292354626864294864
1.060000000000000719,-0.291165801558464221
1.061000000000000831,-0.289979398563463220
1.062000000000000721,-0.288795416094073665
1.063000000000000833,-0.287613852501277134
1.064000000000000723,-0.286434706268820727
1.065000000000000835,-0.285257976009888781
1.066000000000000725,-0.284083660463799959
1.067000000000000837,-0.282911758492725707
1.068000000000000727,-0.281742269078528340
1.069000000000000838,-0.280575191319557438
1.070000000000000728,-0.279410524427573304
1.071000000000000840,-0.278248267724659937
1.072000000000000730,-0.277088420640223154
1.073000000000000842,-0.275930982708004258
1.074000000000000732,-0.274775953563150821
1.075000000000000844,-0.273623332939345487
1.076000000000000734,-0.272473120665961466
1.077000000000000846,-0.271325316665255334
1.078000000000000735,-0.270179920949635721
1.079000000000000847,-0.269036933618925000
1.080000000000000737,-0.267896354857728947
1.081000000000000849,-0.266758184932769649
1.082000000000000739,-0.265622424190327389
1.083000000000000851,-0.264489073053686741
1.084000000000000741,-0.263358132020638958
1.085000000000000853,-0.262229601661005673
1.086000000000000743,-0.261103482614222393
1.087000000000000854,-0.259979775586953843
1.088000000000000744,-0.258858481350748737
1.089000000000000856,-0.257739600739715469
1.090000000000000746,-0.256623134648260698
1.091000000000000858,-0.255509084028864519
1.092000000000000748,-0.254397449889859240
1.093000000000000860,-0.253288233293295140
1.094000000000000750,-0.252181435352780425
1.095000000000000862,-0.251077057231427037
1.096000000000000751,-0.249975100139776224
1.097000000000000863,-0.248875565333767618
1.098000000000000753,-0.247778454112776936
1.099000000000000865,-0.246683767817652722
1.100000000000000755,-0.245591507828786776
1.101000000000000867,-0.244501675564239795
1.102000000000000757,-0.243414272477884636
1.103000000000000869,-0.242329300057590069
1.104000000000000759,-0.241246759823411983
1.105000000000000870,-0.240166653325863511
1.106000000000000760,-0.239088982144155249
1.107000000000000872,-0.238013747884525673
1.108000000000000762,-0.236940952178566283
1.109000000000000874,-0.235870596681579420
1.110000000000000764,-0.234802683070976681
1.111000000000000876,-0.233737213044690806
1.112000000000000766,-0.232674188319646646
1.113000000000000878,-0.231613610630221345
1.114000000000000767,-0.230555481726767153
1.115000000000000879,-0.229499803374127953
1.116000000000000769,-0.228446577350220142
1.117000000000000881,-0.227395805444612048
1.118000000000000771,-0.226347489457140394
1.119000000000000883,-0.225301631196560992
1.120000000000000773,-0.224258232479209590
1.121000000000000885,-0.223217295127697668
1.122000000000000774,-0.222178820969630403
1.123000000000000886,-0.221142811836353037
1.124000000000000776,-0.220109269561733878
1.125000000000000888,-0.219078195980925067
1.126000000000000778,-0.218049592929206948
1.127000000000000890,-0.217023462240838461
1.128000000000000780,-0.215999805747883217
1.129000000000000892,-0.214978625279136082
1.130000000000000782,-0.213959922659016699
1.131000000000000894,-0.212943699706500456
1.132000000000000783,-0.211929958234080951
1.133000000000000895,-0.210918700046755087
1.134000000000000785,-0.209909926940991559
1.135000000000000897,-0.208903640703797050
1.136000000000000787,-0.207899843111714111
1.137000000000000899,-0.206898535929916333
1.138000000000000789,-0.205899720911261713
1.139000000000000901,-0.204903399795430985
1.140000000000000790,-0.203909574308023311
1.141000000000000902,-0.202918246159695670
1.142000000000000792,-0.201929417045350668
1.143000000000000904,-0.200943088643292134
1.144000000000000794,-0.199959262614450850
1.145000000000000906,-0.198977940601564346
1.146000000000000796,-0.197999124228460610
1.147000000000000908,-0.197022815099275883
1.148000000000000798,-0.196049014797745336
1.149000000000000909,-0.195077724886494830
1.150000000000000799,-0.194108946906329405
1.151000000000000689,-0.193142682375582991
1.152000000000000801,-0.192178932789443646
1.153000000000000913,-0.191217699619320891
1.154000000000000803,-0.190258984312213247
1.155000000000000693,-0.189302788290094420
1.156000000000000805,-0.188349112949343617
1.157000000000000917,-0.187397959660131258
1.158000000000000806,-0.186449329765891819
1.159000000000000696,-0.185503224582751675
1.160000000000000808,-0.184559645399007849
1.161000000000000920,-0.183618593474607045
1.162000000000000810,-0.182680070040651010
1.163000000000000700,-0.181744076298892665
1.164000000000000812,-0.180810613421276578
1.165000000000000924,-0.179879682549461545
1.166000000000000814,-0.178951284794397369
1.167000000000000703,-0.178025421235864373
1.168000000000000815,-0.177102092922077292
1.169000000000000927,-0.176181300869258012
1.170000000000000817,-0.175263046061259059
1.171000000000000707,-0.174347329449162203
1.172000000000000819,-0.173434151950933119
1.173000000000000931,-0.172523514451046134
1.174000000000000821,-0.171615417800141612
1.175000000000000711,-0.170709862814701824
1.176000000000000822,-0.169806850276726207
1.177000000000000934,-0.168906380933415229
1.178000000000000824,-0.168008455496885450
1.179000000000000714,-0.167113074643863130
1.180000000000000826,-0.166220239015434534
1.181000000000000938,-0.165329949216753064
1.182000000000000828,-0.164442205816801912
1.183000000000000718,-0.163557009348152926
1.184000000000000830,-0.162674360306721860
1.185000000000000941,-0.161794259151539999
1.186000000000000831,-0.160916706304565282
1.187000000000000721,-0.160041702150449883
1.188000000000000833,-0.159169247036367728
1.189000000000000945,-0.158299341271816829
1.190000000000000835,-0.157431985128457325
1.191000000000000725,-0.156567178839918053
1.192000000000000837,-0.155704922601684836
1.193000000000000949,-0.154845216570901528
1.194000000000000838,-0.153988060866272841
1.195000000000000728,-0.153133455567905030
1.196000000000000840,-0.152281400717196036
1.197000000000000952,-0.151431896316728321
1.198000000000000842,-0.150584942330143245
1.199000000000000732,-0.149740538682068047
1.200000000000000844,-0.148898685257994379
1.201000000000000956,-0.148059381904229070
1.202000000000000846,-0.147222628427799845
1.203000000000000735,-0.146388424596391981
1.204000000000000847,-0.145556770138282332
1.205000000000000959,-0.144727664742309692
1.206000000000000849,-0.143901108057800792
1.207000000000000739,-0.143077099694543242
1.208000000000000851,-0.142255639222761354
1.209000000000000963,-0.141436726173078425
1.210000000000000853,-0.140620360036507103
1.211000000000000743,-0.139806540264430845
1.212000000000000854,-0.138995266268604423
1.213000000000000966,-0.138186537421143701
1.214000000000000856,-0.137380353054554372
1.215000000000000746,-0.136576712461710215
1.216000000000000858,-0.135775614895908003
1.217000000000000970,-0.134977059570864699
1.218000000000000860,-0.134181045660757337
1.219000000000000750,-0.133387572300262186
1.220000000000000862,-0.132596638584589505
1.221000000000000973,-0.131808243569527750
1.222000000000000863,-0.131022386271505642
1.223000000000000753,-0.130239065667631909
1.224000000000000865,-0.129458280695773198
1.225000000000000977,-0.128680030254612110
1.226000000000000867,-0.127904313203718173
1.227000000000000757,-0.127131128363623835
1.228000000000000869,-0.126360474515902432
1.229000000000000981,-0.125592350403271824
1.230000000000000870,-0.124826754729646994
1.231000000000000760,-0.124063686160266015
1.232000000000000872,-0.123303143321786712
1.233000000000000984,-0.122545124802356201
1.234000000000000874,-0.121789629151763987
1.235000000000000764,-0.121036654881510969
1.236000000000000876,-0.120286200464947785
1.237000000000000988,-0.119538264337382377
1.238000000000000878,-0.118792844896210739
1.239000000000000767,-0.118049940501026421
1.240000000000000879,-0.117309549473765262
1.241000000000000991,-0.116571670098830210
1.242000000000000881,-0.115836300623224100
1.243000000000000771,-0.115103439256694792
1.244000000000000883,-0.114373084171869158
1.245000000000000995,-0.113645233504411206
1.246000000000000885,-0.112919885353159041
1.247000000000000774,-0.112197037780276968
1.248000000000000886,-0.111476688811414065
1.249000000000000998,-0.110758836435860333
1.250000000000000888,-0.110043478606708781
1.251000000000000778,-0.109330613241009095
1.252000000000000890,-0.108620238219943072
1.253000000000001002,-0.107912351388982516
1.254000000000000892,-0.107206950558076303
1.255000000000000782,-0.106504033501801224
1.256000000000000894,-0.105803597959551784
1.257000000000001005,-0.105105641635714744
1.258000000000000895,-0.104410162199847889
1.259000000000000785,-0.103717157286861178
1.260000000000000897,-0.103026624497199057
1.261000000000001009,-0.102338561397037536
1.262000000000000899,-0.101652965518453375
1.263000000000000789,-0.100969834359629543
1.264000000000000901,-0.100289165385045356
1.265000000000001013,-0.099610956025660002
1.266000000000000902,-0.098935203679121564
1.267000000000000792,-0.098261905709952038
1.268000000000000904,-0.097591059449757489
1.269000000000001016,-0.096922662197417311
1.270000000000000906,-0.096256711219300850
1.271000000000000796,-0.095593203749456401
1.272000000000000908,-0.094932136989820851
1.273000000000001020,-0.094273508110430448
1.274000000000000909,-0.093617314249629199
1.275000000000000799,-0.092963552514262957
1.276000000000000911,-0.092312219979917273
1.277000000000001023,-0.091663313691099618
1.278000000000000913,-0.091016830661471079
1.279000000000000803,-0.090372767874054002
1.280000000000000915,-0.089731122281457382
1.281000000000001027,-0.089091890806061988
1.282000000000000917,-0.088455070340278136
1.283000000000000806,-0.087820657746733241
1.284000000000000918,-0.087188649858509104
1.285000000000001030,-0.086559043479346467
1.286000000000000920,-0.085931835383878455
1.287000000000000810,-0.085307022317840042
1.288000000000000922,-0.084684600998307449
1.289000000000001034,-0.084064568113900964
1.290000000000000924,-0.083446920325012636
1.291000000000000814,-0.082831654264050175
1.292000000000000925,-0.082218766535626292
1.293000000000001037,-0.081608253716822607
1.294000000000000927,-0.081000112357386828
1.295000000000000817,-0.080394338979963981
1.296000000000000929,-0.079790930080337386
1.297000000000001041,-0.079189882127634087
1.298000000000000931,-0.078591191564574475
1.299000000000000821,-0.077994854807683700
1.300000000000000933,-0.077400868247522167
1.301000000000001044,-0.076809228248921266
1.302000000000000934,-0.076219931151202097
1.303000000000000824,-0.075632973268418793
1.304000000000000936,-0.075048350889563048
1.305000000000001048,-0.074466060278819385
1.306000000000000938,-0.073886097675781290
1.307000000000000828,-0.073308459295678002
1.308000000000000940,-0.072733141329605483
1.309000000000001052,-0.072160139944768498
1.310000000000000941,-0.071589451284691449
1.311000000000000831,-0.071021071469458463
1.312000000000000943,-0.070454996595932670
1.313000000000001055,-0.069891222738010031
1.314000000000000945,-0.069329745946816748
1.315000000000000835,-0.068770562250954667
1.316000000000000947,-0.068213667656733187
1.317000000000001059,-0.067659058148395040
1.318000000000000949,-0.067106729688330952
1.319000000000000838,-0.066556678217337670
1.320000000000000950,-0.066008899654817862
1.321000000000001062,-0.065463389899018870
1.322000000000000952,-0.064920144827265713
1.323000000000000842,-0.064379160296176394
1.324000000000000954,-0.063840432141903714
1.325000000000001066,-0.063303956180343221
1.326000000000000956,-0.062769728207380776
1.327000000000000846,-0.062237743999098386
1.328000000000000957,-0.061707999312019479
1.329000000000001069,-0.061180489883310693
1.330000000000000959,-0.060655211431033230
1.331000000000000849,-0.060132159654348497
1.332000000000000961,-0.059611330233740004
1.333000000000001073,-0.059092718831249245
1.334000000000000963,-0.058576321090695924
1.335000000000000853,-0.058062132637889910
1.336000000000000965,-0.057550149080865365
1.337000000000001076,-0.057040366010096523
1.338000000000000966,-0.056532778998714693
1.339000000000000856,-0.056027383602737603
1.340000000000000968,-0.055524175361279481
1.341000000000001080,-0.055023149796773287
1.342000000000000970,-0.054524302415191225
1.343000000000000860,-0.054027628706261419
1.344000000000000972,-0.053533124143679368
1.345000000000001084,-0.053040784185337905
1.346000000000000973,-0.052550604273524537
1.347000000000000863,-0.052062579835152278
1.348000000000000975,-0.051576706281960302
1.349000000000001087,-0.051092979010738393
1.350000000000000977,-0.050611393403537375
1.351000000000000867,-0.050131944827880012
1.352000000000000979,-0.049654628636960144
1.353000000000001091,-0.049179440169879830
1.354000000000000981,-0.048706374751838290
1.355000000000000870,-0.048235427694342574
1.356000000000000982,-0.047766594295423626
1.357000000000001094,-0.047299869839841802
1.358000000000000984,-0.046835249599288545
1.359000000000000874,-0.046372728832593552
1.360000000000000986,-0.045912302785931933
1.361000000000001098,-0.045453966693034628
1.362000000000000988,-0.044997715775374071
1.363000000000000878,-0.044543545242380786
1.364000000000000989,-0.044091450291649584
1.365000000000001101,-0.043641426109119821
1.366000000000000991,-0.043193467869292457
1.367000000000000881,-0.042747570735426448
1.368000000000000993,-0.042303729859730410
1.369000000000001105,-0.041861940383566401
1.370000000000000995,-0.041422197437642042
1.371000000000000885,-0.040984496142205694
1.372000000000000997,-0.040548831607244644
1.373000000000001108,-0.040115198932680493
1.374000000000000998,-0.039683593208541743
1.375000000000000888,-0.039254009515191444
1.376000000000001000,-0.038826442923485825
1.377000000000001112,-0.038400888494976818
1.378000000000001002,-0.037977341282103852
1.379000000000000892,-0.037555796328372755
1.380000000000001004,-0.037136248668550025
1.381000000000001116,-0.036718693328850201
1.382000000000001005,-0.036303125327110844
1.383000000000000895,-0.035889539672984652
1.384000000000001007,-0.035477931368121683
1.385000000000001119,-0.035068295406347871
1.386000000000001009,-0.034660626773854952
1.387000000000000899,-0.034254920449358531
1.388000000000001011,-0.033851171404316149
1.389000000000001123,-0.033449374603060453
1.390000000000001013,-0.033049525003008527
1.391000000000000902,-0.032651617554823487
1.392000000000001014,-0.032255647202592573
1.393000000000001126,-0.031861608884002003
1.394000000000001016,-0.031469497530515880
1.395000000000000906,-0.031079308067535567
1.396000000000001018,-0.030691035414575973
1.397000000000001130,-0.030304674485442041
1.398000000000001020,-0.029920220188391789
1.399000000000000909,-0.029537667426303971
1.400000000000001021,-0.029157011096843637
1.401000000000001133,-0.028778246092639469
1.402000000000001023,-0.028401367301432355
1.403000000000000913,-0.028026369606243422
1.404000000000001025,-0.027653247885555277
1.405000000000001137,-0.027281997013443787
1.406000000000001027,-0.026912611859760904
1.407000000000000917,-0.026545087290293135
1.408000000000001029,-0.026179418166904160
1.409000000000001140,-0.025815599347712430
1.410000000000001030,-0.025453625687235200
1.411000000000000920,-0.025093492036549470
1.412000000000001032,-0.024735193243443119
1.413000000000001144,-0.024378724152575509
1.414000000000001034,-0.024024079605620415
1.415000000000000924,-0.023671254441423255
1.416000000000001036,-0.023320243496155073
1.417000000000001148,-0.022971041603458107
1.418000000000001037,-0.022623643594591097
1.419000000000000927,-0.022278044298579217
1.420000000000001039,-0.021934238542362716
1.421000000000001151,-0.021592221150946524
1.422000000000001041,-0.021251986947531852
1.423000000000000931,-0.020913530753670549
1.424000000000001043,-0.020576847389404927
1.425000000000001155,-0.020241931673404261
1.426000000000001044,-0.019908778423114375
1.427000000000000934,-0.019577382454889929
1.428000000000001046,-0.019247738584134835
1.429000000000001158,-0.018919841625434232
1.430000000000001048,-0.018593686392707282
1.431000000000000938,-0.018269267699319268
1.432000000000001050,-0.017946580358234619
1.433000000000001162,-0.017625619182144607
1.434000000000001052,-0.017306378983589984
1.435000000000000941,-0.016988854575113788
1.436000000000001053,-0.016673040769366352
1.437000000000001165,-0.016358932379248761
1.438000000000001055,-0.016046524218047951
1.439000000000000945,-0.015735811099545451
1.440000000000001057,-0.015426787838159664
1.441000000000001169,-0.015119449249058716
1.442000000000001059,-0.014813790148293496
1.443000000000000949,-0.014509805352923205
1.444000000000001060,-0.014207489681126961
1.445000000000001172,-0.013906837952328128
1.446000000000001062,-0.013607844987329993
1.447000000000000952,-0.013310505608407783
1.448000000000001064,-0.013014814639452189
1.449000000000001176,-0.012720766906076094
1.450000000000001066,-0.012428357235727393
1.451000000000000956,-0.012137580457808425
1.452000000000001068,-0.011848431403796430
1.453000000000001180,-0.011560904907346211
1.454000000000001069,-0.011274995804408928
1.455000000000000959,-0.010990698933346619
1.456000000000001071,-0.010708009135032174
1.457000000000001183,-0.010426921252974158
1.458000000000001073,-0.010147430133416388
1.459000000000000963,-0.009869530625438768
1.460000000000001075,-0.009593217581082770
1.461000000000001187,-0.009318485855437819
1.462000000000001076,-0.009045330306768129
1.463000000000000966,-0.008773745796592538
1.464000000000001078,-0.008503727189803764
1.465000000000001190,-0.008235269354769955
1.466000000000001080,-0.007968367163428972
1.467000000000000970,-0.007703015491392609
1.468000000000001082,-0.007439209218049718
1.469000000000001194,-0.007176943226655147
1.470000000000001084,-0.006916212404439829
1.471000000000000973,-0.006657011642695355
1.472000000000001085,-0.006399335836882689
1.473000000000001197,-0.006143179886715087
1.474000000000001087,-0.005888538696261643
1.475000000000000977,-0.005635407174030015
1.476000000000001089,-0.005383780233072090
1.477000000000001201,-0.005133652791068149
1.478000000000001091,-0.004885019770412486
1.479000000000000981,-0.004637876098314707
1.480000000000001092,-0.004392216706877949
1.481000000000001204,-0.004148036533193206
1.482000000000001094,-0.003905330519424534
1.483000000000000984,-0.003664093612899058
1.484000000000001096,-0.003424320766186108
1.485000000000001208,-0.003186006937178342
1.486000000000001098,-0.002949147089194456
1.487000000000000988,-0.002713736191040122
1.488000000000001100,-0.002479769217098056
1.489000000000001211,-0.002247241147418302
1.490000000000001101,-0.002016146967786702
1.491000000000000991,-0.001786481669803189
1.492000000000001103,-0.001558240250975946
1.493000000000001215,-0.001331417714784043
1.494000000000001105,-0.001106009070756178
1.495000000000000995,-0.000882009334555623
1.496000000000001107,-0.000659413528049901
1.497000000000001219,-0.000438216679384737
1.498000000000001108,-0.000218413823060442
1.499000000000000998,0.000000000000000000
