# ZnO1m210NBDry_BSAI22
# h[nm],U(h)[kJ/mol]
0.149999999999999994,124.264327273532558138
0.150999999999999995,123.196388149234309140
0.151999999999999996,121.941672484611260074
0.152999999999999997,120.667273873645513049
0.153999999999999998,119.412289794271970322
0.154999999999999999,118.170457291536905586
0.156000000000000000,116.927835059506577409
0.157000000000000001,115.676720316163780922
0.158000000000000002,114.418082697336302544
0.159000000000000002,113.159311264794126828
0.160000000000000003,111.910781425974320769
0.161000000000000004,110.682846635277471137
0.162000000000000005,109.483815506971794207
0.163000000000000006,108.318946475708386856
0.164000000000000007,107.190262295332075837
0.165000000000000008,106.096920504296889476
0.166000000000000009,105.035891875394369777
0.167000000000000010,104.002749262492940829
0.168000000000000010,102.992427958575518687
0.169000000000000011,101.999872509379116536
0.170000000000000012,101.020528366626066941
0.171000000000000013,100.050668567432921918
0.172000000000000014,99.087566729318751868
0.173000000000000015,98.129539930340882847
0.174000000000000016,97.175890611816839737
0.175000000000000017,96.226777470381179569
0.176000000000000018,95.283043065816315220
0.177000000000000018,94.346021875928087752
0.178000000000000019,93.417347754014642192
0.179000000000000020,92.498774866459243071
0.180000000000000021,91.592021645156691534
0.181000000000000022,90.698643333760529117
0.182000000000000023,89.819935453920507484
0.183000000000000024,88.956867988984015483
0.184000000000000025,88.110048237772602420
0.185000000000000026,87.279709053488844006
0.186000000000000026,86.465718458271766167
0.187000000000000027,85.667606313280089125
0.188000000000000028,84.884603732010035060
0.189000000000000029,84.115691164291007453
0.190000000000000030,83.359651475093826889
0.191000000000000031,82.615124833571911722
0.192000000000000032,81.880662763720962971
0.193000000000000033,81.154779250291483095
0.194000000000000034,80.435997313975093448
0.195000000000000034,79.722889948979286601
0.196000000000000035,79.014114741710329781
0.197000000000000036,78.308441854965110451
0.198000000000000037,77.604775365812770360
0.199000000000000038,76.902168188563535978
0.200000000000000039,76.199831000538097214
0.201000000000000040,75.497135722968863547
0.202000000000000041,74.793614198368700841
0.203000000000000042,74.088952755570616659
0.204000000000000042,73.382983370855541239
0.205000000000000043,72.675672124373051020
0.206000000000000044,71.967105621196765242
0.207000000000000045,71.257476001060624071
0.208000000000000046,70.547065104685330539
0.209000000000000047,69.836228301576142030
0.210000000000000048,69.125378417569280032
0.211000000000000049,68.414970132940908343
0.212000000000000050,67.705485155733143188
0.213000000000000050,66.997418411759412038
0.214000000000000051,66.291265433752883496
0.215000000000000052,65.587511078161909950
0.216000000000000053,64.886619649704556423
0.217000000000000054,64.189026471226796389
0.218000000000000055,63.495130899716762940
0.219000000000000056,62.805290758382419369
0.220000000000000057,62.119818129252109884
0.221000000000000058,61.438976430459696587
0.222000000000000058,60.762978686813269746
0.223000000000000059,60.091986890969927515
0.224000000000000060,59.426112345074919574
0.225000000000000061,58.765416868596709321
0.226000000000000062,58.109914756834484706
0.227000000000000063,57.459575375744563530
0.228000000000000064,56.814326281908108740
0.229000000000000065,56.174056761253282843
0.230000000000000066,55.538621686198517580
0.231000000000000066,54.907845597879905597
0.232000000000000067,54.281526927783055214
0.233000000000000068,53.659442281170115052
0.234000000000000069,53.041350712966121250
0.235000000000000070,52.426997935061272926
0.236000000000000071,51.816120402152080260
0.237000000000000072,51.208449231156578207
0.238000000000000073,50.603713916805432405
0.239000000000000073,50.001645813152563846
0.240000000000000074,49.401981357413042417
0.241000000000000075,48.804465018685554867
0.242000000000000076,48.208851959726935377
0.243000000000000077,47.614910405009823080
0.244000000000000078,47.022423712811374230
0.245000000000000079,46.431192153060010241
0.246000000000000080,45.841034396128392814
0.247000000000000081,45.251788720722259995
0.248000000000000081,44.663313951508158084
0.249000000000000082,44.075490139175478532
0.250000000000000111,43.488218997271317789
0.251000000000000112,42.901424111417000518
0.252000000000000113,42.315050937441732515
0.253000000000000114,41.729066605590510619
0.254000000000000115,41.143459548308783269
0.255000000000000115,40.558238969210073321
0.256000000000000116,39.973434170724353010
0.257000000000000117,39.389093757633744985
0.258000000000000118,38.805284733255575702
0.259000000000000119,38.222091504455853794
0.260000000000000120,37.639614810992313210
0.261000000000000121,37.057970593918028612
0.262000000000000122,36.477288816941161542
0.263000000000000123,35.897712253754939127
0.264000000000000123,35.319395253435871496
0.265000000000000124,34.742502495075441971
0.266000000000000125,34.167207741871230553
0.267000000000000126,33.593692603967795662
0.268000000000000127,33.022145318416384896
0.269000000000000128,32.452759553723097952
0.270000000000000129,31.885733245582429163
0.271000000000000130,31.321267469554328500
0.272000000000000131,30.759565355641672824
0.273000000000000131,30.200831048964204228
0.274000000000000132,29.645268720007301511
0.275000000000000133,29.093081627251279997
0.276000000000000134,28.544471234359825473
0.277000000000000135,27.999636383525920991
0.278000000000000136,27.458772526038199402
0.279000000000000137,26.922071010641861477
0.280000000000000138,26.389718429824352341
0.281000000000000139,25.861896023753853768
0.282000000000000139,25.338779141240230786
0.283000000000000140,24.820536756768703412
0.284000000000000141,24.307331042375960095
0.285000000000000142,23.799316992894134160
0.286000000000000143,23.296642102878003300
0.287000000000000144,22.799446093353374465
0.288000000000000145,22.307860686376269399
0.289000000000000146,21.822009425273950711
0.290000000000000147,21.342007538343583661
0.291000000000000147,20.867961843715605141
0.292000000000000148,20.399970693039275460
0.293000000000000149,19.938123951620390528
0.294000000000000150,19.482503012629425854
0.295000000000000151,19.033180843004586791
0.296000000000000152,18.590222058693086638
0.297000000000000153,18.153683026907110332
0.298000000000000154,17.723611993113799201
0.299000000000000155,17.300049230532135169
0.300000000000000155,16.883027209970926208
0.301000000000000156,16.472570787911141821
0.302000000000000157,16.068697410809299697
0.303000000000000158,15.671417333679290351
0.304000000000000159,15.280733851091884645
0.305000000000000160,14.896643538817912145
0.306000000000000161,14.519136504428837853
0.307000000000000162,14.148196645257936410
0.308000000000000163,13.783801912215256635
0.309000000000000163,13.425924578039627022
0.310000000000000164,13.074531508660532708
0.311000000000000165,12.729584436431093053
0.312000000000000166,12.391040234080675120
0.313000000000000167,12.058851188320947045
0.314000000000000168,11.732965272122516609
0.315000000000000169,11.413326414760106786
0.316000000000000170,11.099874768802660441
0.317000000000000171,10.792546973300355617
0.318000000000000171,10.491276412493130366
0.319000000000000172,10.195993469434881717
0.320000000000000173,9.906625773994218065
0.321000000000000174,9.623098444755948222
0.322000000000000175,9.345334324407474469
0.323000000000000176,9.073254208251601227
0.324000000000000177,8.806777065540591920
0.325000000000000178,8.545820253377382159
0.326000000000000179,8.290299722976817165
0.327000000000000179,8.040130218124676986
0.328000000000000180,7.795225465713230051
0.329000000000000181,7.555498358270822834
0.330000000000000182,7.320861128438465926
0.331000000000000183,7.091225515379191435
0.332000000000000184,6.866502923136368786
0.333000000000000185,6.646604570984659510
0.334000000000000186,6.431441635842482185
0.335000000000000187,6.220925386837795834
0.336000000000000187,6.014967312139487987
0.337000000000000188,5.813479238185457199
0.338000000000000189,5.616373441454464377
0.339000000000000190,5.423562752943782428
0.340000000000000191,5.234960655527275186
0.341000000000000192,5.050481374379652166
0.342000000000000193,4.870039960661928902
0.343000000000000194,4.693552368671254804
0.344000000000000195,4.520935526664993986
0.345000000000000195,4.352107401573598544
0.346000000000000196,4.186987057821738745
0.347000000000000197,4.025494710479269322
0.348000000000000198,3.867551772966110413
0.349000000000000199,3.713080899535740720
0.350000000000000200,3.562006022762201241
0.351000000000000201,3.414252386254758243
0.352000000000000202,3.269746572822999298
0.353000000000000203,3.128416528312916167
0.354000000000000203,2.990191581331872683
0.355000000000000204,2.855002459077260912
0.356000000000000205,2.722781299479778205
0.357000000000000206,2.593461659868096625
0.358000000000000207,2.466978522357501369
0.359000000000000208,2.343268296159964237
0.360000000000000209,2.222268817008088426
0.361000000000000210,2.103919343880233495
0.362000000000000210,1.988160553208345949
0.363000000000000211,1.874934530744578165
0.364000000000000212,1.764184761256790690
0.365000000000000213,1.655856116217312657
0.366000000000000214,1.549894839643237932
0.367000000000000215,1.446248532240651086
0.368000000000000216,1.344866133999029767
0.369000000000000217,1.245697905376268677
0.370000000000000218,1.148695407208531361
0.371000000000000218,1.053811479473500068
0.372000000000000219,0.961000219029456204
0.373000000000000220,0.870216956446958512
0.374000000000000221,0.781418232044171712
0.375000000000000222,0.694561771231444247
0.376000000000000223,0.609606459264737000
0.377000000000000224,0.526512315502812300
0.378000000000000225,0.445240467257332628
0.379000000000000226,0.365753123320168572
0.380000000000000226,0.288013547247055246
0.381000000000000227,0.211986030472152642
0.382000000000000228,0.137635865323092327
0.383000000000000229,0.064929318001830258
0.384000000000000230,-0.006166398407909534
0.385000000000000231,-0.075683150850065231
0.386000000000000232,-0.143651913069845205
0.387000000000000233,-0.210102792203141264
0.388000000000000234,-0.275065055136631320
0.389000000000000234,-0.338567154597486208
0.390000000000000235,-0.400636754934872219
0.391000000000000236,-0.461300757558658625
0.392000000000000237,-0.520585326004106008
0.393000000000000238,-0.578515910594148530
0.394000000000000239,-0.635117272673784816
0.395000000000000240,-0.690413508393904141
0.396000000000000241,-0.744428072024367116
0.397000000000000242,-0.797183798778582697
0.398000000000000242,-0.848702927134350582
0.399000000000000243,-0.899007120637588253
0.400000000000000244,-0.948117489178041617
0.401000000000000245,-0.996054609727699436
0.402000000000000246,-1.042838546534537114
0.403000000000000247,-1.088488870766177730
0.404000000000000248,-1.133024679599296425
0.405000000000000249,-1.176464614752409377
0.406000000000000250,-1.218826880460893269
0.407000000000000250,-1.260129260894576442
0.408000000000000251,-1.300389137019287267
0.409000000000000252,-1.339623502904969454
0.410000000000000253,-1.377848981484063984
0.411000000000000254,-1.415081839764665395
0.412000000000000255,-1.451338003503964469
0.413000000000000256,-1.486633071348355539
0.414000000000000257,-1.520982328447077148
0.415000000000000258,-1.554400759547261757
0.416000000000000258,-1.586903061578544882
0.417000000000000259,-1.618503655736213798
0.418000000000000260,-1.649216699072119763
0.419000000000000261,-1.679056095603248533
0.420000000000000262,-1.708035506947926052
0.421000000000000263,-1.736168362500341456
0.422000000000000264,-1.763467869153952705
0.423000000000000265,-1.789947020584884640
0.424000000000000266,-1.815618606106558008
0.425000000000000266,-1.840495219106720981
0.426000000000000267,-1.864589265078612446
0.427000000000000268,-1.887912969257647955
0.428000000000000269,-1.910478383875294783
0.429000000000000270,-1.932297395041901567
0.430000000000000271,-1.953381729269959122
0.431000000000000272,-1.973742959649640083
0.432000000000000273,-1.993392511688014013
0.433000000000000274,-2.012341668823601992
0.434000000000000274,-2.030601577627633159
0.435000000000000275,-2.048183252703334567
0.436000000000000276,-2.065097581294481621
0.437000000000000277,-2.081355327614244466
0.438000000000000278,-2.096967136905224738
0.439000000000000279,-2.111943539241490253
0.440000000000000280,-2.126294953083079697
0.441000000000000281,-2.140031688593395209
0.442000000000000282,-2.153163950729708453
0.443000000000000282,-2.165701842116635412
0.444000000000000283,-2.177655365712475533
0.445000000000000284,-2.189034427277851691
0.446000000000000285,-2.199848837655995482
0.447000000000000286,-2.210108314873866053
0.448000000000000287,-2.219822486072774215
0.449000000000000288,-2.229000889277358066
0.450000000000000289,-2.237652975011109824
0.451000000000000290,-2.245788107766721886
0.452000000000000290,-2.253415567339192904
0.453000000000000291,-2.260544550029229605
0.454000000000000292,-2.267184169724559606
0.455000000000000293,-2.273343458866238009
0.456000000000000294,-2.279031369306962151
0.457000000000000295,-2.284256773068163326
0.458000000000000296,-2.289028463002277025
0.459000000000000297,-2.293355153366583910
0.460000000000000298,-2.297245480314572319
0.461000000000000298,-2.300708002310711819
0.462000000000000299,-2.303751200474189798
0.463000000000000300,-2.306383478856986802
0.464000000000000301,-2.308613164661525552
0.465000000000000302,-2.310448508402781265
0.466000000000000303,-2.311897684019595722
0.467000000000000304,-2.312968788939842479
0.468000000000000305,-2.313669844103663387
0.469000000000000306,-2.314008793948993059
0.470000000000000306,-2.313993506363410724
0.471000000000000307,-2.313631772605923231
0.472000000000000308,-2.312931307202447329
0.473000000000000309,-2.311899747818357831
0.474000000000000310,-2.310544655111319123
0.475000000000000311,-2.308873512567528596
0.476000000000000312,-2.306893726324307892
0.477000000000000313,-2.304612624981791313
0.478000000000000314,-2.302037459406300002
0.479000000000000314,-2.299175402527950052
0.480000000000000315,-2.296033549134718577
0.481000000000000316,-2.292618915665277424
0.482000000000000317,-2.288938440002505903
0.483000000000000318,-2.284998981269734220
0.484000000000000319,-2.280807319631468211
0.485000000000000320,-2.276370156100223419
0.486000000000000321,-2.271694112351128503
0.487000000000000322,-2.266785730545717747
0.488000000000000322,-2.261651473166138793
0.489000000000000323,-2.256297722861249078
0.490000000000000324,-2.250730782305526478
0.491000000000000325,-2.244956874071950104
0.492000000000000326,-2.238982140519761632
0.493000000000000327,-2.232812643698017574
0.494000000000000328,-2.226454365265660762
0.495000000000000329,-2.219913206428869135
0.496000000000000330,-2.213194987896212940
0.497000000000000330,-2.206305449852354883
0.498000000000000331,-2.199250251950486401
0.499000000000000332,-2.192034973324246128
0.500000000000000333,-2.184665112619235572
0.501000000000000334,-2.177146088044463301
0.502000000000000335,-2.169483237444071566
0.503000000000000336,-2.161681818389356913
0.504000000000000337,-2.153747008291354348
0.505000000000000338,-2.145683904533970399
0.506000000000000338,-2.137497524627745005
0.507000000000000339,-2.129192806384227588
0.508000000000000340,-2.120774608110858939
0.509000000000000341,-2.112247708826411330
0.510000000000000342,-2.103616808496659552
0.511000000000000343,-2.094886528290317962
0.512000000000000344,-2.086061410854904263
0.513000000000000345,-2.077145920612389229
0.514000000000000346,-2.068144444074379251
0.515000000000000346,-2.059061290176508852
0.516000000000000347,-2.049900690631774047
0.517000000000000348,-2.040666800302531669
0.518000000000000349,-2.031363697590705453
0.519000000000000350,-2.021995384845989729
0.520000000000000351,-2.012565788791505828
0.521000000000000352,-2.003078760966710892
0.522000000000000353,-1.993538078186952500
0.523000000000000353,-1.983947443019408396
0.524000000000000354,-1.974310484274901301
0.525000000000000355,-1.964630757515164472
0.526000000000000356,-1.954911745575090176
0.527000000000000357,-1.945156859099583357
0.528000000000000358,-1.935369437094399903
0.529000000000000359,-1.925552747490718586
0.530000000000000360,-1.915709987722726826
0.531000000000000361,-1.905844285317966680
0.532000000000000361,-1.895958698499795148
0.533000000000000362,-1.886056216801585750
0.534000000000000363,-1.876139761692107388
0.535000000000000364,-1.866212187211680362
0.536000000000000365,-1.856276280618529340
0.537000000000000366,-1.846334763044968685
0.538000000000000367,-1.836390290162778882
0.539000000000000368,-1.826445452857516027
0.540000000000000369,-1.816502777911039646
0.541000000000000369,-1.806564728692009014
0.542000000000000370,-1.796633705853677210
0.543000000000000371,-1.786712048038705092
0.544000000000000372,-1.776802032590399039
0.545000000000000373,-1.766905876270006726
0.546000000000000374,-1.757025735979568681
0.547000000000000375,-1.747163709489911287
0.548000000000000376,-1.737321836173364886
0.549000000000000377,-1.727502097740725606
0.550000000000000377,-1.717706418982106742
0.551000000000000378,-1.707936668511190748
0.552000000000000379,-1.698194659512564986
0.553000000000000380,-1.688482150491654732
0.554000000000000381,-1.678800846026903715
0.555000000000000382,-1.669152397523866016
0.556000000000000383,-1.659538403970698184
0.557000000000000384,-1.649960412694878586
0.558000000000000385,-1.640419920120580688
0.559000000000000385,-1.630918372526533044
0.560000000000000386,-1.621457166803934147
0.561000000000000387,-1.612037651214079714
0.562000000000000388,-1.602661126145410009
0.563000000000000389,-1.593328844869671856
0.564000000000000390,-1.584042014296853873
0.565000000000000391,-1.574801795728597131
0.566000000000000392,-1.565609305609811930
0.567000000000000393,-1.556465616278236208
0.568000000000000393,-1.547371756711595214
0.569000000000000394,-1.538328713272143267
0.570000000000000395,-1.529337430448368007
0.571000000000000396,-1.520398811593494770
0.572000000000000397,-1.511513719660700250
0.573000000000000398,-1.502682977934660880
0.574000000000000399,-1.493907370759323339
0.575000000000000400,-1.485187644261614981
0.576000000000000401,-1.476524507070887005
0.577000000000000401,-1.467918631033986676
0.578000000000000402,-1.459370651925605333
0.579000000000000403,-1.450881170153843769
0.580000000000000404,-1.442450751460815139
0.581000000000000405,-1.434079927618005401
0.582000000000000406,-1.425769197116395492
0.583000000000000407,-1.417519025851023962
0.584000000000000408,-1.409329847799976720
0.585000000000000409,-1.401202065697598531
0.586000000000000409,-1.393136051701771905
0.587000000000000410,-1.385132148055241652
0.588000000000000411,-1.377190667740705532
0.589000000000000412,-1.369311895129740275
0.590000000000000413,-1.361496086625287649
0.591000000000000414,-1.353743471297727874
0.592000000000000415,-1.346054251514382960
0.593000000000000416,-1.338428603562364705
0.594000000000000417,-1.330866678264690073
0.595000000000000417,-1.323368601589662408
0.596000000000000418,-1.315934475253264235
0.597000000000000419,-1.308564377314735738
0.598000000000000420,-1.301258362765054244
0.599000000000000421,-1.294016464108436626
0.600000000000000422,-1.286838691936710521
0.601000000000000423,-1.279725035496521279
0.602000000000000424,-1.272675463249409722
0.603000000000000425,-1.265689923424629715
0.604000000000000425,-1.258768344564719088
0.605000000000000426,-1.251910636063811477
0.606000000000000427,-1.245116688698678420
0.607000000000000428,-1.238386375152362717
0.608000000000000429,-1.231719550530635310
0.609000000000000430,-1.225116052870966366
0.610000000000000431,-1.218575703644271035
0.611000000000000432,-1.212098308249256684
0.612000000000000433,-1.205683656499432654
0.613000000000000433,-1.199331523102814767
0.614000000000000434,-1.193041668134287470
0.615000000000000435,-1.186813837500658275
0.616000000000000436,-1.180647763398375849
0.617000000000000437,-1.174543164764060732
0.618000000000000438,-1.168499747717696824
0.619000000000000439,-1.162517205998598424
0.620000000000000440,-1.156595221394212336
0.621000000000000441,-1.150733464161705522
0.622000000000000441,-1.144931593442426010
0.623000000000000442,-1.139189257669231292
0.624000000000000443,-1.133506094966751254
0.625000000000000444,-1.127881733544643827
0.626000000000000445,-1.122315792083792285
0.627000000000000446,-1.116807880115613383
0.628000000000000447,-1.111357598394409507
0.629000000000000448,-1.105964539262893176
0.630000000000000449,-1.100628287010867679
0.631000000000000449,-1.095348418227167553
0.632000000000000450,-1.090124502144875773
0.633000000000000451,-1.084956100979899585
0.634000000000000452,-1.079842770262894991
0.635000000000000453,-1.074784059164719974
0.636000000000000454,-1.069779510815302537
0.637000000000000455,-1.064828662616176036
0.638000000000000456,-1.059931046546547240
0.639000000000000457,-1.055086189463114277
0.640000000000000457,-1.050293613393626035
0.641000000000000458,-1.045552835824205662
0.642000000000000459,-1.040863369980629782
0.643000000000000460,-1.036224725103458422
0.644000000000000461,-1.031636406717235221
0.645000000000000462,-1.027097916893732865
0.646000000000000463,-1.022608754509324758
0.647000000000000464,-1.018168415496564227
0.648000000000000465,-1.013776393090067174
0.649000000000000465,-1.009432178066663521
0.650000000000000466,-1.005135258980040636
0.651000000000000467,-1.000885122389772786
0.652000000000000468,-0.996681253084974350
0.653000000000000469,-0.992523134302496723
0.654000000000000470,-0.988410247939870423
0.655000000000000471,-0.984342074762962760
0.656000000000000472,-0.980318094608446877
0.657000000000000473,-0.976337786581199518
0.658000000000000473,-0.972400629246642056
0.659000000000000474,-0.968506100818096072
0.660000000000000475,-0.964653679339294579
0.661000000000000476,-0.960842842861985735
0.662000000000000477,-0.957073069618861405
0.663000000000000478,-0.953343838191726300
0.664000000000000479,-0.949654627675130869
0.665000000000000480,-0.946004917835344017
0.666000000000000481,-0.942394189264973314
0.667000000000000481,-0.938821923533046165
0.668000000000000482,-0.935287603330891670
0.669000000000000483,-0.931790712613605576
0.670000000000000484,-0.928330736737422613
0.671000000000000485,-0.924907162592894516
0.672000000000000486,-0.921519478734009523
0.673000000000000487,-0.918167175503338706
0.674000000000000488,-0.914849745153204830
0.675000000000000488,-0.911566681963004166
0.676000000000000489,-0.908317482352761219
0.677000000000000490,-0.905101644992874377
0.678000000000000491,-0.901918670910257014
0.679000000000000492,-0.898768063590839716
0.680000000000000493,-0.895649329078542444
0.681000000000000494,-0.892561976070768259
0.682000000000000495,-0.889505516010474340
0.683000000000000496,-0.886479463174904225
0.684000000000000496,-0.883483334761036687
0.685000000000000497,-0.880516650967767434
0.686000000000000498,-0.877578935074988076
0.687000000000000499,-0.874669713519499070
0.688000000000000500,-0.871788515967908850
0.689000000000000501,-0.868934875386541683
0.690000000000000502,-0.866108328108421199
0.691000000000000503,-0.863308413897380000
0.692000000000000504,-0.860534676009333310
0.693000000000000504,-0.857786661250865334
0.694000000000000505,-0.855063920035021852
0.695000000000000506,-0.852366006434560175
0.696000000000000507,-0.849692478232532244
0.697000000000000508,-0.847042896970367054
0.698000000000000509,-0.844416827993488939
0.699000000000000510,-0.841813840494472720
0.700000000000000511,-0.839233507553850844
0.701000000000000512,-0.836675406178602588
0.702000000000000512,-0.834139117338345115
0.703000000000000513,-0.831624225999328948
0.704000000000000514,-0.829130321156260175
0.705000000000000515,-0.826656995861991151
0.706000000000000516,-0.824203847255137623
0.707000000000000517,-0.821770476585711229
0.708000000000000518,-0.819356489238682650
0.709000000000000519,-0.816961494755743090
0.710000000000000520,-0.814585106855059693
0.711000000000000520,-0.812226943449267269
0.712000000000000521,-0.809886626661647901
0.713000000000000522,-0.807563782840525990
0.714000000000000523,-0.805258042572025934
0.715000000000000524,-0.802969040691084879
0.716000000000000525,-0.800696416290909929
0.717000000000000526,-0.798439812730830201
0.718000000000000527,-0.796198877642579683
0.719000000000000528,-0.793973262935122159
0.720000000000000528,-0.791762624798024062
0.721000000000000529,-0.789566623703338188
0.722000000000000530,-0.787384924406195008
0.723000000000000531,-0.785217195943960000
0.724000000000000532,-0.783063111634166309
0.725000000000000533,-0.780922349071118571
0.726000000000000534,-0.778794590121271613
0.727000000000000535,-0.776679520917427757
0.728000000000000536,-0.774576831851749081
0.729000000000000536,-0.772486217567643463
0.730000000000000537,-0.770407376950567269
0.731000000000000538,-0.768340013117729259
0.732000000000000539,-0.766283833406799730
0.733000000000000540,-0.764238549363587927
0.734000000000000541,-0.762203876728773877
0.735000000000000542,-0.760179535423666008
0.736000000000000543,-0.758165249535099894
0.737000000000000544,-0.756160747299406077
0.738000000000000544,-0.754165761085564657
0.739000000000000545,-0.752180027377517435
0.740000000000000546,-0.750203286755685705
0.741000000000000547,-0.748235283877718649
0.742000000000000548,-0.746275767458546957
0.743000000000000549,-0.744324490249630211
0.744000000000000550,-0.742381209017601740
0.745000000000000551,-0.740445684522199832
0.746000000000000552,-0.738517681493598199
0.747000000000000552,-0.736596968609094849
0.748000000000000553,-0.734683318469203872
0.749000000000000554,-0.732776507573211999
0.750000000000000555,-0.730876316294166384
0.751000000000000556,-0.728982528853343914
0.752000000000000557,-0.727094933294253787
0.753000000000000558,-0.725213321456080084
0.754000000000000559,-0.723337488946774188
0.755000000000000560,-0.721467235115612282
0.756000000000000560,-0.719602363025429681
0.757000000000000561,-0.717742679424354879
0.758000000000000562,-0.715887994717250509
0.759000000000000563,-0.714038122936760167
0.760000000000000564,-0.712192881714025172
0.761000000000000565,-0.710352092249059597
0.762000000000000566,-0.708515579280841634
0.763000000000000567,-0.706683171057111092
0.764000000000000568,-0.704854699303877896
0.765000000000000568,-0.703029999194724753
0.766000000000000569,-0.701208909319804730
0.767000000000000570,-0.699391271654681068
0.768000000000000571,-0.697576931528900768
0.769000000000000572,-0.695765737594418843
0.770000000000000573,-0.693957541793826294
0.771000000000000574,-0.692152199328419426
0.772000000000000575,-0.690349568626116294
0.773000000000000576,-0.688549511309230367
0.774000000000000576,-0.686751892162134503
0.775000000000000577,-0.684956579098808138
0.776000000000000578,-0.683163443130279213
0.777000000000000579,-0.681372358331997718
0.778000000000000580,-0.679583201811110982
0.779000000000000581,-0.677795853673701432
0.780000000000000582,-0.676010196991955525
0.781000000000000583,-0.674226117771305811
0.782000000000000584,-0.672443504917532464
0.783000000000000584,-0.670662250203845178
0.784000000000000585,-0.668882248237976151
0.785000000000000586,-0.667103396429240103
0.786000000000000587,-0.665325594955641697
0.787000000000000588,-0.663548746730971639
0.788000000000000589,-0.661772757371942189
0.789000000000000590,-0.659997535165379623
0.790000000000000591,-0.658222991035430915
0.791000000000000592,-0.656449038510839800
0.792000000000000592,-0.654675593692291558
0.793000000000000593,-0.652902575219804548
0.794000000000000594,-0.651129904240232205
0.795000000000000595,-0.649357504374833416
0.796000000000000596,-0.647585301686914527
0.797000000000000597,-0.645813224649604667
0.798000000000000598,-0.644041204113720234
0.799000000000000599,-0.642269173275729632
0.800000000000000600,-0.640497067645865892
0.801000000000000600,-0.638724825016332654
0.802000000000000601,-0.636952385429650159
0.803000000000000602,-0.635179691147148118
0.804000000000000603,-0.633406686617574932
0.805000000000000604,-0.631633318445895098
0.806000000000000605,-0.629859535362169320
0.807000000000000606,-0.628085288190660451
0.808000000000000607,-0.626310529819061435
0.809000000000000608,-0.624535215167882241
0.810000000000000608,-0.622759301160057843
0.811000000000000609,-0.620982746690625032
0.812000000000000610,-0.619205512596723073
0.813000000000000611,-0.617427561627619914
0.814000000000000612,-0.615648858415045686
0.815000000000000613,-0.613869369443650115
0.816000000000000614,-0.612089063021665103
0.817000000000000615,-0.610307909251762259
0.818000000000000616,-0.608525880002122932
0.819000000000000616,-0.606742948877680210
0.820000000000000617,-0.604959091191581533
0.821000000000000618,-0.603174283936865230
0.822000000000000619,-0.601388505758335024
0.823000000000000620,-0.599601736924637585
0.824000000000000621,-0.597813959300554698
0.825000000000000622,-0.596025156319538230
0.826000000000000623,-0.594235312956434725
0.827000000000000624,-0.592444415700423943
0.828000000000000624,-0.590652452528210525
0.829000000000000625,-0.588859412877394628
0.830000000000000626,-0.587065287620111453
0.831000000000000627,-0.585270069036859297
0.832000000000000628,-0.583473750790592272
0.833000000000000629,-0.581676327900990997
0.834000000000000630,-0.579877796719014516
0.835000000000000631,-0.578078154901645602
0.836000000000000631,-0.576277401386882548
0.837000000000000632,-0.574475536368974415
0.838000000000000633,-0.572672561273863678
0.839000000000000634,-0.570868478734871010
0.840000000000000635,-0.569063292568638857
0.841000000000000636,-0.567257007751269748
0.842000000000000637,-0.565449630394734282
0.843000000000000638,-0.563641167723492931
0.844000000000000639,-0.561831628051360443
0.845000000000000639,-0.560021020758621146
0.846000000000000640,-0.558209356269337431
0.847000000000000641,-0.556396646028970210
0.848000000000000642,-0.554582902482142370
0.849000000000000643,-0.552768139050710205
0.850000000000000644,-0.550952370112055112
0.851000000000000645,-0.549135610977583677
0.852000000000000646,-0.547317877871494107
0.853000000000000647,-0.545499187909770034
0.854000000000000647,-0.543679559079396468
0.855000000000000648,-0.541859010217829562
0.856000000000000649,-0.540037560992691623
0.857000000000000650,-0.538215231881700396
0.858000000000000651,-0.536392044152831815
0.859000000000000652,-0.534568019844701925
0.860000000000000653,-0.532743181747233452
0.861000000000000654,-0.530917553382460383
0.862000000000000655,-0.529091158985666388
0.863000000000000655,-0.527264023486671229
0.864000000000000656,-0.525436172491404951
0.865000000000000657,-0.523607632263650702
0.866000000000000658,-0.521778429707081548
0.867000000000000659,-0.519948592347481919
0.868000000000000660,-0.518118148315189875
0.869000000000000661,-0.516287126327781842
0.870000000000000662,-0.514455555672979847
0.871000000000000663,-0.512623466191788779
0.872000000000000663,-0.510790888261802523
0.873000000000000664,-0.508957852780816511
0.874000000000000665,-0.507124391150572285
0.875000000000000666,-0.505290535260796370
0.876000000000000667,-0.503456317473385706
0.877000000000000668,-0.501621770606854533
0.878000000000000669,-0.499786927920992163
0.879000000000000670,-0.497951823101701829
0.880000000000000671,-0.496116490246090169
0.881000000000000671,-0.494280963847724852
0.882000000000000672,-0.492445278782156659
0.883000000000000673,-0.490609470292582006
0.884000000000000674,-0.488773573975770315
0.885000000000000675,-0.486937625768152305
0.886000000000000676,-0.485101661932142825
0.887000000000000677,-0.483265719042642261
0.888000000000000678,-0.481429833973749943
0.889000000000000679,-0.479594043885672172
0.890000000000000679,-0.477758386211836084
0.891000000000000680,-0.475922898646180315
0.892000000000000681,-0.474087619130659554
0.893000000000000682,-0.472252585842927342
0.894000000000000683,-0.470417837184215593
0.895000000000000684,-0.468583411767406477
0.896000000000000685,-0.466749348405293141
0.897000000000000686,-0.464915686099011627
0.898000000000000687,-0.463082464026673801
0.899000000000000687,-0.461249721532184354
0.900000000000000688,-0.459417498114227552
0.901000000000000689,-0.457585833415437182
0.902000000000000690,-0.455754767211761336
0.903000000000000691,-0.453924339401972243
0.904000000000000692,-0.452094589997386831
0.905000000000000693,-0.450265559111726721
0.906000000000000694,-0.448437286951192060
0.907000000000000695,-0.446609813804653921
0.908000000000000695,-0.444783180034065140
0.909000000000000696,-0.442957426064998938
0.910000000000000697,-0.441132592377390442
0.911000000000000698,-0.439308719496401046
0.912000000000000699,-0.437485847983484333
0.913000000000000700,-0.435664018427589894
0.914000000000000701,-0.433843271436524069
0.915000000000000702,-0.432023647628489271
0.916000000000000703,-0.430205187623756147
0.917000000000000703,-0.428387932036505159
0.918000000000000704,-0.426571921466821435
0.919000000000000705,-0.424757196492817735
0.920000000000000706,-0.422943797662949095
0.921000000000000707,-0.421131765488430232
0.922000000000000708,-0.419321140435831630
0.923000000000000709,-0.417511962919815904
0.924000000000000710,-0.415704273295994020
0.925000000000000711,-0.413898111853953588
0.926000000000000711,-0.412093518810414339
0.927000000000000712,-0.410290534302509446
0.928000000000000713,-0.408489198381227048
0.929000000000000714,-0.406689551004986771
0.930000000000000715,-0.404891632033320126
0.931000000000000716,-0.403095481220709650
0.932000000000000717,-0.401301138210560571
0.933000000000000718,-0.399508642529287139
0.934000000000000719,-0.397718033580538921
0.935000000000000719,-0.395929350639545374
0.936000000000000720,-0.394142632847583052
0.937000000000000721,-0.392357919206580308
0.938000000000000722,-0.390575248573832912
0.939000000000000723,-0.388794659656839570
0.940000000000000724,-0.387016191008254573
0.941000000000000725,-0.385239881020969954
0.942000000000000726,-0.383465767923308776
0.943000000000000727,-0.381693889774312733
0.944000000000000727,-0.379924284459180028
0.945000000000000728,-0.378156989684786671
0.946000000000000729,-0.376392042975313479
0.947000000000000730,-0.374629481668025788
0.948000000000000731,-0.372869342909091406
0.949000000000000732,-0.371111663649572487
0.950000000000000733,-0.369356480641474305
0.951000000000000734,-0.367603830433928525
0.952000000000000735,-0.365853749369457526
0.953000000000000735,-0.364106273580340645
0.954000000000000736,-0.362361438985095541
0.955000000000000737,-0.360619281285044058
0.956000000000000738,-0.358879835960978721
0.957000000000000739,-0.357143138269915172
0.958000000000000740,-0.355409223241967775
0.959000000000000741,-0.353678125677264921
0.960000000000000742,-0.351949880143019866
0.961000000000000743,-0.350224520970641218
0.962000000000000743,-0.348502082252950540
0.963000000000000744,-0.346782597841491014
0.964000000000000745,-0.345066101343922849
0.965000000000000746,-0.343352626121487314
0.966000000000000747,-0.341642205286578571
0.967000000000000748,-0.339934871700371899
0.968000000000000749,-0.338230657970564896
0.969000000000000750,-0.336529596449163249
0.970000000000000751,-0.334831719230382130
0.971000000000000751,-0.333137058148586074
0.972000000000000752,-0.331445644776334813
0.973000000000000753,-0.329757510422505673
0.974000000000000754,-0.328072686130464586
0.975000000000000755,-0.326391202676334535
0.976000000000000756,-0.324713090567323615
0.977000000000000757,-0.323038380040127415
0.978000000000000758,-0.321367101059403582
0.979000000000000759,-0.319699283316320804
0.980000000000000759,-0.318034956227145560
0.981000000000000760,-0.316374148931940546
0.982000000000000761,-0.314716890293299856
0.983000000000000762,-0.313063208895144884
0.984000000000000763,-0.311413133041598011
0.985000000000000764,-0.309766690755922003
0.986000000000000765,-0.308123909779503102
0.987000000000000766,-0.306484817570905732
0.988000000000000766,-0.304849441304984814
0.989000000000000767,-0.303217807872055822
0.990000000000000768,-0.301589943877138555
0.991000000000000769,-0.299965875639211121
0.992000000000000770,-0.298345629190567618
0.993000000000000771,-0.296729230276226608
0.994000000000000772,-0.295116704353343584
0.995000000000000773,-0.293508076590747624
0.996000000000000774,-0.291903371868469763
0.997000000000000774,-0.290302614777358525
0.998000000000000775,-0.288705829618728982
0.999000000000000776,-0.287113040404061048
1.000000000000000666,-0.285524270854757567
1.001000000000000778,-0.283939544401938526
1.002000000000000668,-0.282358884186282799
1.003000000000000780,-0.280782313057923560
1.004000000000000670,-0.279209853576370737
1.005000000000000782,-0.277641528010504790
1.006000000000000671,-0.276077358338592316
1.007000000000000783,-0.274517366248339001
1.008000000000000673,-0.272961573137013802
1.009000000000000785,-0.271410000111576843
1.010000000000000675,-0.269862667988880311
1.011000000000000787,-0.268319597295878176
1.012000000000000677,-0.266780808269901692
1.013000000000000789,-0.265246320858960605
1.014000000000000679,-0.263716154722061225
1.015000000000000790,-0.262190329229607999
1.016000000000000680,-0.260668863463794309
1.017000000000000792,-0.259151776219058771
1.018000000000000682,-0.257639086002539097
1.019000000000000794,-0.256130811034614658
1.020000000000000684,-0.254626969249433011
1.021000000000000796,-0.253127578295483824
1.022000000000000686,-0.251632655536210170
1.023000000000000798,-0.250142218050647291
1.024000000000000687,-0.248656282634085402
1.025000000000000799,-0.247174865798765880
1.026000000000000689,-0.245697983774617768
1.027000000000000801,-0.244225652509990565
1.028000000000000691,-0.242757887672453126
1.029000000000000803,-0.241294704649589187
1.030000000000000693,-0.239836118549831057
1.031000000000000805,-0.238382144203331009
1.032000000000000695,-0.236932796162825532
1.033000000000000806,-0.235488088704559478
1.034000000000000696,-0.234048035829209189
1.035000000000000808,-0.232612651262837561
1.036000000000000698,-0.231181948457867575
1.037000000000000810,-0.229755940594104147
1.038000000000000700,-0.228334640579723164
1.039000000000000812,-0.226918061052329367
1.040000000000000702,-0.225506214380026243
1.041000000000000814,-0.224099112662484001
1.042000000000000703,-0.222696767732045442
1.043000000000000815,-0.221299191154853636
1.044000000000000705,-0.219906394231988017
1.045000000000000817,-0.218518388000606439
1.046000000000000707,-0.217135183235144746
1.047000000000000819,-0.215756790448489111
1.048000000000000709,-0.214383219893197863
1.049000000000000821,-0.213014481562709024
1.050000000000000711,-0.211650585192590585
1.051000000000000822,-0.210291540261794113
1.052000000000000712,-0.208937355993921159
1.053000000000000824,-0.207588041358507919
1.054000000000000714,-0.206243605072318925
1.055000000000000826,-0.204904055600662799
1.056000000000000716,-0.203569401158710445
1.057000000000000828,-0.202239649712835756
1.058000000000000718,-0.200914808981957821
1.059000000000000830,-0.199594886438900276
1.060000000000000719,-0.198279889311766627
1.061000000000000831,-0.196969824585326136
1.062000000000000721,-0.195664699002384229
1.063000000000000833,-0.194364519065214403
1.064000000000000723,-0.193069291036948532
1.065000000000000835,-0.191779020943004086
1.066000000000000725,-0.190493714572522205
1.067000000000000837,-0.189213377479787975
1.068000000000000727,-0.187938014985703977
1.069000000000000838,-0.186667632179219778
1.070000000000000728,-0.185402233918812775
1.071000000000000840,-0.184141824833949946
1.072000000000000730,-0.182886409326568744
1.073000000000000842,-0.181635991572562272
1.074000000000000732,-0.180390575523257823
1.075000000000000844,-0.179150164906927756
1.076000000000000734,-0.177914763230289819
1.077000000000000846,-0.176684373780002985
1.078000000000000735,-0.175458999624194478
1.079000000000000847,-0.174238643613958077
1.080000000000000737,-0.173023308384904706
1.081000000000000849,-0.171812996358661596
1.082000000000000739,-0.170607709744413361
1.083000000000000851,-0.169407450540435156
1.084000000000000741,-0.168212220535637086
1.085000000000000853,-0.167022021311088065
1.086000000000000743,-0.165836854241570769
1.087000000000000854,-0.164656720497130427
1.088000000000000744,-0.163481621044618525
1.089000000000000856,-0.162311556649240296
1.090000000000000746,-0.161146527876106921
1.091000000000000858,-0.159986535091801996
1.092000000000000748,-0.158831578465923329
1.093000000000000860,-0.157681657972651934
1.094000000000000750,-0.156536773392289885
1.095000000000000862,-0.155396924312847518
1.096000000000000751,-0.154262110131587610
1.097000000000000863,-0.153132330056571425
1.098000000000000753,-0.152007583108248190
1.099000000000000865,-0.150887868120992585
1.100000000000000755,-0.149773183744676935
1.101000000000000867,-0.148663528446217996
1.102000000000000757,-0.147558900511149560
1.103000000000000869,-0.146459298045173825
1.104000000000000759,-0.145364718975709850
1.105000000000000870,-0.144275161053471046
1.106000000000000760,-0.143190621853992034
1.107000000000000872,-0.142111098779204137
1.108000000000000762,-0.141036589058974871
1.109000000000000874,-0.139967089752664642
1.110000000000000764,-0.138902597750664020
1.111000000000000876,-0.137843109775942246
1.112000000000000766,-0.136788622385598330
1.113000000000000878,-0.135739131972391291
1.114000000000000767,-0.134694634766285487
1.115000000000000879,-0.133655126835971000
1.116000000000000769,-0.132620604090417593
1.117000000000000881,-0.131591062280382809
1.118000000000000771,-0.130566496999949794
1.119000000000000883,-0.129546903688045306
1.120000000000000773,-0.128532277629959335
1.121000000000000885,-0.127522613958863940
1.122000000000000774,-0.126517907657311496
1.123000000000000886,-0.125518153558755369
1.124000000000000776,-0.124523346349058178
1.125000000000000888,-0.123533480567968493
1.126000000000000778,-0.122548550610633883
1.127000000000000890,-0.121568550729099376
1.128000000000000780,-0.120593475033768008
1.129000000000000892,-0.119623317494904402
1.130000000000000782,-0.118658071944109073
1.131000000000000894,-0.117697732075776690
1.132000000000000783,-0.116742291448583252
1.133000000000000895,-0.115791743486940144
1.134000000000000785,-0.114846081482444101
1.135000000000000897,-0.113905298595347232
1.136000000000000787,-0.112969387855986453
1.137000000000000899,-0.112038342166241270
1.138000000000000789,-0.111112154300956972
1.139000000000000901,-0.110190816909390338
1.140000000000000790,-0.109274322516621392
1.141000000000000902,-0.108362663524982319
1.142000000000000792,-0.107455832215470101
1.143000000000000904,-0.106553820749146808
1.144000000000000794,-0.105656621168566861
1.145000000000000906,-0.104764225399139349
1.146000000000000796,-0.103876625250549776
1.147000000000000908,-0.102993812418127814
1.148000000000000798,-0.102115778484230632
1.149000000000000909,-0.101242514919619844
1.150000000000000799,-0.100374013084813390
1.151000000000000689,-0.099510264231467041
1.152000000000000801,-0.098651259503710578
1.153000000000000913,-0.097796989939509055
1.154000000000000803,-0.096947446471992216
1.155000000000000693,-0.096102619930789793
1.156000000000000805,-0.095262501043372305
1.157000000000000917,-0.094427080436355490
1.158000000000000806,-0.093596348636827406
1.159000000000000696,-0.092770296073654016
1.160000000000000808,-0.091948913078769831
1.161000000000000920,-0.091132189888489187
1.162000000000000810,-0.090320116644784135
1.163000000000000700,-0.089512683396570938
1.164000000000000812,-0.088709880100972360
1.165000000000000924,-0.087911696624595997
1.166000000000000814,-0.087118122744799506
1.167000000000000703,-0.086329148150922685
1.168000000000000815,-0.085544762445560904
1.169000000000000927,-0.084764955145780238
1.170000000000000817,-0.083989715684361879
1.171000000000000707,-0.083219033411026183
1.172000000000000819,-0.082452897593653623
1.173000000000000931,-0.081691297419486206
1.174000000000000821,-0.080934221996340067
1.175000000000000711,-0.080181660353792705
1.176000000000000822,-0.079433601444388352
1.177000000000000934,-0.078690034144800150
1.178000000000000824,-0.077950947257025741
1.179000000000000714,-0.077216329509531459
1.180000000000000826,-0.076486169558437372
1.181000000000000938,-0.075760455988649361
1.182000000000000828,-0.075039177315018080
1.183000000000000718,-0.074322321983477407
1.184000000000000830,-0.073609878372170215
1.185000000000000941,-0.072901834792569148
1.186000000000000831,-0.072198179490604891
1.187000000000000721,-0.071498900647763944
1.188000000000000833,-0.070803986382198508
1.189000000000000945,-0.070113424749819839
1.190000000000000835,-0.069427203745383498
1.191000000000000725,-0.068745311303565731
1.192000000000000837,-0.068067735300049101
1.193000000000000949,-0.067394463552570102
1.194000000000000838,-0.066725483821993850
1.195000000000000728,-0.066060783813351537
1.196000000000000840,-0.065400351176891774
1.197000000000000952,-0.064744173509115682
1.198000000000000842,-0.064092238353800873
1.199000000000000732,-0.063444533203031811
1.200000000000000844,-0.062801045498199440
1.201000000000000956,-0.062161762631021800
1.202000000000000846,-0.061526671944540715
1.203000000000000735,-0.060895760734103979
1.204000000000000847,-0.060269016248356601
1.205000000000000959,-0.059646425690229286
1.206000000000000849,-0.059027976217889536
1.207000000000000739,-0.058413654945712976
1.208000000000000851,-0.057803448945244341
1.209000000000000963,-0.057197345246133360
1.210000000000000853,-0.056595330837093526
1.211000000000000743,-0.055997392666814208
1.212000000000000854,-0.055403517644909785
1.213000000000000966,-0.054813692642815784
1.214000000000000856,-0.054227904494726656
1.215000000000000746,-0.053646139998480710
1.216000000000000858,-0.053068385916465663
1.217000000000000970,-0.052494628976512137
1.218000000000000860,-0.051924855872773470
1.219000000000000750,-0.051359053266598155
1.220000000000000862,-0.050797207787415678
1.221000000000000973,-0.050239306033576049
1.222000000000000863,-0.049685334573227082
1.223000000000000753,-0.049135279945146354
1.224000000000000865,-0.048589128659591196
1.225000000000000977,-0.048046867199134126
1.226000000000000867,-0.047508482019484551
1.227000000000000757,-0.046973959550310349
1.228000000000000869,-0.046443286196053431
1.229000000000000981,-0.045916448336744881
1.230000000000000870,-0.045393432328779994
1.231000000000000760,-0.044874224505737817
1.232000000000000872,-0.044358811179161892
1.233000000000000984,-0.043847178639318654
1.234000000000000874,-0.043339313155997969
1.235000000000000764,-0.042835200979261190
1.236000000000000876,-0.042334828340206895
1.237000000000000988,-0.041838181451719261
1.238000000000000878,-0.041345246509222902
1.239000000000000767,-0.040856009691404002
1.240000000000000879,-0.040370457160961590
1.241000000000000991,-0.039888575065322188
1.242000000000000881,-0.039410349537361909
1.243000000000000771,-0.038935766696115579
1.244000000000000883,-0.038464812647492089
1.245000000000000995,-0.037997473484961623
1.246000000000000885,-0.037533735290260356
1.247000000000000774,-0.037073584134063323
1.248000000000000886,-0.036617006076678726
1.249000000000000998,-0.036163987168710755
1.250000000000000888,-0.035714513451735166
1.251000000000000778,-0.035268570958952937
1.252000000000000890,-0.034826145715850645
1.253000000000001002,-0.034387223740843006
1.254000000000000892,-0.033951791045925224
1.255000000000000782,-0.033519833637296471
1.256000000000000894,-0.033091337515993004
1.257000000000001005,-0.032666288678519742
1.258000000000000895,-0.032244673117458052
1.259000000000000785,-0.031826476822084747
1.260000000000000897,-0.031411685778964860
1.261000000000001009,-0.031000285972570495
1.262000000000000899,-0.030592263385850704
1.263000000000000789,-0.030187604000841611
1.264000000000000901,-0.029786293799228279
1.265000000000001013,-0.029388318762929570
1.266000000000000902,-0.028993664874670238
1.267000000000000792,-0.028602318118536047
1.268000000000000904,-0.028214264480537592
1.269000000000001016,-0.027829489949157134
1.270000000000000906,-0.027447980515904219
1.271000000000000796,-0.027069722175843018
1.272000000000000908,-0.026694700928134502
1.273000000000001020,-0.026322902776566865
1.274000000000000909,-0.025954313730076763
1.275000000000000799,-0.025588919803261178
1.276000000000000911,-0.025226707016901460
1.277000000000001023,-0.024867661398459792
1.278000000000000913,-0.024511768982579736
1.279000000000000803,-0.024159015811595776
1.280000000000000915,-0.023809387936008067
1.281000000000001027,-0.023462871414967987
1.282000000000000917,-0.023119452316769026
1.283000000000000806,-0.022779116719308962
1.284000000000000918,-0.022441850710568798
1.285000000000001030,-0.022107640389062606
1.286000000000000920,-0.021776471864308138
1.287000000000000810,-0.021448331257274286
1.288000000000000922,-0.021123204700829418
1.289000000000001034,-0.020801078340183313
1.290000000000000924,-0.020481938333320893
1.291000000000000814,-0.020165770851446711
1.292000000000000925,-0.019852562079392674
1.293000000000001037,-0.019542298216061394
1.294000000000000927,-0.019234965474831923
1.295000000000000817,-0.018930550083961169
1.296000000000000929,-0.018629038287017920
1.297000000000001041,-0.018330416343261234
1.298000000000000931,-0.018034670528047921
1.299000000000000821,-0.017741787133228538
1.300000000000000933,-0.017451752467522629
1.301000000000001044,-0.017164552856914539
1.302000000000000934,-0.016880174645021569
1.303000000000000824,-0.016598604193482802
1.304000000000000936,-0.016319827882304690
1.305000000000001048,-0.016043832110244446
1.306000000000000938,-0.015770603295162600
1.307000000000000828,-0.015500127874376376
1.308000000000000940,-0.015232392305011958
1.309000000000001052,-0.014967383064353324
1.310000000000000941,-0.014705086650174715
1.311000000000000831,-0.014445489581091524
1.312000000000000943,-0.014188578396873550
1.313000000000001055,-0.013934339658795453
1.314000000000000945,-0.013682759949937107
1.315000000000000835,-0.013433825875523640
1.316000000000000947,-0.013187524063226935
1.317000000000001059,-0.012943841163482739
1.318000000000000949,-0.012702763849788839
1.319000000000000838,-0.012464278819023962
1.320000000000000950,-0.012228372791727598
1.321000000000001062,-0.011995032512402869
1.322000000000000952,-0.011764244749808823
1.323000000000000842,-0.011535996297236128
1.324000000000000954,-0.011310273972799418
1.325000000000001066,-0.011087064619706894
1.326000000000000956,-0.010866355106540932
1.327000000000000846,-0.010648132327520515
1.328000000000000957,-0.010432383202773239
1.329000000000001069,-0.010219094678590690
1.330000000000000959,-0.010008253727692016
1.331000000000000849,-0.009799847349478953
1.332000000000000961,-0.009593862570275011
1.333000000000001073,-0.009390286443579783
1.334000000000000963,-0.009189106050318384
1.335000000000000853,-0.008990308499067647
1.336000000000000965,-0.008793880926296035
1.337000000000001076,-0.008599810496600014
1.338000000000000966,-0.008408084402922759
1.339000000000000856,-0.008218689866783927
1.340000000000000968,-0.008031614138504414
1.341000000000001080,-0.007846844497409898
1.342000000000000970,-0.007664368252058294
1.343000000000000860,-0.007484172740444968
1.344000000000000972,-0.007306245330203583
1.345000000000001084,-0.007130573418818034
1.346000000000000973,-0.006957144433819296
1.347000000000000863,-0.006785945832975600
1.348000000000000975,-0.006616965104492419
1.349000000000001087,-0.006450189767198108
1.350000000000000977,-0.006285607370737374
1.351000000000000867,-0.006123205495745550
1.352000000000000979,-0.005962971754022035
1.353000000000001091,-0.005804893788730696
1.354000000000000981,-0.005648959274550616
1.355000000000000870,-0.005495155917853834
1.356000000000000982,-0.005343471456872084
1.357000000000001094,-0.005193893661864341
1.358000000000000984,-0.005046410335271122
1.359000000000000874,-0.004901009311875039
1.360000000000000986,-0.004757678458951987
1.361000000000001098,-0.004616405676435342
1.362000000000000988,-0.004477178897046301
1.363000000000000878,-0.004339986086450269
1.364000000000000989,-0.004204815243403204
1.365000000000001101,-0.004071654399877110
1.366000000000000991,-0.003940491621211612
1.367000000000000881,-0.003811315006238681
1.368000000000000993,-0.003684112687419686
1.369000000000001105,-0.003558872830970869
1.370000000000000995,-0.003435583636988923
1.371000000000000885,-0.003314233339571804
1.372000000000000997,-0.003194810206941943
1.373000000000001108,-0.003077302541566897
1.374000000000000998,-0.002961698680263566
1.375000000000000888,-0.002847986994319328
1.376000000000001000,-0.002736155889603296
1.377000000000001112,-0.002626193806658696
1.378000000000001002,-0.002518089220824725
1.379000000000000892,-0.002411830642326940
1.380000000000001004,-0.002307406616377875
1.381000000000001116,-0.002204805723280607
1.382000000000001005,-0.002104016578514111
1.383000000000000895,-0.002005027832826134
1.384000000000001007,-0.001907828172327338
1.385000000000001119,-0.001812406318574697
1.386000000000001009,-0.001718751028657248
1.387000000000000899,-0.001626851095269214
1.388000000000001011,-0.001536695346811151
1.389000000000001123,-0.001448272647441227
1.390000000000001013,-0.001361571897166218
1.391000000000000902,-0.001276582031913288
1.392000000000001014,-0.001193292023590073
1.393000000000001126,-0.001111690880164088
1.394000000000001016,-0.001031767645726446
1.395000000000000906,-0.000953511400551279
1.396000000000001018,-0.000876911261156983
1.397000000000001130,-0.000801956380371430
1.398000000000001020,-0.000728635947384303
1.399000000000000909,-0.000656939187805483
1.400000000000001021,-0.000586855363711744
1.401000000000001133,-0.000518373773708366
1.402000000000001023,-0.000451483752965879
1.403000000000000913,-0.000386174673273488
1.404000000000001025,-0.000322435943090432
1.405000000000001137,-0.000260257007569103
1.406000000000001027,-0.000199627348617735
1.407000000000000917,-0.000140536484929059
1.408000000000001029,-0.000082973972013763
1.409000000000001140,-0.000026929402243220
1.410000000000001030,0.000027607595121602
1.411000000000000920,0.000080647353899928
1.412000000000001032,0.000132200170956194
1.413000000000001144,0.000182276306176593
1.414000000000001034,0.000230885982447314
1.415000000000000924,0.000278039385623359
1.416000000000001036,0.000323746664502829
1.417000000000001148,0.000368017930820136
1.418000000000001037,0.000410863259218681
1.419000000000000927,0.000452292687234161
1.420000000000001039,0.000492316215277766
1.421000000000001151,0.000530943806626668
1.422000000000001041,0.000568185387412225
1.423000000000000931,0.000604050846604219
1.424000000000001043,0.000638550036005745
1.425000000000001155,0.000671692770249466
1.426000000000001044,0.000703488826784905
1.427000000000000934,0.000733947945880023
1.428000000000001046,0.000763079830617342
1.429000000000001158,0.000790894146895366
1.430000000000001048,0.000817400523418625
1.431000000000000938,0.000842608551719918
1.432000000000001050,0.000866527786143907
1.433000000000001162,0.000889167743862466
1.434000000000001052,0.000910537904882171
1.435000000000000941,0.000930647712045945
1.436000000000001053,0.000949506571051285
1.437000000000001165,0.000967123850453110
1.438000000000001055,0.000983508881680530
1.439000000000000945,0.000998670959047976
1.440000000000001057,0.001012619339772119
1.441000000000001169,0.001025363243990144
1.442000000000001059,0.001036911854772505
1.443000000000000949,0.001047274318145314
1.444000000000001060,0.001056459743108995
1.445000000000001172,0.001064477201664864
1.446000000000001062,0.001071335728827015
1.447000000000000952,0.001077044322659055
1.448000000000001064,0.001081611944291432
1.449000000000001176,0.001085047517949472
1.450000000000001066,0.001087359930984213
1.451000000000000956,0.001088558033895953
1.452000000000001068,0.001088650640372612
1.453000000000001180,0.001087646527309939
1.454000000000001069,0.001085554434856185
1.455000000000000959,0.001082383066434012
1.456000000000001071,0.001078141088783286
1.457000000000001183,0.001072837131994451
1.458000000000001073,0.001066479789542186
1.459000000000000963,0.001059077618329304
1.460000000000001075,0.001050639138724837
1.461000000000001187,0.001041172834597809
1.462000000000001076,0.001030687153362936
1.463000000000000966,0.001019190506025867
1.464000000000001078,0.001006691267219368
1.465000000000001190,0.000993197775254911
1.466000000000001080,0.000978718332156515
1.467000000000000970,0.000963261203722718
1.468000000000001082,0.000946834619558612
1.469000000000001194,0.000929446773135908
1.470000000000001084,0.000911105821831960
1.471000000000000973,0.000891819886984569
1.472000000000001085,0.000871597053940219
1.473000000000001197,0.000850445372113881
1.474000000000001087,0.000828372855025740
1.475000000000000977,0.000805387480371677
1.476000000000001089,0.000781497190067016
1.477000000000001201,0.000756709890302418
1.478000000000001091,0.000731033451602738
1.479000000000000981,0.000704475708885626
1.480000000000001092,0.000677044461510908
1.481000000000001204,0.000648747473349572
1.482000000000001094,0.000619592472832408
1.483000000000000984,0.000589587153013840
1.484000000000001096,0.000558739171642531
1.485000000000001208,0.000527056151203697
1.486000000000001098,0.000494545678997287
1.487000000000000988,0.000461215307192802
1.488000000000001100,0.000427072552896915
1.489000000000001211,0.000392124898213017
1.490000000000001101,0.000356379790311129
1.491000000000000991,0.000319844641489866
1.492000000000001103,0.000282526829249127
1.493000000000001215,0.000244433696343696
1.494000000000001105,0.000205572550869795
1.495000000000000995,0.000165950666316189
1.496000000000001107,0.000125575281642927
1.497000000000001219,0.000084453601349097
1.498000000000001108,0.000042592795539974
1.499000000000000998,0.000000000000000000
