# hydroxyapatite-001-ph5_HIESCA-AC
# h[nm],U(h)[kJ/mol]
0.149999999999999994,129.969933731065140137
0.150999999999999995,127.421268520133295965
0.151999999999999996,125.344779041856980939
0.152999999999999997,123.369132505575947789
0.153999999999999998,121.366564525293568977
0.154999999999999999,119.322081342053976982
0.156000000000000000,117.262996148314257994
0.157000000000000001,115.224020110329774980
0.158000000000000002,113.232430998631940611
0.159000000000000002,111.303889156615511524
0.160000000000000003,109.443340177485808340
0.161000000000000004,107.647872348466378867
0.162000000000000005,105.909883728628145150
0.163000000000000006,104.219794138168296627
0.164000000000000007,102.568034654246133641
0.165000000000000008,100.946308315417596191
0.166000000000000009,99.348235868670641935
0.167000000000000010,97.769540199122573654
0.168000000000000010,96.207920305609761158
0.169000000000000011,94.662743100759541903
0.170000000000000012,93.134652077939293235
0.171000000000000013,91.625163105077561454
0.172000000000000014,90.136292681939806926
0.173000000000000015,88.670244163389227765
0.174000000000000016,87.229162732833671612
0.175000000000000017,85.814959732254635583
0.176000000000000018,84.429200502098268544
0.177000000000000018,83.073046304928183758
0.178000000000000019,81.747239422481882798
0.179000000000000020,80.452120467998980757
0.180000000000000021,79.187667818318800528
0.181000000000000022,77.953550443104347778
0.182000000000000023,76.749187001513377027
0.183000000000000024,75.573805690331241181
0.184000000000000025,74.426500834200879808
0.185000000000000026,73.306283534478936303
0.186000000000000026,72.212124804103041242
0.187000000000000027,71.142990504621081982
0.188000000000000028,70.097868078973945671
0.189000000000000029,69.075785561139738888
0.190000000000000030,68.075823668164233027
0.191000000000000031,67.097121969973940736
0.192000000000000032,66.138880215550656771
0.193000000000000033,65.200355896148707302
0.194000000000000034,64.280859069810702522
0.195000000000000034,63.379745375593550705
0.196000000000000035,62.496408046329591457
0.197000000000000036,61.630269597832047168
0.198000000000000037,60.780773739684988755
0.199000000000000038,59.947377925065474358
0.200000000000000039,59.129546839196187591
0.201000000000000040,58.326747021027607332
0.202000000000000041,57.538442722204194979
0.203000000000000042,56.764093031800328504
0.204000000000000042,56.003150234439928568
0.205000000000000043,55.255059322390970067
0.206000000000000044,54.519258547829906547
0.207000000000000045,53.795180878256999790
0.208000000000000046,53.082256204468286853
0.209000000000000047,52.379914144996050140
0.210000000000000048,51.687587292016949903
0.211000000000000049,51.004714749999052970
0.212000000000000050,50.330745828539185993
0.213000000000000050,49.665143763813802025
0.214000000000000051,49.007389357849653777
0.215000000000000052,48.356984440596747277
0.216000000000000053,47.713455075875089051
0.217000000000000054,47.076354448120738994
0.218000000000000055,46.445265382054124359
0.219000000000000056,45.819802461613470257
0.220000000000000057,45.199613727516435802
0.221000000000000058,44.584381944488555405
0.222000000000000058,43.973825439448440022
0.223000000000000059,43.367698520746387203
0.224000000000000060,42.765791495931807731
0.225000000000000061,42.167930311533467602
0.226000000000000062,41.573975843050270385
0.227000000000000063,40.983822866869800805
0.228000000000000064,40.397398748264443213
0.229000000000000065,39.814661881075338101
0.230000000000000066,39.235599915301385465
0.231000000000000066,38.660227808680772910
0.232000000000000067,38.088585737596858394
0.233000000000000068,37.520736901368259453
0.234000000000000069,36.956765252292207435
0.235000000000000070,36.396773181794564778
0.236000000000000071,35.840879190781187447
0.237000000000000072,35.289215569857944388
0.238000000000000073,34.741926112557401041
0.239000000000000073,34.199163882135415804
0.240000000000000074,33.661089049927518602
0.241000000000000075,33.127866820727966513
0.242000000000000076,32.599665458203766377
0.243000000000000077,32.076654421010275087
0.244000000000000078,31.559002618057000689
0.245000000000000079,31.046876789294906018
0.246000000000000080,30.540440016473901608
0.247000000000000081,30.039850366555747030
0.248000000000000081,29.545259668869412906
0.249000000000000082,29.056812425661156851
0.250000000000000111,28.574644854419538831
0.251000000000000112,28.098884059241726163
0.252000000000000113,27.629647327545132640
0.253000000000000114,27.167041547612701180
0.254000000000000115,26.711162741779617136
0.255000000000000115,26.262095709517687681
0.256000000000000116,25.819913774240621507
0.257000000000000117,25.384678627328792544
0.258000000000000118,24.956440262647948458
0.259000000000000119,24.535236994700404978
0.260000000000000120,24.121095553492573060
0.261000000000000121,23.714031249218948005
0.262000000000000122,23.314048199940810235
0.263000000000000123,22.921139615570808701
0.264000000000000123,22.535288131653047117
0.265000000000000124,22.156466186646042615
0.266000000000000125,21.784636436665678616
0.267000000000000126,21.419752201920978507
0.268000000000000127,21.061757939370885140
0.269000000000000128,20.710589736441541220
0.270000000000000129,20.366175820964155463
0.271000000000000130,20.028437082820765625
0.272000000000000131,19.697287603115000820
0.273000000000000131,19.372635187013408142
0.274000000000000132,19.054381896728290968
0.275000000000000133,18.742424581432025832
0.276000000000000134,18.436655401203417171
0.277000000000000135,18.136962342408409654
0.278000000000000136,17.843229722206565668
0.279000000000000137,17.555338680152470232
0.280000000000000138,17.273167655125376996
0.281000000000000139,16.996592846070441851
0.282000000000000139,16.725488655270755345
0.283000000000000140,16.459728113090587698
0.284000000000000141,16.199183283336783035
0.285000000000000142,15.943725648576835496
0.286000000000000143,15.693226474929520720
0.287000000000000144,15.447557156007011514
0.288000000000000145,15.206589535836078753
0.289000000000000146,14.970196210722187757
0.290000000000000147,14.738250810142023539
0.291000000000000147,14.510628256860812257
0.292000000000000148,14.287205006568271415
0.293000000000000149,14.067859267414494440
0.294000000000000150,13.852471199902549159
0.295000000000000151,13.640923097661106667
0.296000000000000152,13.433099549676589035
0.297000000000000153,13.228887584612362360
0.298000000000000154,13.028176797881698690
0.299000000000000155,12.830859462173311414
0.300000000000000155,12.636830622152990244
0.301000000000000156,12.445988174083421285
0.302000000000000157,12.258232931116488373
0.303000000000000158,12.073468675019871199
0.304000000000000159,11.891602195101675932
0.305000000000000160,11.712543315095063079
0.306000000000000161,11.536204908758586285
0.307000000000000162,11.362502904938670767
0.308000000000000163,11.191356282828088808
0.309000000000000163,11.022687058139036154
0.310000000000000164,10.856420260892013729
0.311000000000000165,10.692483905502049524
0.312000000000000166,10.530808953822827334
0.313000000000000167,10.371329271786517978
0.314000000000000168,10.213981580253621573
0.315000000000000169,10.058705400662436347
0.316000000000000170,9.905442996042577164
0.317000000000000171,9.754139307931357195
0.318000000000000171,9.604741889705843860
0.319000000000000172,9.457200836817339251
0.320000000000000173,9.311468714389034673
0.321000000000000174,9.167500482611803392
0.322000000000000175,9.025253420347407740
0.323000000000000176,8.884687047323367892
0.324000000000000177,8.745763045278945214
0.325000000000000178,8.608445178397674979
0.326000000000000179,8.472699213338238167
0.327000000000000179,8.338492839152783276
0.328000000000000180,8.205795587359613563
0.329000000000000181,8.074578752415863647
0.330000000000000182,7.944815312815260988
0.331000000000000183,7.816479853016287116
0.332000000000000184,7.689548486387218773
0.333000000000000185,7.563998779336509770
0.334000000000000186,7.439809676779671754
0.335000000000000187,7.316961429077563750
0.336000000000000187,7.195435520565351517
0.337000000000000188,7.075214599776991520
0.338000000000000189,6.956282411455842585
0.339000000000000190,6.838623730429300274
0.340000000000000191,6.722224297412942917
0.341000000000000192,6.607070756798199440
0.342000000000000193,6.493150596466799485
0.343000000000000194,6.380452089665297422
0.344000000000000195,6.268964238963703473
0.345000000000000195,6.158676722313403573
0.346000000000000196,6.049579841211936149
0.347000000000000197,5.941664470974478363
0.348000000000000198,5.834922013105456884
0.349000000000000199,5.729344349757328203
0.350000000000000200,5.624923800258060602
0.351000000000000201,5.521653079683680687
0.352000000000000202,5.419525259447780741
0.353000000000000203,5.318533729875558613
0.354000000000000203,5.218672164726427809
0.355000000000000204,5.119934487625988240
0.356000000000000205,5.022314840365138977
0.357000000000000206,4.925807553021689600
0.358000000000000207,4.830407115857792810
0.359000000000000208,4.736108152944544791
0.360000000000000209,4.642905397463564121
0.361000000000000210,4.550793668634399936
0.362000000000000210,4.459767850215246021
0.363000000000000211,4.369822870524140868
0.364000000000000212,4.280953683926956188
0.365000000000000213,4.193155253738515498
0.366000000000000214,4.106422536482864594
0.367000000000000215,4.020750467458968913
0.368000000000000216,3.936133947558136725
0.369000000000000217,3.852567831280190980
0.370000000000000218,3.770046915895571171
0.371000000000000218,3.688565931701521805
0.372000000000000219,3.608119533321007655
0.373000000000000220,3.528702291994000095
0.374000000000000221,3.450308688811706048
0.375000000000000222,3.372933108845322714
0.376000000000000223,3.296569836121785890
0.377000000000000224,3.221213049400474038
0.378000000000000225,3.146856818705658032
0.379000000000000226,3.073495102570979132
0.380000000000000226,3.001121745953220010
0.381000000000000227,2.929730478774226210
0.382000000000000228,2.859314915050847006
0.383000000000000229,2.789868552574267913
0.384000000000000230,2.721384773101390486
0.385000000000000231,2.653856843022119882
0.386000000000000232,2.587277914468023798
0.387000000000000233,2.521641026828766119
0.388000000000000234,2.456939108644475844
0.389000000000000234,2.393164979843118711
0.390000000000000235,2.330311354293473247
0.391000000000000236,2.268370842645560881
0.392000000000000237,2.207335955431495744
0.393000000000000238,2.147199106401138202
0.394000000000000239,2.087952616068036615
0.395000000000000240,2.029588715442329772
0.396000000000000241,1.972099549928498563
0.397000000000000242,1.915477183366942171
0.398000000000000242,1.859713602199452254
0.399000000000000243,1.804800719739819259
0.400000000000000244,1.750730380531675845
0.401000000000000245,1.697494364776863662
0.402000000000000246,1.645084392818577212
0.403000000000000247,1.593492129664304091
0.404000000000000248,1.542709189534767322
0.405000000000000249,1.492727140425737620
0.406000000000000250,1.443537508670609704
0.407000000000000250,1.395131783492308486
0.408000000000000251,1.347501421533992438
0.409000000000000252,1.300637851358769748
0.410000000000000253,1.254532477909285459
0.411000000000000254,1.209176686918864707
0.412000000000000255,1.164561849266511517
0.413000000000000256,1.120679325268605364
0.414000000000000257,1.077520468901006279
0.415000000000000258,1.035076631945514469
0.416000000000000258,0.993339168055557109
0.417000000000000259,0.952299436736183558
0.418000000000000260,0.911948807234195913
0.419000000000000261,0.872278662334529331
0.420000000000000262,0.833280402059651926
0.421000000000000263,0.794945447268952554
0.422000000000000264,0.757265243155731183
0.423000000000000265,0.720231262639592251
0.424000000000000266,0.683835009652501324
0.425000000000000266,0.648068022317140224
0.426000000000000267,0.612921876016394362
0.427000000000000268,0.578388186353234857
0.428000000000000269,0.544458612000480291
0.429000000000000270,0.511124857440153679
0.430000000000000271,0.478378675592514013
0.431000000000000272,0.446211870334898619
0.432000000000000273,0.414616298910918613
0.433000000000000274,0.383583874230594368
0.434000000000000274,0.353106567062258958
0.435000000000000275,0.323176408117282321
0.436000000000000276,0.293785490028708518
0.437000000000000277,0.264925969225135727
0.438000000000000278,0.236590067701288292
0.439000000000000279,0.208770074686770751
0.440000000000000280,0.181458348214726672
0.441000000000000281,0.154647316592138401
0.442000000000000282,0.128329479773537480
0.443000000000000282,0.102497410640204303
0.444000000000000283,0.077143756186653922
0.445000000000000284,0.052261238616624975
0.446000000000000285,0.027842656350585315
0.447000000000000286,0.003880884946881036
0.448000000000000287,-0.019631122061182716
0.449000000000000288,-0.042700332410242584
0.450000000000000289,-0.065333634431419443
0.451000000000000290,-0.087537836452277057
0.452000000000000290,-0.109319666273979668
0.453000000000000291,-0.130685770721264666
0.454000000000000292,-0.151642715263041683
0.455000000000000293,-0.172196983701293493
0.456000000000000294,-0.192354977926007115
0.457000000000000295,-0.212123017733904240
0.458000000000000296,-0.231507340708664605
0.459000000000000297,-0.250514102160466490
0.460000000000000298,-0.269149375122594459
0.461000000000000298,-0.287419150402943357
0.462000000000000299,-0.305329336688249131
0.463000000000000300,-0.322885760698893132
0.464000000000000301,-0.340094167392215763
0.465000000000000302,-0.356960220212218515
0.466000000000000303,-0.373489501383638067
0.467000000000000304,-0.389687512248403645
0.468000000000000305,-0.405559673642461926
0.469000000000000306,-0.421111326311080336
0.470000000000000306,-0.436347731360752000
0.471000000000000307,-0.451274070745781075
0.472000000000000308,-0.465895447787807448
0.473000000000000309,-0.480216887726503561
0.474000000000000310,-0.494243338299642954
0.475000000000000311,-0.507979670350957702
0.476000000000000312,-0.521430678464057773
0.477000000000000313,-0.534601081620897811
0.478000000000000314,-0.547495523883139046
0.479000000000000314,-0.560118575095007287
0.480000000000000315,-0.572474731606076315
0.481000000000000316,-0.584568417012647501
0.482000000000000317,-0.596403982916252851
0.483000000000000318,-0.607985709698029786
0.484000000000000319,-0.619317807307614765
0.485000000000000320,-0.630404416065310613
0.486000000000000321,-0.641249607476360506
0.487000000000000322,-0.651857385056107019
0.488000000000000322,-0.662231685164899053
0.489000000000000323,-0.672376377851744977
0.490000000000000324,-0.682295267705548936
0.491000000000000325,-0.691992094713006822
0.492000000000000326,-0.701470535122132643
0.493000000000000327,-0.710734202310535412
0.494000000000000328,-0.719786647657488343
0.495000000000000329,-0.728631361418999313
0.496000000000000330,-0.737271773604964542
0.497000000000000330,-0.745711254857764239
0.498000000000000331,-0.753953117331331968
0.499000000000000332,-0.762000615570195827
0.500000000000000333,-0.769856947387668855
0.501000000000000334,-0.777525254742528871
0.502000000000000335,-0.785008624613651174
0.503000000000000336,-0.792310089871895107
0.504000000000000337,-0.799432630148762424
0.505000000000000338,-0.806379172701217839
0.506000000000000338,-0.813152593272209123
0.507000000000000339,-0.819755716946404811
0.508000000000000340,-0.826191319000626256
0.509000000000000341,-0.832462125748666182
0.510000000000000342,-0.838570815379942047
0.511000000000000343,-0.844520018791734772
0.512000000000000344,-0.850312320414549183
0.513000000000000345,-0.855950259030318406
0.514000000000000346,-0.861436328583151889
0.515000000000000346,-0.866772978982261355
0.516000000000000347,-0.871962616896861165
0.517000000000000348,-0.877007606542773765
0.518000000000000349,-0.881910270460474321
0.519000000000000350,-0.886672890284415205
0.520000000000000351,-0.891297707503354131
0.521000000000000352,-0.895786924211624203
0.522000000000000353,-0.900142703851023684
0.523000000000000353,-0.904367171943332715
0.524000000000000354,-0.908462416813223816
0.525000000000000355,-0.912430490301490038
0.526000000000000356,-0.916273408468451733
0.527000000000000357,-0.919993152287509219
0.528000000000000358,-0.923591668328695770
0.529000000000000359,-0.927070869432238931
0.530000000000000360,-0.930432635371973071
0.531000000000000361,-0.933678813508686312
0.532000000000000361,-0.936811219433270947
0.533000000000000362,-0.939831637599702896
0.534000000000000363,-0.942741821947809866
0.535000000000000364,-0.945543496515886206
0.536000000000000365,-0.948238356043060060
0.537000000000000366,-0.950828066561548391
0.538000000000000367,-0.953314265978689290
0.539000000000000368,-0.955698564648936100
0.540000000000000369,-0.957982545935689322
0.541000000000000369,-0.960167766763172059
0.542000000000000370,-0.962255758158237051
0.543000000000000371,-0.964248025782314166
0.544000000000000372,-0.966146050453447147
0.545000000000000373,-0.967951288658569831
0.546000000000000374,-0.969665173056036167
0.547000000000000375,-0.971289112968510282
0.548000000000000376,-0.972824494866306511
0.549000000000000377,-0.974272682841244353
0.550000000000000377,-0.975635019071144582
0.551000000000000378,-0.976912824274991154
0.552000000000000379,-0.978107398158970520
0.553000000000000380,-0.979220019853364265
0.554000000000000381,-0.980251948340478685
0.555000000000000382,-0.981204422873728888
0.556000000000000383,-0.982078663387888851
0.557000000000000384,-0.982875870900764559
0.558000000000000385,-0.983597227906248150
0.559000000000000385,-0.984243898758995761
0.560000000000000386,-0.984817030050783138
0.561000000000000387,-0.985317750978658813
0.562000000000000388,-0.985747173705011193
0.563000000000000389,-0.986106393709725637
0.564000000000000390,-0.986396490134461734
0.565000000000000391,-0.986618526119247163
0.566000000000000392,-0.986773549131465977
0.567000000000000393,-0.986862591287413493
0.568000000000000393,-0.986886669666467320
0.569000000000000394,-0.986846786618060356
0.570000000000000395,-0.986743930061577901
0.571000000000000396,-0.986579073779235594
0.572000000000000397,-0.986353177702164130
0.573000000000000398,-0.986067188189725385
0.574000000000000399,-0.985722038302253800
0.575000000000000400,-0.985318648067307734
0.576000000000000401,-0.984857924739540480
0.577000000000000401,-0.984340763054393664
0.578000000000000402,-0.983768045475609698
0.579000000000000403,-0.983140642436771017
0.580000000000000404,-0.982459412576992319
0.581000000000000405,-0.981725202970790134
0.582000000000000406,-0.980938849352373965
0.583000000000000407,-0.980101176334356672
0.584000000000000408,-0.979212997621090153
0.585000000000000409,-0.978275116216689833
0.586000000000000409,-0.977288324627851979
0.587000000000000410,-0.976253405061652146
0.588000000000000411,-0.975171129618299437
0.589000000000000412,-0.974042260479127231
0.590000000000000413,-0.972867550089751787
0.591000000000000414,-0.971647741338644066
0.592000000000000415,-0.970383567731152197
0.593000000000000416,-0.969075753559073938
0.594000000000000417,-0.967725014065909939
0.595000000000000417,-0.966332055607912799
0.596000000000000418,-0.964897575810942931
0.597000000000000419,-0.963422263723365147
0.598000000000000420,-0.961906799964941106
0.599000000000000421,-0.960351856871930254
0.600000000000000422,-0.958758098638421763
0.601000000000000423,-0.957126181453988090
0.602000000000000424,-0.955456753637816569
0.603000000000000425,-0.953750455769334593
0.604000000000000425,-0.952007920815438835
0.605000000000000426,-0.950229774254432558
0.606000000000000427,-0.948416634196759700
0.607000000000000428,-0.946569111502532090
0.608000000000000429,-0.944687809896109565
0.609000000000000430,-0.942773326077582352
0.610000000000000431,-0.940826249831453465
0.611000000000000432,-0.938847164132440071
0.612000000000000433,-0.936836645248540378
0.613000000000000433,-0.934795262841443653
0.614000000000000434,-0.932723580064326208
0.615000000000000435,-0.930622153657114759
0.616000000000000436,-0.928491534039271871
0.617000000000000437,-0.926332265400244714
0.618000000000000438,-0.924144885787530845
0.619000000000000439,-0.921929927192488230
0.620000000000000440,-0.919687915633981445
0.621000000000000441,-0.917419371239860837
0.622000000000000441,-0.915124808326384098
0.623000000000000442,-0.912804735475605478
0.624000000000000443,-0.910459655610816321
0.625000000000000444,-0.908090066070106339
0.626000000000000445,-0.905696458678036387
0.627000000000000446,-0.903279319815561643
0.628000000000000447,-0.900839130488199635
0.629000000000000448,-0.898376366392514947
0.630000000000000449,-0.895891497980960905
0.631000000000000449,-0.893384990525155964
0.632000000000000450,-0.890857304177602116
0.633000000000000451,-0.888308894031940022
0.634000000000000452,-0.885740210181712562
0.635000000000000453,-0.883151697777793232
0.636000000000000454,-0.880543797084390456
0.637000000000000455,-0.877916943533803340
0.638000000000000456,-0.875271567779845605
0.639000000000000457,-0.872608095750077362
0.640000000000000457,-0.869926948696842062
0.641000000000000458,-0.867228543247110628
0.642000000000000459,-0.864513291451270982
0.643000000000000460,-0.861781600830773264
0.644000000000000461,-0.859033874424771304
0.645000000000000462,-0.856270510835742682
0.646000000000000463,-0.853491904274110480
0.647000000000000464,-0.850698444601942660
0.648000000000000465,-0.847890517375738950
0.649000000000000465,-0.845068503888303013
0.650000000000000466,-0.842232781209808046
0.651000000000000467,-0.839383722227982410
0.652000000000000468,-0.836521695687551414
0.653000000000000469,-0.833647066228856204
0.654000000000000470,-0.830760194425783971
0.655000000000000471,-0.827861436822941221
0.656000000000000472,-0.824951145972139144
0.657000000000000473,-0.822029670468223728
0.658000000000000473,-0.819097354984254067
0.659000000000000474,-0.816154540306052390
0.660000000000000475,-0.813201563366168445
0.661000000000000476,-0.810238757277235266
0.662000000000000477,-0.807266451364804238
0.663000000000000478,-0.804284971199602738
0.664000000000000479,-0.801294638629321931
0.665000000000000480,-0.798295771809827692
0.666000000000000481,-0.795288685235983728
0.667000000000000481,-0.792273689771913481
0.668000000000000482,-0.789251092680904542
0.669000000000000483,-0.786221197654802473
0.670000000000000484,-0.783184304843042134
0.671000000000000485,-0.780140710881259247
0.672000000000000486,-0.777090708919501161
0.673000000000000487,-0.774034588650106548
0.674000000000000488,-0.770972636335181982
0.675000000000000488,-0.767905134833753111
0.676000000000000489,-0.764832363628610845
0.677000000000000490,-0.761754598852779297
0.678000000000000491,-0.758672113315731700
0.679000000000000492,-0.755585176529282143
0.680000000000000493,-0.752494054733194639
0.681000000000000494,-0.749399010920530739
0.682000000000000495,-0.746300304862709263
0.683000000000000496,-0.743198193134342100
0.684000000000000496,-0.740092929137807110
0.685000000000000497,-0.736984763127576437
0.686000000000000498,-0.733873942234347432
0.687000000000000499,-0.730760710488926990
0.688000000000000500,-0.727645308845913164
0.689000000000000501,-0.724527975207184927
0.690000000000000502,-0.721408944445187550
0.691000000000000503,-0.718288448426036341
0.692000000000000504,-0.715166716032412331
0.693000000000000504,-0.712043973186343271
0.694000000000000505,-0.708920442871732837
0.695000000000000506,-0.705796345156814331
0.696000000000000507,-0.702671897216382790
0.697000000000000508,-0.699547313353899192
0.698000000000000509,-0.696422805023461988
0.699000000000000510,-0.693298580851611335
0.700000000000000511,-0.690174846659012742
0.701000000000000512,-0.687051805482012723
0.702000000000000512,-0.683929657594051443
0.703000000000000513,-0.680808600526963126
0.704000000000000514,-0.677688829092158884
0.705000000000000515,-0.674570535401681992
0.706000000000000516,-0.671453908889162676
0.707000000000000517,-0.668339136330666883
0.708000000000000518,-0.665226401865401717
0.709000000000000519,-0.662115887016394677
0.710000000000000520,-0.659007770710983265
0.711000000000000520,-0.655902229301272732
0.712000000000000521,-0.652799436584475146
0.713000000000000522,-0.649699563823139870
0.714000000000000523,-0.646602779765333757
0.715000000000000524,-0.643509250664691002
0.716000000000000525,-0.640419140300404477
0.717000000000000526,-0.637332609997130706
0.718000000000000527,-0.634249818644784691
0.719000000000000528,-0.631170922718280791
0.720000000000000528,-0.628096076297209427
0.721000000000000529,-0.625025431085371452
0.722000000000000530,-0.621959136430315751
0.723000000000000531,-0.618897339342725616
0.724000000000000532,-0.615840184515793698
0.725000000000000533,-0.612787814344487924
0.726000000000000534,-0.609740368944739708
0.727000000000000535,-0.606697986172582526
0.728000000000000536,-0.603660801643206235
0.729000000000000536,-0.600628948749932667
0.730000000000000537,-0.597602558683147600
0.731000000000000538,-0.594581760449123919
0.732000000000000539,-0.591566680888813479
0.733000000000000540,-0.588557444696545362
0.734000000000000541,-0.585554174438667974
0.735000000000000542,-0.582556990572099087
0.736000000000000543,-0.579566011462855579
0.737000000000000544,-0.576581353404453489
0.738000000000000544,-0.573603130636298753
0.739000000000000545,-0.570631455361966688
0.740000000000000546,-0.567666437767429755
0.741000000000000547,-0.564708186039210913
0.742000000000000548,-0.561756806382508467
0.743000000000000549,-0.558812403039168792
0.744000000000000550,-0.555875078305673620
0.745000000000000551,-0.552944932551010737
0.746000000000000552,-0.550022064234500174
0.747000000000000552,-0.547106569923540453
0.748000000000000553,-0.544198544311276788
0.749000000000000554,-0.541298080234215107
0.750000000000000555,-0.538405268689765903
0.751000000000000556,-0.535520198853696172
0.752000000000000557,-0.532642958097559127
0.753000000000000558,-0.529773632005970718
0.754000000000000559,-0.526912304393913677
0.755000000000000560,-0.524059057323886024
0.756000000000000560,-0.521213971123042130
0.757000000000000561,-0.518377124400199674
0.758000000000000562,-0.515548594062819276
0.759000000000000563,-0.512728455333899658
0.760000000000000564,-0.509916781768795069
0.761000000000000565,-0.507113645271946689
0.762000000000000566,-0.504319116113565280
0.763000000000000567,-0.501533262946213698
0.764000000000000568,-0.498756152821320686
0.765000000000000568,-0.495987851205638264
0.766000000000000569,-0.493228421997585875
0.767000000000000570,-0.490477927543555292
0.768000000000000571,-0.487736428654098220
0.769000000000000572,-0.485003984620070050
0.770000000000000573,-0.482280653228676415
0.771000000000000574,-0.479566490779451349
0.772000000000000575,-0.476861552100142916
0.773000000000000576,-0.474165890562524339
0.774000000000000576,-0.471479558098127693
0.775000000000000577,-0.468802605213899048
0.776000000000000578,-0.466135081007754859
0.777000000000000579,-0.463477033184085507
0.778000000000000580,-0.460828508069138221
0.779000000000000581,-0.458189550626357078
0.780000000000000582,-0.455560204471605501
0.781000000000000583,-0.452940511888333397
0.782000000000000584,-0.450330513842638225
0.783000000000000584,-0.447730249998245733
0.784000000000000585,-0.445139758731425583
0.785000000000000586,-0.442559077145783963
0.786000000000000587,-0.439988241087012899
0.787000000000000588,-0.437427285157520163
0.788000000000000589,-0.434876242730979967
0.789000000000000590,-0.432335145966821321
0.790000000000000591,-0.429804025824591041
0.791000000000000592,-0.427282912078254806
0.792000000000000592,-0.424771833330404303
0.793000000000000593,-0.422270817026368928
0.794000000000000594,-0.419779889468250456
0.795000000000000595,-0.417299075828869603
0.796000000000000596,-0.414828400165600741
0.797000000000000597,-0.412367885434144987
0.798000000000000598,-0.409917553502209153
0.799000000000000599,-0.407477425163064289
0.800000000000000600,-0.405047520149073581
0.801000000000000600,-0.402627857145064383
0.802000000000000601,-0.400218453801651886
0.803000000000000602,-0.397819326748462321
0.804000000000000603,-0.395430491607258294
0.805000000000000604,-0.393051963004992566
0.806000000000000605,-0.390683754586729937
0.807000000000000606,-0.388325879028530108
0.808000000000000607,-0.385978348050199926
0.809000000000000608,-0.383641172427968136
0.810000000000000608,-0.381314362007087460
0.811000000000000609,-0.378997925714281592
0.812000000000000610,-0.376691871570202286
0.813000000000000611,-0.374396206701687717
0.814000000000000612,-0.372110937354000193
0.815000000000000613,-0.369836068902957116
0.816000000000000614,-0.367571605866947260
0.817000000000000615,-0.365317551918871664
0.818000000000000616,-0.363073909898005920
0.819000000000000616,-0.360840681821744891
0.820000000000000617,-0.358617868897260883
0.821000000000000618,-0.356405471533088825
0.822000000000000619,-0.354203489350606193
0.823000000000000620,-0.352011921195414190
0.824000000000000621,-0.349830765148629375
0.825000000000000622,-0.347660018538104854
0.826000000000000623,-0.345499677949536455
0.827000000000000624,-0.343349739237478246
0.828000000000000624,-0.341210197536287119
0.829000000000000625,-0.339081047270943625
0.830000000000000626,-0.336962282167818039
0.831000000000000627,-0.334853895265317392
0.832000000000000628,-0.332755878924459569
0.833000000000000629,-0.330668224839342106
0.834000000000000630,-0.328590924047529653
0.835000000000000631,-0.326523966940351462
0.836000000000000631,-0.324467343273100894
0.837000000000000632,-0.322421042175160766
0.838000000000000633,-0.320385052160018835
0.839000000000000634,-0.318359361135201469
0.840000000000000635,-0.316343956412135086
0.841000000000000636,-0.314338824715885257
0.842000000000000637,-0.312343952194839958
0.843000000000000638,-0.310359324430281247
0.844000000000000639,-0.308384926445878893
0.845000000000000639,-0.306420742717099293
0.846000000000000640,-0.304466757180504699
0.847000000000000641,-0.302522953243010817
0.848000000000000642,-0.300589313790999235
0.849000000000000643,-0.298665821199380899
0.850000000000000644,-0.296752457340580922
0.851000000000000645,-0.294849203593393339
0.852000000000000646,-0.292956040851794497
0.853000000000000647,-0.291072949533649261
0.854000000000000647,-0.289199909589330617
0.855000000000000648,-0.287336900510263837
0.856000000000000649,-0.285483901337382995
0.857000000000000650,-0.283640890669500434
0.858000000000000651,-0.281807846671590201
0.859000000000000652,-0.279984747082992258
0.860000000000000653,-0.278171569225545756
0.861000000000000654,-0.276368290011601847
0.862000000000000655,-0.274574885952003467
0.863000000000000655,-0.272791333163940719
0.864000000000000656,-0.271017607378757630
0.865000000000000657,-0.269253683949641831
0.866000000000000658,-0.267499537859271663
0.867000000000000659,-0.265755143727367527
0.868000000000000660,-0.264020475818143585
0.869000000000000661,-0.262295508047705961
0.870000000000000662,-0.260580213991362108
0.871000000000000663,-0.258874566890866797
0.872000000000000663,-0.257178539661541472
0.873000000000000664,-0.255492104899385009
0.874000000000000665,-0.253815234888045249
0.875000000000000666,-0.252147901605759617
0.876000000000000667,-0.250490076732182598
0.877000000000000668,-0.248841731655158549
0.878000000000000669,-0.247202837477425164
0.879000000000000670,-0.245573365023211337
0.880000000000000671,-0.243953284844797308
0.881000000000000671,-0.242342567228961275
0.882000000000000672,-0.240741182203399656
0.883000000000000673,-0.239149099543022603
0.884000000000000674,-0.237566288776220352
0.885000000000000675,-0.235992719191023964
0.886000000000000676,-0.234428359841217654
0.887000000000000677,-0.232873179552366583
0.888000000000000678,-0.231327146927773175
0.889000000000000679,-0.229790230354372349
0.890000000000000679,-0.228262398008550832
0.891000000000000680,-0.226743617861894231
0.892000000000000681,-0.225233857686868877
0.893000000000000682,-0.223733085062432391
0.894000000000000683,-0.222241267379575003
0.895000000000000684,-0.220758371846803053
0.896000000000000685,-0.219284365495542755
0.897000000000000686,-0.217819215185476367
0.898000000000000687,-0.216362887609829857
0.899000000000000687,-0.214915349300571268
0.900000000000000688,-0.213476566633562653
0.901000000000000689,-0.212046505833631688
0.902000000000000690,-0.210625132979597118
0.903000000000000691,-0.209212414009210812
0.904000000000000692,-0.207808314724050647
0.905000000000000693,-0.206412800794338935
0.906000000000000694,-0.205025837763718688
0.907000000000000695,-0.203647391053936117
0.908000000000000695,-0.202277425969493496
0.909000000000000696,-0.200915907702217567
0.910000000000000697,-0.199562801335789519
0.911000000000000698,-0.198218071850186639
0.912000000000000699,-0.196881684126093193
0.913000000000000700,-0.195553602949240429
0.914000000000000701,-0.194233793014668504
0.915000000000000702,-0.192922218930975442
0.916000000000000703,-0.191618845224462875
0.917000000000000703,-0.190323636343250724
0.918000000000000704,-0.189036556661333122
0.919000000000000705,-0.187757570482559616
0.920000000000000706,-0.186486642044594336
0.921000000000000707,-0.185223735522781707
0.922000000000000708,-0.183968815033984850
0.923000000000000709,-0.182721844640369530
0.924000000000000710,-0.181482788353107105
0.925000000000000711,-0.180251610136059309
0.926000000000000711,-0.179028273909386498
0.927000000000000712,-0.177812743553112107
0.928000000000000713,-0.176604982910631286
0.929000000000000714,-0.175404955792187234
0.930000000000000715,-0.174212625978258484
0.931000000000000716,-0.173027957222926909
0.932000000000000717,-0.171850913257194760
0.933000000000000718,-0.170681457792231123
0.934000000000000719,-0.169519554522593513
0.935000000000000719,-0.168365167129384596
0.936000000000000720,-0.167218259283364312
0.937000000000000721,-0.166078794648017614
0.938000000000000722,-0.164946736882580741
0.939000000000000723,-0.163822049645001189
0.940000000000000724,-0.162704696594870302
0.941000000000000725,-0.161594641396302391
0.942000000000000726,-0.160491847720775627
0.943000000000000727,-0.159396279249908013
0.944000000000000727,-0.158307899678215208
0.945000000000000728,-0.157226672715810423
0.946000000000000729,-0.156152562091048552
0.947000000000000730,-0.155085531553164402
0.948000000000000731,-0.154025544874817344
0.949000000000000732,-0.152972565854643888
0.950000000000000733,-0.151926558319726568
0.951000000000000734,-0.150887486128056941
0.952000000000000735,-0.149855313170929649
0.953000000000000735,-0.148830003375305414
0.954000000000000736,-0.147811520706140509
0.955000000000000737,-0.146799829168669710
0.956000000000000738,-0.145794892810650306
0.957000000000000739,-0.144796675724567697
0.958000000000000740,-0.143805142049807128
0.959000000000000741,-0.142820255974771743
0.960000000000000742,-0.141841981738990153
0.961000000000000743,-0.140870283635158522
0.962000000000000743,-0.139905126011159703
0.963000000000000744,-0.138946473272047538
0.964000000000000745,-0.137994289881992999
0.965000000000000746,-0.137048540366185301
0.966000000000000747,-0.136109189312715151
0.967000000000000748,-0.135176201374401395
0.968000000000000749,-0.134249541270610978
0.969000000000000750,-0.133329173789011934
0.970000000000000751,-0.132415063787327647
0.971000000000000751,-0.131507176195023695
0.972000000000000752,-0.130605476014977906
0.973000000000000753,-0.129709928325137197
0.974000000000000754,-0.128820498280097395
0.975000000000000755,-0.127937151112692271
0.976000000000000756,-0.127059852135529228
0.977000000000000757,-0.126188566742495956
0.978000000000000758,-0.125323260410246329
0.979000000000000759,-0.124463898699649800
0.980000000000000759,-0.123610447257199940
0.981000000000000760,-0.122762871816413238
0.982000000000000761,-0.121921138199188789
0.983000000000000762,-0.121085212317133095
0.984000000000000763,-0.120255060172860209
0.985000000000000764,-0.119430647861276801
0.986000000000000765,-0.118611941570814644
0.987000000000000766,-0.117798907584655124
0.988000000000000766,-0.116991512281915705
0.989000000000000767,-0.116189722138815885
0.990000000000000768,-0.115393503729821087
0.991000000000000769,-0.114602823728734024
0.992000000000000770,-0.113817648909790778
0.993000000000000771,-0.113037946148729668
0.994000000000000772,-0.112263682423797181
0.995000000000000773,-0.111494824816783522
0.996000000000000774,-0.110731340513987891
0.997000000000000774,-0.109973196807185467
0.998000000000000775,-0.109220361094558155
0.999000000000000776,-0.108472800881607226
1.000000000000000666,-0.107730483782038602
1.001000000000000778,-0.106993377518631069
1.002000000000000668,-0.106261449924071452
1.003000000000000780,-0.105534668941776766
1.004000000000000670,-0.104813002626686830
1.005000000000000782,-0.104096419146042424
1.006000000000000671,-0.103384886780137533
1.007000000000000783,-0.102678373923043020
1.008000000000000673,-0.101976849083324786
1.009000000000000785,-0.101280280884725335
1.010000000000000675,-0.100588638066835795
1.011000000000000787,-0.099901889485741260
1.012000000000000677,-0.099220004114648888
1.013000000000000789,-0.098542951044500837
1.014000000000000679,-0.097870699484544826
1.015000000000000790,-0.097203218762925828
1.016000000000000680,-0.096540478327220930
1.017000000000000792,-0.095882447744976701
1.018000000000000682,-0.095229096704211827
1.019000000000000794,-0.094580395013923346
1.020000000000000684,-0.093936312604560646
1.021000000000000796,-0.093296819528474934
1.022000000000000686,-0.092661885960369478
1.023000000000000798,-0.092031482197719838
1.024000000000000687,-0.091405578661176615
1.025000000000000799,-0.090784145894961490
1.026000000000000689,-0.090167154567241142
1.027000000000000801,-0.089554575470475892
1.028000000000000691,-0.088946379521768926
1.029000000000000803,-0.088342537763188664
1.030000000000000693,-0.087743021362072376
1.031000000000000805,-0.087147801611335521
1.032000000000000695,-0.086556849929732352
1.033000000000000806,-0.085970137862132326
1.034000000000000696,-0.085387637079769305
1.035000000000000808,-0.084809319380466888
1.036000000000000698,-0.084235156688863971
1.037000000000000810,-0.083665121056632485
1.038000000000000700,-0.083099184662652953
1.039000000000000812,-0.082537319813197813
1.040000000000000702,-0.081979498942108459
1.041000000000000814,-0.081425694610934962
1.042000000000000703,-0.080875879509078985
1.043000000000000815,-0.080330026453921705
1.044000000000000705,-0.079788108390943940
1.045000000000000817,-0.079250098393809629
1.046000000000000707,-0.078715969664476360
1.047000000000000819,-0.078185695533261282
1.048000000000000709,-0.077659249458909868
1.049000000000000821,-0.077136605028647540
1.050000000000000711,-0.076617735958220953
1.051000000000000822,-0.076102616091937692
1.052000000000000712,-0.075591219402673937
1.053000000000000824,-0.075083519991895761
1.054000000000000714,-0.074579492089647356
1.055000000000000826,-0.074079110054547079
1.056000000000000716,-0.073582348373758918
1.057000000000000828,-0.073089181662966046
1.058000000000000718,-0.072599584666319730
1.059000000000000830,-0.072113532256392637
1.060000000000000719,-0.071630999434117215
1.061000000000000831,-0.071151961328712751
1.062000000000000721,-0.070676393197595971
1.063000000000000833,-0.070204270426310222
1.064000000000000723,-0.069735568528404179
1.065000000000000835,-0.069270263145336228
1.066000000000000725,-0.068808330046359778
1.067000000000000837,-0.068349745128378520
1.068000000000000727,-0.067894484415843392
1.069000000000000838,-0.067442524060579365
1.070000000000000728,-0.066993840341655189
1.071000000000000840,-0.066548409665216218
1.072000000000000730,-0.066106208564321645
1.073000000000000842,-0.065667213698772459
1.074000000000000732,-0.065231401854915577
1.075000000000000844,-0.064798749945475964
1.076000000000000734,-0.064369235009348727
1.077000000000000846,-0.063942834211394919
1.078000000000000735,-0.063519524842236080
1.079000000000000847,-0.063099284318028775
1.080000000000000737,-0.062682090180257805
1.081000000000000849,-0.062267920095485520
1.082000000000000739,-0.061856751855125500
1.083000000000000851,-0.061448563375198682
1.084000000000000741,-0.061043332696084529
1.085000000000000853,-0.060641037982260712
1.086000000000000743,-0.060241657522041803
1.087000000000000854,-0.059845169727320846
1.088000000000000744,-0.059451553133288107
1.089000000000000856,-0.059060786398150322
1.090000000000000746,-0.058672848302850487
1.091000000000000858,-0.058287717750783043
1.092000000000000748,-0.057905373767485738
1.093000000000000860,-0.057525795500356559
1.094000000000000750,-0.057148962218328513
1.095000000000000862,-0.056774853311579256
1.096000000000000751,-0.056403448291208733
1.097000000000000863,-0.056034726788907439
1.098000000000000753,-0.055668668556654519
1.099000000000000865,-0.055305253466373862
1.100000000000000755,-0.054944461509604012
1.101000000000000867,-0.054586272797161182
1.102000000000000757,-0.054230667558801751
1.103000000000000869,-0.053877626142871671
1.104000000000000759,-0.053527129015954258
1.105000000000000870,-0.053179156762528511
1.106000000000000760,-0.052833690084592697
1.107000000000000872,-0.052490709801324621
1.108000000000000762,-0.052150196848700744
1.109000000000000874,-0.051812132279138945
1.110000000000000764,-0.051476497261116971
1.111000000000000876,-0.051143273078800219
1.112000000000000766,-0.050812441131670549
1.113000000000000878,-0.050483982934135238
1.114000000000000767,-0.050157880115151862
1.115000000000000879,-0.049834114417828403
1.116000000000000769,-0.049512667699045367
1.117000000000000881,-0.049193521929051479
1.118000000000000771,-0.048876659191075734
1.119000000000000883,-0.048562061680926027
1.120000000000000773,-0.048249711706586082
1.121000000000000885,-0.047939591687815072
1.122000000000000774,-0.047631684155733392
1.123000000000000886,-0.047325971752421696
1.124000000000000776,-0.047022437230512186
1.125000000000000888,-0.046721063452761585
1.126000000000000778,-0.046421833391646281
1.127000000000000890,-0.046124730128951727
1.128000000000000780,-0.045829736855331343
1.129000000000000892,-0.045536836869905506
1.130000000000000782,-0.045246013579829256
1.131000000000000894,-0.044957250499864244
1.132000000000000783,-0.044670531251957177
1.133000000000000895,-0.044385839564813900
1.134000000000000785,-0.044103159273454415
1.135000000000000897,-0.043822474318802693
1.136000000000000787,-0.043543768747232342
1.137000000000000899,-0.043267026710147843
1.138000000000000789,-0.042992232463534640
1.139000000000000901,-0.042719370367538693
1.140000000000000790,-0.042448424886011436
1.141000000000000902,-0.042179380586075718
1.142000000000000792,-0.041912222137687680
1.143000000000000904,-0.041646934313188645
1.144000000000000794,-0.041383501986876625
1.145000000000000906,-0.041121910134534936
1.146000000000000796,-0.040862143833015827
1.147000000000000908,-0.040604188259779274
1.148000000000000798,-0.040348028692446282
1.149000000000000909,-0.040093650508358822
1.150000000000000799,-0.039841039184121185
1.151000000000000689,-0.039590180295160995
1.152000000000000801,-0.039341059515274071
1.153000000000000913,-0.039093662616180122
1.154000000000000803,-0.038847975467064297
1.155000000000000693,-0.038603984034126494
1.156000000000000805,-0.038361674380144456
1.157000000000000917,-0.038121032663996648
1.158000000000000806,-0.037882045140236305
1.159000000000000696,-0.037644698158621925
1.160000000000000808,-0.037408978163665743
1.161000000000000920,-0.037174871694189815
1.162000000000000810,-0.036942365382867381
1.163000000000000700,-0.036711445955768807
1.164000000000000812,-0.036482100231908093
1.165000000000000924,-0.036254315122788899
1.166000000000000814,-0.036028077631959338
1.167000000000000703,-0.035803374854544420
1.168000000000000815,-0.035580193976808214
1.169000000000000927,-0.035358522275686463
1.170000000000000817,-0.035138347118342697
1.171000000000000707,-0.034919655961710122
1.172000000000000819,-0.034702436352046812
1.173000000000000931,-0.034486675924473562
1.174000000000000821,-0.034272362402524507
1.175000000000000711,-0.034059483597698836
1.176000000000000822,-0.033848027409009246
1.177000000000000934,-0.033637981822524046
1.178000000000000824,-0.033429334910926430
1.179000000000000714,-0.033222074833051320
1.180000000000000826,-0.033016189833451094
1.181000000000000938,-0.032811668241929763
1.182000000000000828,-0.032608498473106699
1.183000000000000718,-0.032406669025966242
1.184000000000000830,-0.032206168483405476
1.185000000000000941,-0.032006985511785067
1.186000000000000831,-0.031809108860493748
1.187000000000000721,-0.031612527361490991
1.188000000000000833,-0.031417229928868098
1.189000000000000945,-0.031223205558402422
1.190000000000000835,-0.031030443327116203
1.191000000000000725,-0.030838932392823083
1.192000000000000837,-0.030648661993704373
1.193000000000000949,-0.030459621447847991
1.194000000000000838,-0.030271800152822763
1.195000000000000728,-0.030085187585229479
1.196000000000000840,-0.029899773300265629
1.197000000000000952,-0.029715546931292386
1.198000000000000842,-0.029532498189385397
1.199000000000000732,-0.029350616862916439
1.200000000000000844,-0.029169892817093524
1.201000000000000956,-0.028990315993553773
1.202000000000000846,-0.028811876409914235
1.203000000000000735,-0.028634564159339487
1.204000000000000847,-0.028458369410114738
1.205000000000000959,-0.028283282405221943
1.206000000000000849,-0.028109293461899571
1.207000000000000739,-0.027936392971216993
1.208000000000000851,-0.027764571397655258
1.209000000000000963,-0.027593819278672292
1.210000000000000853,-0.027424127224286943
1.211000000000000743,-0.027255485916645911
1.212000000000000854,-0.027087886109612502
1.213000000000000966,-0.026921318628331286
1.214000000000000856,-0.026755774368828152
1.215000000000000746,-0.026591244297571308
1.216000000000000858,-0.026427719451068626
1.217000000000000970,-0.026265190935443161
1.218000000000000860,-0.026103649926021523
1.219000000000000750,-0.025943087666918781
1.220000000000000862,-0.025783495470631985
1.221000000000000973,-0.025624864717617230
1.222000000000000863,-0.025467186855893553
1.223000000000000753,-0.025310453400623149
1.224000000000000865,-0.025154655933710794
1.225000000000000977,-0.024999786103397530
1.226000000000000867,-0.024845835623854878
1.227000000000000757,-0.024692796274780163
1.228000000000000869,-0.024540659900996142
1.229000000000000981,-0.024389418412057738
1.230000000000000870,-0.024239063781836469
1.231000000000000760,-0.024089588048138551
1.232000000000000872,-0.023940983312309146
1.233000000000000984,-0.023793241738817830
1.234000000000000874,-0.023646355554892716
1.235000000000000764,-0.023500317050107557
1.236000000000000876,-0.023355118576001747
1.237000000000000988,-0.023210752545687517
1.238000000000000878,-0.023067211433465233
1.239000000000000767,-0.022924487774433254
1.240000000000000879,-0.022782574164107536
1.241000000000000991,-0.022641463258036891
1.242000000000000881,-0.022501147771419788
1.243000000000000771,-0.022361620478726526
1.244000000000000883,-0.022222874213319314
1.245000000000000995,-0.022084901867077060
1.246000000000000885,-0.021947696390018877
1.247000000000000774,-0.021811250789924796
1.248000000000000886,-0.021675558131973190
1.249000000000000998,-0.021540611538360198
1.250000000000000888,-0.021406404187938523
1.251000000000000778,-0.021272929315840419
1.252000000000000890,-0.021140180213121074
1.253000000000001002,-0.021008150226383061
1.254000000000000892,-0.020876832757424028
1.255000000000000782,-0.020746221262866314
1.256000000000000894,-0.020616309253797854
1.257000000000001005,-0.020487090295419737
1.258000000000000895,-0.020358558006680592
1.259000000000000785,-0.020230706059927932
1.260000000000000897,-0.020103528180547000
1.261000000000001009,-0.019977018146618404
1.262000000000000899,-0.019851169788555063
1.263000000000000789,-0.019725976988761759
1.264000000000000901,-0.019601433681285040
1.265000000000001013,-0.019477533851463044
1.266000000000000902,-0.019354271535590176
1.267000000000000792,-0.019231640820560756
1.268000000000000904,-0.019109635843540189
1.269000000000001016,-0.018988250791617478
1.270000000000000906,-0.018867479901471557
1.271000000000000796,-0.018747317459029404
1.272000000000000908,-0.018627757799132928
1.273000000000001020,-0.018508795305209970
1.274000000000000909,-0.018390424408936575
1.275000000000000799,-0.018272639589904001
1.276000000000000911,-0.018155435375302113
1.277000000000001023,-0.018038806339579196
1.278000000000000913,-0.017922747104119886
1.279000000000000803,-0.017807252336927603
1.280000000000000915,-0.017692316752296922
1.281000000000001027,-0.017577935110485100
1.282000000000000917,-0.017464102217409790
1.283000000000000806,-0.017350812924314604
1.284000000000000918,-0.017238062127466980
1.285000000000001030,-0.017125844767830620
1.286000000000000920,-0.017014155830762854
1.287000000000000810,-0.016902990345696152
1.288000000000000922,-0.016792343385834001
1.289000000000001034,-0.016682210067839282
1.290000000000000924,-0.016572585551523612
1.291000000000000814,-0.016463465039554339
1.292000000000000925,-0.016354843777133535
1.293000000000001037,-0.016246717051715692
1.294000000000000927,-0.016139080192693691
1.295000000000000817,-0.016031928571098329
1.296000000000000929,-0.015925257599313972
1.297000000000001041,-0.015819062730770286
1.298000000000000931,-0.015713339459654280
1.299000000000000821,-0.015608083320618606
1.300000000000000933,-0.015503289888482657
1.301000000000001044,-0.015398954777952462
1.302000000000000934,-0.015295073643326922
1.303000000000000824,-0.015191642178217715
1.304000000000000936,-0.015088656115251823
1.305000000000001048,-0.014986111225802156
1.306000000000000938,-0.014884003319698974
1.307000000000000828,-0.014782328244949095
1.308000000000000940,-0.014681081887456954
1.309000000000001052,-0.014580260170754079
1.310000000000000941,-0.014479859055712845
1.311000000000000831,-0.014379874540281681
1.312000000000000943,-0.014280302659202729
1.313000000000001055,-0.014181139483754369
1.314000000000000945,-0.014082381121466748
1.315000000000000835,-0.013984023715862099
1.316000000000000947,-0.013886063446188099
1.317000000000001059,-0.013788496527151814
1.318000000000000949,-0.013691319208647796
1.319000000000000838,-0.013594527775514762
1.320000000000000950,-0.013498118547256818
1.321000000000001062,-0.013402087877790125
1.322000000000000952,-0.013306432155191885
1.323000000000000842,-0.013211147801432311
1.324000000000000954,-0.013116231272129108
1.325000000000001066,-0.013021679056289665
1.326000000000000956,-0.012927487676062091
1.327000000000000846,-0.012833653686483376
1.328000000000000957,-0.012740173675230310
1.329000000000001069,-0.012647044262369237
1.330000000000000959,-0.012554262100118405
1.331000000000000849,-0.012461823872597432
1.332000000000000961,-0.012369726295579132
1.333000000000001073,-0.012277966116256190
1.334000000000000963,-0.012186540113002270
1.335000000000000853,-0.012095445095124892
1.336000000000000965,-0.012004677902633275
1.337000000000001076,-0.011914235406002362
1.338000000000000966,-0.011824114505935252
1.339000000000000856,-0.011734312133133581
1.340000000000000968,-0.011644825248064700
1.341000000000001080,-0.011555650840726985
1.342000000000000970,-0.011466785930427558
1.343000000000000860,-0.011378227565553314
1.344000000000000972,-0.011289972823337055
1.345000000000001084,-0.011202018809645251
1.346000000000000973,-0.011114362658744093
1.347000000000000863,-0.011027001533083522
1.348000000000000975,-0.010939932623069314
1.349000000000001087,-0.010853153146851948
1.350000000000000977,-0.010766660350106544
1.351000000000000867,-0.010680451505815192
1.352000000000000979,-0.010594523914041910
1.353000000000001091,-0.010508874901739946
1.354000000000000981,-0.010423501822520260
1.355000000000000870,-0.010338402056446757
1.356000000000000982,-0.010253573009828274
1.357000000000001094,-0.010169012115007509
1.358000000000000984,-0.010084716830153429
1.359000000000000874,-0.010000684639055013
1.360000000000000986,-0.009916913050914401
1.361000000000001098,-0.009833399600154297
1.362000000000000988,-0.009750141846198337
1.363000000000000878,-0.009667137373282767
1.364000000000000989,-0.009584383790256798
1.365000000000001101,-0.009501878730372778
1.366000000000000991,-0.009419619851101835
1.367000000000000881,-0.009337604833932475
1.368000000000000993,-0.009255831384176141
1.369000000000001105,-0.009174297230773353
1.370000000000000995,-0.009093000126103892
1.371000000000000885,-0.009011937845791710
1.372000000000000997,-0.008931108188519372
1.373000000000001108,-0.008850508975840481
1.374000000000000998,-0.008770138051984403
1.375000000000000888,-0.008689993283681063
1.376000000000001000,-0.008610072559971510
1.377000000000001112,-0.008530373792018103
1.378000000000001002,-0.008450894912934595
1.379000000000000892,-0.008371633877594844
1.380000000000001004,-0.008292588662454295
1.381000000000001116,-0.008213757265380886
1.382000000000001005,-0.008135137705462193
1.383000000000000895,-0.008056728022839106
1.384000000000001007,-0.007978526278528469
1.385000000000001119,-0.007900530554247684
1.386000000000001009,-0.007822738952245981
1.387000000000000899,-0.007745149595120249
1.388000000000001011,-0.007667760625666956
1.389000000000001123,-0.007590570206688038
1.390000000000001013,-0.007513576520837534
1.391000000000000902,-0.007436777770450964
1.392000000000001014,-0.007360172177375726
1.393000000000001126,-0.007283757982812000
1.394000000000001016,-0.007207533447146762
1.395000000000000906,-0.007131496849787308
1.396000000000001018,-0.007055646489002971
1.397000000000001130,-0.006979980681764993
1.398000000000001020,-0.006904497763585869
1.399000000000000909,-0.006829196088360664
1.400000000000001021,-0.006754074028210391
1.401000000000001133,-0.006679129973327485
1.402000000000001023,-0.006604362331815816
1.403000000000000913,-0.006529769529537821
1.404000000000001025,-0.006455350009970715
1.405000000000001137,-0.006381102234039903
1.406000000000001027,-0.006307024679975605
1.407000000000000917,-0.006233115843169385
1.408000000000001029,-0.006159374236010130
1.409000000000001140,-0.006085798387747867
1.410000000000001030,-0.006012386844345735
1.411000000000000920,-0.005939138168328154
1.412000000000001032,-0.005866050938642255
1.413000000000001144,-0.005793123750513725
1.414000000000001034,-0.005720355215297723
1.415000000000000924,-0.005647743960343077
1.416000000000001036,-0.005575288628854927
1.417000000000001148,-0.005502987879746779
1.418000000000001037,-0.005430840387503001
1.419000000000000927,-0.005358844842045548
1.420000000000001039,-0.005286999948595450
1.421000000000001151,-0.005215304427537494
1.422000000000001041,-0.005143757014279426
1.423000000000000931,-0.005072356459128078
1.424000000000001043,-0.005001101527149510
1.425000000000001155,-0.004929990998036900
1.426000000000001044,-0.004859023665983969
1.427000000000000934,-0.004788198339551532
1.428000000000001046,-0.004717513841538389
1.429000000000001158,-0.004646969008852414
1.430000000000001048,-0.004576562692388799
1.431000000000000938,-0.004506293756892817
1.432000000000001050,-0.004436161080845500
1.433000000000001162,-0.004366163556335267
1.434000000000001052,-0.004296300088927580
1.435000000000000941,-0.004226569597555339
1.436000000000001053,-0.004156971014381531
1.437000000000001165,-0.004087503284691226
1.438000000000001055,-0.004018165366765689
1.439000000000000945,-0.003948956231762829
1.440000000000001057,-0.003879874863600795
1.441000000000001169,-0.003810920258837006
1.442000000000001059,-0.003742091426555347
1.443000000000000949,-0.003673387388250051
1.444000000000001060,-0.003604807177707292
1.445000000000001172,-0.003536349840892591
1.446000000000001062,-0.003468014435843302
1.447000000000000952,-0.003399800032544855
1.448000000000001064,-0.003331705712829309
1.449000000000001176,-0.003263730570260849
1.450000000000001066,-0.003195873710022645
1.451000000000000956,-0.003128134248813116
1.452000000000001068,-0.003060511314734584
1.453000000000001180,-0.002993004047187343
1.454000000000001069,-0.002925611596758658
1.455000000000000959,-0.002858333125124411
1.456000000000001071,-0.002791167804937819
1.457000000000001183,-0.002724114819726696
1.458000000000001073,-0.002657173363791922
1.459000000000000963,-0.002590342642100161
1.460000000000001075,-0.002523621870187207
1.461000000000001187,-0.002457010274052029
1.462000000000001076,-0.002390507090062577
1.463000000000000966,-0.002324111564846594
1.464000000000001078,-0.002257822955202703
1.465000000000001190,-0.002191640527993882
1.466000000000001080,-0.002125563560058306
1.467000000000000970,-0.002059591338103721
1.468000000000001082,-0.001993723158620039
1.469000000000001194,-0.001927958327774429
1.470000000000001084,-0.001862296161326925
1.471000000000000973,-0.001796735984529587
1.472000000000001085,-0.001731277132040973
1.473000000000001197,-0.001665918947819575
1.474000000000001087,-0.001600660785051214
1.475000000000000977,-0.001535502006040341
1.476000000000001089,-0.001470441982132034
1.477000000000001201,-0.001405480093618774
1.478000000000001091,-0.001340615729648852
1.479000000000000981,-0.001275848288139619
1.480000000000001092,-0.001211177175693695
1.481000000000001204,-0.001146601807506550
1.482000000000001094,-0.001082121607285262
1.483000000000000984,-0.001017736007163120
1.484000000000001096,-0.000953444447606325
1.485000000000001208,-0.000889246377340857
1.486000000000001098,-0.000825141253265053
1.487000000000000988,-0.000761128540363733
1.488000000000001100,-0.000697207711628650
1.489000000000001211,-0.000633378247980103
1.490000000000001101,-0.000569639638180283
1.491000000000000991,-0.000505991378756888
1.492000000000001103,-0.000442432973920395
1.493000000000001215,-0.000378963935492199
1.494000000000001105,-0.000315583782815172
1.495000000000000995,-0.000252292042685171
1.496000000000001107,-0.000189088249270920
1.497000000000001219,-0.000125971944037852
1.498000000000001108,-0.000062942675670910
1.499000000000000998,0.000000000000000000
