# CNT15-NH2-14_METHOXYMETHANE-AC
# h[nm],U(h)[kJ/mol]
0.149999999999999994,109.022589376565250063
0.150999999999999995,107.074302886124399947
0.151999999999999996,105.762592334546909001
0.152999999999999997,104.543418679564865670
0.153999999999999998,103.241436043142954304
0.154999999999999999,101.843056463935042188
0.156000000000000000,100.389744012516658245
0.157000000000000001,98.928344791194632535
0.158000000000000002,97.492219435898917368
0.159000000000000002,96.097721620122143804
0.160000000000000003,94.747284604896634619
0.161000000000000004,93.434466222997869522
0.162000000000000005,92.148712370376799186
0.163000000000000006,90.878957623720197034
0.164000000000000007,89.615897800330117207
0.165000000000000008,88.353105479473100559
0.166000000000000009,87.087280984624413804
0.167000000000000010,85.817939740987824848
0.168000000000000010,84.546792835504078312
0.169000000000000011,83.277015500975934970
0.170000000000000012,82.012536427508990755
0.171000000000000013,80.757427843338945195
0.172000000000000014,79.515435161289701682
0.173000000000000015,78.289655585914758262
0.174000000000000016,77.082355894287360343
0.175000000000000017,75.894908581812600801
0.176000000000000018,74.727820620389621808
0.177000000000000018,73.580828356165767445
0.178000000000000019,72.453034055410824976
0.179000000000000020,71.343063113569570532
0.180000000000000021,70.249225115405508291
0.181000000000000022,69.169666182543835475
0.182000000000000023,68.102503991925075866
0.183000000000000024,67.045940280651862508
0.184000000000000025,65.998348473374790046
0.185000000000000026,64.958336262802077954
0.186000000000000026,63.924784579407742058
0.187000000000000027,62.896865470578447344
0.188000000000000028,61.874042054385860467
0.189000000000000029,60.856054004521318745
0.190000000000000030,59.842892042643825334
0.191000000000000031,58.834764736469608692
0.192000000000000032,57.832060590200697447
0.193000000000000033,56.835308021253716504
0.194000000000000034,55.845135385920499971
0.195000000000000034,54.862232778903809560
0.196000000000000035,53.887316911258814400
0.197000000000000036,52.921099984359770474
0.198000000000000037,51.964263134234997210
0.199000000000000038,51.017434726266237988
0.200000000000000039,50.081173536386003775
0.201000000000000040,49.155956660346006970
0.202000000000000041,48.242171844252879964
0.203000000000000042,47.340113823013361127
0.204000000000000042,46.449984183518552072
0.205000000000000043,45.571894230961014216
0.206000000000000044,44.705870324259031179
0.207000000000000045,43.851861155050251284
0.208000000000000046,43.009746469384630529
0.209000000000000047,42.179346767854234201
0.210000000000000048,41.360433564730435307
0.211000000000000049,40.552739836567489817
0.212000000000000050,39.755970343028572245
0.213000000000000050,38.969811555256420377
0.214000000000000051,38.193940978251085028
0.215000000000000052,37.428035702156101650
0.216000000000000053,36.671780062167684378
0.217000000000000054,35.924872327351671686
0.218000000000000055,35.187030374620967166
0.219000000000000056,34.457996335344269312
0.220000000000000057,33.737540228539693032
0.221000000000000058,33.025462616512776037
0.222000000000000058,32.321596336365317370
0.223000000000000059,31.625807374358068103
0.224000000000000060,30.937994960010946954
0.225000000000000061,30.258090963464855605
0.226000000000000062,29.586058683404324654
0.227000000000000063,28.921891114148252200
0.228000000000000064,28.265608779738965239
0.229000000000000065,27.617257220359384462
0.230000000000000066,26.976904212524082993
0.231000000000000066,26.344636799526409021
0.232000000000000067,25.720558202863458064
0.233000000000000068,25.104784679044307438
0.234000000000000069,24.497442379534177803
0.235000000000000070,23.898664264779434063
0.236000000000000071,23.308587116454752675
0.237000000000000072,22.727348685400635020
0.238000000000000073,22.155085006284775062
0.239000000000000073,21.591927903905897779
0.240000000000000074,21.038002710324136046
0.241000000000000075,20.493426206697282765
0.242000000000000076,19.958304798852829265
0.243000000000000077,19.432732931249653063
0.244000000000000078,18.916791740086317475
0.245000000000000079,18.410547942889142092
0.246000000000000080,17.914052958953522676
0.247000000000000081,17.427342252494639752
0.248000000000000081,16.950434888270191180
0.249000000000000082,16.483333287739231565
0.250000000000000111,16.026023172489402668
0.251000000000000112,15.578473680671288903
0.252000000000000113,15.140637641489252729
0.253000000000000114,14.712451992386382571
0.254000000000000115,14.293838323391170775
0.255000000000000115,13.884703533140376308
0.256000000000000116,13.484940581323916931
0.257000000000000117,13.094429322688608153
0.258000000000000118,12.713037408262120920
0.259000000000000119,12.340621240092044530
0.260000000000000120,11.977026966516657325
0.261000000000000121,11.622091505773621378
0.262000000000000122,11.275643586591638012
0.263000000000000123,10.937504795282876557
0.264000000000000123,10.607490619745282956
0.265000000000000124,10.285411481681801860
0.266000000000000125,9.971073749236442296
0.267000000000000126,9.664280723126275063
0.268000000000000127,9.364833590204233005
0.269000000000000128,9.072532339215834796
0.270000000000000129,8.787176634305540190
0.271000000000000130,8.508566642582447770
0.272000000000000131,8.236503812767562493
0.273000000000000131,7.970791602611663862
0.274000000000000132,7.711236153394480652
0.275000000000000133,7.457646910389692962
0.276000000000000134,7.209837188706908151
0.277000000000000135,6.967624684401789281
0.278000000000000136,6.730831931178125949
0.279000000000000137,6.499286703393920561
0.280000000000000138,6.272822366427721619
0.281000000000000139,6.051278175763128431
0.282000000000000139,5.834499526411450532
0.283000000000000140,5.622338154515952979
0.284000000000000141,5.414652293168995101
0.285000000000000142,5.211306784627249833
0.286000000000000143,5.012173151232929058
0.287000000000000144,4.817129627442702677
0.288000000000000145,4.626061155432553917
0.289000000000000146,4.438859346789904237
0.290000000000000147,4.255422412823943290
0.291000000000000147,4.075655066026009798
0.292000000000000148,3.899468395193572690
0.293000000000000149,3.726779716698300771
0.294000000000000150,3.557512404330583244
0.295000000000000151,3.391595700093235966
0.296000000000000152,3.228964508246478182
0.297000000000000153,3.069559174827089176
0.298000000000000154,2.913325254777567430
0.299000000000000155,2.760213268728306524
0.300000000000000155,2.610178451378001974
0.301000000000000156,2.463180493316163844
0.302000000000000157,2.319183278027376449
0.303000000000000158,2.178154615711696884
0.304000000000000159,2.040065975448835722
0.305000000000000160,1.904892217127776899
0.306000000000000161,1.772611324457670223
0.307000000000000162,1.643204140271660618
0.308000000000000163,1.516654105233057104
0.309000000000000163,1.392947000953161263
0.310000000000000164,1.272070698432868685
0.311000000000000165,1.154014912646141200
0.312000000000000166,1.038770963992586172
0.313000000000000167,0.926331547259387711
0.314000000000000168,0.816690508649514535
0.315000000000000169,0.709842631353767572
0.316000000000000170,0.605783430068836504
0.317000000000000171,0.504508954792494357
0.318000000000000171,0.406015604159859933
0.319000000000000172,0.310299948521644275
0.320000000000000173,0.217358562906633995
0.321000000000000174,0.127187869955766419
0.322000000000000175,0.039783992864324345
0.323000000000000176,-0.044857381678002864
0.324000000000000177,-0.126741130602656987
0.325000000000000178,-0.205872811725982846
0.326000000000000179,-0.282258771290093025
0.327000000000000179,-0.355906241941583157
0.328000000000000180,-0.426823431338275661
0.329000000000000181,-0.495019601600073855
0.330000000000000182,-0.560505139842675582
0.331000000000000183,-0.623291620053344153
0.332000000000000184,-0.683391856584919410
0.333000000000000185,-0.740819949559273327
0.334000000000000186,-0.795591322483719332
0.335000000000000187,-0.847722752394004964
0.336000000000000187,-0.897232392845598858
0.337000000000000188,-0.944139790080850028
0.338000000000000189,-0.988465892704036397
0.339000000000000190,-1.030233055198732872
0.340000000000000191,-1.069465035622747084
0.341000000000000192,-1.106186987815686695
0.342000000000000193,-1.140425448452130341
0.343000000000000194,-1.172208319270689358
0.344000000000000195,-1.201564844804768217
0.345000000000000195,-1.228525585936348863
0.346000000000000196,-1.253122389587641772
0.347000000000000197,-1.275388354859162243
0.348000000000000198,-1.295357795915265342
0.349000000000000199,-1.313066201910161768
0.350000000000000200,-1.328550194239116911
0.351000000000000201,-1.341847481390439301
0.352000000000000202,-1.352996811664683996
0.353000000000000203,-1.362037924017911239
0.354000000000000203,-1.369011497276023226
0.355000000000000204,-1.373959097957074826
0.356000000000000205,-1.376923126928537355
0.357000000000000206,-1.377946765116228711
0.358000000000000207,-1.377073918471152236
0.359000000000000208,-1.374349162390694712
0.360000000000000209,-1.369817685780102545
0.361000000000000210,-1.363525234930199614
0.362000000000000210,-1.355518057377348651
0.363000000000000211,-1.345842845901757734
0.364000000000000212,-1.334546682810646701
0.365000000000000213,-1.321676984643185504
0.366000000000000214,-1.307281447424962773
0.367000000000000215,-1.291407992590578369
0.368000000000000216,-1.274104713684272694
0.369000000000000217,-1.255419823939765589
0.370000000000000218,-1.235401604832413902
0.371000000000000218,-1.214098355688463471
0.372000000000000219,-1.191558344428738092
0.373000000000000220,-1.167829759516417321
0.374000000000000221,-1.142960663171491031
0.375000000000000222,-1.116998945907427210
0.376000000000000223,-1.089992282439271376
0.377000000000000224,-1.061988089005775127
0.378000000000000225,-1.033033482142297510
0.379000000000000226,-1.003175238935439584
0.380000000000000226,-0.972459758784998129
0.381000000000000227,-0.940933026693424268
0.382000000000000228,-0.908640578098389495
0.383000000000000229,-0.875627465259195992
0.384000000000000230,-0.841938225203434198
0.385000000000000231,-0.807616849236386658
0.386000000000000232,-0.772706754011521779
0.387000000000000233,-0.737250754157117827
0.388000000000000234,-0.701291036450426897
0.389000000000000234,-0.664869135527929034
0.390000000000000235,-0.628025911117070956
0.391000000000000236,-0.590801526772419261
0.392000000000000237,-0.553235430096465253
0.393000000000000238,-0.515366334423288386
0.394000000000000239,-0.477232201940954337
0.395000000000000240,-0.438870228226846293
0.396000000000000241,-0.400316828168308270
0.397000000000000242,-0.361607623239397102
0.398000000000000242,-0.322777430103330709
0.399000000000000243,-0.283860250508812695
0.400000000000000244,-0.244889262447406109
0.401000000000000245,-0.205896812538339968
0.402000000000000246,-0.166914409606057385
0.403000000000000247,-0.127972719415398950
0.404000000000000248,-0.089101560528648399
0.405000000000000249,-0.050329901248253470
0.406000000000000250,-0.011685857608692497
0.407000000000000250,0.026803307619205619
0.408000000000000251,0.065111184948420137
0.409000000000000252,0.103212217257217409
0.410000000000000253,0.141081697968876318
0.411000000000000254,0.178695768366378932
0.412000000000000255,0.216031414078647982
0.413000000000000256,0.253066460774604984
0.414000000000000257,0.289779569101108525
0.415000000000000258,0.326150228900270456
0.416000000000000258,0.362158752741460366
0.417000000000000259,0.397786268802605425
0.418000000000000260,0.433014713135028206
0.419000000000000261,0.467826821345442678
0.420000000000000262,0.502206119728130895
0.421000000000000263,0.536136915879716791
0.422000000000000264,0.569604288828270189
0.423000000000000265,0.602594078707883618
0.424000000000000266,0.635092876008926388
0.425000000000000266,0.667088010433828260
0.426000000000000267,0.698567539387100589
0.427000000000000268,0.729520236127878419
0.428000000000000269,0.759935577612310231
0.429000000000000270,0.789803732052361651
0.430000000000000271,0.819115546216978685
0.431000000000000272,0.847862532500517907
0.432000000000000273,0.876036855782797330
0.433000000000000274,0.903631320104154923
0.434000000000000274,0.930639355178262129
0.435000000000000275,0.957055002764506058
0.436000000000000276,0.982872902921081648
0.437000000000000277,1.008088280159133543
0.438000000000000278,1.032696929517459505
0.439000000000000279,1.056695202576581227
0.440000000000000280,1.080079993430229424
0.441000000000000281,1.102848724631527499
0.442000000000000282,1.124999333130364487
0.443000000000000282,1.146530256217906940
0.444000000000000283,1.167440417493209148
0.445000000000000284,1.187729212866438733
0.446000000000000285,1.207396496612455294
0.447000000000000286,1.226442567487659563
0.448000000000000287,1.244868154922676329
0.449000000000000288,1.262674405302467440
0.450000000000000289,1.279862868345094329
0.451000000000000290,1.296435483589571946
0.452000000000000290,1.312394567002711288
0.453000000000000291,1.327742797714318357
0.454000000000000292,1.342483204889407533
0.455000000000000293,1.356619154745709599
0.456000000000000294,1.370154337724063920
0.457000000000000295,1.383092755818845943
0.458000000000000296,1.395438710075072253
0.459000000000000297,1.407196788258287867
0.460000000000000298,1.418371852702923874
0.461000000000000298,1.428969028344303949
0.462000000000000299,1.438993690939061043
0.463000000000000300,1.448451455478329875
0.464000000000000301,1.457348164797569456
0.465000000000000302,1.465689878386564615
0.466000000000000303,1.473482861402774180
0.467000000000000304,1.480733573890740118
0.468000000000000305,1.487448660209980122
0.469000000000000306,1.493634938673479740
0.470000000000000306,1.499299391398456027
0.471000000000000307,1.504449154370907538
0.472000000000000308,1.509091507725013104
0.473000000000000309,1.513233866238282044
0.474000000000000310,1.516883770042994239
0.475000000000000311,1.520048875554274037
0.476000000000000312,1.522736946614821063
0.477000000000000313,1.524955845856184933
0.478000000000000314,1.526713526276150645
0.479000000000000314,1.528018023031611605
0.480000000000000315,1.528877445446178651
0.481000000000000316,1.529299969231443512
0.482000000000000317,1.529293828920788467
0.483000000000000318,1.528867310514320454
0.484000000000000319,1.528028744333471689
0.485000000000000320,1.526786498083545940
0.486000000000000321,1.525148970122436110
0.487000000000000322,1.523124582933544691
0.488000000000000322,1.520721776800879388
0.489000000000000323,1.517949003684063269
0.490000000000000324,1.514814721291043664
0.491000000000000325,1.511327387346053541
0.492000000000000326,1.507495454050372885
0.493000000000000327,1.503327362733290817
0.494000000000000328,1.498831538690609921
0.495000000000000329,1.494016386208019131
0.496000000000000330,1.488890283766486577
0.497000000000000330,1.483461579426845089
0.498000000000000331,1.477738586390703546
0.499000000000000332,1.471729578734673582
0.500000000000000333,1.465442787314950701
0.501000000000000334,1.458886395839255723
0.502000000000000335,1.452068537103002210
0.503000000000000336,1.444997289386670714
0.504000000000000337,1.437680673011253463
0.505000000000000338,1.430126647048633570
0.506000000000000338,1.422343106183781902
0.507000000000000339,1.414337877725602155
0.508000000000000340,1.406118718763293973
0.509000000000000341,1.397693313465037779
0.510000000000000342,1.389069270515883359
0.511000000000000343,1.380254120691668529
0.512000000000000344,1.371255314565834382
0.513000000000000345,1.362080220346003845
0.514000000000000346,1.352736121837175398
0.515000000000000346,1.343230216528481513
0.516000000000000347,1.333569613800385634
0.517000000000000348,1.323761333249246386
0.518000000000000349,1.313812303126242309
0.519000000000000350,1.303729358887617762
0.520000000000000351,1.293519241853252844
0.521000000000000352,1.283188597970606359
0.522000000000000353,1.272743976681104172
0.523000000000000353,1.262191829886058381
0.524000000000000354,1.251538511009267385
0.525000000000000355,1.240790274153435346
0.526000000000000356,1.229953273347669906
0.527000000000000357,1.219033561883217320
0.528000000000000358,1.208037091734799340
0.529000000000000359,1.196969713064792940
0.530000000000000360,1.185837173807674061
0.531000000000000361,1.174645119332066168
0.532000000000000361,1.163399092177875627
0.533000000000000362,1.152104531865949522
0.534000000000000363,1.140766774777839165
0.535000000000000364,1.129391054103154435
0.536000000000000365,1.117982499852185674
0.537000000000000366,1.106546138931398859
0.538000000000000367,1.095086895279537176
0.539000000000000368,1.083609590062001526
0.540000000000000369,1.072118941921380131
0.541000000000000369,1.060619567281861020
0.542000000000000370,1.049115980705477957
0.543000000000000371,1.037612595298043949
0.544000000000000372,1.026113723162751956
0.545000000000000373,1.014623575899449293
0.546000000000000374,1.003146265147623062
0.547000000000000375,0.991685803171184821
0.548000000000000376,0.980246103483177200
0.549000000000000377,0.968830981508604361
0.550000000000000377,0.957444155283569187
0.551000000000000378,0.946089246188997146
0.552000000000000379,0.934769779717255389
0.553000000000000380,0.923489186269976559
0.554000000000000381,0.912250801985527104
0.555000000000000382,0.901057869594479421
0.556000000000000383,0.889913539301623757
0.557000000000000384,0.878820869692957807
0.558000000000000385,0.867782828666270989
0.559000000000000385,0.856802294383837593
0.560000000000000386,0.845882056245903735
0.561000000000000387,0.835024815883590676
0.562000000000000388,0.824233188169941400
0.563000000000000389,0.813509702247809274
0.564000000000000390,0.802856802573422401
0.565000000000000391,0.792276849974363762
0.566000000000000392,0.781772122720881701
0.567000000000000393,0.771344817609337818
0.568000000000000393,0.760997051056784612
0.569000000000000394,0.750730860205545136
0.570000000000000395,0.740548204036841407
0.571000000000000396,0.730450964492441734
0.572000000000000397,0.720440947603377513
0.573000000000000398,0.710519884624845943
0.574000000000000399,0.700689433176339582
0.575000000000000400,0.690951178386208897
0.576000000000000401,0.681306634039791303
0.577000000000000401,0.671757243730281783
0.578000000000000402,0.662304382011622894
0.579000000000000403,0.652949355552644106
0.580000000000000404,0.643693404291696303
0.581000000000000405,0.634537702591158603
0.582000000000000406,0.625483360391080545
0.583000000000000407,0.616531424361369318
0.584000000000000408,0.607682879051878899
0.585000000000000409,0.598938648039824661
0.586000000000000409,0.590299595073937144
0.587000000000000410,0.581766525214826968
0.588000000000000411,0.573340185971042970
0.589000000000000412,0.565021268430288770
0.590000000000000413,0.556810408385378430
0.591000000000000414,0.548708187454414409
0.592000000000000415,0.540715134194789337
0.593000000000000416,0.532831725210587637
0.594000000000000417,0.525058386252981180
0.595000000000000417,0.517395493313240196
0.596000000000000418,0.509843373708028125
0.597000000000000419,0.502402307156591954
0.598000000000000420,0.495072526849573979
0.599000000000000421,0.487854220509099545
0.600000000000000422,0.480747531439870091
0.601000000000000423,0.473752559570993992
0.602000000000000424,0.466869362488277262
0.603000000000000425,0.460097956456733903
0.604000000000000425,0.453438317433117077
0.605000000000000426,0.446890382068227676
0.606000000000000427,0.440454048698779910
0.607000000000000428,0.434129178328737986
0.608000000000000429,0.427915595599772491
0.609000000000000430,0.421813089750905257
0.610000000000000431,0.415821415566965336
0.611000000000000432,0.409940294315887743
0.612000000000000433,0.404169414674665606
0.613000000000000433,0.398508433643810944
0.614000000000000434,0.392956977450288458
0.615000000000000435,0.387514642438795409
0.616000000000000436,0.382180995951299285
0.617000000000000437,0.376955577194757141
0.618000000000000438,0.371837898096993302
0.619000000000000439,0.366827444150641502
0.620000000000000440,0.361923675245110543
0.621000000000000441,0.357126026486558001
0.622000000000000441,0.352433909005814727
0.623000000000000442,0.347846710754282751
0.624000000000000443,0.343363797287740136
0.625000000000000444,0.338984512538069049
0.626000000000000445,0.334708179572942743
0.627000000000000446,0.330534101343419540
0.628000000000000447,0.326461561419488622
0.629000000000000448,0.322489824713601103
0.630000000000000449,0.318618138192190092
0.631000000000000449,0.314845731575210674
0.632000000000000450,0.311171818023766200
0.633000000000000451,0.307595594815811668
0.634000000000000452,0.304116244010050552
0.635000000000000453,0.300732933098011301
0.636000000000000454,0.297444815644407501
0.637000000000000455,0.294251031915809924
0.638000000000000456,0.291150709497733362
0.639000000000000457,0.288142963900169191
0.640000000000000457,0.285226899151641955
0.641000000000000458,0.282401608381921965
0.642000000000000459,0.279666174393374600
0.643000000000000460,0.277019670221137937
0.644000000000000461,0.274461159682120648
0.645000000000000462,0.271989697912976169
0.646000000000000463,0.269604331897120353
0.647000000000000464,0.267304100980877035
0.648000000000000465,0.265088037378861108
0.649000000000000465,0.262955166668707718
0.650000000000000466,0.260904508275216718
0.651000000000000467,0.258935075944064175
0.652000000000000468,0.257045878205127309
0.653000000000000469,0.255235918825595653
0.654000000000000470,0.253504197252907404
0.655000000000000471,0.251849709047676340
0.656000000000000472,0.250271446306696455
0.657000000000000473,0.248768398076147840
0.658000000000000473,0.247339550755087068
0.659000000000000474,0.245983888489379465
0.660000000000000475,0.244700393556160911
0.661000000000000476,0.243488046738965597
0.662000000000000477,0.242345827693599830
0.663000000000000478,0.241272715304935492
0.664000000000000479,0.240267688034671106
0.665000000000000480,0.239329724260275045
0.666000000000000481,0.238457802605101105
0.667000000000000481,0.237650902259948726
0.668000000000000482,0.236908003296026848
0.669000000000000483,0.236228086969584750
0.670000000000000484,0.235610136018230859
0.671000000000000485,0.235053134949102294
0.672000000000000486,0.234556070319015847
0.673000000000000487,0.234117931006654650
0.674000000000000488,0.233737708477013667
0.675000000000000488,0.233414397038133048
0.676000000000000489,0.233146994090260767
0.677000000000000490,0.232934500367612818
0.678000000000000491,0.232775920172770601
0.679000000000000492,0.232670261603892925
0.680000000000000493,0.232616536774845922
0.681000000000000494,0.232613762028327065
0.682000000000000495,0.232660958142184043
0.683000000000000496,0.232757150528943774
0.684000000000000496,0.232901369428747312
0.685000000000000497,0.233092650095763909
0.686000000000000498,0.233330032978197710
0.687000000000000499,0.233612563892027364
0.688000000000000500,0.233939294188559549
0.689000000000000501,0.234309280915922680
0.690000000000000502,0.234721586974599772
0.691000000000000503,0.235175281267132774
0.692000000000000504,0.235669438842091544
0.693000000000000504,0.236203141032387987
0.694000000000000505,0.236775475588118844
0.695000000000000506,0.237385536803935399
0.696000000000000507,0.238032425641149903
0.697000000000000508,0.238715249844613064
0.698000000000000509,0.239433124054485580
0.699000000000000510,0.240185169913011032
0.700000000000000511,0.240970516166391757
0.701000000000000512,0.241788298761848985
0.702000000000000512,0.242637660939990674
0.703000000000000513,0.243517753322562619
0.704000000000000514,0.244427733995691010
0.705000000000000515,0.245366768588710926
0.706000000000000516,0.246334030348672378
0.707000000000000517,0.247328700210604324
0.708000000000000518,0.248349966863675498
0.709000000000000519,0.249397026813251710
0.710000000000000520,0.250469084439059075
0.711000000000000520,0.251565352049424207
0.712000000000000521,0.252685049931766437
0.713000000000000522,0.253827406399385280
0.714000000000000523,0.254991657834620633
0.715000000000000524,0.256177048728519041
0.716000000000000525,0.257382831717013372
0.717000000000000526,0.258608267613776976
0.718000000000000527,0.259852625439774887
0.719000000000000528,0.261115182449622507
0.720000000000000528,0.262395224154790330
0.721000000000000529,0.263692044343819709
0.722000000000000530,0.265004945099490019
0.723000000000000531,0.266333236813156904
0.724000000000000532,0.267676238196219718
0.725000000000000533,0.269033276288850653
0.726000000000000534,0.270403686466059612
0.727000000000000535,0.271786812441123460
0.728000000000000536,0.273182006266492139
0.729000000000000536,0.274588628332216367
0.730000000000000537,0.276006047361954499
0.731000000000000538,0.277433640406675563
0.732000000000000539,0.278870792836042380
0.733000000000000540,0.280316898327617525
0.734000000000000541,0.281771358853895981
0.735000000000000542,0.283233584667278160
0.736000000000000543,0.284702994282977795
0.737000000000000544,0.286179014460006598
0.738000000000000544,0.287661080180199535
0.739000000000000545,0.289148634625442935
0.740000000000000546,0.290641129153062228
0.741000000000000547,0.292138023269507108
0.742000000000000548,0.293638784602297809
0.743000000000000549,0.295142888870413622
0.744000000000000550,0.296649819853045837
0.745000000000000551,0.298159069356839057
0.746000000000000552,0.299670137181660134
0.747000000000000552,0.301182531084930705
0.748000000000000553,0.302695766744596695
0.749000000000000554,0.304209367720753188
0.750000000000000555,0.305722865415978595
0.751000000000000556,0.307235799034462853
0.752000000000000557,0.308747715539886836
0.753000000000000558,0.310258169612227297
0.754000000000000559,0.311766723603380425
0.755000000000000560,0.313272947491779363
0.756000000000000560,0.314776418835945759
0.757000000000000561,0.316276722727103998
0.758000000000000562,0.317773451740827106
0.759000000000000563,0.319266205887776600
0.760000000000000564,0.320754592563593843
0.761000000000000565,0.322238226497961300
0.762000000000000566,0.323716729702869965
0.763000000000000567,0.325189731420135741
0.764000000000000568,0.326656868068202655
0.765000000000000568,0.328117783188242196
0.766000000000000569,0.329572127389632152
0.767000000000000570,0.331019558294784577
0.768000000000000571,0.332459740483426358
0.769000000000000572,0.333892345436286986
0.770000000000000573,0.335317051478289108
0.771000000000000574,0.336733543721230377
0.772000000000000575,0.338141514006013888
0.773000000000000576,0.339540660844436903
0.774000000000000576,0.340930689360571471
0.775000000000000577,0.342311311231761062
0.776000000000000578,0.343682244629281930
0.777000000000000579,0.345043214158645417
0.778000000000000580,0.346393950799636918
0.779000000000000581,0.347734191846041596
0.780000000000000582,0.349063680845149826
0.781000000000000583,0.350382167537000411
0.782000000000000584,0.351689407793444653
0.783000000000000584,0.352985163557022141
0.784000000000000585,0.354269202779651571
0.785000000000000586,0.355541299361218865
0.786000000000000587,0.356801233088011205
0.787000000000000588,0.358048789571068282
0.788000000000000589,0.359283760184466394
0.789000000000000590,0.360505942003499447
0.790000000000000591,0.361715137742871229
0.791000000000000592,0.362911155694822907
0.792000000000000592,0.364093809667275670
0.793000000000000593,0.365262918921978985
0.794000000000000594,0.366418308112686109
0.795000000000000595,0.367559807223363288
0.796000000000000596,0.368687251506492675
0.797000000000000597,0.369800481421402427
0.798000000000000598,0.370899342572725610
0.799000000000000599,0.371983685648948348
0.800000000000000600,0.373053366361067062
0.801000000000000600,0.374108245381404247
0.802000000000000601,0.375148188282539929
0.803000000000000602,0.376173065476425594
0.804000000000000603,0.377182752153648715
0.805000000000000604,0.378177128222887737
0.806000000000000605,0.379156078250578454
0.807000000000000606,0.380119491400747023
0.808000000000000607,0.381067261375096056
0.809000000000000608,0.381999286353305489
0.810000000000000608,0.382915468933543668
0.811000000000000609,0.383815716073286572
0.812000000000000610,0.384699939030317239
0.813000000000000611,0.385568053304060909
0.814000000000000612,0.386419978577144163
0.815000000000000613,0.387255638657251544
0.816000000000000614,0.388074961419290654
0.817000000000000615,0.388877878747833361
0.818000000000000616,0.389664326479866152
0.819000000000000616,0.390434244347868442
0.820000000000000617,0.391187575923201414
0.821000000000000618,0.391924268559819766
0.822000000000000619,0.392644273338320804
0.823000000000000620,0.393347545010338473
0.824000000000000621,0.394034041943286506
0.825000000000000622,0.394703726065435467
0.826000000000000623,0.395356562811358836
0.827000000000000624,0.395992521067747183
0.828000000000000624,0.396611573119570127
0.829000000000000625,0.397213694596640576
0.830000000000000626,0.397798864420515930
0.831000000000000627,0.398367064751816879
0.832000000000000628,0.398918280937898606
0.833000000000000629,0.399452501460939469
0.834000000000000630,0.399969717886402842
0.835000000000000631,0.400469924811895139
0.836000000000000631,0.400953119816434111
0.837000000000000632,0.401419303410099015
0.838000000000000633,0.401868478984113486
0.839000000000000634,0.402300652761305444
0.840000000000000635,0.402715833746989049
0.841000000000000636,0.403114033680273931
0.842000000000000637,0.403495266985750056
0.843000000000000638,0.403859550725630456
0.844000000000000639,0.404206904552282420
0.845000000000000639,0.404537350661188788
0.846000000000000640,0.404850913744336183
0.847000000000000641,0.405147620943996423
0.848000000000000642,0.405427501806975232
0.849000000000000643,0.405690588239253747
0.850000000000000644,0.405936914461043685
0.851000000000000645,0.406166516962318258
0.852000000000000646,0.406379434458712108
0.853000000000000647,0.406575707847883105
0.854000000000000647,0.406755380166294533
0.855000000000000648,0.406918496546415376
0.856000000000000649,0.407065104174355485
0.857000000000000650,0.407195252247921136
0.858000000000000651,0.407308991935114661
0.859000000000000652,0.407406376333043774
0.860000000000000653,0.407487460427251924
0.861000000000000654,0.407552301051508636
0.862000000000000655,0.407600956847976037
0.863000000000000655,0.407633488227852170
0.864000000000000656,0.407649957332392066
0.865000000000000657,0.407650427994393660
0.866000000000000658,0.407634965700070684
0.867000000000000659,0.407603637551363196
0.868000000000000660,0.407556512228679946
0.869000000000000661,0.407493659954041409
0.870000000000000662,0.407415152454647433
0.871000000000000663,0.407321062926855326
0.872000000000000663,0.407211466000595324
0.873000000000000664,0.407086437704172077
0.874000000000000665,0.406946055429498965
0.875000000000000666,0.406790397897727030
0.876000000000000667,0.406619545125300519
0.877000000000000668,0.406433578390411221
0.878000000000000669,0.406232580199844429
0.879000000000000670,0.406016634256264830
0.880000000000000671,0.405785825425860114
0.881000000000000671,0.405540239706430772
0.882000000000000672,0.405279964195831066
0.883000000000000673,0.405005087060845093
0.884000000000000674,0.404715697506434768
0.885000000000000675,0.404411885745389221
0.886000000000000676,0.404093742968358316
0.887000000000000677,0.403761361314275979
0.888000000000000678,0.403414833841178155
0.889000000000000679,0.403054254497381081
0.890000000000000679,0.402679718093066075
0.891000000000000680,0.402291320272221253
0.892000000000000681,0.401889157484973558
0.893000000000000682,0.401473326960290422
0.894000000000000683,0.401043926679054863
0.895000000000000684,0.400601055347494572
0.896000000000000685,0.400144812370999581
0.897000000000000686,0.399675297828288922
0.898000000000000687,0.399192612445937900
0.899000000000000687,0.398696857573277497
0.900000000000000688,0.398188135157629464
0.901000000000000689,0.397666547719915275
0.902000000000000690,0.397132198330594932
0.903000000000000691,0.396585190585975189
0.904000000000000692,0.396025628584844469
0.905000000000000693,0.395453616905465100
0.906000000000000694,0.394869260582889570
0.907000000000000695,0.394272665086636775
0.908000000000000695,0.393663936298672301
0.909000000000000696,0.393043180491755184
0.910000000000000697,0.392410504308078667
0.911000000000000698,0.391766014738268553
0.912000000000000699,0.391109819100683820
0.913000000000000700,0.390442025021037142
0.914000000000000701,0.389762740412364139
0.915000000000000702,0.389072073455258016
0.916000000000000703,0.388370132578460869
0.917000000000000703,0.387657026439737873
0.918000000000000704,0.386932863907071878
0.919000000000000705,0.386197754040158214
0.920000000000000706,0.385451806072190650
0.921000000000000707,0.384695129391967261
0.922000000000000708,0.383927833526273132
0.923000000000000709,0.383150028122555886
0.924000000000000710,0.382361822931909345
0.925000000000000711,0.381563327792324158
0.926000000000000711,0.380754652612232514
0.927000000000000712,0.379935907354332969
0.928000000000000713,0.379107202019696055
0.929000000000000714,0.378268646632136718
0.930000000000000715,0.377420351222874317
0.931000000000000716,0.376562425815457180
0.932000000000000717,0.375694980410940460
0.933000000000000718,0.374818124973358757
0.934000000000000719,0.373931969415429555
0.935000000000000719,0.373036623584537430
0.936000000000000720,0.372132197248968288
0.937000000000000721,0.371218800084398448
0.938000000000000722,0.370296541660622536
0.939000000000000723,0.369365531428558658
0.940000000000000724,0.368425878707466292
0.941000000000000725,0.367477692672437350
0.942000000000000726,0.366521082342095295
0.943000000000000727,0.365556156566570700
0.944000000000000727,0.364583024015675605
0.945000000000000728,0.363601793167326881
0.946000000000000729,0.362612572296214852
0.947000000000000730,0.361615469462660544
0.948000000000000731,0.360610592501741045
0.949000000000000732,0.359598049012597509
0.950000000000000733,0.358577946348001664
0.951000000000000734,0.357550391604091633
0.952000000000000735,0.356515491610374546
0.953000000000000735,0.355473352919907615
0.954000000000000736,0.354424081799690927
0.955000000000000737,0.353367784221278458
0.956000000000000738,0.352304565851586593
0.957000000000000739,0.351234532043905534
0.958000000000000740,0.350157787829110334
0.959000000000000741,0.349074437907069768
0.960000000000000742,0.347984586638245108
0.961000000000000743,0.346888338035489074
0.962000000000000743,0.345785795756029080
0.963000000000000744,0.344677063093639657
0.964000000000000745,0.343562242970991139
0.965000000000000746,0.342441437932201720
0.966000000000000747,0.341314750135544631
0.967000000000000748,0.340182281346358639
0.968000000000000749,0.339044132930104714
0.969000000000000750,0.337900405845627805
0.970000000000000751,0.336751200638559289
0.971000000000000751,0.335596617434918809
0.972000000000000752,0.334436755934862606
0.973000000000000753,0.333271715406586566
0.974000000000000754,0.332101594680427770
0.975000000000000755,0.330926492143088002
0.976000000000000756,0.329746505732037121
0.977000000000000757,0.328561732930068018
0.978000000000000758,0.327372270760002582
0.979000000000000759,0.326178215779537706
0.980000000000000759,0.324979664076277819
0.981000000000000760,0.323776711262869277
0.982000000000000761,0.322569452472301454
0.983000000000000762,0.321357982353361049
0.984000000000000763,0.320142395066211893
0.985000000000000764,0.318922784278111049
0.986000000000000765,0.317699243159280775
0.987000000000000766,0.316471864378899348
0.988000000000000766,0.315240740101232375
0.989000000000000767,0.314005961981889681
0.990000000000000768,0.312767621164214193
0.991000000000000769,0.311525808275810001
0.992000000000000770,0.310280613425179541
0.993000000000000771,0.309032126198480528
0.994000000000000772,0.307780435656436091
0.995000000000000773,0.306525630331321630
0.996000000000000774,0.305267798224109432
0.997000000000000774,0.304007026801702995
0.998000000000000775,0.302743402994298139
0.999000000000000776,0.301477013192855803
1.000000000000000666,0.300207943246683595
1.001000000000000778,0.298936278461125471
1.002000000000000668,0.297662103595367988
1.003000000000000780,0.296385502860339878
1.004000000000000670,0.295106559916730238
1.005000000000000782,0.293825357873089499
1.006000000000000671,0.292541979284054898
1.007000000000000783,0.291256506148663719
1.008000000000000673,0.289969019908757286
1.009000000000000785,0.288679601447495271
1.010000000000000675,0.287388331087958970
1.011000000000000787,0.286095288591846686
1.012000000000000677,0.284800553158255254
1.013000000000000789,0.283504203422563938
1.014000000000000679,0.282206317455408029
1.015000000000000790,0.280906972761713114
1.016000000000000680,0.279606246279849813
1.017000000000000792,0.278304214380853066
1.018000000000000682,0.277000952867726580
1.019000000000000794,0.275696536974834761
1.020000000000000684,0.274391041367361865
1.021000000000000796,0.273084540140864196
1.022000000000000686,0.271777106820894954
1.023000000000000798,0.270468814362694654
1.024000000000000687,0.269159735150976409
1.025000000000000799,0.267849940999759339
1.026000000000000689,0.266539503152296742
1.027000000000000801,0.265228492281060269
1.028000000000000691,0.263916978487797493
1.029000000000000803,0.262605031303657754
1.030000000000000693,0.261292719689392938
1.031000000000000805,0.259980112035596511
1.032000000000000695,0.258667276163050297
1.033000000000000806,0.257354279323085744
1.034000000000000696,0.256041188198047054
1.035000000000000808,0.254728068901794613
1.036000000000000698,0.253414986980272983
1.037000000000000810,0.252102007412123297
1.038000000000000700,0.250789194609390642
1.039000000000000812,0.249476612418242677
1.040000000000000702,0.248164324119770630
1.041000000000000814,0.246852392430828876
1.042000000000000703,0.245540879504954207
1.043000000000000815,0.244229846933295525
1.044000000000000705,0.242919355745625870
1.045000000000000817,0.241609466411400575
1.046000000000000707,0.240300238840845198
1.047000000000000819,0.238991732386110767
1.048000000000000709,0.237684005842470236
1.049000000000000821,0.236377117449548452
1.050000000000000711,0.235071124892625771
1.051000000000000822,0.233766085303941967
1.052000000000000712,0.232462055264085782
1.053000000000000824,0.231159090803402162
1.054000000000000714,0.229857247403440879
1.055000000000000826,0.228556579998455828
1.056000000000000716,0.227257142976933141
1.057000000000000828,0.225958990183163178
1.058000000000000718,0.224662174918847546
1.059000000000000830,0.223366749944745202
1.060000000000000719,0.222072767482343059
1.061000000000000831,0.220780279215580633
1.062000000000000721,0.219489336292593901
1.063000000000000833,0.218199989327485133
1.064000000000000723,0.216912288402154596
1.065000000000000835,0.215626283068129254
1.066000000000000725,0.214342022348439409
1.067000000000000837,0.213059554739535223
1.068000000000000727,0.211778928213197937
1.069000000000000838,0.210500190218524008
1.070000000000000728,0.209223387683898837
1.071000000000000840,0.207948567019018038
1.072000000000000730,0.206675774116927669
1.073000000000000842,0.205405054356090577
1.074000000000000732,0.204136452602486335
1.075000000000000844,0.202870013211713468
1.076000000000000734,0.201605780031137410
1.077000000000000846,0.200343796402051494
1.078000000000000735,0.199084105161854513
1.079000000000000847,0.197826748646264733
1.080000000000000737,0.196571768691532867
1.081000000000000849,0.195319206636700549
1.082000000000000739,0.194069103325857112
1.083000000000000851,0.192821499110424621
1.084000000000000741,0.191576433851455563
1.085000000000000853,0.190333946921961900
1.086000000000000743,0.189094077209243316
1.087000000000000854,0.187856863117238981
1.088000000000000744,0.186622342568896704
1.089000000000000856,0.185390553008563413
1.090000000000000746,0.184161531404374246
1.091000000000000858,0.182935314250667530
1.092000000000000748,0.181711937570413595
1.093000000000000860,0.180491436917648240
1.094000000000000750,0.179273847379932461
1.095000000000000862,0.178059203580807235
1.096000000000000751,0.176847539682271904
1.097000000000000863,0.175638889387277175
1.098000000000000753,0.174433285942210359
1.099000000000000865,0.173230762139407718
1.100000000000000755,0.172031350319674842
1.101000000000000867,0.170835082374805963
1.102000000000000757,0.169641989750123373
1.103000000000000869,0.168452103447011947
1.104000000000000759,0.167265454025483984
1.105000000000000870,0.166082071606718229
1.106000000000000760,0.164901985875646973
1.107000000000000872,0.163725226083505093
1.108000000000000762,0.162551821050420625
1.109000000000000874,0.161381799167995721
1.110000000000000764,0.160215188401893915
1.111000000000000876,0.159052016294435494
1.112000000000000766,0.157892309967191585
1.113000000000000878,0.156736096123589991
1.114000000000000767,0.155583401051518355
1.115000000000000879,0.154434250625937602
1.116000000000000769,0.153288670311489461
1.117000000000000881,0.152146685165115259
1.118000000000000771,0.151008319838672522
1.119000000000000883,0.149873598581552026
1.120000000000000773,0.148742545243301494
1.121000000000000885,0.147615183276249146
1.122000000000000774,0.146491535738126177
1.123000000000000886,0.145371625294691165
1.124000000000000776,0.144255474222351160
1.125000000000000888,0.143143104410796695
1.126000000000000778,0.142034537365618829
1.127000000000000890,0.140929794210927717
1.128000000000000780,0.139828895691993749
1.129000000000000892,0.138731862177852938
1.130000000000000782,0.137638713663937484
1.131000000000000894,0.136549469774692511
1.132000000000000783,0.135464149766195530
1.133000000000000895,0.134382772528765904
1.134000000000000785,0.133305356589592305
1.135000000000000897,0.132231920115322699
1.136000000000000787,0.131162480914695762
1.137000000000000899,0.130097056441121406
1.138000000000000789,0.129035663795308536
1.139000000000000901,0.127978319727831746
1.140000000000000790,0.126925040641754500
1.141000000000000902,0.125875842595204734
1.142000000000000792,0.124830741303960255
1.143000000000000904,0.123789752144034648
1.144000000000000794,0.122752890154247646
1.145000000000000906,0.121720170038809444
1.146000000000000796,0.120691606169870819
1.147000000000000908,0.119667212590096161
1.148000000000000798,0.118647003015217536
1.149000000000000909,0.117630990836579352
1.150000000000000799,0.116619189123694483
1.151000000000000689,0.115611610626770861
1.152000000000000801,0.114608267779249637
1.153000000000000913,0.113609172700330815
1.154000000000000803,0.112614337197491116
1.155000000000000693,0.111623772769003593
1.156000000000000805,0.110637490606429773
1.157000000000000917,0.109655501597135580
1.158000000000000806,0.108677816326770399
1.159000000000000696,0.107704445081757361
1.160000000000000808,0.106735397851772371
1.161000000000000920,0.105770684332208972
1.162000000000000810,0.104810313926641488
1.163000000000000700,0.103854295749284148
1.164000000000000812,0.102902638627427739
1.165000000000000924,0.101955351103890507
1.166000000000000814,0.101012441439436412
1.167000000000000703,0.100073917615201652
1.168000000000000815,0.099139787335107254
1.169000000000000927,0.098210058028266350
1.170000000000000817,0.097284736851373579
1.171000000000000707,0.096363830691101021
1.172000000000000819,0.095447346166463873
1.173000000000000931,0.094535289631201475
1.174000000000000821,0.093627667176135770
1.175000000000000711,0.092724484631513809
1.176000000000000822,0.091825747569356603
1.177000000000000934,0.090931461305790592
1.178000000000000824,0.090041630903365893
1.179000000000000714,0.089156261173379298
1.180000000000000826,0.088275356678163011
1.181000000000000938,0.087398921733393364
1.182000000000000828,0.086526960410365755
1.183000000000000718,0.085659476538270177
1.184000000000000830,0.084796473706455461
1.185000000000000941,0.083937955266691053
1.186000000000000831,0.083083924335396131
1.187000000000000721,0.082234383795888308
1.188000000000000833,0.081389336300598081
1.189000000000000945,0.080548784273285740
1.190000000000000835,0.079712729911241648
1.191000000000000725,0.078881175187490229
1.192000000000000837,0.078054121852949090
1.193000000000000949,0.077231571438630811
1.194000000000000838,0.076413525257776033
1.195000000000000728,0.075599984408025678
1.196000000000000840,0.074790949773548665
1.197000000000000952,0.073986422027172816
1.198000000000000842,0.073186401632510875
1.199000000000000732,0.072390888846054310
1.200000000000000844,0.071599883719291407
1.201000000000000956,0.070813386100770356
1.202000000000000846,0.070031395638192467
1.203000000000000735,0.069253911780464958
1.204000000000000847,0.068480933779767023
1.205000000000000959,0.067712460693575033
1.206000000000000849,0.066948491386710551
1.207000000000000739,0.066189024533354734
1.208000000000000851,0.065434058619054283
1.209000000000000963,0.064683591942725549
1.210000000000000853,0.063937622618638321
1.211000000000000743,0.063196148578395436
1.212000000000000854,0.062459167572895269
1.213000000000000966,0.061726677174287883
1.214000000000000856,0.060998674777913223
1.215000000000000746,0.060275157604243110
1.216000000000000858,0.059556122700787140
1.217000000000000970,0.058841566944017695
1.218000000000000860,0.058131487041258555
1.219000000000000750,0.057425879532572999
1.220000000000000862,0.056724740792640796
1.221000000000000973,0.056028067032626118
1.222000000000000863,0.055335854302024735
1.223000000000000753,0.054648098490511408
1.224000000000000865,0.053964795329770242
1.225000000000000977,0.053285940395307749
1.226000000000000867,0.052611529108273811
1.227000000000000757,0.051941556737248054
1.228000000000000869,0.051276018400035150
1.229000000000000981,0.050614909065425165
1.230000000000000870,0.049958223554980405
1.231000000000000760,0.049305956544767063
1.232000000000000872,0.048658102567100688
1.233000000000000984,0.048014656012292711
1.234000000000000874,0.047375611130344615
1.235000000000000764,0.046740962032677642
1.236000000000000876,0.046110702693814641
1.237000000000000988,0.045484826953076998
1.238000000000000878,0.044863328516249468
1.239000000000000767,0.044246200957251645
1.240000000000000879,0.043633437719784840
1.241000000000000991,0.043025032118977652
1.242000000000000881,0.042420977343015184
1.243000000000000771,0.041821266454755486
1.244000000000000883,0.041225892393343587
1.245000000000000995,0.040634847975804210
1.246000000000000885,0.040048125898627898
1.247000000000000774,0.039465718739351875
1.248000000000000886,0.038887618958120096
1.249000000000000998,0.038313818899237531
1.250000000000000888,0.037744310792713086
1.251000000000000778,0.037179086755793511
1.252000000000000890,0.036618138794481968
1.253000000000001002,0.036061458805055402
1.254000000000000892,0.035509038575548706
1.255000000000000782,0.034960869787262552
1.256000000000000894,0.034416944016228766
1.257000000000001005,0.033877252734682742
1.258000000000000895,0.033341787312519425
1.259000000000000785,0.032810539018739836
1.260000000000000897,0.032283499022888178
1.261000000000001009,0.031760658396470666
1.262000000000000899,0.031242008114382946
1.263000000000000789,0.030727539056300723
1.264000000000000901,0.030217242008079671
1.265000000000001013,0.029711107663141445
1.266000000000000902,0.029209126623840991
1.267000000000000792,0.028711289402831797
1.268000000000000904,0.028217586424419648
1.269000000000001016,0.027728008025901842
1.270000000000000906,0.027242544458898316
1.271000000000000796,0.026761185890676387
1.272000000000000908,0.026283922405462533
1.273000000000001020,0.025810744005737844
1.274000000000000909,0.025341640613534677
1.275000000000000799,0.024876602071718056
1.276000000000000911,0.024415618145249295
1.277000000000001023,0.023958678522457227
1.278000000000000913,0.023505772816282793
1.279000000000000803,0.023056890565520578
1.280000000000000915,0.022612021236048680
1.281000000000001027,0.022171154222061680
1.282000000000000917,0.021734278847263554
1.283000000000000806,0.021301384366085779
1.284000000000000918,0.020872459964869295
1.285000000000001030,0.020447494763054123
1.286000000000000920,0.020026477814346754
1.287000000000000810,0.019609398107888910
1.288000000000000922,0.019196244569402759
1.289000000000001034,0.018787006062345318
1.290000000000000924,0.018381671389040663
1.291000000000000814,0.017980229291796563
1.292000000000000925,0.017582668454036152
1.293000000000001037,0.017188977501387741
1.294000000000000927,0.016799145002794391
1.295000000000000817,0.016413159471599888
1.296000000000000929,0.016031009366621003
1.297000000000001041,0.015652683093228564
1.298000000000000931,0.015278169004397777
1.299000000000000821,0.014907455401762812
1.300000000000000933,0.014540530536665533
1.301000000000001044,0.014177382611180647
1.302000000000000934,0.013817999779147600
1.303000000000000824,0.013462370147175167
1.304000000000000936,0.013110481775666306
1.305000000000001048,0.012762322679799081
1.306000000000000938,0.012417880830523198
1.307000000000000828,0.012077144155545391
1.308000000000000940,0.011740100540294906
1.309000000000001052,0.011406737828883785
1.310000000000000941,0.011077043825071613
1.311000000000000831,0.010751006293203951
1.312000000000000943,0.010428612959159495
1.313000000000001055,0.010109851511260658
1.314000000000000945,0.009794709601216875
1.315000000000000835,0.009483174845024447
1.316000000000000947,0.009175234823871720
1.317000000000001059,0.008870877085035473
1.318000000000000949,0.008570089142777433
1.319000000000000838,0.008272858479206859
1.320000000000000950,0.007979172545165843
1.321000000000001062,0.007689018761091221
1.322000000000000952,0.007402384517863218
1.323000000000000842,0.007119257177659742
1.324000000000000954,0.006839624074791027
1.325000000000001066,0.006563472516536499
1.326000000000000956,0.006290789783960238
1.327000000000000846,0.006021563132738406
1.328000000000000957,0.005755779793953629
1.329000000000001069,0.005493426974909947
1.330000000000000959,0.005234491859912632
1.331000000000000849,0.004978961611060435
1.332000000000000961,0.004726823369024104
1.333000000000001073,0.004478064253814563
1.334000000000000963,0.004232671365539962
1.335000000000000853,0.003990631785172250
1.336000000000000965,0.003751932575282889
1.337000000000001076,0.003516560780791165
1.338000000000000966,0.003284503429696670
1.339000000000000856,0.003055747533799622
1.340000000000000968,0.002830280089424951
1.341000000000001080,0.002608088078133157
1.342000000000000970,0.002389158467421020
1.343000000000000860,0.002173478211422574
1.344000000000000972,0.001961034251597735
1.345000000000001084,0.001751813517411821
1.346000000000000973,0.001545802927021107
1.347000000000000863,0.001342989387931304
1.348000000000000975,0.001143359797669892
1.349000000000001087,0.000946901044434043
1.350000000000000977,0.000753600007741980
1.351000000000000867,0.000563443559074911
1.352000000000000979,0.000376418562519675
1.353000000000001091,0.000192511875382493
1.354000000000000981,0.000011710348822429
1.355000000000000870,-0.000165999171532531
1.356000000000000982,-0.000340629844981451
1.357000000000001094,-0.000512194835148281
1.358000000000000984,-0.000680707309379818
1.359000000000000874,-0.000846180438158346
1.360000000000000986,-0.001008627394520650
1.361000000000001098,-0.001168061353480518
1.362000000000000988,-0.001324495491452426
1.363000000000000878,-0.001477942985690035
1.364000000000000989,-0.001628417013734013
1.365000000000001101,-0.001775930752845747
1.366000000000000991,-0.001920497379471164
1.367000000000000881,-0.002062130068699048
1.368000000000000993,-0.002200841993724313
1.369000000000001105,-0.002336646325319210
1.370000000000000995,-0.002469556231313882
1.371000000000000885,-0.002599584876075158
1.372000000000000997,-0.002726745419999608
1.373000000000001108,-0.002851051019010358
1.374000000000000998,-0.002972514824045344
1.375000000000000888,-0.003091149980582493
1.376000000000001000,-0.003206969628138102
1.377000000000001112,-0.003319986899787071
1.378000000000001002,-0.003430214921689936
1.379000000000000892,-0.003537666812616734
1.380000000000001004,-0.003642355683485590
1.381000000000001116,-0.003744294636901659
1.382000000000001005,-0.003843496766698470
1.383000000000000895,-0.003939975157492020
1.384000000000001007,-0.004033742884237023
1.385000000000001119,-0.004124813011785689
1.386000000000001009,-0.004213198594457580
1.387000000000000899,-0.004298912675602342
1.388000000000001011,-0.004381968287195560
1.389000000000001123,-0.004462378449397014
1.390000000000001013,-0.004540156170154483
1.391000000000000902,-0.004615314444790117
1.392000000000001014,-0.004687866255596656
1.393000000000001126,-0.004757824571442480
1.394000000000001016,-0.004825202347378402
1.395000000000000906,-0.004890012524248421
1.396000000000001018,-0.004952268028304153
1.397000000000001130,-0.005011981770833244
1.398000000000001020,-0.005069166647780819
1.399000000000000909,-0.005123835539382471
1.400000000000001021,-0.005176001309797901
1.401000000000001133,-0.005225676806758691
1.402000000000001023,-0.005272874861204438
1.403000000000000913,-0.005317608286938107
1.404000000000001025,-0.005359889880282664
1.405000000000001137,-0.005399732419733893
1.406000000000001027,-0.005437148665627705
1.407000000000000917,-0.005472151359814654
1.408000000000001029,-0.005504753225317087
1.409000000000001140,-0.005534966966020998
1.410000000000001030,-0.005562805266350007
1.411000000000000920,-0.005588280790953744
1.412000000000001032,-0.005611406184393696
1.413000000000001144,-0.005632194070845802
1.414000000000001034,-0.005650657053788846
1.415000000000000924,-0.005666807715713554
1.416000000000001036,-0.005680658617830082
1.417000000000001148,-0.005692222299776813
1.418000000000001037,-0.005701511279333177
1.419000000000000927,-0.005708538052141970
1.420000000000001039,-0.005713315091432208
1.421000000000001151,-0.005715854847747366
1.422000000000001041,-0.005716169748672761
1.423000000000000931,-0.005714272198574441
1.424000000000001043,-0.005710174578335940
1.425000000000001155,-0.005703889245102035
1.426000000000001044,-0.005695428532025553
1.427000000000000934,-0.005684804748017276
1.428000000000001046,-0.005672030177500091
1.429000000000001158,-0.005657117080165960
1.430000000000001048,-0.005640077690743382
1.431000000000000938,-0.005620924218751503
1.432000000000001050,-0.005599668848280811
1.433000000000001162,-0.005576323737760275
1.434000000000001052,-0.005550901019730202
1.435000000000000941,-0.005523412800630876
1.436000000000001053,-0.005493871160576604
1.437000000000001165,-0.005462288153146571
1.438000000000001055,-0.005428675805177958
1.439000000000000945,-0.005393046116553317
1.440000000000001057,-0.005355411060003750
1.441000000000001169,-0.005315782580901772
1.442000000000001059,-0.005274172597070197
1.443000000000000949,-0.005230592998594253
1.444000000000001060,-0.005185055647620878
1.445000000000001172,-0.005137572378174059
1.446000000000001062,-0.005088154995984430
1.447000000000000952,-0.005036815278290106
1.448000000000001064,-0.004983564973675124
1.449000000000001176,-0.004928415801889595
1.450000000000001066,-0.004871379453677415
1.451000000000000956,-0.004812467590610740
1.452000000000001068,-0.004751691844927633
1.453000000000001180,-0.004689063819366110
1.454000000000001069,-0.004624595087008307
1.455000000000000959,-0.004558297191126765
1.456000000000001071,-0.004490181645025135
1.457000000000001183,-0.004420259931899569
1.458000000000001073,-0.004348543504680456
1.459000000000000963,-0.004275043785895124
1.460000000000001075,-0.004199772167524911
1.461000000000001187,-0.004122740010865251
1.462000000000001076,-0.004043958646398872
1.463000000000000966,-0.003963439373647936
1.464000000000001078,-0.003881193461057324
1.465000000000001190,-0.003797232145862616
1.466000000000001080,-0.003711566633963048
1.467000000000000970,-0.003624208099803307
1.468000000000001082,-0.003535167686254151
1.469000000000001194,-0.003444456504491264
1.470000000000001084,-0.003352085633886784
1.471000000000000973,-0.003258066121893066
1.472000000000001085,-0.003162408983940468
1.473000000000001197,-0.003065125203320736
1.474000000000001087,-0.002966225731092713
1.475000000000000977,-0.002865721485972714
1.476000000000001089,-0.002763623354242038
1.477000000000001201,-0.002659942189648212
1.478000000000001091,-0.002554688813307100
1.479000000000000981,-0.002447874013615456
1.480000000000001092,-0.002339508546158677
1.481000000000001204,-0.002229603133625561
1.482000000000001094,-0.002118168465721229
1.483000000000000984,-0.002005215199087719
1.484000000000001096,-0.001890753957218806
1.485000000000001208,-0.001774795330383333
1.486000000000001098,-0.001657349875553320
1.487000000000000988,-0.001538428116325038
1.488000000000001100,-0.001418040542846816
1.489000000000001211,-0.001296197611757105
1.490000000000001101,-0.001172909746107533
1.491000000000000991,-0.001048187335303188
1.492000000000001103,-0.000922040735039338
1.493000000000001215,-0.000794480267238483
1.494000000000001105,-0.000665516219989900
1.495000000000000995,-0.000535158847496703
1.496000000000001107,-0.000403418370017775
1.497000000000001219,-0.000270304973815356
1.498000000000001108,-0.000135828811103938
1.499000000000000998,0.000000000000000000
