# CNT15-COO--3_METHOXYPHENOL-AC
# h[nm],U(h)[kJ/mol]
0.149999999999999994,120.993639200889447238
0.150999999999999995,121.119022976832681593
0.151999999999999996,118.616576253315614053
0.152999999999999997,115.613690879653404409
0.153999999999999998,112.881353566551752010
0.154999999999999999,110.557088618236136313
0.156000000000000000,108.533505722700823526
0.157000000000000001,106.650691986634186037
0.158000000000000002,104.778408155903463239
0.159000000000000002,102.840193927508423144
0.160000000000000003,100.809915664515727940
0.161000000000000004,98.697819621156696712
0.162000000000000005,96.534958001980115228
0.163000000000000006,94.360039418102729769
0.164000000000000007,92.210063104116414934
0.165000000000000008,90.114704510038308172
0.166000000000000009,88.093797450444569108
0.167000000000000010,86.157068577269825482
0.168000000000000010,84.305315754536010786
0.169000000000000011,82.532358737589092357
0.170000000000000012,80.827257579357663531
0.171000000000000013,79.176453934494332998
0.172000000000000014,77.565625644334744493
0.173000000000000015,75.981150116074516632
0.174000000000000016,74.411147870797705650
0.175000000000000017,72.846128100076384726
0.176000000000000018,71.279288122341313283
0.177000000000000018,69.706533270105040856
0.178000000000000019,68.126287436775584183
0.179000000000000020,66.539160976949830228
0.180000000000000021,64.947534797009893737
0.181000000000000022,63.355109464245643380
0.182000000000000023,61.766457539358178508
0.183000000000000024,60.186607121240442098
0.184000000000000025,58.620675407312134553
0.185000000000000026,57.073563243350086793
0.186000000000000026,55.549715278400775276
0.187000000000000027,54.052945425263274615
0.188000000000000028,52.586323738209770795
0.189000000000000029,51.152118390530851855
0.190000000000000030,49.751784977489279527
0.191000000000000031,48.385994696095259826
0.192000000000000032,47.054692883540198522
0.193000000000000033,45.757179771334556051
0.194000000000000034,44.492205994476641706
0.195000000000000034,43.258076269727965268
0.196000000000000035,42.052755632105046857
0.197000000000000036,40.873973622442321130
0.198000000000000037,39.719322797994358609
0.199000000000000038,38.586348854785043727
0.200000000000000039,37.472630479985184593
0.201000000000000040,36.375847780667434961
0.202000000000000041,35.293838755689023401
0.203000000000000042,34.224643790218230777
0.204000000000000042,33.166538562065817075
0.205000000000000043,32.118056063104958753
0.206000000000000044,31.077998667185330106
0.207000000000000045,30.045441328623581967
0.208000000000000046,29.019727083466612783
0.209000000000000047,28.000456059973760858
0.210000000000000048,26.987469195299990332
0.211000000000000049,25.980827811538755867
0.212000000000000050,24.980790134506854372
0.213000000000000050,23.987785750328711742
0.214000000000000051,23.002388894362702842
0.215000000000000052,22.025291359678824676
0.216000000000000053,21.057275702561604191
0.217000000000000054,20.099189313925425182
0.218000000000000055,19.151919820857614241
0.219000000000000056,18.216372183826049280
0.220000000000000057,17.293447763873384559
0.221000000000000058,16.384025551348244676
0.222000000000000058,15.488945673923552704
0.223000000000000059,14.608995237032255332
0.224000000000000060,13.744896494318226132
0.225000000000000061,12.897297298961571954
0.226000000000000062,12.066763748330417982
0.227000000000000063,11.253774903758829495
0.228000000000000064,10.458719443701635754
0.229000000000000065,9.681894091370438105
0.230000000000000066,8.923503646502194186
0.231000000000000066,8.183662444434324001
0.232000000000000067,7.462397063473164671
0.233000000000000068,6.759650102981682451
0.234000000000000069,6.075284859062897169
0.235000000000000070,5.409090731604925040
0.236000000000000071,4.760789205263666446
0.237000000000000072,4.130040257219294908
0.238000000000000073,3.516449055841826432
0.239000000000000073,2.919572826373595831
0.240000000000000074,2.338927772065779287
0.241000000000000075,1.773995951630052970
0.242000000000000076,1.224232026155521513
0.243000000000000077,0.689069800612795103
0.244000000000000078,0.167928496573789665
0.245000000000000079,-0.339781296299846880
0.246000000000000080,-0.834652032189783233
0.247000000000000081,-1.317274017140464659
0.248000000000000081,-1.788230637072483420
0.249000000000000082,-2.248094021731119163
0.250000000000000111,-2.697421153339898403
0.251000000000000112,-3.136750422343359546
0.252000000000000113,-3.566598627005857391
0.253000000000000114,-3.987458408751335615
0.254000000000000115,-4.399796110954583561
0.255000000000000115,-4.804050045379758771
0.256000000000000116,-5.200629147569554966
0.257000000000000117,-5.589912000168390627
0.258000000000000118,-5.972246201369060259
0.259000000000000119,-6.347948054358050207
0.260000000000000120,-6.717302552751751143
0.261000000000000121,-7.080563636517551274
0.262000000000000122,-7.437954692718060201
0.263000000000000123,-7.789669275557794315
0.264000000000000123,-8.135872020612469058
0.265000000000000124,-8.476699728740912931
0.266000000000000125,-8.812262595985519198
0.267000000000000126,-9.142645566724752371
0.268000000000000127,-9.467909788422701922
0.269000000000000128,-9.788094147496055442
0.270000000000000129,-10.103216867066379336
0.271000000000000130,-10.413277148661784111
0.272000000000000131,-10.718256841256962986
0.273000000000000131,-11.018122122378288807
0.274000000000000132,-11.312825177334760340
0.275000000000000133,-11.602305863954153864
0.276000000000000134,-11.886493351494930693
0.277000000000000135,-12.165307723658715489
0.278000000000000136,-12.438661536839195065
0.279000000000000137,-12.706461325903113391
0.280000000000000138,-12.968609050903163293
0.281000000000000139,-13.225003479168728759
0.282000000000000139,-13.475541498203398305
0.283000000000000140,-13.720119355738717104
0.284000000000000141,-13.958633824149103475
0.285000000000000142,-14.190983287224247178
0.286000000000000143,-14.417068748022412450
0.287000000000000144,-14.636794757192069127
0.288000000000000145,-14.850070261752552625
0.289000000000000146,-15.056809374866423568
0.290000000000000147,-15.256932067622921423
0.291000000000000147,-15.450364784281262587
0.292000000000000148,-15.637040982801604372
0.293000000000000149,-15.816901602818740358
0.294000000000000150,-15.989895463496006656
0.295000000000000151,-16.155979593933707861
0.296000000000000152,-16.315119499003202463
0.297000000000000153,-16.467289363635973842
0.298000000000000154,-16.612472198720162453
0.299000000000000155,-16.750659931847859951
0.300000000000000155,-16.881853446217412795
0.301000000000000156,-17.006062571028994768
0.302000000000000157,-17.123306026721799356
0.303000000000000158,-17.233611328388541040
0.304000000000000159,-17.337014650671392246
0.305000000000000160,-17.433560657394270521
0.306000000000000161,-17.523302299121827019
0.307000000000000162,-17.606300581758169699
0.308000000000000163,-17.682624309208812008
0.309000000000000163,-17.752349803030753606
0.310000000000000164,-17.815560601888911663
0.311000000000000165,-17.872347143523231949
0.312000000000000166,-17.922806431812503547
0.313000000000000167,-17.967041691398065950
0.314000000000000168,-18.005162012205040867
0.315000000000000169,-18.037281986071388218
0.316000000000000170,-18.063521337567237879
0.317000000000000171,-18.084004550958294288
0.318000000000000171,-18.098860495139973636
0.319000000000000172,-18.108222048242797797
0.320000000000000173,-18.112225723485575912
0.321000000000000174,-18.111011297731160141
0.322000000000000175,-18.104721444081139481
0.323000000000000176,-18.093501369730500272
0.324000000000000177,-18.077498460191669949
0.325000000000000178,-18.056861930889233747
0.326000000000000179,-18.031742487023894483
0.327000000000000179,-18.002291992503778317
0.328000000000000180,-17.968663148647010530
0.329000000000000181,-17.931009183269122076
0.330000000000000182,-17.889483550682150792
0.331000000000000183,-17.844239643052116406
0.332000000000000184,-17.795430513483832868
0.333000000000000185,-17.743208611130320662
0.334000000000000186,-17.687725528556310195
0.335000000000000187,-17.629131761521691146
0.336000000000000187,-17.567576481292341839
0.337000000000000188,-17.503207319530051933
0.338000000000000189,-17.436170165763613227
0.339000000000000190,-17.366608977395731728
0.340000000000000191,-17.294665602157504480
0.341000000000000192,-17.220479612883661247
0.342000000000000193,-17.144188154445284766
0.343000000000000194,-17.065925802645374176
0.344000000000000195,-16.985824434852698772
0.345000000000000195,-16.904013112124658846
0.346000000000000196,-16.820617972545736762
0.347000000000000197,-16.735762135489043345
0.348000000000000198,-16.649565616490352937
0.349000000000000199,-16.562145252409173679
0.350000000000000200,-16.473614636538965073
0.351000000000000201,-16.384084063317835955
0.352000000000000202,-16.293660482282909641
0.353000000000000203,-16.202447460904952692
0.354000000000000203,-16.110545155935273698
0.355000000000000204,-16.018050292893608599
0.356000000000000205,-15.925056153324609554
0.357000000000000206,-15.831652569450103130
0.358000000000000207,-15.737925925845555497
0.359000000000000208,-15.643959167771772201
0.360000000000000209,-15.549831815796011369
0.361000000000000210,-15.455619986341336158
0.362000000000000210,-15.361396417808242276
0.363000000000000211,-15.267230501918749752
0.364000000000000212,-15.173188319939976410
0.365000000000000213,-15.079332683451472263
0.366000000000000214,-14.985723179328900301
0.367000000000000215,-14.892416218624671131
0.368000000000000216,-14.799465089035418686
0.369000000000000217,-14.706920010655071707
0.370000000000000218,-14.614828194722008448
0.371000000000000218,-14.523233905078214434
0.372000000000000219,-14.432178522068582538
0.373000000000000220,-14.341700608618220159
0.374000000000000221,-14.251835978235993352
0.375000000000000222,-14.162617764702314815
0.376000000000000223,-14.074076493209881633
0.377000000000000224,-13.986240152735621933
0.378000000000000225,-13.899134269432682487
0.379000000000000226,-13.812781980840849627
0.380000000000000226,-13.727204110724127162
0.381000000000000227,-13.642419244353439112
0.382000000000000228,-13.558443804062523697
0.383000000000000229,-13.475292124914144409
0.384000000000000230,-13.392976530323085882
0.385000000000000231,-13.311507407491532717
0.386000000000000232,-13.230893282521117627
0.387000000000000233,-13.151140895074570736
0.388000000000000234,-13.072255272468188636
0.389000000000000234,-12.994239803084704832
0.390000000000000235,-12.917096309003536447
0.391000000000000236,-12.840825117753642104
0.392000000000000237,-12.765425133100810839
0.393000000000000238,-12.690893904789160018
0.394000000000000239,-12.617227697162631372
0.395000000000000240,-12.544421556599489875
0.396000000000000241,-12.472469377698811144
0.397000000000000242,-12.401363968164059060
0.398000000000000242,-12.331097112334788335
0.399000000000000243,-12.261659633322882001
0.400000000000000244,-12.193041453715078859
0.401000000000000245,-12.125231654808839465
0.402000000000000246,-12.058218534352869611
0.403000000000000247,-11.991989662768787639
0.404000000000000248,-11.926531937834379704
0.405000000000000249,-11.861831637813114781
0.406000000000000250,-11.797874473018396202
0.407000000000000250,-11.734645635804909602
0.408000000000000251,-11.672129848982518041
0.409000000000000252,-11.610311412651785901
0.410000000000000253,-11.549174249462982544
0.411000000000000254,-11.488701948303415179
0.412000000000000255,-11.428877806420526753
0.413000000000000256,-11.369684869990793530
0.414000000000000257,-11.311105973146551307
0.415000000000000258,-11.253123775475385671
0.416000000000000258,-11.195720798008228059
0.417000000000000259,-11.138879457714606858
0.418000000000000260,-11.082582100524827950
0.419000000000000261,-11.026811032900528886
0.420000000000000262,-10.971548551976512798
0.421000000000000263,-10.916776974297951242
0.422000000000000264,-10.862478663178087857
0.423000000000000265,-10.808636054702823515
0.424000000000000266,-10.755231682409434057
0.425000000000000266,-10.702248200667140665
0.426000000000000267,-10.649668406788494579
0.427000000000000268,-10.597475261900672905
0.428000000000000269,-10.545651910606522961
0.429000000000000270,-10.494181699465617186
0.430000000000000271,-10.443048194325786682
0.431000000000000272,-10.392235196535963837
0.432000000000000273,-10.341726758071404291
0.433000000000000274,-10.291507195602303426
0.434000000000000274,-10.241561103537033972
0.435000000000000275,-10.191873366071181550
0.436000000000000276,-10.142429168273480400
0.437000000000000277,-10.093214006239588088
0.438000000000000278,-10.044213696344577613
0.439000000000000279,-9.995414383624821042
0.440000000000000280,-9.946802549319446740
0.441000000000000281,-9.898365017601630456
0.442000000000000282,-9.850088961529440468
0.443000000000000282,-9.801961908245454325
0.444000000000000283,-9.753971743454391330
0.445000000000000284,-9.706106715207180713
0.446000000000000285,-9.658355437019583434
0.447000000000000286,-9.610706890353231557
0.448000000000000287,-9.563150426485973910
0.449000000000000288,-9.515675767798537521
0.450000000000000289,-9.468273008503377497
0.451000000000000290,-9.420932614841541763
0.452000000000000290,-9.373645424772561796
0.453000000000000291,-9.326402647181888383
0.454000000000000292,-9.279195860629871007
0.455000000000000293,-9.232017011665638151
0.456000000000000294,-9.184858412728724275
0.457000000000000295,-9.137712739660701189
0.458000000000000296,-9.090573028848350390
0.459000000000000297,-9.043432674019628692
0.460000000000000298,-8.996285422712716695
0.461000000000000298,-8.949125372438178516
0.462000000000000299,-8.901946966553495599
0.463000000000000300,-8.854744989868663652
0.464000000000000301,-8.807514564001076351
0.465000000000000302,-8.760251142497249788
0.466000000000000303,-8.712950505738334073
0.467000000000000304,-8.665608755645958894
0.468000000000000305,-8.618222310204219028
0.469000000000000306,-8.570787897813135103
0.470000000000000306,-8.523302551488519896
0.471000000000000307,-8.475763602922231854
0.472000000000000308,-8.428168676416877503
0.473000000000000309,-8.380515682707914138
0.474000000000000310,-8.332802812685974558
0.475000000000000311,-8.285028531031588983
0.476000000000000312,-8.237191569774045874
0.477000000000000313,-8.189290921785573829
0.478000000000000314,-8.141325834221586177
0.479000000000000314,-8.093295801917417265
0.480000000000000315,-8.045200560751172958
0.481000000000000316,-7.997040080982372956
0.482000000000000317,-7.948814560575073074
0.483000000000000318,-7.900524418514280001
0.484000000000000319,-7.852170288123599740
0.485000000000000320,-7.803753010392033396
0.486000000000000321,-7.755273627317166074
0.487000000000000322,-7.706733375271783260
0.488000000000000322,-7.658133678400448119
0.489000000000000323,-7.609476142052500336
0.490000000000000324,-7.560762546257135064
0.491000000000000325,-7.511994839246329825
0.492000000000000326,-7.463175131030732601
0.493000000000000327,-7.414305687033594161
0.494000000000000328,-7.365388921787220156
0.495000000000000329,-7.316427392696420284
0.496000000000000330,-7.267423793872855420
0.497000000000000330,-7.218380950044242184
0.498000000000000331,-7.169301810541675479
0.499000000000000332,-7.120189443368603932
0.500000000000000333,-7.071047029354225799
0.501000000000000334,-7.021877856394150186
0.502000000000000335,-6.972685313780887739
0.503000000000000336,-6.923472886626458767
0.504000000000000337,-6.874244150379178464
0.505000000000000338,-6.825002765436536833
0.506000000000000338,-6.775752471855916781
0.507000000000000339,-6.726497084164551055
0.508000000000000340,-6.677240486270102693
0.509000000000000341,-6.627986626473097331
0.510000000000000342,-6.578739512582013838
0.511000000000000343,-6.529503207132028031
0.512000000000000344,-6.480281822707962824
0.513000000000000345,-6.431079517372064736
0.514000000000000346,-6.381900490196963815
0.515000000000000346,-6.332748976904032823
0.516000000000000347,-6.283629245607330382
0.517000000000000348,-6.234545592663198299
0.518000000000000349,-6.185502338625218144
0.519000000000000350,-6.136503824304574195
0.520000000000000351,-6.087554406935292484
0.521000000000000352,-6.038658456444122358
0.522000000000000353,-5.989820351824448608
0.523000000000000353,-5.941044477613647068
0.524000000000000354,-5.892335220473382762
0.525000000000000355,-5.843696965871856719
0.526000000000000356,-5.795134094867385954
0.527000000000000357,-5.746650980992394686
0.528000000000000358,-5.698251987236757188
0.529000000000000359,-5.649941463129687591
0.530000000000000360,-5.601723741918915422
0.531000000000000361,-5.553603137846198301
0.532000000000000361,-5.505583943517912360
0.533000000000000362,-5.457670427369559540
0.534000000000000363,-5.409866831222963413
0.535000000000000364,-5.362177367934821248
0.536000000000000365,-5.314606219135363574
0.537000000000000366,-5.267157533055750740
0.538000000000000367,-5.219835422442769435
0.539000000000000368,-5.172643962559599018
0.540000000000000369,-5.125587189270996546
0.541000000000000369,-5.078669097211696126
0.542000000000000370,-5.031893638036377681
0.543000000000000371,-4.985264718749819579
0.544000000000000372,-4.938786200115769631
0.545000000000000373,-4.892461895142977468
0.546000000000000374,-4.846295567646896174
0.547000000000000375,-4.800290930885561913
0.548000000000000376,-4.754451646268148757
0.549000000000000377,-4.708781322134644398
0.550000000000000377,-4.663283512605099546
0.551000000000000378,-4.617961716496990832
0.552000000000000379,-4.572819376309176675
0.553000000000000380,-4.527859877270853595
0.554000000000000381,-4.483086546454046584
0.555000000000000382,-4.438502651948214250
0.556000000000000383,-4.394111402095238539
0.557000000000000384,-4.349915944783598221
0.558000000000000385,-4.305919366799979109
0.559000000000000385,-4.262124693237042905
0.560000000000000386,-4.218534886955768393
0.561000000000000387,-4.175152848100991854
0.562000000000000388,-4.131981413668662562
0.563000000000000389,-4.089023357123417135
0.564000000000000390,-4.046281388065053441
0.565000000000000391,-4.003758151942510501
0.566000000000000392,-3.961456229813976826
0.567000000000000393,-3.919378138151798030
0.568000000000000393,-3.877526328690765745
0.569000000000000394,-3.835903188318509738
0.570000000000000395,-3.794511039006744024
0.571000000000000396,-3.753352137781900577
0.572000000000000397,-3.712428676734099042
0.573000000000000398,-3.671742783062998505
0.574000000000000399,-3.631296519159473490
0.575000000000000400,-3.591091882721710427
0.576000000000000401,-3.551130806904708059
0.577000000000000401,-3.511415160501931698
0.578000000000000402,-3.471946748157901830
0.579000000000000403,-3.432727310610685034
0.580000000000000404,-3.393758524963153000
0.581000000000000405,-3.355042004981837689
0.582000000000000406,-3.316579301422422077
0.583000000000000407,-3.278371902380695868
0.584000000000000408,-3.240421233668062229
0.585000000000000409,-3.202728659210491546
0.586000000000000409,-3.165295481469953209
0.587000000000000410,-3.128122941887405251
0.588000000000000411,-3.091212221346298694
0.589000000000000412,-3.054564440655777702
0.590000000000000413,-3.018180661052539016
0.591000000000000414,-2.982061884720569545
0.592000000000000415,-2.946209055327864146
0.593000000000000416,-2.910623058579207445
0.594000000000000417,-2.875304722784256306
0.595000000000000417,-2.840254819440180434
0.596000000000000418,-2.805474063827820608
0.597000000000000419,-2.770963115620950212
0.598000000000000420,-2.736722579507532949
0.599000000000000421,-2.702753005822519761
0.600000000000000422,-2.669054891191291912
0.601000000000000423,-2.635628679183152467
0.602000000000000424,-2.602474760974141876
0.603000000000000425,-2.569593476018524836
0.604000000000000425,-2.536985112728326719
0.605000000000000426,-2.504649909160250765
0.606000000000000427,-2.472588053709467548
0.607000000000000428,-2.440799685809482700
0.608000000000000429,-2.409284896637820861
0.609000000000000430,-2.378043729826609720
0.610000000000000431,-2.347076182177858961
0.611000000000000432,-2.316382204382664955
0.612000000000000433,-2.285961701743935315
0.613000000000000433,-2.255814534902169211
0.614000000000000434,-2.225940520563759684
0.615000000000000435,-2.196339432231331212
0.616000000000000436,-2.167011000935754605
0.617000000000000437,-2.137954915969366709
0.618000000000000438,-2.109170825619935297
0.619000000000000439,-2.080658337904982336
0.620000000000000440,-2.052417021306146339
0.621000000000000441,-2.024446405503106394
0.622000000000000441,-1.996745982106762130
0.623000000000000442,-1.969315205391300339
0.624000000000000443,-1.942153493024800781
0.625000000000000444,-1.915260226798109144
0.626000000000000445,-1.888634753351548401
0.627000000000000446,-1.862276384899330450
0.628000000000000447,-1.836184399951207080
0.629000000000000448,-1.810358044031210367
0.630000000000000449,-1.784796530393148783
0.631000000000000449,-1.759499040732606989
0.632000000000000450,-1.734464725895250137
0.633000000000000451,-1.709692706581137811
0.634000000000000452,-1.685182074044848211
0.635000000000000453,-1.660931890791205401
0.636000000000000454,-1.636941191266384710
0.637000000000000455,-1.613208982544232839
0.638000000000000456,-1.589734245007551783
0.639000000000000457,-1.566515933024252627
0.640000000000000457,-1.543552975618149414
0.641000000000000458,-1.520844277134226985
0.642000000000000459,-1.498388717898319733
0.643000000000000460,-1.476185154870895966
0.644000000000000461,-1.454232422294998939
0.645000000000000462,-1.432529332338073447
0.646000000000000463,-1.411074675727600480
0.647000000000000464,-1.389867222380466671
0.648000000000000465,-1.368905722025912208
0.649000000000000465,-1.348188904821960188
0.650000000000000466,-1.327715481965276112
0.651000000000000467,-1.307484146294315641
0.652000000000000468,-1.287493572885718862
0.653000000000000469,-1.267742419643862473
0.654000000000000470,-1.248229327883515039
0.655000000000000471,-1.228952922905509837
0.656000000000000472,-1.209911814565391541
0.657000000000000473,-1.191104597834987677
0.658000000000000473,-1.172529853356865548
0.659000000000000474,-1.154186147991602684
0.660000000000000475,-1.136072035357889254
0.661000000000000476,-1.118186056365356729
0.662000000000000477,-1.100526739740179227
0.663000000000000478,-1.083092602543376914
0.664000000000000479,-1.065882150681853435
0.665000000000000480,-1.048893879412047481
0.666000000000000481,-1.032126273836362795
0.667000000000000481,-1.015577809392157693
0.668000000000000482,-0.999246952333527672
0.669000000000000483,-0.983132160205646977
0.670000000000000484,-0.967231882311855862
0.671000000000000485,-0.951544560173412046
0.672000000000000486,-0.936068627981927803
0.673000000000000487,-0.920802513044560733
0.674000000000000488,-0.905744636221874067
0.675000000000000488,-0.890893412358479964
0.676000000000000489,-0.876247250706487457
0.677000000000000490,-0.861804555341675771
0.678000000000000491,-0.847563725572568094
0.679000000000000492,-0.833523156342330429
0.680000000000000493,-0.819681238623555353
0.681000000000000494,-0.806036359806008740
0.682000000000000495,-0.792586904077305587
0.683000000000000496,-0.779331252796627516
0.684000000000000496,-0.766267784861461188
0.685000000000000497,-0.753394877067442237
0.686000000000000498,-0.740710904461342912
0.687000000000000499,-0.728214240687234726
0.688000000000000500,-0.715903258325877756
0.689000000000000501,-0.703776329227414510
0.690000000000000502,-0.691831824837395581
0.691000000000000503,-0.680068116516175158
0.692000000000000504,-0.668483575851765544
0.693000000000000504,-0.657076574966210969
0.694000000000000505,-0.645845486815457948
0.695000000000000506,-0.634788685482915116
0.696000000000000507,-0.623904546466628074
0.697000000000000508,-0.613191446960202002
0.698000000000000509,-0.602647766127548223
0.699000000000000510,-0.592271885371431939
0.700000000000000511,-0.582062188595983798
0.701000000000000512,-0.572017062463169523
0.702000000000000512,-0.562134896643305071
0.703000000000000513,-0.552414084059685950
0.704000000000000514,-0.542853021127388979
0.705000000000000515,-0.533450107986301547
0.706000000000000516,-0.524203748728473640
0.707000000000000517,-0.515112351619834707
0.708000000000000518,-0.506174329316320448
0.709000000000000519,-0.497388099074560219
0.710000000000000520,-0.488752082957072342
0.711000000000000520,-0.480264708032148380
0.712000000000000521,-0.471924406568414168
0.713000000000000522,-0.463729616224163532
0.714000000000000523,-0.455678780231572156
0.715000000000000524,-0.447770347575747241
0.716000000000000525,-0.440002773168846617
0.717000000000000526,-0.432374518019167042
0.718000000000000527,-0.424884049395376162
0.719000000000000528,-0.417529840985925993
0.720000000000000528,-0.410310373053731969
0.721000000000000529,-0.403224132586107675
0.722000000000000530,-0.396269613440172086
0.723000000000000531,-0.389445316483627402
0.724000000000000532,-0.382749749731101818
0.725000000000000533,-0.376181428476080326
0.726000000000000534,-0.369738875418445745
0.727000000000000535,-0.363420620787791804
0.728000000000000536,-0.357225202462474134
0.729000000000000536,-0.351151166084550381
0.730000000000000537,-0.345197065170617823
0.731000000000000538,-0.339361461218625593
0.732000000000000539,-0.333642923810753222
0.733000000000000540,-0.328040030712389075
0.734000000000000541,-0.322551367967284175
0.735000000000000542,-0.317175529988935834
0.736000000000000543,-0.311911119648304147
0.737000000000000544,-0.306756748357850551
0.738000000000000544,-0.301711036152048973
0.739000000000000545,-0.296772611764344052
0.740000000000000546,-0.291940112700692533
0.741000000000000547,-0.287212185309681067
0.742000000000000548,-0.282587484849384785
0.743000000000000549,-0.278064675550865614
0.744000000000000550,-0.273642430678524895
0.745000000000000551,-0.269319432587298180
0.746000000000000552,-0.265094372776741416
0.747000000000000552,-0.260965951942102869
0.748000000000000553,-0.256932880022402277
0.749000000000000554,-0.252993876245598492
0.750000000000000555,-0.249147669170907804
0.751000000000000556,-0.245392996728278051
0.752000000000000557,-0.241728606255169925
0.753000000000000558,-0.238153254530567349
0.754000000000000559,-0.234665707806411550
0.755000000000000560,-0.231264741836396615
0.756000000000000560,-0.227949141902269309
0.757000000000000561,-0.224717702837598926
0.758000000000000562,-0.221569229049139199
0.759000000000000563,-0.218502534535816195
0.760000000000000564,-0.215516442905360345
0.761000000000000565,-0.212609787388673588
0.762000000000000566,-0.209781410851953648
0.763000000000000567,-0.207030165806635968
0.764000000000000568,-0.204354914417192696
0.765000000000000568,-0.201754528506869868
0.766000000000000569,-0.199227889561335525
0.767000000000000570,-0.196773888730387370
0.768000000000000571,-0.194391426827636715
0.769000000000000572,-0.192079414328377301
0.770000000000000573,-0.189836771365507556
0.771000000000000574,-0.187662427723698871
0.772000000000000575,-0.185555322831745639
0.773000000000000576,-0.183514405753214038
0.774000000000000576,-0.181538635175374108
0.775000000000000577,-0.179626979396522279
0.776000000000000578,-0.177778416311641846
0.777000000000000579,-0.175991933396559552
0.778000000000000580,-0.174266527690513429
0.779000000000000581,-0.172601205777283662
0.780000000000000582,-0.170994983764833741
0.781000000000000583,-0.169446887263572599
0.782000000000000584,-0.167955951363223943
0.783000000000000584,-0.166521220608351839
0.784000000000000585,-0.165141748972610081
0.785000000000000586,-0.163816599831696857
0.786000000000000587,-0.162544845935103932
0.787000000000000588,-0.161325569376658873
0.788000000000000589,-0.160157861563890197
0.789000000000000590,-0.159040823186304470
0.790000000000000591,-0.157973564182526921
0.791000000000000592,-0.156955203706399787
0.792000000000000592,-0.155984870092052835
0.793000000000000593,-0.155061700817955478
0.794000000000000594,-0.154184842470019401
0.795000000000000595,-0.153353450703770766
0.796000000000000596,-0.152566690205562905
0.797000000000000597,-0.151823734652983988
0.798000000000000598,-0.151123766674353954
0.799000000000000599,-0.150465977807427098
0.800000000000000600,-0.149849568457301463
0.801000000000000600,-0.149273747853548355
0.802000000000000601,-0.148737734006610500
0.803000000000000602,-0.148240753663481356
0.804000000000000603,-0.147782042262707497
0.805000000000000604,-0.147360843888724946
0.806000000000000605,-0.146976411225528875
0.807000000000000606,-0.146628005509790771
0.808000000000000607,-0.146314896483328710
0.809000000000000608,-0.146036362345035087
0.810000000000000608,-0.145791689702287147
0.811000000000000609,-0.145580173521777878
0.812000000000000610,-0.145401117079922926
0.813000000000000611,-0.145253831912720344
0.814000000000000612,-0.145137637765214794
0.815000000000000613,-0.145051862540506116
0.816000000000000614,-0.144995842248327372
0.817000000000000615,-0.144968920953262387
0.818000000000000616,-0.144970450722579969
0.819000000000000616,-0.144999791573704517
0.820000000000000617,-0.145056311421358941
0.821000000000000618,-0.145139386024402545
0.822000000000000619,-0.145248398932368739
0.823000000000000620,-0.145382741431705237
0.824000000000000621,-0.145541812491768729
0.825000000000000622,-0.145725018710579746
0.826000000000000623,-0.145931774260341485
0.827000000000000624,-0.146161500832744234
0.828000000000000624,-0.146413627584080108
0.829000000000000625,-0.146687591080174623
0.830000000000000626,-0.146982835241157794
0.831000000000000627,-0.147298811286080078
0.832000000000000628,-0.147634977677412460
0.833000000000000629,-0.147990800065387285
0.834000000000000630,-0.148365751232272747
0.835000000000000631,-0.148759311036537556
0.836000000000000631,-0.149170966356929419
0.837000000000000632,-0.149600211036507474
0.838000000000000633,-0.150046545826596711
0.839000000000000634,-0.150509478330719093
0.840000000000000635,-0.150988522948499959
0.841000000000000636,-0.151483200819527652
0.842000000000000637,-0.151993039767254867
0.843000000000000638,-0.152517574242858694
0.844000000000000639,-0.153056345269148075
0.845000000000000639,-0.153608900384490960
0.846000000000000640,-0.154174793586769832
0.847000000000000641,-0.154753585277416089
0.848000000000000642,-0.155344842205453804
0.849000000000000643,-0.155948137411657028
0.850000000000000644,-0.156563050172772000
0.851000000000000645,-0.157189165945801956
0.852000000000000646,-0.157826076312430313
0.853000000000000647,-0.158473378923510294
0.854000000000000647,-0.159130677443684976
0.855000000000000648,-0.159797581496132157
0.856000000000000649,-0.160473706607431987
0.857000000000000650,-0.161158674152574288
0.858000000000000651,-0.161852111300103518
0.859000000000000652,-0.162553650957422524
0.860000000000000653,-0.163262931716268989
0.861000000000000654,-0.163979597798320775
0.862000000000000655,-0.164703299001022485
0.863000000000000655,-0.165433690643542158
0.864000000000000656,-0.166170433512963206
0.865000000000000657,-0.166913193810617894
0.866000000000000658,-0.167661643098665519
0.867000000000000659,-0.168415458246847477
0.868000000000000660,-0.169174321379451709
0.869000000000000661,-0.169937919822498285
0.870000000000000662,-0.170705946051149887
0.871000000000000663,-0.171478097637345117
0.872000000000000663,-0.172254077197645405
0.873000000000000664,-0.173033592341340386
0.874000000000000665,-0.173816355618775675
0.875000000000000666,-0.174602084469936220
0.876000000000000667,-0.175390501173265628
0.877000000000000668,-0.176181332794744044
0.878000000000000669,-0.176974311137229418
0.879000000000000670,-0.177769172690033422
0.880000000000000671,-0.178565658578795666
0.881000000000000671,-0.179363514515587380
0.882000000000000672,-0.180162490749321752
0.883000000000000673,-0.180962342016405653
0.884000000000000674,-0.181762827491692674
0.885000000000000675,-0.182563710739692769
0.886000000000000676,-0.183364759666086952
0.887000000000000677,-0.184165746469509090
0.888000000000000678,-0.184966447593617633
0.889000000000000679,-0.185766643679468990
0.890000000000000679,-0.186566119518171314
0.891000000000000680,-0.187364664003836306
0.892000000000000681,-0.188162070086827227
0.893000000000000682,-0.188958134727306160
0.894000000000000683,-0.189752658849073413
0.895000000000000684,-0.190545447293728271
0.896000000000000685,-0.191336308775112429
0.897000000000000686,-0.192125055834069053
0.898000000000000687,-0.192911504793512212
0.899000000000000687,-0.193695475713789284
0.900000000000000688,-0.194476792348371397
0.901000000000000689,-0.195255282099838279
0.902000000000000690,-0.196030775976188482
0.903000000000000691,-0.196803108547448591
0.904000000000000692,-0.197572117902610506
0.905000000000000693,-0.198337645606863067
0.906000000000000694,-0.199099536659170601
0.907000000000000695,-0.199857639450119001
0.908000000000000695,-0.200611805720134845
0.909000000000000696,-0.201361890517970460
0.910000000000000697,-0.202107752159544324
0.911000000000000698,-0.202849252187071283
0.912000000000000699,-0.203586255328526200
0.913000000000000700,-0.204318629457429513
0.914000000000000701,-0.205046245552921974
0.915000000000000702,-0.205768977660204827
0.916000000000000703,-0.206486702851247539
0.917000000000000703,-0.207199301185856471
0.918000000000000704,-0.207906655673031210
0.919000000000000705,-0.208608652232653430
0.920000000000000706,-0.209305179657493762
0.921000000000000707,-0.209996129575525492
0.922000000000000708,-0.210681396412566585
0.923000000000000709,-0.211360877355239479
0.924000000000000710,-0.212034472314227035
0.925000000000000711,-0.212702083887867710
0.926000000000000711,-0.213363617326055965
0.927000000000000712,-0.214018980494455502
0.928000000000000713,-0.214668083839024415
0.929000000000000714,-0.215310840350867172
0.930000000000000715,-0.215947165531375662
0.931000000000000716,-0.216576977357701705
0.932000000000000717,-0.217200196248536065
0.933000000000000718,-0.217816745030185333
0.934000000000000719,-0.218426548902972639
0.935000000000000719,-0.219029535407945591
0.936000000000000720,-0.219625634393870561
0.937000000000000721,-0.220214777984562959
0.938000000000000722,-0.220796900546502556
0.939000000000000723,-0.221371938656752920
0.940000000000000724,-0.221939831071199578
0.941000000000000725,-0.222500518693059451
0.942000000000000726,-0.223053944541735133
0.943000000000000727,-0.223600053721914799
0.944000000000000727,-0.224138793393020508
0.945000000000000728,-0.224670112738923511
0.946000000000000729,-0.225193962937950631
0.947000000000000730,-0.225710297133211724
0.948000000000000731,-0.226219070403190392
0.949000000000000732,-0.226720239732651624
0.950000000000000733,-0.227213763983811351
0.951000000000000734,-0.227699603867831696
0.952000000000000735,-0.228177721916562021
0.953000000000000735,-0.228648082454588952
0.954000000000000736,-0.229110651571574536
0.955000000000000737,-0.229565397094860429
0.956000000000000738,-0.230012288562368050
0.957000000000000739,-0.230451297195765820
0.958000000000000740,-0.230882395873926505
0.959000000000000741,-0.231305559106647740
0.960000000000000742,-0.231720763008663427
0.961000000000000743,-0.232127985273912874
0.962000000000000743,-0.232527205150086791
0.963000000000000744,-0.232918403413447578
0.964000000000000745,-0.233301562343921187
0.965000000000000746,-0.233676665700438685
0.966000000000000747,-0.234043698696560970
0.967000000000000748,-0.234402647976350215
0.968000000000000749,-0.234753501590533709
0.969000000000000750,-0.235096248972877314
0.970000000000000751,-0.235430880916879304
0.971000000000000751,-0.235757389552657293
0.972000000000000752,-0.236075768324134128
0.973000000000000753,-0.236386011966476767
0.974000000000000754,-0.236688116483751376
0.975000000000000755,-0.236982079126863310
0.976000000000000756,-0.237267898371734315
0.977000000000000757,-0.237545573897715967
0.978000000000000758,-0.237815106566255430
0.979000000000000759,-0.238076498399824116
0.980000000000000759,-0.238329752561038000
0.981000000000000760,-0.238574873332066284
0.982000000000000761,-0.238811866094263386
0.983000000000000762,-0.239040737308012952
0.984000000000000763,-0.239261494492835347
0.985000000000000764,-0.239474146207724198
0.986000000000000765,-0.239678702031694529
0.987000000000000766,-0.239875172544571635
0.988000000000000766,-0.240063569308011038
0.989000000000000767,-0.240243904846744127
0.990000000000000768,-0.240416192630036912
0.991000000000000769,-0.240580447053369312
0.992000000000000770,-0.240736683420350983
0.993000000000000771,-0.240884917924844233
0.994000000000000772,-0.241025167633297649
0.995000000000000773,-0.241157450467313461
0.996000000000000774,-0.241281785186401365
0.997000000000000774,-0.241398191370968129
0.998000000000000775,-0.241506689405501629
0.999000000000000776,-0.241607300461967350
1.000000000000000666,-0.241700046483412562
1.001000000000000778,-0.241784950167771517
1.002000000000000668,-0.241862034951874083
1.003000000000000780,-0.241931324995653757
1.004000000000000670,-0.241992845166556642
1.005000000000000782,-0.242046621024150921
1.006000000000000671,-0.242092678804927880
1.007000000000000783,-0.242131045407286555
1.008000000000000673,-0.242161748376735320
1.009000000000000785,-0.242184815891259314
1.010000000000000675,-0.242200276746892318
1.011000000000000787,-0.242208160343462264
1.012000000000000677,-0.242208496670541701
1.013000000000000789,-0.242201316293564423
1.014000000000000679,-0.242186650340117327
1.015000000000000790,-0.242164530486447871
1.016000000000000680,-0.242134988944114810
1.017000000000000792,-0.242098058446821474
1.018000000000000682,-0.242053772237446119
1.019000000000000794,-0.242002164055219682
1.020000000000000684,-0.241943268123092720
1.021000000000000796,-0.241877119135266577
1.022000000000000686,-0.241803752244890202
1.023000000000000798,-0.241723203051932733
1.024000000000000687,-0.241635507591210386
1.025000000000000799,-0.241540702320593603
1.026000000000000689,-0.241438824109358047
1.027000000000000801,-0.241329910226705552
1.028000000000000691,-0.241213998330454205
1.029000000000000803,-0.241091126455861365
1.030000000000000693,-0.240961333004626660
1.031000000000000805,-0.240824656734042131
1.032000000000000695,-0.240681136746280611
1.033000000000000806,-0.240530812477870753
1.034000000000000696,-0.240373723689280006
1.035000000000000808,-0.240209910454674658
1.036000000000000698,-0.240039413151812514
1.037000000000000810,-0.239862272452107783
1.038000000000000700,-0.239678529310789395
1.039000000000000812,-0.239488224957249807
1.040000000000000702,-0.239291400885515149
1.041000000000000814,-0.239088098844859376
1.042000000000000703,-0.238878360830539677
1.043000000000000815,-0.238662229074699528
1.044000000000000705,-0.238439746037388989
1.045000000000000817,-0.238210954397704316
1.046000000000000707,-0.237975897045096252
1.047000000000000819,-0.237734617070782056
1.048000000000000709,-0.237487157759287582
1.049000000000000821,-0.237233562580140001
1.050000000000000711,-0.236973875179650989
1.051000000000000822,-0.236708139372871967
1.052000000000000712,-0.236436399135629693
1.053000000000000824,-0.236158698596707739
1.054000000000000714,-0.235875082030151090
1.055000000000000826,-0.235585593847678298
1.056000000000000716,-0.235290278591227420
1.057000000000000828,-0.234989180925600893
1.058000000000000718,-0.234682345631246875
1.059000000000000830,-0.234369817597141428
1.060000000000000719,-0.234051641813792566
1.061000000000000831,-0.233727863366348931
1.062000000000000721,-0.233398527427825464
1.063000000000000833,-0.233063679252448142
1.064000000000000723,-0.232723364169078295
1.065000000000000835,-0.232377627574777812
1.066000000000000725,-0.232026514928468514
1.067000000000000837,-0.231670071744674078
1.068000000000000727,-0.231308343587415033
1.069000000000000838,-0.230941376064150938
1.070000000000000728,-0.230569214819868806
1.071000000000000840,-0.230191905531244634
1.072000000000000730,-0.229809493900919815
1.073000000000000842,-0.229422025651864286
1.074000000000000732,-0.229029546521838018
1.075000000000000844,-0.228632102257961461
1.076000000000000734,-0.228229738611364474
1.077000000000000846,-0.227822501331933269
1.078000000000000735,-0.227410436163159702
1.079000000000000847,-0.226993588837061416
1.080000000000000737,-0.226572005069221927
1.081000000000000849,-0.226145730553883928
1.082000000000000739,-0.225714810959160461
1.083000000000000851,-0.225279291922320546
1.084000000000000741,-0.224839219045163574
1.085000000000000853,-0.224394637889470616
1.086000000000000743,-0.223945593972551787
1.087000000000000854,-0.223492132762870582
1.088000000000000744,-0.223034299675755859
1.089000000000000856,-0.222572140069175639
1.090000000000000746,-0.222105699239613041
1.091000000000000858,-0.221635022418019856
1.092000000000000748,-0.221160154765826011
1.093000000000000860,-0.220681141371055212
1.094000000000000750,-0.220198027244487726
1.095000000000000862,-0.219710857315925129
1.096000000000000751,-0.219219676430514543
1.097000000000000863,-0.218724529345135810
1.098000000000000753,-0.218225460724893017
1.099000000000000865,-0.217722515139646772
1.100000000000000755,-0.217215737060624386
1.101000000000000867,-0.216705170857108026
1.102000000000000757,-0.216190860793189138
1.103000000000000869,-0.215672851024587608
1.104000000000000759,-0.215151185595524652
1.105000000000000870,-0.214625908435699037
1.106000000000000760,-0.214097063357279904
1.107000000000000872,-0.213564694052007592
1.108000000000000762,-0.213028844088332031
1.109000000000000874,-0.212489556908617538
1.110000000000000764,-0.211946875826419634
1.111000000000000876,-0.211400844023805823
1.112000000000000766,-0.210851504548758228
1.113000000000000878,-0.210298900312616194
1.114000000000000767,-0.209743074087591103
1.115000000000000879,-0.209184068504323584
1.116000000000000769,-0.208621926049520345
1.117000000000000881,-0.208056689063623429
1.118000000000000771,-0.207488399738550322
1.119000000000000883,-0.206917100115487251
1.120000000000000773,-0.206342832082731187
1.121000000000000885,-0.205765637373583443
1.122000000000000774,-0.205185557564306231
1.123000000000000886,-0.204602634072120815
1.124000000000000776,-0.204016908153267895
1.125000000000000888,-0.203428420901097556
1.126000000000000778,-0.202837213244233483
1.127000000000000890,-0.202243325944780977
1.128000000000000780,-0.201646799596556958
1.129000000000000892,-0.201047674623409028
1.130000000000000782,-0.200445991277551444
1.131000000000000894,-0.199841789637955569
1.132000000000000783,-0.199235109608792704
1.133000000000000895,-0.198625990917917938
1.134000000000000785,-0.198014473115378259
1.135000000000000897,-0.197400595572014559
1.136000000000000787,-0.196784397478045797
1.137000000000000899,-0.196165917841743920
1.138000000000000789,-0.195545195488117579
1.139000000000000901,-0.194922269057670933
1.140000000000000790,-0.194297177005165078
1.141000000000000902,-0.193669957598436859
1.142000000000000792,-0.193040648917278346
1.143000000000000904,-0.192409288852312788
1.144000000000000794,-0.191775915103950950
1.145000000000000906,-0.191140565181339317
1.146000000000000796,-0.190503276401403243
1.147000000000000908,-0.189864085887870016
1.148000000000000798,-0.189223030570365380
1.149000000000000909,-0.188580147183532137
1.150000000000000799,-0.187935472266172854
1.151000000000000689,-0.187289042160457969
1.152000000000000801,-0.186640893011135678
1.153000000000000913,-0.185991060764792410
1.154000000000000803,-0.185339581169143119
1.155000000000000693,-0.184686489772343698
1.156000000000000805,-0.184031821922364003
1.157000000000000917,-0.183375612766348756
1.158000000000000806,-0.182717897250053940
1.159000000000000696,-0.182058710117280032
1.160000000000000808,-0.181398085909351192
1.161000000000000920,-0.180736058964621138
1.162000000000000810,-0.180072663418012979
1.163000000000000700,-0.179407933200570441
1.164000000000000812,-0.178741902039060013
1.165000000000000924,-0.178074603455579433
1.166000000000000814,-0.177406070767215623
1.167000000000000703,-0.176736337085701606
1.168000000000000815,-0.176065435317131203
1.169000000000000927,-0.175393398161669378
1.170000000000000817,-0.174720258113313764
1.171000000000000707,-0.174046047459655517
1.172000000000000819,-0.173370798281696270
1.173000000000000931,-0.172694542453657840
1.174000000000000821,-0.172017311642831072
1.175000000000000711,-0.171339137309451467
1.176000000000000822,-0.170660050706592792
1.177000000000000934,-0.169980082880074074
1.178000000000000824,-0.169299264668409999
1.179000000000000714,-0.168617626702758122
1.180000000000000826,-0.167935199406914648
1.181000000000000938,-0.167252012997300525
1.182000000000000828,-0.166568097482995559
1.183000000000000718,-0.165883482665781734
1.184000000000000830,-0.165198198140201036
1.185000000000000941,-0.164512273293634076
1.186000000000000831,-0.163825737306417196
1.187000000000000721,-0.163138619151945941
1.188000000000000833,-0.162450947596828238
1.189000000000000945,-0.161762751201032284
1.190000000000000835,-0.161074058318069258
1.191000000000000725,-0.160384897095171036
1.192000000000000837,-0.159695295473529175
1.193000000000000949,-0.159005281188484948
1.194000000000000838,-0.158314881769806293
1.195000000000000728,-0.157624124541920790
1.196000000000000840,-0.156933036624209266
1.197000000000000952,-0.156241644931292306
1.198000000000000842,-0.155549976173327525
1.199000000000000732,-0.154858056856349069
1.200000000000000844,-0.154165913282579059
1.201000000000000956,-0.153473571550804183
1.202000000000000846,-0.152781057556722194
1.203000000000000735,-0.152088396993330627
1.204000000000000847,-0.151395615351306412
1.205000000000000959,-0.150702737919433866
1.206000000000000849,-0.150009789784998321
1.207000000000000739,-0.149316795834230021
1.208000000000000851,-0.148623780752749096
1.209000000000000963,-0.147930769026017650
1.210000000000000853,-0.147237784939810185
1.211000000000000743,-0.146544852580686419
1.212000000000000854,-0.145851995836494275
1.213000000000000966,-0.145159238396860873
1.214000000000000856,-0.144466603753718476
1.215000000000000746,-0.143774115201809327
1.216000000000000858,-0.143081795839243991
1.217000000000000970,-0.142389668568028177
1.218000000000000860,-0.141697756094621763
1.219000000000000750,-0.141006080930511812
1.220000000000000862,-0.140314665392776317
1.221000000000000973,-0.139623531604671419
1.222000000000000863,-0.138932701496230382
1.223000000000000753,-0.138242196804851725
1.224000000000000865,-0.137552039075924393
1.225000000000000977,-0.136862249663440072
1.226000000000000867,-0.136172849730616552
1.227000000000000757,-0.135483860250539545
1.228000000000000869,-0.134795302006797957
1.229000000000000981,-0.134107195594154266
1.230000000000000870,-0.133419561419171856
1.231000000000000760,-0.132732419700904991
1.232000000000000872,-0.132045790471570196
1.233000000000000984,-0.131359693577207531
1.234000000000000874,-0.130674148678390750
1.235000000000000764,-0.129989175250902034
1.236000000000000876,-0.129304792586441120
1.237000000000000988,-0.128621019793324326
1.238000000000000878,-0.127937875797208361
1.239000000000000767,-0.127255379341790265
1.240000000000000879,-0.126573548989544371
1.241000000000000991,-0.125892403122445484
1.242000000000000881,-0.125211959942701151
1.243000000000000771,-0.124532237473496260
1.244000000000000883,-0.123853253559728455
1.245000000000000995,-0.123175025868770452
1.246000000000000885,-0.122497571891211535
1.247000000000000774,-0.121820908941619524
1.248000000000000886,-0.121145054159304794
1.249000000000000998,-0.120470024509088572
1.250000000000000888,-0.119795836782072479
1.251000000000000778,-0.119122507596410743
1.252000000000000890,-0.118450053398093155
1.253000000000001002,-0.117778490461722576
1.254000000000000892,-0.117107834891312199
1.255000000000000782,-0.116438102621061204
1.256000000000000894,-0.115769309416152780
1.257000000000001005,-0.115101470873555337
1.258000000000000895,-0.114434602422816847
1.259000000000000785,-0.113768719326864193
1.260000000000000897,-0.113103836682810585
1.261000000000001009,-0.112439969422768099
1.262000000000000899,-0.111777132314645519
1.263000000000000789,-0.111115339962970447
1.264000000000000901,-0.110454606809701719
1.265000000000001013,-0.109794947135043230
1.266000000000000902,-0.109136375058263943
1.267000000000000792,-0.108478904538521159
1.268000000000000904,-0.107822549375678894
1.269000000000001016,-0.107167323211132245
1.270000000000000906,-0.106513239528642417
1.271000000000000796,-0.105860311655149239
1.272000000000000908,-0.105208552761608565
1.273000000000001020,-0.104557975863823621
1.274000000000000909,-0.103908593823273998
1.275000000000000799,-0.103260419347941751
1.276000000000000911,-0.102613464993160861
1.277000000000001023,-0.101967743162432206
1.278000000000000913,-0.101323266108273247
1.279000000000000803,-0.100680045933045220
1.280000000000000915,-0.100038094589802506
1.281000000000001027,-0.099397423883104394
1.282000000000000917,-0.098758045469881789
1.283000000000000806,-0.098119970860256214
1.284000000000000918,-0.097483211418387311
1.285000000000001030,-0.096847778363302300
1.286000000000000920,-0.096213682769745484
1.287000000000000810,-0.095580935569006251
1.288000000000000922,-0.094949547549769905
1.289000000000001034,-0.094319529358943124
1.290000000000000924,-0.093690891502496487
1.291000000000000814,-0.093063644346312910
1.292000000000000925,-0.092437798117005601
1.293000000000001037,-0.091813362902777196
1.294000000000000927,-0.091190348654240111
1.295000000000000817,-0.090568765185259165
1.296000000000000929,-0.089948622173788281
1.297000000000001041,-0.089329929162701591
1.298000000000000931,-0.088712695560634852
1.299000000000000821,-0.088096930642812835
1.300000000000000933,-0.087482643551880637
1.301000000000001044,-0.086869843298742436
1.302000000000000934,-0.086258538763383880
1.303000000000000824,-0.085648738695714724
1.304000000000000936,-0.085040451716377072
1.305000000000001048,-0.084433686317592932
1.306000000000000938,-0.083828450863984202
1.307000000000000828,-0.083224753593387310
1.308000000000000940,-0.082622602617687974
1.309000000000001052,-0.082022005923646835
1.310000000000000941,-0.081422971373709102
1.311000000000000831,-0.080825506706828087
1.312000000000000943,-0.080229619539280844
1.313000000000001055,-0.079635317365499891
1.314000000000000945,-0.079042607558863345
1.315000000000000835,-0.078451497372523479
1.316000000000000947,-0.077861993940213509
1.317000000000001059,-0.077274104277063049
1.318000000000000949,-0.076687835280391692
1.319000000000000838,-0.076103193730532398
1.320000000000000950,-0.075520186291623381
1.321000000000001062,-0.074938819512410340
1.322000000000000952,-0.074359099827055006
1.323000000000000842,-0.073781033555921707
1.324000000000000954,-0.073204626906387751
1.325000000000001066,-0.072629885973617997
1.326000000000000956,-0.072056816741377400
1.327000000000000846,-0.071485425082802076
1.328000000000000957,-0.070915716761204159
1.329000000000001069,-0.070347697430837783
1.330000000000000959,-0.069781372637701761
1.331000000000000849,-0.069216747820306415
1.332000000000000961,-0.068653828310452941
1.333000000000001073,-0.068092619334015392
1.334000000000000963,-0.067533126011713532
1.335000000000000853,-0.066975353359874562
1.336000000000000965,-0.066419306291214189
1.337000000000001076,-0.065864989615597419
1.338000000000000966,-0.065312408040798187
1.339000000000000856,-0.064761566173269017
1.340000000000000968,-0.064212468518891480
1.341000000000001080,-0.063665119483735128
1.342000000000000970,-0.063119523374814218
1.343000000000000860,-0.062575684400833373
1.344000000000000972,-0.062033606672937044
1.345000000000001084,-0.061493294205461090
1.346000000000000973,-0.060954750916665565
1.347000000000000863,-0.060417980629480596
1.348000000000000975,-0.059882987072239754
1.349000000000001087,-0.059349773879422064
1.350000000000000977,-0.058818344592375796
1.351000000000000867,-0.058288702660054904
1.352000000000000979,-0.057760851439730546
1.353000000000001091,-0.057234794197734862
1.354000000000000981,-0.056710534110169984
1.355000000000000870,-0.056188074263621178
1.356000000000000982,-0.055667417655879604
1.357000000000001094,-0.055148567196654938
1.358000000000000984,-0.054631525708277527
1.359000000000000874,-0.054116295926406599
1.360000000000000986,-0.053602880500736264
1.361000000000001098,-0.053091281995696391
1.362000000000000988,-0.052581502891140698
1.363000000000000878,-0.052073545583050183
1.364000000000000989,-0.051567412384223896
1.365000000000001101,-0.051063105524959809
1.366000000000000991,-0.050560627153745208
1.367000000000000881,-0.050059979337938806
1.368000000000000993,-0.049561164064447966
1.369000000000001105,-0.049064183240407733
1.370000000000000995,-0.048569038693847613
1.371000000000000885,-0.048075732174367072
1.372000000000000997,-0.047584265353799386
1.373000000000001108,-0.047094639826883188
1.374000000000000998,-0.046606857111900539
1.375000000000000888,-0.046120918651367353
1.376000000000001000,-0.045636825812659661
1.377000000000001112,-0.045154579888680560
1.378000000000001002,-0.044674182098501672
1.379000000000000892,-0.044195633588009264
1.380000000000001004,-0.043718935430547966
1.381000000000001116,-0.043244088627560691
1.382000000000001005,-0.042771094109218491
1.383000000000000895,-0.042299952735057163
1.384000000000001007,-0.041830665294608473
1.385000000000001119,-0.041363232508021520
1.386000000000001009,-0.040897655026690974
1.387000000000000899,-0.040433933433867766
1.388000000000001011,-0.039972068245295742
1.389000000000001123,-0.039512059909796823
1.390000000000001013,-0.039053908809905086
1.391000000000000902,-0.038597615262463275
1.392000000000001014,-0.038143179519227674
1.393000000000001126,-0.037690601767471445
1.394000000000001016,-0.037239882130584726
1.395000000000000906,-0.036791020668662439
1.396000000000001018,-0.036344017379096275
1.397000000000001130,-0.035898872197172013
1.398000000000001020,-0.035455584996645487
1.399000000000000909,-0.035014155590329346
1.400000000000001021,-0.034574583730665367
1.401000000000001133,-0.034136869110312468
1.402000000000001023,-0.033701011362705598
1.403000000000000913,-0.033267010062630886
1.404000000000001025,-0.032834864726796788
1.405000000000001137,-0.032404574814387202
1.406000000000001027,-0.031976139727627584
1.407000000000000917,-0.031549558812345516
1.408000000000001029,-0.031124831358509575
1.409000000000001140,-0.030701956600800183
1.410000000000001030,-0.030280933719137981
1.411000000000000920,-0.029861761839239376
1.412000000000001032,-0.029444440033153701
1.413000000000001144,-0.029028967319803568
1.414000000000001034,-0.028615342665515141
1.415000000000000924,-0.028203564984552277
1.416000000000001036,-0.027793633139648510
1.417000000000001148,-0.027385545942528382
1.418000000000001037,-0.026979302154429181
1.419000000000000927,-0.026574900486621165
1.420000000000001039,-0.026172339600925354
1.421000000000001151,-0.025771618110226303
1.422000000000001041,-0.025372734578981471
1.423000000000000931,-0.024975687523725695
1.424000000000001043,-0.024580475413578176
1.425000000000001155,-0.024187096670742262
1.426000000000001044,-0.023795549671004713
1.427000000000000934,-0.023405832744228274
1.428000000000001046,-0.023017944174843784
1.429000000000001158,-0.022631882202336674
1.430000000000001048,-0.022247645021738600
1.431000000000000938,-0.021865230784102983
1.432000000000001050,-0.021484637596990538
1.433000000000001162,-0.021105863524941905
1.434000000000001052,-0.020728906589950052
1.435000000000000941,-0.020353764771938017
1.436000000000001053,-0.019980436009217124
1.437000000000001165,-0.019608918198954894
1.438000000000001055,-0.019239209197643697
1.439000000000000945,-0.018871306821547810
1.440000000000001057,-0.018505208847169469
1.441000000000001169,-0.018140913011689110
1.442000000000001059,-0.017778417013429821
1.443000000000000949,-0.017417718512297248
1.444000000000001060,-0.017058815130220593
1.445000000000001172,-0.016701704451595061
1.446000000000001062,-0.016346384023728785
1.447000000000000952,-0.015992851357263197
1.448000000000001064,-0.015641103926617422
1.449000000000001176,-0.015291139170417417
1.450000000000001066,-0.014942954491909844
1.451000000000000956,-0.014596547259400947
1.452000000000001068,-0.014251914806670865
1.453000000000001180,-0.013909054433390609
1.454000000000001069,-0.013567963405541608
1.455000000000000959,-0.013228638955823633
1.456000000000001071,-0.012891078284065521
1.457000000000001183,-0.012555278557638022
1.458000000000001073,-0.012221236911851872
1.459000000000000963,-0.011888950450354083
1.460000000000001075,-0.011558416245540304
1.461000000000001187,-0.011229631338936247
1.462000000000001076,-0.010902592741607401
1.463000000000000966,-0.010577297434530585
1.464000000000001078,-0.010253742368992355
1.465000000000001190,-0.009931924466977778
1.466000000000001080,-0.009611840621539899
1.467000000000000970,-0.009293487697189667
1.468000000000001082,-0.008976862530271395
1.469000000000001194,-0.008661961929329914
1.470000000000001084,-0.008348782675492434
1.471000000000000973,-0.008037321522826869
1.472000000000001085,-0.007727575198718388
1.473000000000001197,-0.007419540404225944
1.474000000000001087,-0.007113213814446099
1.475000000000000977,-0.006808592078865826
1.476000000000001089,-0.006505671821729259
1.477000000000001201,-0.006204449642383198
1.478000000000001091,-0.005904922115625738
1.479000000000000981,-0.005607085792062258
1.480000000000001092,-0.005310937198440587
1.481000000000001204,-0.005016472838005730
1.482000000000001094,-0.004723689190829572
1.483000000000000984,-0.004432582714158069
1.484000000000001096,-0.004143149842741294
1.485000000000001208,-0.003855386989159959
1.486000000000001098,-0.003569290544173525
1.487000000000000988,-0.003284856877032301
1.488000000000001100,-0.003002082335805555
1.489000000000001211,-0.002720963247712998
1.490000000000001101,-0.002441495919437458
1.491000000000000991,-0.002163676637442341
1.492000000000001103,-0.001887501668295987
1.493000000000001215,-0.001612967258975590
1.494000000000001105,-0.001340069637181515
1.495000000000000995,-0.001068805011648402
1.496000000000001107,-0.000799169572448078
1.497000000000001219,-0.000531159491293715
1.498000000000001108,-0.000264770921845368
1.499000000000000998,0.000000000000000000
