# Ag332_ETHENE-AC
# h[nm],U(h)[kJ/mol]
0.200000000000000011,41.277143042244929916
0.201000000000000012,38.206560752654674218
0.202000000000000013,36.604730170229700548
0.203000000000000014,35.656202174587505738
0.204000000000000015,34.911072494801253185
0.205000000000000016,34.147356644726670538
0.206000000000000016,33.278555649852378906
0.207000000000000017,32.293084318603959559
0.208000000000000018,31.215847378025166847
0.209000000000000019,30.084945033908820022
0.210000000000000020,28.938489683944549569
0.211000000000000021,27.807989564047041142
0.212000000000000022,26.715833238891235624
0.213000000000000023,25.675190498434027120
0.214000000000000024,24.691206091487561736
0.215000000000000024,23.762760227809508251
0.216000000000000025,22.884347275723300186
0.217000000000000026,22.047814174027145384
0.218000000000000027,21.243827145523503930
0.219000000000000028,20.463017468648533992
0.220000000000000029,19.696807713062540302
0.221000000000000030,18.937948772848962165
0.222000000000000031,18.180812344740200359
0.223000000000000032,17.421488296077207281
0.224000000000000032,16.657735253533196840
0.225000000000000033,15.888828225232495939
0.226000000000000034,15.115340849175719740
0.227000000000000035,14.338893063000980987
0.228000000000000036,13.561888323152043512
0.229000000000000037,12.787258383719418475
0.230000000000000038,12.018228294581236426
0.231000000000000039,11.258109778846186799
0.232000000000000040,10.510127498263546642
0.233000000000000040,9.777279856728720020
0.234000000000000041,9.062233841631995190
0.235000000000000042,8.367251862876162960
0.236000000000000043,7.694147519815956571
0.237000000000000044,7.044266611350093577
0.238000000000000045,6.418489416376557344
0.239000000000000046,5.817250233520463887
0.240000000000000047,5.240570314146205888
0.241000000000000048,4.688100595680901428
0.242000000000000048,4.159170997863776975
0.243000000000000049,3.652843446527759941
0.244000000000000050,3.167966209821369894
0.245000000000000051,2.703227549208426339
0.246000000000000052,2.257207086787977879
0.247000000000000053,1.828423660886016267
0.248000000000000054,1.415378776786769155
0.249000000000000055,1.016595055252994539
0.250000000000000056,0.630649336845289898
0.251000000000000056,0.256200315475983265
0.252000000000000057,-0.107989248118566611
0.253000000000000058,-0.463035540591748784
0.254000000000000059,-0.809921636125973898
0.255000000000000060,-1.149489980219881247
0.256000000000000061,-1.482438979575818161
0.257000000000000062,-1.809323226949931085
0.258000000000000063,-2.130556874497907760
0.259000000000000064,-2.446419668876293585
0.260000000000000064,-2.757065173204418240
0.261000000000000065,-3.062530722306397557
0.262000000000000066,-3.362748686091384887
0.263000000000000067,-3.657558649444276000
0.264000000000000068,-3.946720153833761291
0.265000000000000069,-4.229925684514824091
0.266000000000000070,-4.506813626477864432
0.267000000000000071,-4.776980951177121959
0.268000000000000071,-5.039995433760859456
0.269000000000000072,-5.295407236415266894
0.270000000000000073,-5.542759727068687248
0.271000000000000074,-5.781599433767549812
0.272000000000000075,-6.011485063331075018
0.273000000000000076,-6.231995538314086147
0.274000000000000077,-6.442737028835556323
0.275000000000000078,-6.643348975503899467
0.276000000000000079,-6.833509116582457743
0.277000000000000079,-7.012937546820216639
0.278000000000000080,-7.181399847182431628
0.279000000000000081,-7.338709334233722181
0.280000000000000082,-7.484728485342306392
0.281000000000000083,-7.619369601386582147
0.282000000000000084,-7.742594772452244811
0.283000000000000085,-7.854415214305372039
0.284000000000000086,-7.954890044403271077
0.285000000000000087,-8.044124566041894298
0.286000000000000087,-8.122268128105879725
0.287000000000000088,-8.189511625944552620
0.288000000000000089,-8.246084706290295330
0.289000000000000090,-8.292252735999172231
0.290000000000000091,-8.328313590847704617
0.291000000000000092,-8.354594316773791718
0.292000000000000093,-8.371447711898840183
0.293000000000000094,-8.379248873497466832
0.294000000000000095,-8.378391749863652649
0.295000000000000095,-8.369285732820326729
0.296000000000000096,-8.352352322486936487
0.297000000000000097,-8.328021891900148077
0.298000000000000098,-8.296730575212549752
0.299000000000000099,-8.258917299502559928
0.300000000000000100,-8.215020976736848723
0.301000000000000101,-8.165477869151185786
0.302000000000000102,-8.110719138268473571
0.303000000000000103,-8.051168584959235375
0.304000000000000103,-7.987240585373719171
0.305000000000000104,-7.919338225235267537
0.306000000000000105,-7.847851632878047212
0.307000000000000106,-7.773156509532945790
0.308000000000000107,-7.695612853706178313
0.309000000000000108,-7.615563875046200693
0.310000000000000109,-7.533335091845853704
0.311000000000000110,-7.449233605267143510
0.312000000000000111,-7.363547542493324549
0.313000000000000111,-7.276545660295568041
0.314000000000000112,-7.188477099936318560
0.315000000000000113,-7.099571283906425556
0.316000000000000114,-7.010037944696115630
0.317000000000000115,-6.920067275618459135
0.318000000000000116,-6.829830193626714063
0.319000000000000117,-6.739478704082850768
0.320000000000000118,-6.649146357532240259
0.321000000000000119,-6.558948788709443534
0.322000000000000119,-6.468984328232343373
0.323000000000000120,-6.379334677727334757
0.324000000000000121,-6.290065639458915392
0.325000000000000122,-6.201227891904710354
0.326000000000000123,-6.112857803114657429
0.327000000000000124,-6.024978274114010546
0.328000000000000125,-5.937599605048648144
0.329000000000000126,-5.850720377221244384
0.330000000000000127,-5.764328344624605194
0.331000000000000127,-5.678401329038838874
0.332000000000000128,-5.592908113217957222
0.333000000000000129,-5.507809327146198086
0.334000000000000130,-5.423058322791428409
0.335000000000000131,-5.338602033219865817
0.336000000000000132,-5.254381812361105020
0.337000000000000133,-5.170334252123043761
0.338000000000000134,-5.086391973950973977
0.339000000000000135,-5.002484392303716554
0.340000000000000135,-4.918538447879344133
0.341000000000000136,-4.834479308765327943
0.342000000000000137,-4.750231038010432449
0.343000000000000138,-4.665717226419338282
0.344000000000000139,-4.580861589654874777
0.345000000000000140,-4.495588528997757294
0.346000000000000141,-4.409823655358909633
0.347000000000000142,-4.323494276366255384
0.348000000000000143,-4.236529846555993295
0.349000000000000143,-4.148862380888203027
0.350000000000000144,-4.060426831979473405
0.351000000000000145,-3.971161431600768843
0.352000000000000146,-3.881007997128257614
0.353000000000000147,-3.789912203758857512
0.354000000000000148,-3.697823823411444444
0.355000000000000149,-3.604696931329677057
0.356000000000000150,-3.510490081484495928
0.357000000000000151,-3.415166451943505876
0.358000000000000151,-3.318693961432189532
0.359000000000000152,-3.221045358358445299
0.360000000000000153,-3.122198283608367930
0.361000000000000154,-3.022135308448130608
0.362000000000000155,-2.920843948884786823
0.363000000000000156,-2.818316657849013307
0.364000000000000157,-2.714550796565243118
0.365000000000000158,-2.609548586470677112
0.366000000000000159,-2.503317043034322786
0.367000000000000159,-2.395867892811257782
0.368000000000000160,-2.287217475046970261
0.369000000000000161,-2.177386629120982242
0.370000000000000162,-2.066400569090164563
0.371000000000000163,-1.954288746559795786
0.372000000000000164,-1.841084703074542528
0.373000000000000165,-1.726825913184141914
0.374000000000000166,-1.611553619297948270
0.375000000000000167,-1.495312659401108579
0.376000000000000167,-1.378151288661610518
0.377000000000000168,-1.260120995913231123
0.378000000000000169,-1.141276315954285137
0.379000000000000170,-1.021674638556604009
0.380000000000000171,-0.901376015032935407
0.381000000000000172,-0.780442963165563386
0.382000000000000173,-0.658940271252705712
0.383000000000000174,-0.536934801984293886
0.384000000000000175,-0.414495296813582770
0.385000000000000175,-0.291692181447160248
0.386000000000000176,-0.168597373032287556
0.387000000000000177,-0.045284089578350215
0.388000000000000178,0.078173337892321143
0.389000000000000179,0.201699650009287218
0.390000000000000180,0.325218840118412011
0.391000000000000181,0.448654331367916714
0.392000000000000182,0.571929149474087573
0.393000000000000183,0.694966090860477670
0.394000000000000183,0.817687885897592337
0.395000000000000184,0.940017357002717935
0.396000000000000185,1.061877571390524633
0.397000000000000186,1.183191988294260977
0.398000000000000187,1.303884600505801128
0.399000000000000188,1.423880070109277751
0.400000000000000189,1.543103858308072951
0.401000000000000190,1.661482349269334247
0.402000000000000191,1.778942967931859354
0.403000000000000191,1.895414291745045832
0.404000000000000192,2.010826156325881797
0.405000000000000193,2.125109755039620740
0.406000000000000194,2.238197732527052342
0.407000000000000195,2.350024272217056787
0.408000000000000196,2.460525177878209568
0.409000000000000197,2.569637949276647682
0.410000000000000198,2.677301852019969175
0.411000000000000199,2.783457981678460147
0.412000000000000199,2.888049322285415776
0.413000000000000200,2.991020799327508417
0.414000000000000201,3.092319327344979829
0.415000000000000202,3.191893852268862464
0.416000000000000203,3.289695388628977035
0.417000000000000204,3.385677051772820967
0.418000000000000205,3.479794085240035972
0.419000000000000206,3.572003883441873917
0.420000000000000207,3.662266009798757604
0.421000000000000207,3.750542210491709660
0.422000000000000208,3.836796423986302162
0.423000000000000209,3.920994786489141681
0.424000000000000210,4.003105633498440952
0.425000000000000211,4.083099497610824358
0.426000000000000212,4.160949102746853256
0.427000000000000213,4.236629354957504923
0.428000000000000214,4.310117329973241596
0.429000000000000214,4.381392257656392175
0.430000000000000215,4.450435503516152025
0.431000000000000216,4.517230547443768174
0.432000000000000217,4.581762959823764803
0.433000000000000218,4.644020375174496174
0.434000000000000219,4.703992463469050200
0.435000000000000220,4.761670899284780489
0.436000000000000221,4.817049328926733764
0.437000000000000222,4.870123335667274844
0.438000000000000222,4.920890403240891331
0.439000000000000223,4.969349877729738019
0.440000000000000224,5.015502927972121938
0.441000000000000225,5.059352504622363966
0.442000000000000226,5.100903297986776330
0.443000000000000227,5.140161694756907096
0.444000000000000228,5.177135733757164182
0.445000000000000229,5.211835060820199317
0.446000000000000230,5.244270882899416897
0.447000000000000230,5.274455921524273450
0.448000000000000231,5.302404365699814548
0.449000000000000232,5.328131824348196766
0.450000000000000233,5.351655278386017400
0.451000000000000234,5.372993032527199730
0.452000000000000235,5.392164666897611980
0.453000000000000236,5.409190988543526757
0.454000000000000237,5.424093982912360445
0.455000000000000238,5.436896765380478058
0.456000000000000238,5.447623532898925980
0.457000000000000239,5.456299515824727386
0.458000000000000240,5.462950930001401417
0.459000000000000241,5.467604929149242565
0.460000000000000242,5.470289557622271204
0.461000000000000243,5.471033703585543861
0.462000000000000244,5.469867052663218487
0.463000000000000245,5.466820042104603594
0.464000000000000246,5.461923815512345293
0.465000000000000246,5.455210178173880209
0.466000000000000247,5.446711553034392139
0.467000000000000248,5.436460937346659250
0.468000000000000249,5.424491860030438595
0.469000000000000250,5.410838339771361305
0.470000000000000251,5.395534843886796494
0.471000000000000252,5.378616247983612375
0.472000000000000253,5.360117796430351689
0.473000000000000254,5.340075063664131427
0.474000000000000254,5.318523916350249792
0.475000000000000255,5.295500476410389012
0.476000000000000256,5.271041084933324683
0.477000000000000257,5.245182266979963259
0.478000000000000258,5.217960697292737926
0.479000000000000259,5.189413166917626441
0.480000000000000260,5.159576550745203605
0.481000000000000261,5.128487775975666629
0.482000000000000262,5.096183791511060157
0.483000000000000262,5.062701538276611402
0.484000000000000263,5.028077920471457851
0.485000000000000264,4.992349777748006368
0.486000000000000265,4.955553858317538918
0.487000000000000266,4.917726792978814210
0.488000000000000267,4.878905070065114202
0.489000000000000268,4.839125011304085788
0.490000000000000269,4.798422748583901942
0.491000000000000270,4.756834201618110214
0.492000000000000270,4.714395056500853443
0.493000000000000271,4.671140745143167017
0.494000000000000272,4.627106425580465476
0.495000000000000273,4.582326963140365805
0.496000000000000274,4.536836912459667914
0.497000000000000275,4.490670500338412197
0.498000000000000276,4.443861609418497949
0.499000000000000277,4.396443762673932554
0.500000000000000222,4.348450108699039696
0.501000000000000334,4.299913407780879382
0.502000000000000224,4.250866018741471741
0.503000000000000336,4.201339886535153667
0.504000000000000226,4.151366530586274806
0.505000000000000338,4.100977033851764375
0.506000000000000227,4.050202032593415602
0.507000000000000339,3.999071706843930762
0.508000000000000229,3.947615771551255648
0.509000000000000341,3.895863468384848094
0.510000000000000231,3.843843558188277054
0.511000000000000343,3.791584314061572591
0.512000000000000233,3.739113515057542081
0.513000000000000345,3.686458440475454346
0.514000000000000234,3.633645864736244846
0.515000000000000346,3.580702052822643644
0.516000000000000236,3.527652756268476075
0.517000000000000348,3.474523209680586255
0.518000000000000238,3.421338127777796334
0.519000000000000350,3.368121702930506167
0.520000000000000240,3.314897603185541275
0.521000000000000352,3.261688970760149520
0.522000000000000242,3.208518420989952435
0.523000000000000353,3.155408041715030087
0.524000000000000243,3.102379393089328197
0.525000000000000355,3.049453507797911023
0.526000000000000245,2.996650891667541394
0.527000000000000357,2.943991524655538594
0.528000000000000247,2.891494862202795169
0.529000000000000359,2.839179836936375434
0.530000000000000249,2.787064860707890723
0.531000000000000361,2.735167826953638581
0.532000000000000250,2.683506113363139711
0.533000000000000362,2.632096584842448017
0.534000000000000252,2.580955596759537674
0.535000000000000364,2.530098998458400139
0.536000000000000254,2.479542137029846938
0.537000000000000366,2.429299861326114307
0.538000000000000256,2.379386526207674102
0.539000000000000368,2.329815997010033612
0.540000000000000258,2.280601654219340357
0.541000000000000369,2.231756398345084769
0.542000000000000259,2.183292654979360314
0.543000000000000371,2.135222380031430500
0.544000000000000261,2.087557065127482403
0.545000000000000373,2.040307743165090670
0.546000000000000263,1.993484994012644451
0.547000000000000375,1.947098950343700619
0.548000000000000265,1.901159303597289352
0.549000000000000377,1.855675310054452298
0.550000000000000266,1.810655797022609814
0.551000000000000378,1.766109169118633249
0.552000000000000268,1.722043414642576264
0.553000000000000380,1.678466112033620616
0.554000000000000270,1.635384436400566965
0.555000000000000382,1.592805166118957727
0.556000000000000272,1.550734689487668794
0.557000000000000384,1.509179011437558504
0.558000000000000274,1.468143760285413268
0.559000000000000385,1.427634194526325562
0.560000000000000275,1.387655209658185118
0.561000000000000387,1.348211345031856023
0.562000000000000277,1.309306790721215696
0.563000000000000389,1.270945394407012596
0.564000000000000279,1.233130668269205810
0.565000000000000391,1.195865795882139704
0.566000000000000281,1.159153639107659339
0.567000000000000393,1.122996744980922612
0.568000000000000282,1.087397352584398069
0.569000000000000394,1.052357399905223811
0.570000000000000284,1.017878530671838755
0.571000000000000396,0.983962101165355540
0.572000000000000286,0.950609187002000033
0.573000000000000398,0.917820589882511029
0.574000000000000288,0.885596844305073461
0.575000000000000400,0.853938224238087074
0.576000000000000290,0.822844749749694460
0.577000000000000401,0.792316193590652973
0.578000000000000291,0.762352087727810601
0.579000000000000403,0.732951729825145337
0.580000000000000293,0.704114189669848844
0.581000000000000405,0.675838315540726153
0.582000000000000295,0.648122740516763107
0.583000000000000407,0.620965888723309822
0.584000000000000297,0.594365981514063391
0.585000000000000409,0.568321043586568875
0.586000000000000298,0.542828909029643314
0.587000000000000410,0.517887227300738884
0.588000000000000300,0.493493469131858764
0.589000000000000412,0.469644932362292322
0.590000000000000302,0.446338747697006433
0.591000000000000414,0.423571884389210840
0.592000000000000304,0.401341155846084541
0.593000000000000416,0.379643225156475750
0.594000000000000306,0.358474610539699590
0.595000000000000417,0.337831690714435307
0.596000000000000307,0.317710710187102174
0.597000000000000419,0.298107784458856384
0.598000000000000309,0.279018905150698993
0.599000000000000421,0.260439945046155863
0.600000000000000311,0.242366663051057973
0.601000000000000423,0.224794709070045229
0.602000000000000313,0.207719628799593325
0.603000000000000425,0.191136868437165486
0.604000000000000314,0.175041779306550321
0.605000000000000426,0.159429622399087201
0.606000000000000316,0.144295572830928615
0.607000000000000428,0.129634724216261155
0.608000000000000318,0.115442092956628994
0.609000000000000430,0.101712622446483755
0.610000000000000320,0.088441187195220802
0.611000000000000432,0.075622596865851641
0.612000000000000322,0.063251600230734159
0.613000000000000433,0.051322889044619971
0.614000000000000323,0.039831101835446900
0.615000000000000435,0.028770827613304590
0.616000000000000325,0.018136609498088686
0.617000000000000437,0.007922948266252306
0.618000000000000327,-0.001875694182655710
0.619000000000000439,-0.011264891439205194
0.620000000000000329,-0.020250249276366344
0.621000000000000441,-0.028837402420222751
0.622000000000000330,-0.037032011398466222
0.623000000000000442,-0.044839759465953435
0.624000000000000332,-0.052266349606565975
0.625000000000000444,-0.059317501610698840
0.626000000000000334,-0.065998949227515410
0.627000000000000446,-0.072316437391239996
0.628000000000000336,-0.078275719520634515
0.629000000000000448,-0.083882554890853112
0.630000000000000338,-0.089142706076782138
0.631000000000000449,-0.094061936467066259
0.632000000000000339,-0.098646007847881453
0.633000000000000451,-0.102900678055584754
0.634000000000000341,-0.106831698697334360
0.635000000000000453,-0.110444812938791909
0.636000000000000343,-0.113745753357912677
0.637000000000000455,-0.116740239863987405
0.638000000000000345,-0.119433977680885484
0.639000000000000457,-0.121832655393657202
0.640000000000000346,-0.123941943057456289
0.641000000000000458,-0.125767490367890117
0.642000000000000348,-0.127314924891782338
0.643000000000000460,-0.128589850357419822
0.644000000000000350,-0.129597845003309564
0.645000000000000462,-0.130344459984449268
0.646000000000000352,-0.130835217835183037
0.647000000000000464,-0.131075610987650470
0.648000000000000353,-0.131071100344854280
0.649000000000000465,-0.130827113907387160
0.650000000000000355,-0.130349045452866213
0.651000000000000467,-0.129642253267067908
0.652000000000000357,-0.128712058925874173
0.653000000000000469,-0.127563746126973132
0.654000000000000359,-0.126202559570474160
0.655000000000000471,-0.124633703887398667
0.656000000000000361,-0.122862342615145573
0.657000000000000473,-0.120893597218986987
0.658000000000000362,-0.118732546158655514
0.659000000000000474,-0.116384223999107889
0.660000000000000364,-0.113853620564531050
0.661000000000000476,-0.111145680134691532
0.662000000000000366,-0.108265300682721707
0.663000000000000478,-0.105217333153421660
0.664000000000000368,-0.102006580781230219
0.665000000000000480,-0.098637798446948338
0.666000000000000369,-0.095115692072349947
0.667000000000000481,-0.091444918051830040
0.668000000000000371,-0.087630082720212971
0.669000000000000483,-0.083675741855882391
0.670000000000000373,-0.079586400218420339
0.671000000000000485,-0.075366511119873886
0.672000000000000375,-0.071020476028891777
0.673000000000000487,-0.066552644206874623
0.674000000000000377,-0.061967312375372716
0.675000000000000488,-0.057268724413918046
0.676000000000000378,-0.052461071087535213
0.677000000000000490,-0.047548489803153716
0.678000000000000380,-0.042535064394155941
0.679000000000000492,-0.037424824932314894
0.680000000000000382,-0.032221747566420454
0.681000000000000494,-0.026929754386796824
0.682000000000000384,-0.021552713315086160
0.683000000000000496,-0.016094438018491117
0.684000000000000385,-0.010558687847895839
0.685000000000000497,-0.004949167799066648
0.686000000000000387,0.000730471503634167
0.687000000000000499,0.006476633801779530
0.688000000000000389,0.012285777176210355
0.689000000000000501,0.018154413999907647
0.690000000000000391,0.024079110870946240
0.691000000000000503,0.030056488526202296
0.692000000000000393,0.036083221736412721
0.693000000000000504,0.042156039183174190
0.694000000000000394,0.048271723318474437
0.695000000000000506,0.054427110207337759
0.696000000000000396,0.060619089354138844
0.697000000000000508,0.066844603513158921
0.698000000000000398,0.073100648483906960
0.699000000000000510,0.079384272891765278
0.700000000000000400,0.085692577954458324
0.701000000000000512,0.092022717234898216
0.702000000000000401,0.098371896380852031
0.703000000000000513,0.104737372851996580
0.704000000000000403,0.111116455634783590
0.705000000000000515,0.117506504945634610
0.706000000000000405,0.123904931922899669
0.707000000000000517,0.130309198308055041
0.708000000000000407,0.136716816116587619
0.709000000000000519,0.143125347298970279
0.710000000000000409,0.149532403392212243
0.711000000000000520,0.155935645162346592
0.712000000000000410,0.162332782238287759
0.713000000000000522,0.168721572737484504
0.714000000000000412,0.175099822883693385
0.715000000000000524,0.181465386617322533
0.716000000000000414,0.187816165198688073
0.717000000000000526,0.194150106804542533
0.718000000000000416,0.200465206118232736
0.719000000000000528,0.206759503913870685
0.720000000000000417,0.213031086634793587
0.721000000000000529,0.219278085966694236
0.722000000000000419,0.225498678405730846
0.723000000000000531,0.231691084821935872
0.724000000000000421,0.237853570018194571
0.725000000000000533,0.243984442285171133
0.726000000000000423,0.250082052952374567
0.727000000000000535,0.256144795935749126
0.728000000000000425,0.262171107281982230
0.729000000000000536,0.268159464709858908
0.730000000000000426,0.274108387148881527
0.731000000000000538,0.280016434275461967
0.732000000000000428,0.285882206046864706
0.733000000000000540,0.291704342233220837
0.734000000000000430,0.297481521947782490
0.735000000000000542,0.303212463175688618
0.736000000000000432,0.308895922301437920
0.737000000000000544,0.314530693635317715
0.738000000000000433,0.320115608938943808
0.739000000000000545,0.325649536950180285
0.740000000000000435,0.331131382907586425
0.741000000000000547,0.336560088074599972
0.742000000000000437,0.341934629263646706
0.743000000000000549,0.347254018360363736
0.744000000000000439,0.352517301848063735
0.745000000000000551,0.357723560332692592
0.746000000000000441,0.362871908068353066
0.747000000000000552,0.367961492483620478
0.748000000000000442,0.372991493708770050
0.749000000000000554,0.377961124104074342
0.750000000000000444,0.382869627789304112
0.751000000000000556,0.387716280174591421
0.752000000000000446,0.392500387492760283
0.753000000000000558,0.397221286333286405
0.754000000000000448,0.401878343177963060
0.755000000000000560,0.406470953938453061
0.756000000000000449,0.410998543495791124
0.757000000000000561,0.415460565241972613
0.758000000000000451,0.419856500623719764
0.759000000000000563,0.424185858688557793
0.760000000000000453,0.428448175633256600
0.761000000000000565,0.432643014354769206
0.762000000000000455,0.436769964003738576
0.763000000000000567,0.440828639540663647
0.764000000000000457,0.444818681294805174
0.765000000000000568,0.448739754525931178
0.766000000000000458,0.452591548988935888
0.767000000000000570,0.456373778501455274
0.768000000000000460,0.460086180514502285
0.769000000000000572,0.463728515686228249
0.770000000000000462,0.467300567458837079
0.771000000000000574,0.470802141638750338
0.772000000000000464,0.474233065980031454
0.773000000000000576,0.477593189771177873
0.774000000000000465,0.480882383425282334
0.775000000000000577,0.484100538073651776
0.776000000000000467,0.487247565162896801
0.777000000000000579,0.490323396055557414
0.778000000000000469,0.493327981634286428
0.779000000000000581,0.496261291909653401
0.780000000000000471,0.499123315631567976
0.781000000000000583,0.501914059904396748
0.782000000000000473,0.504633549805763471
0.783000000000000584,0.507281828009093383
0.784000000000000474,0.509858954409907805
0.785000000000000586,0.512365005755900271
0.786000000000000476,0.514800075280811287
0.787000000000000588,0.517164272342130360
0.788000000000000478,0.519457722062626970
0.789000000000000590,0.521680564975745442
0.790000000000000480,0.523832956674853412
0.791000000000000592,0.525915067466389607
0.792000000000000481,0.527927082026878325
0.793000000000000593,0.529869199063857210
0.794000000000000483,0.531741630980705926
0.795000000000000595,0.533544603545377916
0.796000000000000485,0.535278355563053587
0.797000000000000597,0.536943138552703814
0.798000000000000487,0.538539216427561418
0.799000000000000599,0.540066865179529509
0.800000000000000488,0.541526372567473158
0.801000000000000600,0.542918037809442255
0.802000000000000490,0.544242171278785714
0.803000000000000602,0.545499094204169310
0.804000000000000492,0.546689138373476324
0.805000000000000604,0.547812645841602275
0.806000000000000494,0.548869968642108352
0.807000000000000606,0.549861468502743977
0.808000000000000496,0.550787516564815838
0.809000000000000608,0.551648493106400406
0.810000000000000497,0.552444787269365745
0.811000000000000609,0.553176796790216141
0.812000000000000499,0.553844927734723713
0.813000000000000611,0.554449594236329779
0.814000000000000501,0.554991218238320649
0.815000000000000613,0.555470229239731106
0.816000000000000503,0.555887064044976453
0.817000000000000615,0.556242166517183945
0.818000000000000504,0.556535987335212257
0.819000000000000616,0.556768983754326152
0.820000000000000506,0.556941619370512120
0.821000000000000618,0.557054363888421999
0.822000000000000508,0.557107692892889861
0.823000000000000620,0.557102087624047004
0.824000000000000510,0.557038034755962586
0.825000000000000622,0.556916026178814749
0.826000000000000512,0.556736558784571844
0.827000000000000624,0.556500134256126100
0.828000000000000513,0.556207258859889309
0.829000000000000625,0.555858443241805000
0.830000000000000515,0.555454202226751903
0.831000000000000627,0.554995054621317374
0.832000000000000517,0.554481523019919043
0.833000000000000629,0.553914133614219817
0.834000000000000519,0.553293416005843919
0.835000000000000631,0.552619903022342429
0.836000000000000520,0.551894130536390581
0.837000000000000632,0.551116637288170730
0.838000000000000522,0.550287964710947541
0.839000000000000634,0.549408656759761138
0.840000000000000524,0.548479259743243519
0.841000000000000636,0.547500322158520070
0.842000000000000526,0.546472394529143646
0.843000000000000638,0.545396029246074776
0.844000000000000528,0.544271780411640593
0.845000000000000639,0.543100203686447847
0.846000000000000529,0.541881856139248774
0.847000000000000641,0.540617296099679456
0.848000000000000531,0.539307083013900401
0.849000000000000643,0.537951777303044887
0.850000000000000533,0.536551940224501367
0.851000000000000645,0.535108133735960889
0.852000000000000535,0.533620920362216755
0.853000000000000647,0.532090863064679231
0.854000000000000536,0.530518525113583217
0.855000000000000648,0.528904469962836132
0.856000000000000538,0.527249261127515245
0.857000000000000650,0.525553462063934496
0.858000000000000540,0.523817636052293922
0.859000000000000652,0.522042346081850073
0.860000000000000542,0.520228154738598403
0.861000000000000654,0.518375624095420040
0.862000000000000544,0.516485315604678252
0.863000000000000655,0.514557789993218440
0.864000000000000545,0.512593607159762876
0.865000000000000657,0.510593326074636922
0.866000000000000547,0.508557504681840800
0.867000000000000659,0.506486699803387452
0.868000000000000549,0.504381467045925902
0.869000000000000661,0.502242360709583169
0.870000000000000551,0.500069933699006763
0.871000000000000663,0.497864737436594429
0.872000000000000552,0.495627321777853236
0.873000000000000664,0.493358234928880257
0.874000000000000554,0.491058023365929741
0.875000000000000666,0.488727231757039415
0.876000000000000556,0.486366402885675675
0.877000000000000668,0.483976077576390940
0.878000000000000558,0.481556794622447437
0.879000000000000670,0.479109090715384600
0.880000000000000560,0.476633500376503316
0.881000000000000671,0.474130555890234118
0.882000000000000561,0.471600787239378261
0.883000000000000673,0.469044722042163020
0.884000000000000563,0.466462885491127022
0.885000000000000675,0.463855800293755394
0.886000000000000565,0.461223986614896719
0.887000000000000677,0.458567962020887232
0.888000000000000567,0.455888241425376262
0.889000000000000679,0.453185337036834723
0.890000000000000568,0.450459758307700742
0.891000000000000680,0.447712011885147643
0.892000000000000570,0.444942601563459827
0.893000000000000682,0.442152028237959516
0.894000000000000572,0.439340789860499570
0.895000000000000684,0.436509381396461726
0.896000000000000574,0.433658294783261400
0.897000000000000686,0.430788018890317925
0.898000000000000576,0.427899039480475363
0.899000000000000687,0.424991839172843111
0.900000000000000577,0.422066897407048003
0.901000000000000689,0.419124690408844092
0.902000000000000579,0.416165691157095174
0.903000000000000691,0.413190369352071207
0.904000000000000581,0.410199191385061723
0.905000000000000693,0.407192620309273834
0.906000000000000583,0.404171115811983506
0.907000000000000695,0.401135134187943998
0.908000000000000584,0.398085128313990233
0.909000000000000696,0.395021547624859859
0.910000000000000586,0.391944838090180769
0.911000000000000698,0.388855442192608980
0.912000000000000588,0.385753798907110257
0.913000000000000700,0.382640343681339423
0.914000000000000590,0.379515508417129943
0.915000000000000702,0.376379721453037441
0.916000000000000592,0.373233407547941820
0.917000000000000703,0.370076987865690321
0.918000000000000593,0.366910879960734293
0.919000000000000705,0.363735497764769433
0.920000000000000595,0.360551251574354636
0.921000000000000707,0.357358548039471258
0.922000000000000597,0.354157790153033059
0.923000000000000709,0.350949377241304705
0.924000000000000599,0.347733704955218492
0.925000000000000711,0.344511165262579022
0.926000000000000600,0.341282146441131418
0.927000000000000712,0.338047033072463088
0.928000000000000602,0.334806206036760090
0.929000000000000714,0.331560042508333708
0.930000000000000604,0.328308915951989189
0.931000000000000716,0.325053196120138499
0.932000000000000606,0.321793249050688568
0.933000000000000718,0.318529437065668664
0.934000000000000608,0.315262118770595123
0.935000000000000719,0.311991649054541853
0.936000000000000609,0.308718379090912209
0.937000000000000721,0.305442656338887564
0.938000000000000611,0.302164824545560484
0.939000000000000723,0.298885223748690476
0.940000000000000613,0.295604190280130075
0.941000000000000725,0.292322056769848460
0.942000000000000615,0.289039152150577183
0.943000000000000727,0.285755801663042541
0.944000000000000616,0.282472326861786804
0.945000000000000728,0.279189045621548559
0.946000000000000618,0.275906272144199161
0.947000000000000730,0.272624316966217917
0.948000000000000620,0.269343486966697354
0.949000000000000732,0.266064085375854353
0.950000000000000622,0.262786411784049101
0.951000000000000734,0.259510762151289209
0.952000000000000624,0.256237428817211677
0.953000000000000735,0.252966700511525588
0.954000000000000625,0.249698862364905155
0.955000000000000737,0.246434195920324950
0.956000000000000627,0.243172979144826995
0.957000000000000739,0.239915486441691306
0.958000000000000629,0.236661988663028622
0.959000000000000741,0.233412753122748506
0.960000000000000631,0.230168043609928874
0.961000000000000743,0.226928120402542982
0.962000000000000632,0.223693240281553823
0.963000000000000744,0.220463656545362152
0.964000000000000634,0.217239619024589631
0.965000000000000746,0.214021374097193962
0.966000000000000636,0.210809164703906815
0.967000000000000748,0.207603230363980373
0.968000000000000638,0.204403807191242404
0.969000000000000750,0.201211127910422644
0.970000000000000639,0.198025421873787105
0.971000000000000751,0.194846915078030758
0.972000000000000641,0.191675830181433804
0.973000000000000753,0.188512386521280523
0.974000000000000643,0.185356800131517840
0.975000000000000755,0.182209283760657093
0.976000000000000645,0.179070046889897916
0.977000000000000757,0.175939295751485841
0.978000000000000647,0.172817233347272781
0.979000000000000759,0.169704059467477242
0.980000000000000648,0.166599970709661843
0.981000000000000760,0.163505160497883884
0.982000000000000650,0.160419819102033012
0.983000000000000762,0.157344133657335072
0.984000000000000652,0.154278288184046736
0.985000000000000764,0.151222463607280033
0.986000000000000654,0.148176837777006326
0.987000000000000766,0.145141585488181818
0.988000000000000655,0.142116878501038657
0.989000000000000767,0.139102885561484285
0.990000000000000657,0.136099772421648890
0.991000000000000769,0.133107701860529781
0.992000000000000659,0.130126833704770156
0.993000000000000771,0.127157324849530629
0.994000000000000661,0.124199329279475634
0.995000000000000773,0.121252998089838290
0.996000000000000663,0.118318479507590404
0.997000000000000774,0.115395918912683276
0.998000000000000664,0.112485458859379578
0.999000000000000776,0.109587239097649780
1.000000000000000666,0.106701396594634540
1.001000000000000778,0.103828065556176297
1.002000000000000668,0.100967377448400744
1.003000000000000780,0.098119461019358464
1.004000000000000670,0.095284442320703350
1.005000000000000782,0.092462444729420196
1.006000000000000671,0.089653588969589235
1.007000000000000783,0.086857993134179953
1.008000000000000673,0.084075772706879381
1.009000000000000785,0.081307040583931664
1.010000000000000675,0.078551907096014770
1.011000000000000787,0.075810480030117616
1.012000000000000677,0.073082864651434556
1.013000000000000789,0.070369163725265790
1.014000000000000679,0.067669477538920567
1.015000000000000790,0.064983903923622147
1.016000000000000680,0.062312538276395338
1.017000000000000792,0.059655473581971465
1.018000000000000682,0.057012800434650401
1.019000000000000794,0.054384607060168767
1.020000000000000684,0.051770979337541823
1.021000000000000796,0.049172000820877970
1.022000000000000686,0.046587752761180490
1.023000000000000798,0.044018314128102601
1.024000000000000687,0.041463761631684470
1.025000000000000799,0.038924169744046520
1.026000000000000689,0.036399610721054590
1.027000000000000801,0.033890154623924584
1.028000000000000691,0.031395869340808756
1.029000000000000803,0.028916820608309423
1.030000000000000693,0.026453072032963598
1.031000000000000805,0.024004685112661218
1.032000000000000695,0.021571719258017329
1.033000000000000806,0.019154231813678778
1.034000000000000696,0.016752278079579318
1.035000000000000808,0.014365911332129467
1.036000000000000698,0.011995182845339758
1.037000000000000810,0.009640141911874178
1.038000000000000700,0.007300835864044885
1.039000000000000812,0.004977310094725418
1.040000000000000702,0.002669608078201313
1.041000000000000814,0.000377771390928833
1.042000000000000703,-0.001898160267763571
1.043000000000000815,-0.004158149055068771
1.044000000000000705,-0.006402158964167781
1.045000000000000817,-0.008630155803776319
1.046000000000000707,-0.010842107177787308
1.047000000000000819,-0.013037982464991150
1.048000000000000709,-0.015217752798878870
1.049000000000000821,-0.017381391047548801
1.050000000000000711,-0.019528871793689583
1.051000000000000822,-0.021660171314670254
1.052000000000000712,-0.023775267562705499
1.053000000000000824,-0.025874140145138825
1.054000000000000714,-0.027956770304798977
1.055000000000000826,-0.030023140900470969
1.056000000000000716,-0.032073236387458605
1.057000000000000828,-0.034107042798253939
1.058000000000000718,-0.036124547723294542
1.059000000000000830,-0.038125740291834888
1.060000000000000719,-0.040110611152925149
1.061000000000000831,-0.042079152456477878
1.062000000000000721,-0.044031357834457295
1.063000000000000833,-0.045967222382162533
1.064000000000000723,-0.047886742639630719
1.065000000000000835,-0.049789916573129991
1.066000000000000725,-0.051676743556783866
1.067000000000000837,-0.053547224354291413
1.068000000000000727,-0.055401361100759806
1.069000000000000838,-0.057239157284645889
1.070000000000000728,-0.059060617729824884
1.071000000000000840,-0.060865748577748825
1.072000000000000730,-0.062654557269736344
1.073000000000000842,-0.064427052529369158
1.074000000000000732,-0.066183244345003583
1.075000000000000844,-0.067923143952398055
1.076000000000000734,-0.069646763817455853
1.077000000000000846,-0.071354117619080018
1.078000000000000735,-0.073045220232155095
1.079000000000000847,-0.074720087710631683
1.080000000000000737,-0.076378737270740640
1.081000000000000849,-0.078021187274316547
1.082000000000000739,-0.079647457212242020
1.083000000000000851,-0.081257567688010957
1.084000000000000741,-0.082851540401408963
1.085000000000000853,-0.084429398132311081
1.086000000000000743,-0.085991164724603927
1.087000000000000854,-0.087536865070218503
1.088000000000000744,-0.089066525093288773
1.089000000000000856,-0.090580171734423301
1.090000000000000746,-0.092077832935111362
1.091000000000000858,-0.093559537622224825
1.092000000000000748,-0.095025315692658555
1.093000000000000860,-0.096475197998085543
1.094000000000000750,-0.097909216329826868
1.095000000000000862,-0.099327403403849185
1.096000000000000751,-0.100729792845873065
1.097000000000000863,-0.102116419176611878
1.098000000000000753,-0.103487317797114550
1.099000000000000865,-0.104842524974252102
1.100000000000000755,-0.106182077826295587
1.101000000000000867,-0.107506014308632339
1.102000000000000757,-0.108814373199596928
1.103000000000000869,-0.110107194086421556
1.104000000000000759,-0.111384517351293816
1.105000000000000870,-0.112646384157560939
1.106000000000000760,-0.113892836436022368
1.107000000000000872,-0.115123916871355286
1.108000000000000762,-0.116339668888659792
1.109000000000000874,-0.117540136640121126
1.110000000000000764,-0.118725364991780144
1.111000000000000876,-0.119895399510433709
1.112000000000000766,-0.121050286450646152
1.113000000000000878,-0.122190072741875613
1.114000000000000767,-0.123314805975726124
1.115000000000000879,-0.124424534393301922
1.116000000000000769,-0.125519306872691555
1.117000000000000881,-0.126599172916556091
1.118000000000000771,-0.127664182639844720
1.119000000000000883,-0.128714386757609794
1.120000000000000773,-0.129749836572951527
1.121000000000000885,-0.130770583965070131
1.122000000000000774,-0.131776681377424765
1.123000000000000886,-0.132768181806022595
1.124000000000000776,-0.133745138787805112
1.125000000000000888,-0.134707606389153411
1.126000000000000778,-0.135655639194505628
1.127000000000000890,-0.136589292295086928
1.128000000000000780,-0.137508621277745519
1.129000000000000892,-0.138413682213907319
1.130000000000000782,-0.139304531648632546
1.131000000000000894,-0.140181226589791486
1.132000000000000783,-0.141043824497333464
1.133000000000000895,-0.141892383272691630
1.134000000000000785,-0.142726961248262785
1.135000000000000897,-0.143547617177024606
1.136000000000000787,-0.144354410222242269
1.137000000000000899,-0.145147399947285149
1.138000000000000789,-0.145926646305557517
1.139000000000000901,-0.146692209630524595
1.140000000000000790,-0.147444150625852866
1.141000000000000902,-0.148182530355643799
1.142000000000000792,-0.148907410234789067
1.143000000000000904,-0.149618852019406168
1.144000000000000794,-0.150316917797402722
1.145000000000000906,-0.151001669979120789
1.146000000000000796,-0.151673171288096986
1.147000000000000908,-0.152331484751920682
1.148000000000000798,-0.152976673693189319
1.149000000000000909,-0.153608801720566707
1.150000000000000799,-0.154227932719943894
1.151000000000000911,-0.154834130845692086
1.152000000000000801,-0.155427460512019472
1.153000000000000913,-0.156007986384430919
1.154000000000000803,-0.156575773371264465
1.155000000000000915,-0.157130886615349658
1.156000000000000805,-0.157673391485751185
1.157000000000000917,-0.158203353569597333
1.158000000000000806,-0.158720838664028585
1.159000000000000918,-0.159225912768214128
1.160000000000000808,-0.159718642075473927
1.161000000000000920,-0.160199092965503886
1.162000000000000810,-0.160667331996670937
1.163000000000000922,-0.161123425898419353
1.164000000000000812,-0.161567441563757408
1.165000000000000924,-0.161999446041842965
1.166000000000000814,-0.162419506530647878
1.167000000000000925,-0.162827690369726608
1.168000000000000815,-0.163224065033058252
1.169000000000000927,-0.163608698121987528
1.170000000000000817,-0.163981657358247768
1.171000000000000929,-0.164343010577078286
1.172000000000000819,-0.164692825720413299
1.173000000000000931,-0.165031170830173934
1.174000000000000821,-0.165358114041633530
1.175000000000000933,-0.165673723576872461
1.176000000000000822,-0.165978067738314528
1.177000000000000934,-0.166271214902347142
1.178000000000000824,-0.166553233513024423
1.179000000000000936,-0.166824192075856192
1.180000000000000826,-0.167084159151666911
1.181000000000000938,-0.167333203350549548
1.182000000000000828,-0.167571393325889245
1.183000000000000940,-0.167798797768472230
1.184000000000000830,-0.168015485400669046
1.185000000000000941,-0.168221524970698449
1.186000000000000831,-0.168416985246972795
1.187000000000000943,-0.168601935012514803
1.188000000000000833,-0.168776443059447806
1.189000000000000945,-0.168940578183572471
1.190000000000000835,-0.169094409179011862
1.191000000000000947,-0.169238004832930666
1.192000000000000837,-0.169371433920327052
1.193000000000000949,-0.169494765198905384
1.194000000000000838,-0.169608067404016072
1.195000000000000950,-0.169711409243665179
1.196000000000000840,-0.169804859393600432
1.197000000000000952,-0.169888486492468321
1.198000000000000842,-0.169962359137035113
1.199000000000000954,-0.170026545877488944
1.200000000000000844,-0.170081115212796119
1.201000000000000734,-0.170126135586141730
1.202000000000000846,-0.170161675380426841
1.203000000000000957,-0.170187802913833897
1.204000000000000847,-0.170204586435470262
1.205000000000000737,-0.170212094121059504
1.206000000000000849,-0.170210394068716797
1.207000000000000961,-0.170199554294775013
1.208000000000000851,-0.170179642729683694
1.209000000000000741,-0.170150727213969594
1.210000000000000853,-0.170112875494256466
1.211000000000000965,-0.170066155219358583
1.212000000000000854,-0.170010633936421296
1.213000000000000744,-0.169946379087132449
1.214000000000000856,-0.169873458004001443
1.215000000000000968,-0.169791937906677015
1.216000000000000858,-0.169701885898347504
1.217000000000000748,-0.169603368962192247
1.218000000000000860,-0.169496453957882542
1.219000000000000972,-0.169381207618159252
1.220000000000000862,-0.169257696545449393
1.221000000000000751,-0.169125987208553707
1.222000000000000863,-0.168986145939382437
1.223000000000000975,-0.168838238929750806
1.224000000000000865,-0.168682332228231424
1.225000000000000755,-0.168518491737055742
1.226000000000000867,-0.168346783209074757
1.227000000000000979,-0.168167272244774069
1.228000000000000869,-0.167980024289339724
1.229000000000000759,-0.167785104629776860
1.230000000000000870,-0.167582578392082182
1.231000000000000982,-0.167372510538465274
1.232000000000000872,-0.167154965864629801
1.233000000000000762,-0.166930008997089790
1.234000000000000874,-0.166697704390553092
1.235000000000000986,-0.166458116325343047
1.236000000000000876,-0.166211308904873289
1.237000000000000766,-0.165957346053171362
1.238000000000000878,-0.165696291512452742
1.239000000000000989,-0.165428208840732061
1.240000000000000879,-0.165153161409502452
1.241000000000000769,-0.164871212401434791
1.242000000000000881,-0.164582424808145722
1.243000000000000993,-0.164286861427999586
1.244000000000000883,-0.163984584863960170
1.245000000000000773,-0.163675657521482998
1.246000000000000885,-0.163360141606457759
1.247000000000000997,-0.163038099123188174
1.248000000000000886,-0.162709591872423204
1.249000000000000776,-0.162374681449417496
1.250000000000000888,-0.162033429242055993
1.251000000000001000,-0.161685896428994502
1.252000000000000890,-0.161332143977866854
1.253000000000000780,-0.160972232643505853
1.254000000000000892,-0.160606222966239498
1.255000000000001004,-0.160234175270190571
1.256000000000000894,-0.159856149661642577
1.257000000000000783,-0.159472206027432784
1.258000000000000895,-0.159082404033387748
1.259000000000001007,-0.158686803122796066
1.260000000000000897,-0.158285462514917347
1.261000000000000787,-0.157878441203535891
1.262000000000000899,-0.157465797955539000
1.263000000000001011,-0.157047591309545376
1.264000000000000901,-0.156623879574559977
1.265000000000000790,-0.156194720828668560
1.266000000000000902,-0.155760172917772277
1.267000000000001014,-0.155320293454341840
1.268000000000000904,-0.154875139816228247
1.269000000000000794,-0.154424769145488167
1.270000000000000906,-0.153969238347255011
1.271000000000001018,-0.153508604088637507
1.272000000000000908,-0.153042922797654718
1.273000000000000798,-0.152572250662200787
1.274000000000000909,-0.152096643629044737
1.275000000000001021,-0.151616157402856971
1.276000000000000911,-0.151130847445277411
1.277000000000000801,-0.150640768974001249
1.278000000000000913,-0.150145976961904015
1.279000000000001025,-0.149646526136199082
1.280000000000000915,-0.149142470977615627
1.281000000000000805,-0.148633865719614122
1.282000000000000917,-0.148120764347628386
1.283000000000001029,-0.147603220598334500
1.284000000000000918,-0.147081287958956475
1.285000000000000808,-0.146555019666584574
1.286000000000000920,-0.146024468707535965
1.287000000000001032,-0.145489687816737739
1.288000000000000922,-0.144950729477134999
1.289000000000000812,-0.144407645919125971
1.290000000000000924,-0.143860489120027996
1.291000000000001036,-0.143309310803562628
1.292000000000000925,-0.142754162439373028
1.293000000000000815,-0.142195095242561464
1.294000000000000927,-0.141632160173254695
1.295000000000001039,-0.141065407936194154
1.296000000000000929,-0.140494888980349980
1.297000000000000819,-0.139920653498557396
1.298000000000000931,-0.139342751427175060
1.299000000000001043,-0.138761232445780369
1.300000000000000933,-0.138176145976864728
1.301000000000000822,-0.137587541185573758
1.302000000000000934,-0.136995466979453306
1.303000000000001046,-0.136399972008234727
1.304000000000000936,-0.135801104663619276
1.305000000000000826,-0.135198913079105643
1.306000000000000938,-0.134593445129828237
1.307000000000001050,-0.133984748432417700
1.308000000000000940,-0.133372870344881544
1.309000000000000830,-0.132757857966508158
1.310000000000000941,-0.132139758137785834
1.311000000000001053,-0.131518617440347874
1.312000000000000943,-0.130894482196931505
1.313000000000000833,-0.130267398471361762
1.314000000000000945,-0.129637412068545954
1.315000000000001057,-0.129004568534498182
1.316000000000000947,-0.128368913156368725
1.317000000000000837,-0.127730490962508242
1.318000000000000949,-0.127089346722530611
1.319000000000001060,-0.126445524947409321
1.320000000000000950,-0.125799069889584503
1.321000000000000840,-0.125150025543087406
1.322000000000000952,-0.124498435643678823
1.323000000000001064,-0.123844343669013757
1.324000000000000954,-0.123187792838810539
1.325000000000000844,-0.122528826115042608
1.326000000000000956,-0.121867486202146755
1.327000000000001068,-0.121203815547242716
1.328000000000000957,-0.120537856340375504
1.329000000000000847,-0.119869650514760367
1.330000000000000959,-0.119199239747056790
1.331000000000001071,-0.118526665457646632
1.332000000000000961,-0.117851968810934404
1.333000000000000851,-0.117175190715651828
1.334000000000000963,-0.116496371825189821
1.335000000000001075,-0.115815552537931590
1.336000000000000965,-0.115132772997607852
1.337000000000000854,-0.114448073093655373
1.338000000000000966,-0.113761492461605607
1.339000000000001078,-0.113073070483466778
1.340000000000000968,-0.112382846288130972
1.341000000000000858,-0.111690858751793520
1.342000000000000970,-0.110997146498371516
1.343000000000001082,-0.110301747899956587
1.344000000000000972,-0.109604701077255839
1.345000000000000862,-0.108906043900065891
1.346000000000000973,-0.108205813987734586
1.347000000000001085,-0.107504048709664346
1.348000000000000975,-0.106800785185794209
1.349000000000000865,-0.106096060287113755
1.350000000000000977,-0.105389910636184997
1.351000000000001089,-0.104682372607667107
1.352000000000000979,-0.103973482328855255
1.353000000000000869,-0.103263275680233441
1.354000000000000981,-0.102551788296031329
1.355000000000001092,-0.101839055564794223
1.356000000000000982,-0.101125112629959851
1.357000000000000872,-0.100409994390445331
1.358000000000000984,-0.099693735501250019
1.359000000000001096,-0.098976370374054295
1.360000000000000986,-0.098257933177834378
1.361000000000000876,-0.097538457839492082
1.362000000000000988,-0.096817978044476782
1.363000000000001100,-0.096096527237438556
1.364000000000000989,-0.095374138622859914
1.365000000000000879,-0.094650845165724168
1.366000000000000991,-0.093926679592173989
1.367000000000001103,-0.093201674390185146
1.368000000000000993,-0.092475861810240714
1.369000000000000883,-0.091749273866024841
1.370000000000000995,-0.091021942335107964
1.371000000000001107,-0.090293898759653324
1.372000000000000997,-0.089565174447117687
1.373000000000000886,-0.088835800470974585
1.374000000000000998,-0.088105807671424133
1.375000000000001110,-0.087375226656128818
1.376000000000001000,-0.086644087800939434
1.377000000000000890,-0.085912421250638721
1.378000000000001002,-0.085180256919686420
1.379000000000001114,-0.084447624492968346
1.380000000000001004,-0.083714553426552873
1.381000000000000894,-0.082981072948455442
1.382000000000001005,-0.082247212059406730
1.383000000000001117,-0.081512999533620803
1.384000000000001007,-0.080778463919578380
1.385000000000000897,-0.080043633540808110
1.386000000000001009,-0.079308536496674284
1.387000000000001121,-0.078573200663173109
1.388000000000001011,-0.077837653693723585
1.389000000000000901,-0.077101923019976232
1.390000000000001013,-0.076366035852617281
1.391000000000001124,-0.075630019182176558
1.392000000000001014,-0.074893899779847506
1.393000000000000904,-0.074157704198304045
1.394000000000001016,-0.073421458772522250
1.395000000000001128,-0.072685189620607188
1.396000000000001018,-0.071948922644628210
1.397000000000000908,-0.071212683531447080
1.398000000000001020,-0.070476497753557618
1.399000000000001132,-0.069740390569928312
1.400000000000001021,-0.069004387026844416
1.401000000000000911,-0.068268511958756661
1.402000000000001023,-0.067532789989132549
1.403000000000001135,-0.066797245531305630
1.404000000000001025,-0.066061902789337740
1.405000000000000915,-0.065326785758874212
1.406000000000001027,-0.064591918228004766
1.407000000000001139,-0.063857323778132663
1.408000000000001029,-0.063123025784835224
1.409000000000000918,-0.062389047418739477
1.410000000000001030,-0.061655411646386216
1.411000000000001142,-0.060922141231107708
1.412000000000001032,-0.060189258733904703
1.413000000000000922,-0.059456786514321368
1.414000000000001034,-0.058724746731325203
1.415000000000001146,-0.057993161344187395
1.416000000000001036,-0.057262052113370321
1.417000000000000925,-0.056531440601406843
1.418000000000001037,-0.055801348173786125
1.419000000000001149,-0.055071795999848794
1.420000000000001039,-0.054342805053665587
1.421000000000000929,-0.053614396114939324
1.422000000000001041,-0.052886589769883717
1.423000000000001153,-0.052159406412125263
1.424000000000001043,-0.051432866243596775
1.425000000000000933,-0.050706989275426273
1.426000000000001044,-0.049981795328836023
1.427000000000001156,-0.049257304036039937
1.428000000000001046,-0.048533534841141493
1.429000000000000936,-0.047810507001028207
1.430000000000001048,-0.047088239586271917
1.431000000000001160,-0.046366751482029366
1.432000000000001050,-0.045646061388939604
1.433000000000000940,-0.044926187824024640
1.434000000000001052,-0.044207149121591863
1.435000000000001164,-0.043488963434130182
1.436000000000001053,-0.042771648733215074
1.437000000000000943,-0.042055222810407134
1.438000000000001055,-0.041339703278155511
1.439000000000001167,-0.040625107570694270
1.440000000000001057,-0.039911452944950007
1.441000000000000947,-0.039198756481436323
1.442000000000001059,-0.038487035085155899
1.443000000000001171,-0.037776305486508073
1.444000000000001060,-0.037066584242178915
1.445000000000000950,-0.036357887736043981
1.446000000000001062,-0.035650232180073016
1.447000000000001174,-0.034943633615224380
1.448000000000001064,-0.034238107912340422
1.449000000000000954,-0.033533670773054768
1.450000000000001066,-0.032830337730679802
1.451000000000001178,-0.032128124151109008
1.452000000000001068,-0.031427045233710191
1.453000000000000957,-0.030727116012223769
1.454000000000001069,-0.030028351355649602
1.455000000000001181,-0.029330765969152673
1.456000000000001071,-0.028634374394941826
1.457000000000000961,-0.027939191013173614
1.458000000000001073,-0.027245230042832934
1.459000000000001185,-0.026552505542625227
1.460000000000001075,-0.025861031411870405
1.461000000000000965,-0.025170821391382582
1.462000000000001076,-0.024481889064359493
1.463000000000001188,-0.023794247857265187
1.464000000000001078,-0.023107911040719006
1.465000000000000968,-0.022422891730367250
1.466000000000001080,-0.021739202887774357
1.467000000000001192,-0.021056857321295711
1.468000000000001082,-0.020375867686959703
1.469000000000000972,-0.019696246489338650
1.470000000000001084,-0.019018006082429893
1.471000000000001195,-0.018341158670522995
1.472000000000001085,-0.017665716309079031
1.473000000000000975,-0.016991690905590696
1.474000000000001087,-0.016319094220458456
1.475000000000001199,-0.015647937867854046
1.476000000000001089,-0.014978233316586509
1.477000000000000979,-0.014309991890964911
1.478000000000001091,-0.013643224771658507
1.479000000000001203,-0.012977942996554864
1.480000000000001092,-0.012314157461624804
1.481000000000000982,-0.011651878921769566
1.482000000000001094,-0.010991117991679527
1.483000000000001206,-0.010331885146681955
1.484000000000001096,-0.009674190723595023
1.485000000000000986,-0.009018044921572533
1.486000000000001098,-0.008363457802953344
1.487000000000001210,-0.007710439294100022
1.488000000000001100,-0.007058999186244704
1.489000000000000989,-0.006409147136323295
1.490000000000001101,-0.005760892667819949
1.491000000000001213,-0.005114245171596631
1.492000000000001103,-0.004469213906727547
1.493000000000000993,-0.003825808001328461
1.494000000000001105,-0.003184036453387967
1.495000000000001217,-0.002543908131589863
1.496000000000001107,-0.001905431776141264
1.497000000000000997,-0.001268615999591299
1.498000000000001108,-0.000633469287648501
1.499000000000001220,0.000000000000000000
