# Fe111_ILESCA-JS
# h[nm],U(h)[kJ/mol]
0.200000000000000011,71.808945388605991411
0.201000000000000012,64.619559699012185661
0.202000000000000013,61.038703327980009306
0.203000000000000014,59.121079276017994175
0.204000000000000015,57.761738690733771762
0.205000000000000016,56.392461804770540823
0.206000000000000016,54.773715044238926453
0.207000000000000017,52.855133731256408680
0.208000000000000018,50.684532419041566698
0.209000000000000019,48.350771392985386399
0.210000000000000020,45.949810741774726353
0.211000000000000021,43.566274679789856350
0.212000000000000022,41.265069831980980553
0.213000000000000023,39.089238178910036936
0.214000000000000024,37.061421562215699055
0.215000000000000024,35.187179948372303784
0.216000000000000025,33.459024027415786406
0.217000000000000026,31.860458131166758733
0.218000000000000027,30.369630372196262158
0.219000000000000028,28.962389903813516412
0.220000000000000029,27.614683720166645742
0.221000000000000030,26.304307906046346943
0.222000000000000031,25.012075839845678615
0.223000000000000032,23.722489648198262557
0.224000000000000032,22.424009261918087077
0.225000000000000033,21.109011502580891317
0.226000000000000034,19.773523809797183048
0.227000000000000035,18.416806316624633411
0.228000000000000036,17.040843890091355917
0.229000000000000037,15.649797704518409347
0.230000000000000038,14.249454660377011805
0.231000000000000039,12.846702919865133907
0.232000000000000040,11.449053192080887342
0.233000000000000040,10.064218202910163669
0.234000000000000041,8.699756967777311445
0.235000000000000042,7.362785931936690176
0.236000000000000043,6.059755605826376623
0.237000000000000044,4.796288843957734471
0.238000000000000045,3.577075238081252273
0.239000000000000046,2.405815071370188019
0.240000000000000047,1.285205776201119310
0.241000000000000048,0.216963735765648036
0.242000000000000048,-0.798125532335553389
0.243000000000000049,-1.760135359695709667
0.244000000000000050,-2.669910070176654937
0.245000000000000051,-3.528966630570875562
0.246000000000000052,-4.339390470537800581
0.247000000000000053,-5.103729439465665152
0.248000000000000054,-5.824889192132468807
0.249000000000000055,-6.506032656068882147
0.250000000000000056,-7.150485643914523237
0.251000000000000056,-7.761650141523108282
0.252000000000000057,-8.342926331025086739
0.253000000000000058,-8.897643998463879100
0.254000000000000059,-9.429003626751603306
0.255000000000000060,-9.940027183704078340
0.256000000000000061,-10.433518377882467831
0.257000000000000062,-10.912031967255865439
0.258000000000000063,-11.377851562292971010
0.259000000000000064,-11.832975260840930432
0.260000000000000064,-12.279108381956854501
0.261000000000000065,-12.717662524809490776
0.262000000000000066,-13.149760162236869832
0.263000000000000067,-13.576243982246463560
0.264000000000000068,-13.997690210780586284
0.265000000000000069,-14.414425181943883558
0.266000000000000070,-14.826544464507074750
0.267000000000000071,-15.233933903163054069
0.268000000000000071,-15.636291987389933311
0.269000000000000072,-16.033153017898435166
0.270000000000000073,-16.423910598856359400
0.271000000000000074,-16.807841042034205259
0.272000000000000075,-17.184126325612531616
0.273000000000000076,-17.551876304772768833
0.274000000000000077,-17.910149922709752701
0.275000000000000078,-18.257975218878055301
0.276000000000000079,-18.594367975796274095
0.277000000000000079,-18.918348886389264152
0.278000000000000080,-19.228959160561988284
0.279000000000000081,-19.525274522475253747
0.280000000000000082,-19.806417578905080035
0.281000000000000083,-20.071568564245993116
0.282000000000000084,-20.319974489337468526
0.283000000000000085,-20.550956739556969666
0.284000000000000086,-20.763917182761190361
0.285000000000000087,-20.958342859909777189
0.286000000000000087,-21.133809340821787970
0.287000000000000088,-21.289982834744897389
0.288000000000000089,-21.426621150506498736
0.289000000000000090,-21.543573604206422090
0.290000000000000091,-21.640779973930595048
0.291000000000000092,-21.718268601036346155
0.292000000000000093,-21.776153736384546988
0.293000000000000094,-21.814632227666926667
0.294000000000000095,-21.833979640872016148
0.295000000000000095,-21.834545905115280817
0.296000000000000096,-21.816750565672233364
0.297000000000000097,-21.781077725231977382
0.298000000000000098,-21.728070748249979971
0.299000000000000099,-21.658326797928062035
0.300000000000000100,-21.572491269878391051
0.301000000000000101,-21.471252181016531324
0.302000000000000102,-21.355334566745540315
0.303000000000000103,-21.225494934096218458
0.304000000000000103,-21.082515813228205559
0.305000000000000104,-20.927200444611223418
0.306000000000000105,-20.760367634330101794
0.307000000000000106,-20.582846805313881333
0.308000000000000107,-20.395473267900868564
0.309000000000000108,-20.199083729028465939
0.310000000000000109,-19.994512055489913394
0.311000000000000110,-19.782585303133462418
0.312000000000000111,-19.564120020593506410
0.313000000000000111,-19.339918833136678700
0.314000000000000112,-19.110767309472677766
0.315000000000000113,-18.877431111913338668
0.316000000000000114,-18.640653428055525609
0.317000000000000115,-18.401152680202734757
0.318000000000000116,-18.159620507015397095
0.319000000000000117,-17.916720010380171146
0.320000000000000118,-17.673084259198297730
0.321000000000000119,-17.429315040701638395
0.322000000000000119,-17.185981848997911925
0.323000000000000120,-16.943621099810119546
0.324000000000000121,-16.702735559796408893
0.325000000000000122,-16.463793978402961216
0.326000000000000123,-16.227230909900004718
0.327000000000000124,-15.993446713068369291
0.328000000000000125,-15.762807715929493924
0.329000000000000126,-15.535646532933025554
0.330000000000000127,-15.312262522122926711
0.331000000000000127,-15.092922369986482067
0.332000000000000128,-14.877860791937996154
0.333000000000000129,-14.667281336695150884
0.334000000000000130,-14.461357283159310683
0.335000000000000131,-14.260232618806265137
0.336000000000000132,-14.064023089021839397
0.337000000000000133,-13.872817307272516274
0.338000000000000134,-13.686677916477202999
0.339000000000000135,-13.505642792438967703
0.340000000000000135,-13.329726280697197893
0.341000000000000136,-13.158920458670042564
0.342000000000000137,-12.993196415467171079
0.343000000000000138,-12.832505542262563125
0.344000000000000139,-12.676780826621126153
0.345000000000000140,-12.525938144670709207
0.346000000000000141,-12.379877545498008118
0.347000000000000142,-12.238484522622510298
0.348000000000000143,-12.101631267864714658
0.349000000000000143,-11.969177903371239324
0.350000000000000144,-11.840973687990313579
0.351000000000000145,-11.716858194604009569
0.352000000000000146,-11.596662455418947246
0.353000000000000147,-11.480210072593656889
0.354000000000000148,-11.367318291938541819
0.355000000000000149,-11.257799037762673322
0.356000000000000150,-11.151459907261136451
0.357000000000000151,-11.048105123136448213
0.358000000000000151,-10.947536443428917963
0.359000000000000152,-10.849554027792775557
0.360000000000000153,-10.753957259699282289
0.361000000000000154,-10.660545524273633333
0.362000000000000155,-10.569118941681203694
0.363000000000000156,-10.479479056170200479
0.364000000000000157,-10.391429481052821160
0.365000000000000158,-10.304776500066942901
0.366000000000000159,-10.219329625704226316
0.367000000000000159,-10.134902115220715046
0.368000000000000160,-10.051311445162316005
0.369000000000000161,-9.968379745340225639
0.370000000000000162,-9.885934193282372107
0.371000000000000163,-9.803807370265902321
0.372000000000000164,-9.721837580103251497
0.373000000000000165,-9.639869131912490730
0.374000000000000166,-9.557752588149837081
0.375000000000000167,-9.475344979221336672
0.376000000000000167,-9.392509986020858292
0.377000000000000168,-9.309118091763918912
0.378000000000000169,-9.225046704502066319
0.379000000000000170,-9.140180251711122139
0.380000000000000171,-9.054410248348551349
0.381000000000000172,-8.967635339772453307
0.382000000000000173,-8.879761320905585009
0.383000000000000174,-8.790701133015392799
0.384000000000000175,-8.700374839463234977
0.385000000000000175,-8.608709581755208617
0.386000000000000176,-8.515639517202497899
0.387000000000000177,-8.421105739471816065
0.388000000000000178,-8.325056183276545951
0.389000000000000179,-8.227445514426811712
0.390000000000000180,-8.128235006422775299
0.391000000000000181,-8.027392404739263299
0.392000000000000182,-7.924891779912988099
0.393000000000000183,-7.820713370504918771
0.394000000000000183,-7.714843416971454815
0.395000000000000184,-7.607273987438079921
0.396000000000000185,-7.498002796328790964
0.397000000000000186,-7.387033016764301685
0.398000000000000187,-7.274373087601058607
0.399000000000000188,-7.160036515942776347
0.400000000000000189,-7.044041675915826417
0.401000000000000190,-6.926411604459573823
0.402000000000000191,-6.807173794843687453
0.403000000000000191,-6.686359988584889891
0.404000000000000192,-6.564005966397798097
0.405000000000000193,-6.440151338776608725
0.406000000000000194,-6.314839336767745337
0.407000000000000195,-6.188116603457817888
0.408000000000000196,-6.060032986665923715
0.409000000000000197,-5.930641333295758599
0.410000000000000198,-5.799997285769833866
0.411000000000000199,-5.668159080936154837
0.412000000000000199,-5.535187351806849065
0.413000000000000200,-5.401144932458747050
0.414000000000000201,-5.266096666396853365
0.415000000000000202,-5.130109218654316905
0.416000000000000203,-4.993250891876240161
0.417000000000000204,-4.855591446608831241
0.418000000000000205,-4.717201925991810540
0.419000000000000206,-4.578154485028479215
0.420000000000000207,-4.438522224585733866
0.421000000000000207,-4.298379030255904176
0.422000000000000208,-4.157799416191624076
0.423000000000000209,-4.016858374006837096
0.424000000000000210,-3.875631226818651243
0.425000000000000211,-3.734193488488153800
0.426000000000000212,-3.592620728102422500
0.427000000000000213,-3.450988439724925971
0.428000000000000214,-3.309371917427684107
0.429000000000000214,-3.167846135605176805
0.430000000000000215,-3.026485634557937399
0.431000000000000216,-2.885364411322448142
0.432000000000000217,-2.744555815712915070
0.433000000000000218,-2.604132451531191439
0.434000000000000219,-2.464166082891691367
0.435000000000000220,-2.324727545599939216
0.436000000000000221,-2.185886663515640205
0.437000000000000222,-2.047712169824208672
0.438000000000000222,-1.910271633134357216
0.439000000000000223,-1.773631388313519297
0.440000000000000224,-1.637856471967719996
0.441000000000000225,-1.503010562467817390
0.442000000000000226,-1.369155924420206727
0.443000000000000227,-1.236353357476021042
0.444000000000000228,-1.104662149370108537
0.445000000000000229,-0.974140033078224277
0.446000000000000230,-0.844843147978619369
0.447000000000000230,-0.716826004902361258
0.448000000000000231,-0.590141454955245948
0.449000000000000232,-0.464840661992972304
0.450000000000000233,-0.340973078630574966
0.451000000000000234,-0.218586425666444567
0.452000000000000235,-0.097726674801266206
0.453000000000000236,0.021561965467938558
0.454000000000000237,0.139237060897871856
0.455000000000000238,0.255257959612111507
0.456000000000000238,0.369585797395159177
0.457000000000000239,0.482183500284686040
0.458000000000000240,0.593015784577490601
0.459000000000000241,0.702049154364112082
0.460000000000000242,0.809251896704716756
0.461000000000000243,0.914594074557989578
0.462000000000000244,1.018047517572391536
0.463000000000000245,1.119585810847753438
0.464000000000000246,1.219184281772811573
0.465000000000000246,1.316819985042379182
0.466000000000000247,1.412471685955731804
0.467000000000000248,1.506119842095501760
0.468000000000000249,1.597746583483914851
0.469000000000000250,1.687335691311216079
0.470000000000000251,1.774872575328330315
0.471000000000000252,1.860344249993731935
0.472000000000000253,1.943739309461752995
0.473000000000000254,2.025047901497226910
0.474000000000000254,2.104261700398883939
0.475000000000000255,2.181373879011259564
0.476000000000000256,2.256379079902600004
0.477000000000000257,2.329273385783410255
0.478000000000000258,2.400054289238189309
0.479000000000000259,2.468720661840047459
0.480000000000000260,2.535272722715602445
0.481000000000000261,2.599712006625170879
0.482000000000000262,2.662041331620532247
0.483000000000000262,2.722264766340573239
0.484000000000000263,2.780387597002302869
0.485000000000000264,2.836416294142781513
0.486000000000000265,2.890358479164862437
0.487000000000000266,2.942222890737585139
0.488000000000000267,2.992019351099843849
0.489000000000000268,3.039758732313506240
0.490000000000000269,3.085452922510424578
0.491000000000000270,3.129114792175226700
0.492000000000000270,3.170758160504136836
0.493000000000000271,3.210397761877685330
0.494000000000000272,3.248049212483571146
0.495000000000000273,3.283728977123692605
0.496000000000000274,3.317454336237683599
0.497000000000000275,3.349243353173533055
0.498000000000000276,3.379114841733831476
0.499000000000000277,3.407088334024800158
0.500000000000000222,3.433184048633306507
0.501000000000000334,3.457422859155690809
0.502000000000000224,3.479826263100371797
0.503000000000000336,3.500416351185086761
0.504000000000000226,3.519215777047654647
0.505000000000000338,3.536247727388235340
0.506000000000000227,3.551535892559155805
0.507000000000000339,3.565104437617657940
0.508000000000000229,3.576977973855005821
0.509000000000000341,3.587181530814658181
0.510000000000000231,3.595740528810715375
0.511000000000000343,3.602680751956927274
0.512000000000000233,3.608028321715258446
0.513000000000000345,3.611809670972085939
0.514000000000000234,3.614051518649014305
0.515000000000000346,3.614780844854410535
0.516000000000000236,3.614024866580743289
0.517000000000000348,3.611811013951924387
0.518000000000000238,3.608166907024174641
0.519000000000000350,3.603120333142791676
0.520000000000000240,3.596699224856808819
0.521000000000000352,3.588931638392484302
0.522000000000000242,3.579845732686091964
0.523000000000000353,3.569469748975585333
0.524000000000000243,3.557831990950353518
0.525000000000000355,3.544960805457435526
0.526000000000000245,3.530884563762149320
0.527000000000000357,3.515631643360475067
0.528000000000000247,3.499230410340072872
0.529000000000000359,3.481709202286340510
0.530000000000000249,3.463096311729418009
0.531000000000000361,3.443419970127654661
0.532000000000000250,3.422708332382713881
0.533000000000000362,3.400989461880986831
0.534000000000000252,3.378291316055855642
0.535000000000000364,3.354641732464674675
0.536000000000000254,3.330068415374578539
0.537000000000000366,3.304598922850272125
0.538000000000000256,3.278260654337411317
0.539000000000000368,3.251080838734306866
0.540000000000000258,3.223086522945018739
0.541000000000000369,3.194304560906211954
0.542000000000000259,3.164761603080490815
0.543000000000000371,3.134484086408241943
0.544000000000000261,3.103498224710284692
0.545000000000000373,3.071829999533283839
0.546000000000000263,3.039505151429911400
0.547000000000000375,3.006549171665329645
0.548000000000000265,2.972987294342126940
0.549000000000000377,2.938844488934871713
0.550000000000000266,2.904145453226382401
0.551000000000000378,2.868914606636812969
0.552000000000000268,2.833176083937444467
0.553000000000000380,2.796953729340438066
0.554000000000000270,2.760271090956218920
0.555000000000000382,2.723151415609788906
0.556000000000000272,2.685617644007701976
0.557000000000000384,2.647692406246999308
0.558000000000000274,2.609398017657809987
0.559000000000000385,2.570756474971058303
0.560000000000000275,2.531789452803058449
0.561000000000000387,2.492518300448452795
0.562000000000000277,2.452964038973465044
0.563000000000000389,2.413147358601003933
0.564000000000000279,2.373088616379676274
0.565000000000000391,2.332807834128435509
0.566000000000000281,2.292324696649120419
0.567000000000000393,2.251658550198654574
0.568000000000000282,2.210828401213386307
0.569000000000000394,2.169852915277542316
0.570000000000000284,2.128750416328485606
0.571000000000000396,2.087538886090824608
0.572000000000000286,2.046235963732330632
0.573000000000000398,2.004858945734011577
0.574000000000000288,1.963424785967368802
0.575000000000000400,1.921950095971415085
0.576000000000000290,1.880451145422826542
0.577000000000000401,1.838943862791907247
0.578000000000000291,1.797443836177943011
0.579000000000000403,1.755966314317048971
0.580000000000000293,1.714526207756137621
0.581000000000000405,1.673138090186306215
0.582000000000000295,1.631816199929766231
0.583000000000000407,1.590574441573611608
0.584000000000000297,1.549426387744853972
0.585000000000000409,1.508385281020329760
0.586000000000000298,1.467464035966098868
0.587000000000000410,1.426675241300164432
0.588000000000000300,1.386031162173410936
0.589000000000000412,1.345543742562849809
0.590000000000000302,1.305224607772244472
0.591000000000000414,1.265085067034528610
0.592000000000000304,1.225136116211267723
0.593000000000000416,1.185388440583867720
0.594000000000000306,1.145852417731961559
0.595000000000000417,1.106538120493955057
0.596000000000000307,1.067455320005432196
0.597000000000000419,1.028613488810582677
0.598000000000000309,0.990021804042488518
0.599000000000000421,0.951689150667952233
0.600000000000000311,0.913624124792656422
0.601000000000000423,0.875835037022575591
0.602000000000000313,0.838329915877904286
0.603000000000000425,0.801116511255339114
0.604000000000000314,0.764202297935380304
0.605000000000000426,0.727594479130649119
0.606000000000000316,0.691299990072070880
0.607000000000000428,0.655325501629245410
0.608000000000000318,0.619677423961886964
0.609000000000000430,0.584361910198948120
0.610000000000000320,0.549384860142609677
0.611000000000000432,0.514751923993737259
0.612000000000000322,0.480468506096330850
0.613000000000000433,0.446539768697774009
0.614000000000000323,0.412970635722419488
0.615000000000000435,0.379765796555713020
0.616000000000000325,0.346929709836489186
0.617000000000000437,0.314466607254751507
0.618000000000000327,0.282380497352831272
0.619000000000000439,0.250675169327408132
0.620000000000000329,0.219354196830367554
0.621000000000000441,0.188420941766271166
0.622000000000000330,0.157878558084456916
0.623000000000000442,0.127729995563727328
0.624000000000000332,0.097978003587921386
0.625000000000000444,0.068625134910269614
0.626000000000000334,0.039673749405129209
0.627000000000000446,0.011126017805123223
0.628000000000000336,-0.017016074577679275
0.629000000000000448,-0.044750724148236908
0.630000000000000338,-0.072076305343958841
0.631000000000000449,-0.098991366970706790
0.632000000000000339,-0.125494628560453986
0.633000000000000451,-0.151584976752083322
0.634000000000000341,-0.177261461696360340
0.635000000000000453,-0.202523293486478378
0.636000000000000343,-0.227369838614916830
0.637000000000000455,-0.251800616458093318
0.638000000000000345,-0.275815295789332504
0.639000000000000457,-0.299413691321532172
0.640000000000000346,-0.322595760280010746
0.641000000000000458,-0.345361599006730080
0.642000000000000348,-0.367711439596336898
0.643000000000000460,-0.389645646565088488
0.644000000000000350,-0.411164713553057115
0.645000000000000462,-0.432269260060529459
0.646000000000000352,-0.452960028218935495
0.647000000000000464,-0.473237879597175226
0.648000000000000353,-0.493103792043522726
0.649000000000000465,-0.512558856563941290
0.650000000000000355,-0.531604274236930907
0.651000000000000467,-0.550241353165574987
0.652000000000000357,-0.568471505466985882
0.653000000000000469,-0.586296244299570057
0.654000000000000359,-0.603717180928395991
0.655000000000000471,-0.620736021828937390
0.656000000000000361,-0.637354565829384101
0.657000000000000473,-0.653574701291856464
0.658000000000000362,-0.669398403332529868
0.659000000000000474,-0.684827731080968172
0.660000000000000364,-0.699864824978686073
0.661000000000000476,-0.714511904117145269
0.662000000000000366,-0.728771263615114684
0.663000000000000478,-0.742645272035592718
0.664000000000000368,-0.756136368842174722
0.665000000000000480,-0.769247061895013240
0.666000000000000369,-0.781979924986192065
0.667000000000000481,-0.794337595414629338
0.668000000000000371,-0.806322771600291643
0.669000000000000483,-0.817938210737802485
0.670000000000000373,-0.829186726489181014
0.671000000000000485,-0.840071186715737772
0.672000000000000375,-0.850594511248878193
0.673000000000000487,-0.860759669699749375
0.674000000000000377,-0.870569679307492628
0.675000000000000488,-0.880027602825998456
0.676000000000000378,-0.889136546448861198
0.677000000000000490,-0.897899657772455617
0.678000000000000380,-0.906320123796792720
0.679000000000000492,-0.914401168963983269
0.680000000000000382,-0.922146053234069285
0.681000000000000494,-0.929558070197922914
0.682000000000000384,-0.936640545226981258
0.683000000000000496,-0.943396833659513989
0.684000000000000385,-0.949830319023168501
0.685000000000000497,-0.955944411293449314
0.686000000000000387,-0.961742545187867726
0.687000000000000499,-0.967228178495430635
0.688000000000000389,-0.972404790441152245
0.689000000000000501,-0.977275880085247239
0.690000000000000391,-0.981844964756686922
0.691000000000000503,-0.986115578520794345
0.692000000000000393,-0.990091270680472091
0.693000000000000504,-0.993775604310791372
0.694000000000000394,-0.997172154826505008
0.695000000000000506,-1.000284508582198084
0.696000000000000396,-1.003116261504658491
0.697000000000000508,-1.005671017757119312
0.698000000000000398,-1.007952388434995905
0.699000000000000510,-1.009963990292752190
0.700000000000000400,-1.011709444501500688
0.701000000000000512,-1.013192375436967829
0.702000000000000401,-1.014416409497439053
0.703000000000000513,-1.015385173951300457
0.704000000000000403,-1.016102295813784195
0.705000000000000515,-1.016571400752537269
0.706000000000000405,-1.016796112021614462
0.707000000000000517,-1.016780049423533949
0.708000000000000407,-1.016526828298945251
0.709000000000000519,-1.016040058543610458
0.710000000000000409,-1.015323343652200894
0.711000000000000520,-1.014380279788619221
0.712000000000000410,-1.013214454882387816
0.713000000000000522,-1.011829447750720812
0.714000000000000412,-1.010228827245956307
0.715000000000000524,-1.008416151427863339
0.716000000000000414,-1.006394966760497001
0.717000000000000526,-1.004168807333214897
0.718000000000000416,-1.001741194105445487
0.719000000000000528,-0.999115634174837175
0.720000000000000417,-0.996295620068406884
0.721000000000000529,-0.993284629056331525
0.722000000000000419,-0.990086122487943365
0.723000000000000531,-0.986703545149603456
0.724000000000000421,-0.983140324644099950
0.725000000000000533,-0.979399870791123339
0.726000000000000423,-0.975485575048524844
0.727000000000000535,-0.971400809953946287
0.728000000000000425,-0.967148928586478052
0.729000000000000536,-0.962733264047987092
0.730000000000000426,-0.958157128963735616
0.731000000000000538,-0.953423815001952057
0.732000000000000428,-0.948536592412015600
0.733000000000000540,-0.943498709580858352
0.734000000000000430,-0.938313392607291186
0.735000000000000542,-0.932983844893883307
0.736000000000000432,-0.927513246756064502
0.737000000000000544,-0.921904755048080227
0.738000000000000433,-0.916161502805544758
0.739000000000000545,-0.910286598904169297
0.740000000000000435,-0.904283127734402337
0.741000000000000547,-0.898154148891645798
0.742000000000000437,-0.891902696881708423
0.743000000000000549,-0.885531780841174010
0.744000000000000439,-0.879044384272466117
0.745000000000000551,-0.872443464793115631
0.746000000000000441,-0.865731953899137041
0.747000000000000552,-0.858912756742047812
0.748000000000000442,-0.851988751919318110
0.749000000000000554,-0.844962791277943159
0.750000000000000444,-0.837837699730820895
0.751000000000000556,-0.830616275085672484
0.752000000000000446,-0.823301287886229693
0.753000000000000558,-0.815895481265371258
0.754000000000000448,-0.808401570809985315
0.755000000000000560,-0.800822244437243036
0.756000000000000449,-0.793160162282022130
0.757000000000000561,-0.785417956595245492
0.758000000000000451,-0.777598231652843475
0.759000000000000563,-0.769703563675080527
0.760000000000000453,-0.761736500756023838
0.761000000000000565,-0.753699562802871648
0.762000000000000455,-0.745595241484908300
0.763000000000000567,-0.737426000191849562
0.764000000000000457,-0.729194274001343290
0.765000000000000568,-0.720902469655337996
0.766000000000000458,-0.712552965545187988
0.767000000000000570,-0.704148111705165780
0.768000000000000460,-0.695690229814225347
0.769000000000000572,-0.687181613205758213
0.770000000000000462,-0.678624526885145740
0.771000000000000574,-0.670021207554875042
0.772000000000000464,-0.661373863647045646
0.773000000000000576,-0.652684675362994349
0.774000000000000465,-0.643955794719929364
0.775000000000000577,-0.635189345604252553
0.776000000000000467,-0.626387423831504142
0.777000000000000579,-0.617552097212628159
0.778000000000000469,-0.608685405626451903
0.779000000000000581,-0.599789361098106322
0.780000000000000471,-0.590865947883315257
0.781000000000000583,-0.581917122558243793
0.782000000000000473,-0.572944814114859313
0.783000000000000584,-0.563950924061530467
0.784000000000000474,-0.554937326528739616
0.785000000000000586,-0.545905868379751635
0.786000000000000476,-0.536858369326035700
0.787000000000000588,-0.527796622047312813
0.788000000000000478,-0.518722392316076197
0.789000000000000590,-0.509637419126371172
0.790000000000000480,-0.500543414826784550
0.791000000000000592,-0.491442065257368887
0.792000000000000481,-0.482335029890486766
0.793000000000000593,-0.473223941975315143
0.794000000000000483,-0.464110408685951381
0.795000000000000595,-0.454996011272953749
0.796000000000000485,-0.445882305218156028
0.797000000000000597,-0.436770820392676007
0.798000000000000487,-0.427663061217968543
0.799000000000000599,-0.418560506829742607
0.800000000000000488,-0.409464611244728105
0.801000000000000600,-0.400376803530064773
0.802000000000000490,-0.391298487975261677
0.803000000000000602,-0.382231044266570397
0.804000000000000492,-0.373175827663702442
0.805000000000000604,-0.364134169178708667
0.806000000000000494,-0.355107375757018118
0.807000000000000606,-0.346096730460397572
0.808000000000000496,-0.337103492651865455
0.809000000000000608,-0.328128898182328155
0.810000000000000497,-0.319174159578954453
0.811000000000000609,-0.310240466235101042
0.812000000000000499,-0.301328984601753835
0.813000000000000611,-0.292440858380361823
0.814000000000000501,-0.283577208716963902
0.815000000000000613,-0.274739134397572360
0.816000000000000503,-0.265927712044663922
0.817000000000000615,-0.257143996314721179
0.818000000000000504,-0.248389020096756674
0.819000000000000616,-0.239663794711710759
0.820000000000000506,-0.230969310112676046
0.821000000000000618,-0.222306535085820878
0.822000000000000508,-0.213676417452017986
0.823000000000000620,-0.205079884269008333
0.824000000000000510,-0.196517842034126561
0.825000000000000622,-0.187991176887439077
0.826000000000000512,-0.179500754815266200
0.827000000000000624,-0.171047421854030934
0.828000000000000513,-0.162632004294344046
0.829000000000000625,-0.154255308885281328
0.830000000000000515,-0.145918123038786346
0.831000000000000627,-0.137621215034138239
0.832000000000000517,-0.129365334222433320
0.833000000000000629,-0.121151211231016867
0.834000000000000519,-0.112979558167837071
0.835000000000000631,-0.104851068825599775
0.836000000000000520,-0.096766418885784203
0.837000000000000632,-0.088726266122345229
0.838000000000000522,-0.080731250605165950
0.839000000000000634,-0.072781994903116015
0.840000000000000524,-0.064879104286770156
0.841000000000000636,-0.057023166930634653
0.842000000000000526,-0.049214754114947676
0.843000000000000638,-0.041454420426918694
0.844000000000000528,-0.033742703961421136
0.845000000000000639,-0.026080126521100359
0.846000000000000529,-0.018467193815820120
0.847000000000000641,-0.010904395661457029
0.848000000000000531,-0.003392206177970902
0.849000000000000643,0.004068916013259117
0.850000000000000533,0.011478527592857040
0.851000000000000645,0.018836200347729620
0.852000000000000535,0.026141520976118549
0.853000000000000647,0.033394090893568026
0.854000000000000536,0.040593526039760741
0.855000000000000648,0.047739456686298067
0.856000000000000538,0.054831527245402814
0.857000000000000650,0.061869396079625036
0.858000000000000540,0.068852735312528696
0.859000000000000652,0.075781230640406164
0.860000000000000542,0.082654581145030437
0.861000000000000654,0.089472499107502906
0.862000000000000544,0.096234709823142681
0.863000000000000655,0.102940951417531859
0.864000000000000545,0.109590974663650018
0.865000000000000657,0.116184542800177121
0.866000000000000547,0.122721431350951565
0.867000000000000659,0.129201427945605574
0.868000000000000549,0.135624332141396076
0.869000000000000661,0.141989955246259847
0.870000000000000551,0.148298120143062262
0.871000000000000663,0.154548661115129438
0.872000000000000552,0.160741423672980333
0.873000000000000664,0.166876264382374795
0.874000000000000554,0.172953050693589766
0.875000000000000666,0.178971660772021646
0.876000000000000556,0.184931983330052951
0.877000000000000668,0.190833917460253549
0.878000000000000558,0.196677372469869438
0.879000000000000670,0.202462267716664979
0.880000000000000560,0.208188532446070995
0.881000000000000671,0.213856105629685656
0.882000000000000561,0.219464935805116446
0.883000000000000673,0.225014980917182583
0.884000000000000563,0.230506208160458470
0.885000000000000675,0.235938593823198900
0.886000000000000565,0.241312123132618073
0.887000000000000677,0.246626790101549365
0.888000000000000567,0.251882597376468287
0.889000000000000679,0.257079556086911354
0.890000000000000568,0.262217685696265523
0.891000000000000680,0.267297013853938115
0.892000000000000570,0.272317576248921223
0.893000000000000682,0.277279416464740747
0.894000000000000572,0.282182585835788480
0.895000000000000684,0.287027143305053412
0.896000000000000574,0.291813155283229875
0.897000000000000686,0.296540695509228125
0.898000000000000576,0.301209844912059599
0.899000000000000687,0.305820691474126327
0.900000000000000577,0.310373330095879862
0.901000000000000689,0.314867862461886305
0.902000000000000579,0.319304396908247412
0.903000000000000691,0.323683048291440900
0.904000000000000581,0.328003937858495742
0.905000000000000693,0.332267193118589932
0.906000000000000583,0.336472947715979687
0.907000000000000695,0.340621341304334913
0.908000000000000584,0.344712519422418096
0.909000000000000696,0.348746633371133485
0.910000000000000586,0.352723840091943297
0.911000000000000698,0.356644302046628392
0.912000000000000588,0.360508187098395216
0.913000000000000700,0.364315668394356362
0.914000000000000590,0.368066924249316696
0.915000000000000702,0.371762138030916789
0.916000000000000592,0.375401498046099846
0.917000000000000703,0.378985197428914511
0.918000000000000593,0.382513434029615573
0.919000000000000705,0.385986410305098449
0.920000000000000595,0.389404333210628784
0.921000000000000707,0.392767414092883071
0.922000000000000597,0.396075868584274904
0.923000000000000709,0.399329916498578852
0.924000000000000599,0.402529781727817337
0.925000000000000711,0.405675692140446020
0.926000000000000600,0.408767879480795571
0.927000000000000712,0.411806579269769713
0.928000000000000602,0.414792030706805259
0.929000000000000714,0.417724476573065051
0.930000000000000604,0.420604163135884446
0.931000000000000716,0.423431340054447936
0.932000000000000606,0.426206260286669525
0.933000000000000718,0.428929179997311727
0.934000000000000608,0.431600358467297884
0.935000000000000719,0.434220058004226028
0.936000000000000609,0.436788543854082889
0.937000000000000721,0.439306084114125972
0.938000000000000611,0.441772949646951241
0.939000000000000723,0.444189413995725590
0.940000000000000613,0.446555753300577507
0.941000000000000725,0.448872246216132198
0.942000000000000615,0.451139173830195972
0.943000000000000727,0.453356819583565329
0.944000000000000616,0.455525469190965371
0.945000000000000728,0.457645410563106647
0.946000000000000618,0.459716933729836685
0.947000000000000730,0.461740330764400242
0.948000000000000620,0.463715895708785797
0.949000000000000732,0.465643924500150075
0.950000000000000622,0.467524714898314375
0.951000000000000734,0.469358566414323053
0.952000000000000624,0.471145780240060597
0.953000000000000735,0.472886659178910596
0.954000000000000625,0.474581507577439499
0.955000000000000737,0.476230631258125814
0.956000000000000627,0.477834337453090008
0.957000000000000739,0.479392934738849363
0.958000000000000629,0.480906732972052997
0.959000000000000741,0.482376043226225071
0.960000000000000631,0.483801177729481058
0.961000000000000743,0.485182449803215843
0.962000000000000632,0.486520173801752887
0.963000000000000744,0.487814665052967000
0.964000000000000634,0.489066239799814118
0.965000000000000746,0.490275215142845944
0.966000000000000636,0.491441908983603626
0.967000000000000748,0.492566639968968989
0.968000000000000638,0.493649727436405061
0.969000000000000750,0.494691491360093383
0.970000000000000639,0.495692252297976921
0.971000000000000751,0.496652331339682340
0.972000000000000641,0.497572050055302306
0.973000000000000753,0.498451730445059471
0.974000000000000643,0.499291694889819559
0.975000000000000755,0.500092266102447724
0.976000000000000645,0.500853767080003287
0.977000000000000757,0.501576521056778635
0.978000000000000647,0.502260851458138036
0.979000000000000759,0.502907081855177518
0.980000000000000648,0.503515535920191382
0.981000000000000760,0.504086537382929301
0.982000000000000650,0.504620409987638463
0.983000000000000762,0.505117477450885088
0.984000000000000652,0.505578063420145107
0.985000000000000764,0.506002491433152124
0.986000000000000654,0.506391084878002218
0.987000000000000766,0.506744166953995712
0.988000000000000655,0.507062060633218792
0.989000000000000767,0.507345088622851326
0.990000000000000657,0.507593573328192216
0.991000000000000769,0.507807836816393854
0.992000000000000659,0.507988200780896348
0.993000000000000771,0.508134986506560860
0.994000000000000661,0.508248514835491494
0.995000000000000773,0.508329106133519004
0.996000000000000663,0.508377080257370939
0.997000000000000774,0.508392756522491607
0.998000000000000664,0.508376453671525952
0.999000000000000776,0.508328489843442144
1.000000000000000666,0.508249182543290767
1.001000000000000778,0.508138848612596505
1.002000000000000668,0.507997804200376768
1.003000000000000780,0.507826364734768276
1.004000000000000670,0.507624844895259497
1.005000000000000782,0.507393558585534699
1.006000000000000671,0.507132818906893545
1.007000000000000783,0.506842938132266108
1.008000000000000673,0.506524227680802408
1.009000000000000785,0.506176998093030184
1.010000000000000675,0.505801559006573753
1.011000000000000787,0.505398219132439763
1.012000000000000677,0.504967286231827295
1.013000000000000789,0.504509067093505736
1.014000000000000679,0.504023867511706691
1.015000000000000790,0.503511992264555230
1.016000000000000680,0.502973745093004299
1.017000000000000792,0.502409428680311132
1.018000000000000682,0.501819344631984743
1.019000000000000794,0.501203793456258984
1.020000000000000684,0.500563074545046227
1.021000000000000796,0.499897486155378878
1.022000000000000686,0.499207325391333723
1.023000000000000798,0.498492888186419514
1.024000000000000687,0.497754469286445733
1.025000000000000799,0.496992362232831830
1.026000000000000689,0.496206859346388640
1.027000000000000801,0.495398251711531401
1.028000000000000691,0.494566829160950072
1.029000000000000803,0.493712880260687215
1.030000000000000693,0.492836692295678336
1.031000000000000805,0.491938551255687084
1.032000000000000695,0.491018741821666382
1.033000000000000806,0.490077547352532616
1.034000000000000696,0.489115249872337010
1.035000000000000808,0.488132130057844116
1.036000000000000698,0.487128467226495387
1.037000000000000810,0.486104539324754892
1.038000000000000700,0.485060622916848039
1.039000000000000812,0.483996993173870294
1.040000000000000702,0.482913923863265482
1.041000000000000814,0.481811687338658756
1.042000000000000703,0.480690554530070535
1.043000000000000815,0.479550794934457847
1.044000000000000705,0.478392676606617329
1.045000000000000817,0.477216466150438112
1.046000000000000707,0.476022428710468737
1.047000000000000819,0.474810827963832949
1.048000000000000709,0.473581926112476570
1.049000000000000821,0.472335983875716514
1.050000000000000711,0.471073260483126866
1.051000000000000822,0.469794013667716559
1.052000000000000712,0.468498499659437073
1.053000000000000824,0.467186973178964848
1.054000000000000714,0.465859687431803948
1.055000000000000826,0.464516894102668609
1.056000000000000716,0.463158843350153504
1.057000000000000828,0.461785783801686445
1.058000000000000718,0.460397962548765860
1.059000000000000830,0.458995625142469776
1.060000000000000719,0.457579015589213989
1.061000000000000831,0.456148376346807716
1.062000000000000721,0.454703948320740459
1.063000000000000833,0.453245970860747249
1.064000000000000723,0.451774681757596330
1.065000000000000835,0.450290317240162108
1.066000000000000725,0.448793111972699665
1.067000000000000837,0.447283299052387950
1.068000000000000727,0.445761110007088512
1.069000000000000838,0.444226774793356149
1.070000000000000728,0.442680521794640125
1.071000000000000840,0.441122577819749395
1.072000000000000730,0.439553168101501857
1.073000000000000842,0.437972516295605074
1.074000000000000732,0.436380844479742624
1.075000000000000844,0.434778373152869047
1.076000000000000734,0.433165321234701306
1.077000000000000846,0.431541906065424308
1.078000000000000735,0.429908343405565663
1.079000000000000847,0.428264847436090945
1.080000000000000737,0.426611630758666482
1.081000000000000849,0.424948904396115601
1.082000000000000739,0.423276877793055395
1.083000000000000851,0.421595758816709743
1.084000000000000741,0.419905753757891298
1.085000000000000853,0.418207067332170557
1.086000000000000743,0.416499902681183420
1.087000000000000854,0.414784461374140878
1.088000000000000744,0.413060943409465142
1.089000000000000856,0.411329547216608193
1.090000000000000746,0.409590469657998391
1.091000000000000858,0.407843906031173709
1.092000000000000748,0.406090050071028386
1.093000000000000860,0.404329093952230156
1.094000000000000750,0.402561228291767548
1.095000000000000862,0.400786642151636674
1.096000000000000751,0.399005523041665588
1.097000000000000863,0.397218056922480856
1.098000000000000753,0.395424428208591583
1.099000000000000865,0.393624819771601187
1.100000000000000755,0.391819412943563816
1.101000000000000867,0.390008387520437594
1.102000000000000757,0.388191921765673520
1.103000000000000869,0.386370192413911573
1.104000000000000759,0.384543374674813698
1.105000000000000870,0.382711642236961969
1.106000000000000760,0.380875167271922777
1.107000000000000872,0.379034120438376643
1.108000000000000762,0.377188670886368094
1.109000000000000874,0.375338986261649243
1.110000000000000764,0.373485232710142612
1.111000000000000876,0.371627574882470779
1.112000000000000766,0.369766175938605390
1.113000000000000878,0.367901197552601367
1.114000000000000767,0.366032799917406004
1.115000000000000879,0.364161141749784811
1.116000000000000769,0.362286380295305743
1.117000000000000881,0.360408671333425967
1.118000000000000771,0.358528169182644407
1.119000000000000883,0.356645026705745494
1.120000000000000773,0.354759395315112469
1.121000000000000885,0.352871424978120074
1.122000000000000774,0.350981264222598233
1.123000000000000886,0.349089060142363183
1.124000000000000776,0.347194958402825049
1.125000000000000888,0.345299103246653971
1.126000000000000778,0.343401637499519574
1.127000000000000890,0.341502702575885775
1.128000000000000780,0.339602438484871927
1.129000000000000892,0.337700983836172974
1.130000000000000782,0.335798475846033284
1.131000000000000894,0.333895050343275934
1.132000000000000783,0.331990841775407275
1.133000000000000895,0.330085983214726764
1.134000000000000785,0.328180606364544825
1.135000000000000897,0.326274841565403317
1.136000000000000787,0.324368817801366616
1.137000000000000899,0.322462662706359149
1.138000000000000789,0.320556502570533752
1.139000000000000901,0.318650462346692143
1.140000000000000790,0.316744665656745694
1.141000000000000902,0.314839234798220791
1.142000000000000792,0.312934290750777888
1.143000000000000904,0.311029953182810182
1.144000000000000794,0.309126340458031224
1.145000000000000906,0.307223569642129324
1.146000000000000796,0.305321756509439324
1.147000000000000908,0.303421015549647510
1.148000000000000798,0.301521459974529116
1.149000000000000909,0.299623201724711685
1.150000000000000799,0.297726351476463313
1.151000000000000911,0.295831018648514188
1.152000000000000801,0.293937311408893343
1.153000000000000913,0.292045336681787726
1.154000000000000803,0.290155200154443516
1.155000000000000915,0.288267006284057659
1.156000000000000805,0.286380858304705721
1.157000000000000917,0.284496858234300487
1.158000000000000806,0.282615106881531630
1.159000000000000918,0.280735703852859508
1.160000000000000808,0.278858747559509568
1.161000000000000920,0.276984335224460643
1.162000000000000810,0.275112562889486822
1.163000000000000922,0.273243525422174449
1.164000000000000812,0.271377316522972756
1.165000000000000924,0.269514028732236066
1.166000000000000814,0.267653753437296582
1.167000000000000925,0.265796580879521294
1.168000000000000815,0.263942600161398755
1.169000000000000927,0.262091899253607374
1.170000000000000817,0.260244565002119344
1.171000000000000929,0.258400683135268594
1.172000000000000819,0.256560338270867272
1.173000000000000931,0.254723613923285519
1.174000000000000821,0.252890592510556955
1.175000000000000933,0.251061355361472949
1.176000000000000822,0.249235982722681548
1.177000000000000934,0.247414553765789247
1.178000000000000824,0.245597146594450921
1.179000000000000936,0.243783838251457829
1.180000000000000826,0.241974704725842094
1.181000000000000938,0.240169820959944325
1.182000000000000828,0.238369260856510140
1.183000000000000940,0.236573097285751877
1.184000000000000830,0.234781402092426317
1.185000000000000941,0.232994246102895902
1.186000000000000831,0.231211699132176263
1.187000000000000943,0.229433829990986882
1.188000000000000833,0.227660706492793269
1.189000000000000945,0.225892395460828010
1.190000000000000835,0.224128962735109655
1.191000000000000947,0.222370473179450107
1.192000000000000837,0.220616990688451864
1.193000000000000949,0.218868578194492514
1.194000000000000838,0.217125297674689632
1.195000000000000950,0.215387210157866493
1.196000000000000840,0.213654375731494983
1.197000000000000952,0.211926853548619676
1.198000000000000842,0.210204701834787983
1.199000000000000954,0.208487977894931287
1.200000000000000844,0.206776738120268616
1.201000000000000734,0.205071037995164185
1.202000000000000846,0.203370932103983021
1.203000000000000957,0.201676474137930883
1.204000000000000847,0.199987716901862206
1.205000000000000737,0.198304712321089510
1.206000000000000849,0.196627511448158460
1.207000000000000961,0.194956164469617110
1.208000000000000851,0.193290720712751052
1.209000000000000741,0.191631228652314134
1.210000000000000853,0.189977735917229440
1.211000000000000965,0.188330289297269304
1.212000000000000854,0.186688934749728641
1.213000000000000744,0.185053717406054058
1.214000000000000856,0.183424681578465698
1.215000000000000968,0.181801870766568396
1.216000000000000858,0.180185327663912181
1.217000000000000748,0.178575094164547588
1.218000000000000860,0.176971211369569670
1.219000000000000972,0.175373719593605537
1.220000000000000862,0.173782658371318899
1.221000000000000751,0.172198066463852190
1.222000000000000863,0.170619981865274883
1.223000000000000975,0.169048441808992311
1.224000000000000865,0.167483482774131331
1.225000000000000755,0.165925140491903517
1.226000000000000867,0.164373449951944889
1.227000000000000979,0.162828445408628036
1.228000000000000869,0.161290160387344172
1.229000000000000759,0.159758627690769262
1.230000000000000870,0.158233879405096201
1.231000000000000982,0.156715946906250569
1.232000000000000872,0.155204860866057059
1.233000000000000762,0.153700651258414811
1.234000000000000874,0.152203347365411662
1.235000000000000986,0.150712977783430568
1.236000000000000876,0.149229570429228298
1.237000000000000766,0.147753152545976624
1.238000000000000878,0.146283750709281707
1.239000000000000989,0.144821390833190899
1.240000000000000879,0.143366098176128443
1.241000000000000769,0.141917897346863026
1.242000000000000881,0.140476812310392635
1.243000000000000993,0.139042866393836728
1.244000000000000883,0.137616082292283531
1.245000000000000773,0.136196482074612740
1.246000000000000885,0.134784087189289359
1.247000000000000997,0.133378918470133334
1.248000000000000886,0.131980996142047502
1.249000000000000776,0.130590339826734542
1.250000000000000888,0.129206968548369550
1.251000000000001000,0.127830900739251102
1.252000000000000890,0.126462154245416125
1.253000000000000780,0.125100746332247631
1.254000000000000892,0.123746693690006099
1.255000000000001004,0.122400012439393219
1.256000000000000894,0.121060718137032161
1.257000000000000783,0.119728825780947429
1.258000000000000895,0.118404349816006477
1.259000000000001007,0.117087304139334061
1.260000000000000897,0.115777702105694352
1.261000000000000787,0.114475556532841610
1.262000000000000899,0.113180879706849341
1.263000000000001011,0.111893683387395887
1.264000000000000901,0.110613978813035724
1.265000000000000790,0.109341776706426905
1.266000000000000902,0.108077087279533537
1.267000000000001014,0.106819920238807306
1.268000000000000904,0.105570284790321003
1.269000000000000794,0.104328189644884883
1.270000000000000906,0.103093643023131509
1.271000000000001018,0.101866652660567117
1.272000000000000908,0.100647225812591931
1.273000000000000798,0.099435369259495213
1.274000000000000909,0.098231089311419009
1.275000000000001021,0.097034391813284646
1.276000000000000911,0.095845282149700312
1.277000000000000801,0.094663765249829862
1.278000000000000913,0.093489845592237372
1.279000000000001025,0.092323527209693321
1.280000000000000915,0.091164813693965424
1.281000000000000805,0.090013708200557624
1.282000000000000917,0.088870213453444660
1.283000000000001029,0.087734331749759503
1.284000000000000918,0.086606064964442953
1.285000000000000808,0.085485414554896291
1.286000000000000920,0.084372381565570198
1.287000000000001032,0.083266966632533621
1.288000000000000922,0.082169169988028590
1.289000000000000812,0.081078991464971925
1.290000000000000924,0.079996430501439592
1.291000000000001036,0.078921486145125397
1.292000000000000925,0.077854157057760082
1.293000000000000815,0.076794441519501488
1.294000000000000927,0.075742337433309173
1.295000000000001039,0.074697842329269487
1.296000000000000929,0.073660953368906018
1.297000000000000819,0.072631667349454559
1.298000000000000931,0.071609980708112253
1.299000000000001043,0.070595889526247610
1.300000000000000933,0.069589389533602969
1.301000000000000822,0.068590476112439333
1.302000000000000934,0.067599144301678793
1.303000000000001046,0.066615388800993908
1.304000000000000936,0.065639203974894811
1.305000000000000826,0.064670583856765024
1.306000000000000938,0.063709522152874815
1.307000000000001050,0.062756012246373255
1.308000000000000940,0.061810047201244514
1.309000000000000830,0.060871619766237561
1.310000000000000941,0.059940722378766111
1.311000000000001053,0.059017347168787329
1.312000000000000943,0.058101485962642828
1.313000000000000833,0.057193130286870217
1.314000000000000945,0.056292271372006777
1.315000000000001057,0.055398900156333218
1.316000000000000947,0.054513007289624972
1.317000000000000837,0.053634583136838387
1.318000000000000949,0.052763617781804703
1.319000000000001060,0.051900101030875237
1.320000000000000950,0.051044022416541067
1.321000000000000840,0.050195371201033102
1.322000000000000952,0.049354136379886539
1.323000000000001064,0.048520306685486222
1.324000000000000954,0.047693870590580931
1.325000000000000844,0.046874816311766342
1.326000000000000956,0.046063131812949423
1.327000000000001068,0.045258804808785476
1.328000000000000957,0.044461822768074900
1.329000000000000847,0.043672172917155146
1.330000000000000959,0.042889842243249307
1.331000000000001071,0.042114817497795963
1.332000000000000961,0.041347085199752137
1.333000000000000851,0.040586631638865597
1.334000000000000963,0.039833442878930543
1.335000000000001075,0.039087504761005726
1.336000000000000965,0.038348802906613674
1.337000000000000854,0.037617322720925370
1.338000000000000966,0.036893049395887549
1.339000000000001078,0.036175967913359322
1.340000000000000968,0.035466063048207465
1.341000000000000858,0.034763319371365717
1.342000000000000970,0.034067721252904318
1.343000000000001082,0.033379252865026944
1.344000000000000972,0.032697898185085603
1.345000000000000862,0.032023640998540666
1.346000000000000973,0.031356464901918554
1.347000000000001085,0.030696353305726204
1.348000000000000975,0.030043289437355486
1.349000000000000865,0.029397256343957855
1.350000000000000977,0.028758236895290022
1.351000000000001089,0.028126213786543723
1.352000000000000979,0.027501169541151328
1.353000000000000869,0.026883086513559962
1.354000000000000981,0.026271946891986975
1.355000000000001092,0.025667732701155088
1.356000000000000982,0.025070425805000941
1.357000000000000872,0.024480007909358094
1.358000000000000984,0.023896460564615800
1.359000000000001096,0.023319765168367184
1.360000000000000986,0.022749902968021353
1.361000000000000876,0.022186855063392234
1.362000000000000988,0.021630602409276771
1.363000000000001100,0.021081125817994602
1.364000000000000989,0.020538405961927061
1.365000000000000879,0.020002423376009285
1.366000000000000991,0.019473158460215516
1.367000000000001103,0.018950591482018782
1.368000000000000993,0.018434702578832726
1.369000000000000883,0.017925471760417006
1.370000000000000995,0.017422878911283395
1.371000000000001107,0.016926903793060204
1.372000000000000997,0.016437526046852485
1.373000000000000886,0.015954725195557011
1.374000000000000998,0.015478480646187393
1.375000000000001110,0.015008771692151748
1.376000000000001000,0.014545577515525359
1.377000000000000890,0.014088877189293230
1.378000000000001002,0.013638649679574349
1.379000000000001114,0.013194873847831629
1.380000000000001004,0.012757528453054695
1.381000000000000894,0.012326592153919722
1.382000000000001005,0.011902043510939630
1.383000000000001117,0.011483860988582928
1.384000000000001007,0.011072022957384364
1.385000000000000897,0.010666507696020584
1.386000000000001009,0.010267293393383120
1.387000000000001121,0.009874358150614004
1.388000000000001011,0.009487679983141843
1.389000000000000901,0.009107236822681697
1.390000000000001013,0.008733006519220276
1.391000000000001124,0.008364966842991328
1.392000000000001014,0.008003095486417991
1.393000000000000904,0.007647370066043916
1.394000000000001016,0.007297768124447025
1.395000000000001128,0.006954267132133969
1.396000000000001018,0.006616844489406931
1.397000000000000908,0.006285477528225791
1.398000000000001020,0.005960143514046781
1.399000000000001132,0.005640819647635756
1.400000000000001021,0.005327483066877884
1.401000000000000911,0.005020110848553809
1.402000000000001023,0.004718680010108868
1.403000000000001135,0.004423167511405151
1.404000000000001025,0.004133550256444146
1.405000000000000915,0.003849805095086037
1.406000000000001027,0.003571908824746130
1.407000000000001139,0.003299838192067093
1.408000000000001029,0.003033569894590146
1.409000000000000918,0.002773080582389340
1.410000000000001030,0.002518346859709464
1.411000000000001142,0.002269345286574706
1.412000000000001032,0.002026052380376808
1.413000000000000922,0.001788444617458898
1.414000000000001034,0.001556498434677404
1.415000000000001146,0.001330190230947154
1.416000000000001036,0.001109496368767585
1.417000000000000925,0.000894393175739173
1.418000000000001037,0.000684856946062346
1.419000000000001149,0.000480863942014119
1.420000000000001039,0.000282390395417841
1.421000000000000929,0.000089412509088853
1.422000000000001041,-0.000098093541722490
1.423000000000001153,-0.000280151607917953
1.424000000000001043,-0.000456785565150708
1.425000000000000933,-0.000628019312425371
1.426000000000001044,-0.000793876770733294
1.427000000000001156,-0.000954381881687506
1.428000000000001046,-0.001109558606186276
1.429000000000000936,-0.001259430923077720
1.430000000000001048,-0.001404022827842435
1.431000000000001160,-0.001543358331301046
1.432000000000001050,-0.001677461458323367
1.433000000000000940,-0.001806356246556356
1.434000000000001052,-0.001930066745171531
1.435000000000001164,-0.002048617013613519
1.436000000000001053,-0.002162031120378207
1.437000000000000943,-0.002270333141793516
1.438000000000001055,-0.002373547160820285
1.439000000000001167,-0.002471697265860597
1.440000000000001057,-0.002564807549586100
1.441000000000000947,-0.002652902107774811
1.442000000000001059,-0.002736005038166125
1.443000000000001171,-0.002814140439327085
1.444000000000001060,-0.002887332409525245
1.445000000000000950,-0.002955605045625101
1.446000000000001062,-0.003018982441993645
1.447000000000001174,-0.003077488689417621
1.448000000000001064,-0.003131147874029209
1.449000000000000954,-0.003179984076256143
1.450000000000001066,-0.003224021369772716
1.451000000000001178,-0.003263283820468183
1.452000000000001068,-0.003297795485427839
1.453000000000000957,-0.003327580411929640
1.454000000000001069,-0.003352662636437837
1.455000000000001181,-0.003373066183637265
1.456000000000001071,-0.003388815065443916
1.457000000000000961,-0.003399933280060601
1.458000000000001073,-0.003406444811021957
1.459000000000001185,-0.003408373626255677
1.460000000000001075,-0.003405743677168885
1.461000000000000965,-0.003398578897727547
1.462000000000001076,-0.003386903203557380
1.463000000000001188,-0.003370740491052937
1.464000000000001078,-0.003350114636505017
1.465000000000000968,-0.003325049495223320
1.466000000000001080,-0.003295568900688416
1.467000000000001192,-0.003261696663700441
1.468000000000001082,-0.003223456571552463
1.469000000000000972,-0.003180872387196841
1.470000000000001084,-0.003133967848439982
1.471000000000001195,-0.003082766667135560
1.472000000000001085,-0.003027292528395971
1.473000000000000975,-0.002967569089808053
1.474000000000001087,-0.002903619980663012
1.475000000000001199,-0.002835468801194979
1.476000000000001089,-0.002763139121832034
1.477000000000000979,-0.002686654482457038
1.478000000000001091,-0.002606038391671281
1.479000000000001203,-0.002521314326074381
1.480000000000001092,-0.002432505729564541
1.481000000000000982,-0.002339636012624702
1.482000000000001094,-0.002242728551637881
1.483000000000001206,-0.002141806688199156
1.484000000000001096,-0.002036893728453314
1.485000000000000986,-0.001928012942421921
1.486000000000001098,-0.001815187563358685
1.487000000000001210,-0.001698440787097622
1.488000000000001100,-0.001577795771424816
1.489000000000000989,-0.001453275635444930
1.490000000000001101,-0.001324903458973268
1.491000000000001213,-0.001192702281919858
1.492000000000001103,-0.001056695103697268
1.493000000000000993,-0.000916904882623082
1.494000000000001105,-0.000773354535345105
1.495000000000001217,-0.000626066936263830
1.496000000000001107,-0.000475064916971936
1.497000000000000997,-0.000320371265697623
1.498000000000001108,-0.000162008726753110
1.499000000000001220,0.000000000000000000
