# ZnO10m10NB_BUTENE13-AC
# h[nm],U(h)[kJ/mol]
0.200000000000000011,50.481852839080737283
0.201000000000000012,49.562494016269369013
0.202000000000000013,48.723389340466987107
0.203000000000000014,47.918942773149886705
0.204000000000000015,47.126284555398214593
0.205000000000000016,46.335948755359240181
0.206000000000000016,45.545828131056794064
0.207000000000000017,44.757385705505171813
0.208000000000000018,43.973391507095762165
0.209000000000000019,43.196665960781011506
0.210000000000000020,42.429467301173346527
0.211000000000000021,41.673273510560591149
0.212000000000000022,40.928790602217745231
0.213000000000000023,40.196076856307840330
0.214000000000000024,39.474713120181711190
0.215000000000000024,38.763977198185543216
0.216000000000000025,38.062999182408809418
0.217000000000000026,37.370886917595832699
0.218000000000000027,36.686818570533851869
0.219000000000000028,36.010103891989764691
0.220000000000000029,35.340218237158104841
0.221000000000000030,34.676814480184354750
0.222000000000000031,34.019718137801348234
0.223000000000000032,33.368910667546423099
0.224000000000000032,32.724505273871862698
0.225000000000000033,32.086718804370754299
0.226000000000000034,31.455842552863281014
0.227000000000000035,30.832214069230065689
0.228000000000000036,30.216191441987547250
0.229000000000000037,29.608130983756002053
0.230000000000000038,29.008368814535351987
0.231000000000000039,28.417206497918897412
0.232000000000000040,27.834900631506826585
0.233000000000000040,27.261656113209227215
0.234000000000000041,26.697622687655513829
0.235000000000000042,26.142894309744917791
0.236000000000000043,25.597510834627097864
0.237000000000000044,25.061461545494307046
0.238000000000000045,24.534690054265702486
0.239000000000000046,24.017100148684047412
0.240000000000000047,23.508562206941171269
0.241000000000000048,23.008919853281209811
0.242000000000000048,22.517996581698138669
0.243000000000000049,22.035602127317737597
0.244000000000000050,21.561538414539494823
0.245000000000000051,21.095604956307379751
0.246000000000000052,20.637603619264542232
0.247000000000000053,20.187342704676972005
0.248000000000000054,19.744640324827543054
0.249000000000000055,19.309327079235075075
0.250000000000000056,18.881248054842220796
0.251000000000000056,18.460264189639705279
0.252000000000000057,18.046253050507566229
0.253000000000000058,17.639109083841272962
0.254000000000000059,17.238743402277126648
0.255000000000000060,16.845083173011659028
0.256000000000000061,16.458070673270036366
0.257000000000000062,16.077662076831479965
0.258000000000000063,15.703826032539970114
0.259000000000000064,15.336542091747386252
0.260000000000000064,14.975799036944710707
0.261000000000000065,14.621593158685538327
0.262000000000000066,14.273926522503497694
0.263000000000000067,13.932805262049635431
0.264000000000000068,13.598237929265923896
0.265000000000000069,13.270233927181468658
0.266000000000000070,12.948802045954158402
0.267000000000000071,12.633949118145213930
0.268000000000000071,12.325678804952126200
0.269000000000000072,12.023990521262808429
0.270000000000000073,11.728878503943889200
0.271000000000000074,11.440331024741052346
0.272000000000000075,11.158329746540729843
0.273000000000000076,10.882849219506777416
0.274000000000000077,10.613856511742049804
0.275000000000000078,10.351310967609521185
0.276000000000000079,10.095164085654044328
0.277000000000000079,9.845359507165152735
0.278000000000000080,9.601833105785710032
0.279000000000000081,9.364513168169979807
0.280000000000000082,9.133320655501020013
0.281000000000000083,8.908169535662533889
0.282000000000000084,8.688967175999176007
0.283000000000000085,8.475614786866858097
0.284000000000000086,8.268007906548287878
0.285000000000000087,8.066036918568089575
0.286000000000000087,7.869587592967180356
0.287000000000000088,7.678541643670921069
0.288000000000000089,7.492777294694451307
0.289000000000000090,7.312169848558437657
0.290000000000000091,7.136592250927724201
0.291000000000000092,6.965915646123404414
0.292000000000000093,6.800009918788147090
0.293000000000000094,6.638744217597400521
0.294000000000000095,6.481987457499718275
0.295000000000000095,6.329608797533419207
0.296000000000000096,6.181478091800495456
0.297000000000000097,6.037466311679144937
0.298000000000000098,5.897445937822240580
0.299000000000000099,5.761291320918628500
0.300000000000000100,5.628879010587665377
0.301000000000000101,5.500088052133998318
0.302000000000000102,5.374800251210734459
0.303000000000000103,5.252900406724593907
0.304000000000000103,5.134276512568679784
0.305000000000000104,5.018819928987579893
0.306000000000000105,4.906425524567817220
0.307000000000000106,4.796991790005765033
0.308000000000000107,4.690420924936755220
0.309000000000000108,4.586618899215434197
0.310000000000000109,4.485495490119882689
0.311000000000000110,4.386964297013435043
0.312000000000000111,4.290942735039086742
0.313000000000000111,4.197352009445369347
0.314000000000000112,4.106117072149847225
0.315000000000000113,4.017166562139976804
0.316000000000000114,3.930432731291694015
0.317000000000000115,3.845851357156034656
0.318000000000000116,3.763361644224398894
0.319000000000000117,3.682906115135385683
0.320000000000000118,3.604430493231641996
0.321000000000000119,3.527883577815143834
0.322000000000000119,3.453217113384846382
0.323000000000000120,3.380385654072915802
0.324000000000000121,3.309346424425166244
0.325000000000000122,3.240059177599486695
0.326000000000000123,3.172486051983127275
0.327000000000000124,3.106591427156530472
0.328000000000000125,3.042341780058631873
0.329000000000000126,2.979705542136760421
0.330000000000000127,2.918652958193663771
0.331000000000000127,2.859155947575400258
0.332000000000000128,2.801187968277162987
0.333000000000000129,2.744723884479583376
0.334000000000000130,2.689739837966373059
0.335000000000000131,2.636213123814855841
0.336000000000000132,2.584122070694968798
0.337000000000000133,2.533445926058832232
0.338000000000000134,2.484164746452895312
0.339000000000000135,2.436259293137573501
0.340000000000000135,2.389710933155112738
0.341000000000000136,2.344501545945603116
0.342000000000000137,2.300613435573022336
0.343000000000000138,2.258029248588330429
0.344000000000000139,2.216731897524509165
0.345000000000000140,2.176704489989330860
0.346000000000000141,2.137930263295118039
0.347000000000000142,2.100392524541022876
0.348000000000000143,2.064074596041934662
0.349000000000000143,2.028959765979408747
0.350000000000000144,1.995031244133306902
0.351000000000000145,1.962272122538566865
0.352000000000000146,1.930665340899061944
0.353000000000000147,1.900193656580238866
0.354000000000000148,1.870839618993527242
0.355000000000000149,1.842585548178674149
0.356000000000000150,1.815413517384846243
0.357000000000000151,1.789305339447411214
0.358000000000000151,1.764242556754860747
0.359000000000000152,1.740206434599015139
0.360000000000000153,1.717177957701433444
0.361000000000000154,1.695137829709941091
0.362000000000000155,1.674066475460831871
0.363000000000000156,1.653944045805014529
0.364000000000000157,1.634750424799757296
0.365000000000000158,1.616465239071575466
0.366000000000000159,1.599067869160618827
0.367000000000000159,1.582537462661849359
0.368000000000000160,1.566852948983955329
0.369000000000000161,1.551993055552833400
0.370000000000000162,1.537936325292702744
0.371000000000000163,1.524661135224379516
0.372000000000000164,1.512145716026962905
0.373000000000000165,1.500368172415946333
0.374000000000000166,1.489306504197720482
0.375000000000000167,1.478938627867490752
0.376000000000000167,1.469242398624513113
0.377000000000000168,1.460195632685684641
0.378000000000000169,1.451776129785436131
0.379000000000000170,1.443961695756753816
0.380000000000000171,1.436730165094997069
0.381000000000000172,1.430059423412857633
0.382000000000000173,1.423927429701348002
0.383000000000000174,1.418312238318091500
0.384000000000000175,1.413192020630457124
0.385000000000000175,1.408545086247134037
0.386000000000000176,1.404349903777511788
0.387000000000000177,1.400585121064070737
0.388000000000000178,1.397229584838220351
0.389000000000000179,1.394262359755493730
0.390000000000000180,1.391662746770835790
0.391000000000000181,1.389410300819667210
0.392000000000000182,1.387484847774925090
0.393000000000000183,1.385866500654664435
0.394000000000000183,1.384535675058965243
0.395000000000000184,1.383473103818765315
0.396000000000000185,1.382659850843033222
0.397000000000000186,1.382077324154103559
0.398000000000000187,1.381707288104327525
0.399000000000000188,1.381531874770267176
0.400000000000000189,1.381533594523539410
0.401000000000000190,1.381695345780072914
0.402000000000000191,1.382000423932046029
0.403000000000000191,1.382432529469111326
0.404000000000000192,1.382975775297554444
0.405000000000000193,1.383614693268077955
0.406000000000000194,1.384334239924624566
0.407000000000000195,1.385119801488283731
0.408000000000000196,1.385957198091834597
0.409000000000000197,1.386832687281760679
0.410000000000000198,1.387732966805742540
0.411000000000000199,1.388645176704756734
0.412000000000000199,1.389556900729724598
0.413000000000000200,1.390456167103543361
0.414000000000000201,1.391331448649938629
0.415000000000000202,1.392171662311239677
0.416000000000000203,1.392966168077543365
0.417000000000000204,1.393704767350213203
0.418000000000000205,1.394377700762862826
0.419000000000000206,1.394975645483209403
0.420000000000000207,1.395489712019332362
0.421000000000000207,1.395911440553805338
0.422000000000000208,1.396232796829326217
0.423000000000000209,1.396446167609184830
0.424000000000000210,1.396544355735906739
0.425000000000000211,1.396520574811166870
0.426000000000000212,1.396368443519752089
0.427000000000000213,1.396081979620190650
0.428000000000000214,1.395655593624165913
0.429000000000000214,1.395084082186605512
0.430000000000000215,1.394362621227815735
0.431000000000000216,1.393486758808642811
0.432000000000000217,1.392452407779165569
0.433000000000000218,1.391255838220951002
0.434000000000000219,1.389893669702327639
0.435000000000000220,1.388362863365677713
0.436000000000000221,1.386660713865162098
0.437000000000000222,1.384784841172735481
0.438000000000000222,1.382733182269751504
0.439000000000000223,1.380503982740851843
0.440000000000000224,1.378095788286300971
0.441000000000000225,1.375507436168297737
0.442000000000000226,1.372738046606190476
0.443000000000000227,1.369787014135014802
0.444000000000000228,1.366653998941057768
0.445000000000000229,1.363338918187689153
0.446000000000000230,1.359841937344035578
0.447000000000000230,1.356163461528518965
0.448000000000000231,1.352304126878709045
0.449000000000000232,1.348264791958392106
0.450000000000000233,1.344046529212149510
0.451000000000000234,1.339650616477255252
0.452000000000000235,1.335078528562100519
0.453000000000000236,1.330331928899899818
0.454000000000000237,1.325412661285803484
0.455000000000000238,1.320322741705177272
0.456000000000000238,1.315064350260179982
0.457000000000000239,1.309639823201381059
0.458000000000000240,1.304051645070643417
0.459000000000000241,1.298302440961072390
0.460000000000000242,1.292394968899336583
0.461000000000000243,1.286332112355312862
0.462000000000000244,1.280116872883495294
0.463000000000000245,1.273752362900339330
0.464000000000000246,1.267241798601133285
0.465000000000000246,1.260588493019822121
0.466000000000000247,1.253795849234684567
0.467000000000000248,1.246867353722498795
0.468000000000000249,1.239806569863477259
0.469000000000000250,1.232617131598912064
0.470000000000000251,1.225302737243197493
0.471000000000000252,1.217867143451587308
0.472000000000000253,1.210314159344701324
0.473000000000000254,1.202647640790672323
0.474000000000000254,1.194871484845391407
0.475000000000000255,1.186989624351200368
0.476000000000000256,1.179006022694073064
0.477000000000000257,1.170924668719135919
0.478000000000000258,1.162749571804147397
0.479000000000000259,1.154484757090400437
0.480000000000000260,1.146134260870253607
0.481000000000000261,1.137702126130396785
0.482000000000000262,1.129192398249729390
0.483000000000000262,1.120609120850606377
0.484000000000000263,1.111956331802061992
0.485000000000000264,1.103238059373456093
0.486000000000000265,1.094458318536879027
0.487000000000000266,1.085621107416557818
0.488000000000000267,1.076730403883336074
0.489000000000000268,1.067790162292243217
0.490000000000000269,1.058804310361081136
0.491000000000000270,1.049776746187819798
0.492000000000000270,1.040711335404579163
0.493000000000000271,1.031611908465847938
0.494000000000000272,1.022482258068571737
0.495000000000000273,1.013326136701634850
0.496000000000000274,1.004147254322263816
0.497000000000000275,0.994949276156804507
0.498000000000000276,0.985735820623258818
0.499000000000000277,0.976510457373013785
0.500000000000000222,0.967276705449071406
0.501000000000000334,0.958038031558139047
0.502000000000000224,0.948797848453884263
0.503000000000000336,0.939559513428637749
0.504000000000000226,0.930326326910867918
0.505000000000000338,0.921101531165663068
0.506000000000000227,0.911888309095555627
0.507000000000000339,0.902689783138913571
0.508000000000000229,0.893509014263258239
0.509000000000000341,0.884349001050735994
0.510000000000000231,0.875212678873110383
0.511000000000000343,0.866102919153560746
0.512000000000000233,0.857022528712677256
0.513000000000000345,0.847974249195957874
0.514000000000000234,0.838960756580248157
0.515000000000000346,0.829984660756500681
0.516000000000000236,0.821048505186329436
0.517000000000000348,0.812154766629773150
0.518000000000000238,0.803305854941840258
0.519000000000000350,0.794504112935284779
0.520000000000000240,0.785751816307278306
0.521000000000000352,0.777051173627463787
0.522000000000000242,0.768404326385156877
0.523000000000000353,0.759813349093243384
0.524000000000000243,0.751280249446619863
0.525000000000000355,0.742806968532799594
0.526000000000000245,0.734395381092607713
0.527000000000000357,0.726047295828694095
0.528000000000000247,0.717764455759834274
0.529000000000000359,0.709548538618867242
0.530000000000000249,0.701401157292296018
0.531000000000000361,0.693323860299509875
0.532000000000000250,0.685318132309732264
0.533000000000000362,0.677385394694721255
0.534000000000000252,0.669527006115474888
0.535000000000000364,0.661744263140973343
0.536000000000000254,0.654038400897344885
0.537000000000000366,0.646410593745613715
0.538000000000000256,0.638861955986409824
0.539000000000000368,0.631393542589967938
0.540000000000000258,0.624006349949853045
0.541000000000000369,0.616701316658819776
0.542000000000000259,0.609479324305349124
0.543000000000000371,0.602341198289341184
0.544000000000000261,0.595287708655594661
0.545000000000000373,0.588319570943640069
0.546000000000000263,0.581437447052643996
0.547000000000000375,0.574641946120030167
0.548000000000000265,0.567933625412604171
0.549000000000000377,0.561312991228936853
0.550000000000000266,0.554780499811853067
0.551000000000000378,0.548336558269853280
0.552000000000000268,0.541981525506418760
0.553000000000000380,0.535715713156078022
0.554000000000000270,0.529539386526269196
0.555000000000000382,0.523452765543964249
0.556000000000000272,0.517456025706129141
0.557000000000000384,0.511549299033104754
0.558000000000000274,0.505732675024002987
0.559000000000000385,0.500006201613302004
0.560000000000000275,0.494369886127808134
0.561000000000000387,0.488823696243195993
0.562000000000000277,0.483367560939416019
0.563000000000000389,0.478001371454190083
0.564000000000000279,0.472724982233975966
0.565000000000000391,0.467538211881682042
0.566000000000000281,0.462440844100562021
0.567000000000000393,0.457432628633635208
0.568000000000000282,0.452513282198109656
0.569000000000000394,0.447682489414222673
0.570000000000000284,0.442939903728032713
0.571000000000000396,0.438285148327604290
0.572000000000000286,0.433717817052178933
0.573000000000000398,0.429237475293866022
0.574000000000000288,0.424843660891439323
0.575000000000000400,0.420535885015825783
0.576000000000000290,0.416313633046968945
0.577000000000000401,0.412176365441639991
0.578000000000000291,0.408123518591947287
0.579000000000000403,0.404154505674169773
0.580000000000000293,0.400268717487682057
0.581000000000000405,0.396465523283651755
0.582000000000000295,0.392744271583311932
0.583000000000000407,0.389104290985523571
0.584000000000000297,0.385544890963477382
0.585000000000000409,0.382065362650265805
0.586000000000000298,0.378664979613222874
0.587000000000000410,0.375342998616795265
0.588000000000000300,0.372098660373862855
0.589000000000000412,0.368931190285319399
0.590000000000000302,0.365839799167845980
0.591000000000000414,0.362823683969715982
0.592000000000000304,0.359882028474597271
0.593000000000000416,0.357014003993239071
0.594000000000000306,0.354218770042981135
0.595000000000000417,0.351495475015035974
0.596000000000000307,0.348843256829516002
0.597000000000000419,0.346261243578141253
0.598000000000000309,0.343748554154630181
0.599000000000000421,0.341304298872773582
0.600000000000000311,0.338927580072153622
0.601000000000000423,0.336617492711548782
0.602000000000000313,0.334373124950037515
0.603000000000000425,0.332193558715808135
0.604000000000000314,0.330077870262728501
0.605000000000000426,0.328025130714708346
0.606000000000000316,0.326034406597911164
0.607000000000000428,0.324104760360857058
0.608000000000000318,0.322235250882493329
0.609000000000000430,0.320424933968301018
0.610000000000000320,0.318672862834506243
0.611000000000000432,0.316978088580480266
0.612000000000000322,0.315339660649423537
0.613000000000000433,0.313756627277410549
0.614000000000000323,0.312228035930904313
0.615000000000000435,0.310752933732831527
0.616000000000000325,0.309330367877346579
0.617000000000000437,0.307959386033359150
0.618000000000000327,0.306639036736966908
0.619000000000000439,0.305368369772906711
0.620000000000000329,0.304146436545131960
0.621000000000000441,0.302972290436647529
0.622000000000000330,0.301844987158738642
0.623000000000000442,0.300763585089696361
0.624000000000000332,0.299727145603211009
0.625000000000000444,0.298734733386520457
0.626000000000000334,0.297785416748490517
0.627000000000000446,0.296878267917739858
0.628000000000000336,0.296012363330961870
0.629000000000000448,0.295186783911570494
0.630000000000000338,0.294400615338837990
0.631000000000000449,0.293652948307629447
0.632000000000000339,0.292942878778922389
0.633000000000000451,0.292269508221220164
0.634000000000000341,0.291631943843032704
0.635000000000000453,0.291029298816540050
0.636000000000000343,0.290460692492633121
0.637000000000000455,0.289925250607422247
0.638000000000000345,0.289422105480408587
0.639000000000000457,0.288950396204443571
0.640000000000000346,0.288509268827625065
0.641000000000000458,0.288097876527286967
0.642000000000000348,0.287715379776217361
0.643000000000000460,0.287360946501266312
0.644000000000000350,0.287033752234480188
0.645000000000000462,0.286732980256912240
0.646000000000000352,0.286457821735254303
0.647000000000000464,0.286207475851439741
0.648000000000000353,0.285981149925347955
0.649000000000000465,0.285778059530775841
0.650000000000000355,0.285597428604796422
0.651000000000000467,0.285438489550667696
0.652000000000000357,0.285300483334404553
0.653000000000000469,0.285182659575194175
0.654000000000000359,0.285084276629744782
0.655000000000000471,0.285004601670750590
0.656000000000000361,0.284942910759574120
0.657000000000000473,0.284898488913307435
0.658000000000000362,0.284870630166322858
0.659000000000000474,0.284858637626466293
0.660000000000000364,0.284861823526005697
0.661000000000000476,0.284879509267480402
0.662000000000000366,0.284911025464566592
0.663000000000000478,0.284955711978093829
0.664000000000000368,0.285012917947334687
0.665000000000000480,0.285082001816686137
0.666000000000000369,0.285162331357879162
0.667000000000000481,0.285253283687814829
0.668000000000000371,0.285354245282170682
0.669000000000000483,0.285464611984878103
0.670000000000000373,0.285583789013581280
0.671000000000000485,0.285711190961222217
0.672000000000000375,0.285846241793815903
0.673000000000000487,0.285988374844576954
0.674000000000000377,0.286137032804472891
0.675000000000000488,0.286291667709319353
0.676000000000000378,0.286451740923532205
0.677000000000000490,0.286616723120626471
0.678000000000000380,0.286786094260578772
0.679000000000000492,0.286959343564144653
0.680000000000000382,0.287135969484226650
0.681000000000000494,0.287315479674404073
0.682000000000000384,0.287497390954703780
0.683000000000000496,0.287681229274722006
0.684000000000000385,0.287866529674174310
0.685000000000000497,0.288052836240973942
0.686000000000000387,0.288239702066927284
0.687000000000000499,0.288426689201129571
0.688000000000000389,0.288613368601142561
0.689000000000000501,0.288799320082058164
0.690000000000000391,0.288984132263500282
0.691000000000000503,0.289167402514672156
0.692000000000000393,0.289348736897514169
0.693000000000000504,0.289527750108053816
0.694000000000000394,0.289704065416020506
0.695000000000000506,0.289877314602811187
0.696000000000000396,0.290047137897861296
0.697000000000000508,0.290213183913505368
0.698000000000000398,0.290375109578397572
0.699000000000000510,0.290532580069552737
0.700000000000000400,0.290685268743079372
0.701000000000000512,0.290832857063671957
0.702000000000000401,0.290975034532921895
0.703000000000000513,0.291111498616508757
0.704000000000000403,0.291241954670343861
0.705000000000000515,0.291366115865708764
0.706000000000000405,0.291483703113461057
0.707000000000000517,0.291594444987355650
0.708000000000000407,0.291698077646544873
0.709000000000000519,0.291794344757299262
0.710000000000000409,0.291882997414020018
0.711000000000000520,0.291963794059570791
0.712000000000000410,0.292036500405004062
0.713000000000000522,0.292100889348713977
0.714000000000000412,0.292156740895068934
0.715000000000000524,0.292203842072564945
0.716000000000000414,0.292241986851562996
0.717000000000000526,0.292270976061623999
0.718000000000000416,0.292290617308516798
0.719000000000000528,0.292300724890915631
0.720000000000000417,0.292301119716842028
0.721000000000000529,0.292291629219883276
0.722000000000000419,0.292272087275226911
0.723000000000000531,0.292242334115558278
0.724000000000000421,0.292202216246838398
0.725000000000000533,0.292151586364011506
0.726000000000000423,0.292090303266671791
0.727000000000000535,0.292018231774728299
0.728000000000000425,0.291935242644083826
0.729000000000000536,0.291841212482378765
0.730000000000000426,0.291736023664814437
0.731000000000000538,0.291619564250095498
0.732000000000000428,0.291491727896514286
0.733000000000000540,0.291352413778200259
0.734000000000000430,0.291201526501576269
0.735000000000000542,0.291038976022024720
0.736000000000000432,0.290864677560810470
0.737000000000000544,0.290678551522266626
0.738000000000000433,0.290480523411278668
0.739000000000000545,0.290270523751081921
0.740000000000000435,0.290048488001395377
0.741000000000000547,0.289814356476911172
0.742000000000000437,0.289568074266166264
0.743000000000000549,0.289309591150805623
0.744000000000000439,0.289038861525260260
0.745000000000000551,0.288755844316860744
0.746000000000000441,0.288460502906392913
0.747000000000000552,0.288152805049126048
0.748000000000000442,0.287832722796319662
0.749000000000000554,0.287500232417217672
0.750000000000000444,0.287155314321568156
0.751000000000000556,0.286797952982651649
0.752000000000000446,0.286428136860851890
0.753000000000000558,0.286045858327777291
0.754000000000000448,0.285651113590943417
0.755000000000000560,0.285243902619014056
0.756000000000000449,0.284824229067650758
0.757000000000000561,0.284392100205928977
0.758000000000000451,0.283947526843370823
0.759000000000000563,0.283490523257585614
0.760000000000000453,0.283021107122536308
0.761000000000000565,0.282539299437416846
0.762000000000000455,0.282045124456191731
0.763000000000000567,0.281538609617753011
0.764000000000000457,0.281019785476742556
0.765000000000000568,0.280488685635026325
0.766000000000000458,0.279945346673831308
0.767000000000000570,0.279389808086540736
0.768000000000000460,0.278822112212180229
0.769000000000000572,0.278242304169560861
0.770000000000000462,0.277650431792116181
0.771000000000000574,0.277046545563420177
0.772000000000000464,0.276430698553391252
0.773000000000000576,0.275802946355191536
0.774000000000000465,0.275163347022817750
0.775000000000000577,0.274511961009390459
0.776000000000000467,0.273848851106141711
0.777000000000000579,0.273174082382102390
0.778000000000000469,0.272487722124490905
0.779000000000000581,0.271789839779806475
0.780000000000000471,0.271080506895629569
0.781000000000000583,0.270359797063119911
0.782000000000000473,0.269627785860224067
0.783000000000000584,0.268884550795589372
0.784000000000000474,0.268130171253177063
0.785000000000000586,0.267364728437587407
0.786000000000000476,0.266588305320083818
0.787000000000000588,0.265800986585317145
0.788000000000000478,0.265002858578762601
0.789000000000000590,0.264194009254842932
0.790000000000000480,0.263374528125759899
0.791000000000000592,0.262544506211022211
0.792000000000000481,0.261704035987664008
0.793000000000000593,0.260853211341158020
0.794000000000000483,0.259992127517024829
0.795000000000000595,0.259120881073121090
0.796000000000000485,0.258239569832619587
0.797000000000000597,0.257348292837670745
0.798000000000000487,0.256447150303740601
0.799000000000000599,0.255536243574631894
0.800000000000000488,0.254615675078169623
0.801000000000000600,0.253685548282562900
0.802000000000000490,0.252745967653434100
0.803000000000000602,0.251797038611500268
0.804000000000000492,0.250838867490928208
0.805000000000000604,0.249871561498330841
0.806000000000000494,0.248895228672422864
0.807000000000000606,0.247909977844316842
0.808000000000000496,0.246915918598470618
0.809000000000000608,0.245913161234260130
0.810000000000000497,0.244901816728197469
0.811000000000000609,0.243881996696771269
0.812000000000000499,0.242853813359913101
0.813000000000000611,0.241817379505083085
0.814000000000000501,0.240772808451972686
0.815000000000000613,0.239720214017813765
0.816000000000000503,0.238659710483298648
0.817000000000000615,0.237591412559090859
0.818000000000000504,0.236515435352944392
0.819000000000000616,0.235431894337396586
0.820000000000000506,0.234340905318064341
0.821000000000000618,0.233242584402504061
0.822000000000000508,0.232137047969655119
0.823000000000000620,0.231024412639850324
0.824000000000000510,0.229904795245392091
0.825000000000000622,0.228778312801677819
0.826000000000000512,0.227645082478897670
0.827000000000000624,0.226505221574257648
0.828000000000000513,0.225358847484763730
0.829000000000000625,0.224206077680529692
0.830000000000000515,0.223047029678623276
0.831000000000000627,0.221881821017437225
0.832000000000000517,0.220710569231582193
0.833000000000000629,0.219533391827285984
0.834000000000000519,0.218350406258314228
0.835000000000000631,0.217161729902386830
0.836000000000000520,0.215967480038094628
0.837000000000000632,0.214767773822307717
0.838000000000000522,0.213562728268075069
0.839000000000000634,0.212352460222997502
0.840000000000000524,0.211137086348085257
0.841000000000000636,0.209916723097079039
0.842000000000000526,0.208691486696241268
0.843000000000000638,0.207461493124598162
0.844000000000000528,0.206226858094651438
0.845000000000000639,0.204987697033514105
0.846000000000000529,0.203744125064515641
0.847000000000000641,0.202496256989219192
0.848000000000000531,0.201244207269891728
0.849000000000000643,0.199988090012383435
0.850000000000000533,0.198728018949435675
0.851000000000000645,0.197464107424409813
0.852000000000000535,0.196196468375407995
0.853000000000000647,0.194925214319818851
0.854000000000000536,0.193650457339245297
0.855000000000000648,0.192372309064836544
0.856000000000000538,0.191090880663005114
0.857000000000000650,0.189806282821523620
0.858000000000000540,0.188518625736003531
0.859000000000000652,0.187228019096744108
0.860000000000000542,0.185934572075949517
0.861000000000000654,0.184638393315305793
0.862000000000000544,0.183339590913914524
0.863000000000000655,0.182038272416584435
0.864000000000000545,0.180734544802460068
0.865000000000000657,0.179428514473997741
0.866000000000000547,0.178120287246276099
0.867000000000000659,0.176809968336640144
0.868000000000000549,0.175497662354666739
0.869000000000000661,0.174183473292457897
0.870000000000000551,0.172867504515245407
0.871000000000000663,0.171549858752312157
0.872000000000000552,0.170230638088212316
0.873000000000000664,0.168909943954305974
0.874000000000000554,0.167587877120577045
0.875000000000000666,0.166264537687756342
0.876000000000000556,0.164940025079722913
0.877000000000000668,0.163614438036195853
0.878000000000000558,0.162287874605701210
0.879000000000000670,0.160960432138811504
0.880000000000000560,0.159632207281663552
0.881000000000000671,0.158303295969725477
0.882000000000000561,0.156973793421846197
0.883000000000000673,0.155643794134538271
0.884000000000000563,0.154313391876531897
0.885000000000000675,0.152982679683564354
0.886000000000000565,0.151651749853420725
0.887000000000000677,0.150320693941208089
0.888000000000000567,0.148989602754867612
0.889000000000000679,0.147658566350918702
0.890000000000000568,0.146327674030428290
0.891000000000000680,0.144997014335201291
0.892000000000000570,0.143666675044194420
0.893000000000000682,0.142336743170141028
0.894000000000000572,0.141007304956387886
0.895000000000000684,0.139678445873941015
0.896000000000000574,0.138350250618708315
0.897000000000000686,0.137022803108952845
0.898000000000000576,0.135696186482930164
0.899000000000000687,0.134370483096722337
0.900000000000000577,0.133045774522262128
0.901000000000000689,0.131722141545540683
0.902000000000000579,0.130399664164992990
0.903000000000000691,0.129078421590064302
0.904000000000000581,0.127758492239951199
0.905000000000000693,0.126439953742506578
0.906000000000000583,0.125122882933321022
0.907000000000000695,0.123807355854963233
0.908000000000000584,0.122493447756379159
0.909000000000000696,0.121181233092448770
0.910000000000000586,0.119870785523703741
0.911000000000000698,0.118562177916180622
0.912000000000000588,0.117255482341438275
0.913000000000000700,0.115950770076706761
0.914000000000000590,0.114648111605187369
0.915000000000000702,0.113347576616482537
0.916000000000000592,0.112049234007162518
0.917000000000000703,0.110753151881469905
0.918000000000000593,0.109459397552146648
0.919000000000000705,0.108168037541390899
0.920000000000000595,0.106879137581934347
0.921000000000000707,0.105592762618245281
0.922000000000000597,0.104308976807843012
0.923000000000000709,0.103027843522733489
0.924000000000000599,0.101749425350951730
0.925000000000000711,0.100473784098216612
0.926000000000000600,0.099200980789696636
0.927000000000000712,0.097931075671870566
0.928000000000000602,0.096664128214500419
0.929000000000000714,0.095400197112695276
0.930000000000000604,0.094139340289076362
0.931000000000000716,0.092881614896039910
0.932000000000000606,0.091627077318103739
0.933000000000000718,0.090375783174345983
0.934000000000000608,0.089127787320940885
0.935000000000000719,0.087883143853765083
0.936000000000000609,0.086641906111093167
0.937000000000000721,0.085404126676376618
0.938000000000000611,0.084169857381098862
0.939000000000000723,0.082939149307701007
0.940000000000000613,0.081712052792592721
0.941000000000000725,0.080488617429222267
0.942000000000000615,0.079268892071228364
0.943000000000000727,0.078052924835649296
0.944000000000000616,0.076840763106204885
0.945000000000000728,0.075632453536641331
0.946000000000000618,0.074428042054131199
0.947000000000000730,0.073227573862747780
0.948000000000000620,0.072031093446977071
0.949000000000000732,0.070838644575307419
0.950000000000000622,0.069650270303855982
0.951000000000000734,0.068466012980057903
0.952000000000000624,0.067285914246405273
0.953000000000000735,0.066110015044229781
0.954000000000000625,0.064938355617538274
0.955000000000000737,0.063770975516892078
0.956000000000000627,0.062607913603329332
0.957000000000000739,0.061449208052331970
0.958000000000000629,0.060294896357831029
0.959000000000000741,0.059145015336254027
0.960000000000000631,0.057999601130606669
0.961000000000000743,0.056858689214594492
0.962000000000000632,0.055722314396776905
0.963000000000000744,0.054590510824753101
0.964000000000000634,0.053463311989385517
0.965000000000000746,0.052340750729047779
0.966000000000000636,0.051222859233902726
0.967000000000000748,0.050109669050211039
0.968000000000000638,0.049001211084667998
0.969000000000000750,0.047897515608752002
0.970000000000000639,0.046798612263118690
0.971000000000000751,0.045704530061996859
0.972000000000000641,0.044615297397619394
0.973000000000000753,0.043530942044669022
0.974000000000000643,0.042451491164739667
0.975000000000000755,0.041376971310823608
0.976000000000000645,0.040307408431810146
0.977000000000000757,0.039242827876998024
0.978000000000000647,0.038183254400628648
0.979000000000000759,0.037128712166424924
0.980000000000000648,0.036079224752148101
0.981000000000000760,0.035034815154164498
0.982000000000000650,0.033995505792022110
0.983000000000000762,0.032961318513030906
0.984000000000000652,0.031932274596866227
0.985000000000000764,0.030908394760160017
0.986000000000000654,0.029889699161116119
0.987000000000000766,0.028876207404116404
0.988000000000000655,0.027867938544343634
0.989000000000000767,0.026864911092398101
0.990000000000000657,0.025867143018926758
0.991000000000000769,0.024874651759244075
0.992000000000000659,0.023887454217960593
0.993000000000000771,0.022905566773610109
0.994000000000000661,0.021929005283279041
0.995000000000000773,0.020957785087227659
0.996000000000000663,0.019991921013516298
0.997000000000000774,0.019031427382627447
0.998000000000000664,0.018076318012080012
0.999000000000000776,0.017126606221046330
1.000000000000000666,0.016182304834958406
1.001000000000000778,0.015243426190111436
1.002000000000000668,0.014309982138259191
1.003000000000000780,0.013381984051209272
1.004000000000000670,0.012459442825401438
1.005000000000000782,0.011542368886483485
1.006000000000000671,0.010630772193876144
1.007000000000000783,0.009724662245333733
1.008000000000000673,0.008824048081489358
1.009000000000000785,0.007928938290389648
1.010000000000000675,0.007039341012024661
1.011000000000000787,0.006155263942840725
1.012000000000000677,0.005276714340242602
1.013000000000000789,0.004403699027086869
1.014000000000000679,0.003536224396155294
1.015000000000000790,0.002674296414623806
1.016000000000000680,0.001817920628508625
1.017000000000000792,0.000967102167107280
1.018000000000000682,0.000121845747415808
1.019000000000000794,-0.000717844321463053
1.020000000000000684,-0.001551964133927020
1.021000000000000796,-0.002380510183501550
1.022000000000000686,-0.003203479358480600
1.023000000000000798,-0.004020868937583163
1.024000000000000687,-0.004832676585627665
1.025000000000000799,-0.005638900349229382
1.026000000000000689,-0.006439538652501778
1.027000000000000801,-0.007234590292793342
1.028000000000000691,-0.008024054436426998
1.029000000000000803,-0.008807930614468159
1.030000000000000693,-0.009586218718512288
1.031000000000000805,-0.010358918996481401
1.032000000000000695,-0.011126032048449660
1.033000000000000806,-0.011887558822491536
1.034000000000000696,-0.012643500610536887
1.035000000000000808,-0.013393859044259240
1.036000000000000698,-0.014138636090977088
1.037000000000000810,-0.014877834049581221
1.038000000000000700,-0.015611455546479792
1.039000000000000812,-0.016339503531564319
1.040000000000000702,-0.017061981274199368
1.041000000000000814,-0.017778892359234640
1.042000000000000703,-0.018490240683034568
1.043000000000000815,-0.019196030449534340
1.044000000000000705,-0.019896266166319353
1.045000000000000817,-0.020590952640715712
1.046000000000000707,-0.021280094975925475
1.047000000000000819,-0.021963698567159635
1.048000000000000709,-0.022641769097812937
1.049000000000000821,-0.023314312535651398
1.050000000000000711,-0.023981335129027132
1.051000000000000822,-0.024642843403115382
1.052000000000000712,-0.025298844156177946
1.053000000000000824,-0.025949344455842981
1.054000000000000714,-0.026594351635417346
1.055000000000000826,-0.027233873290217252
1.056000000000000716,-0.027867917273921523
1.057000000000000828,-0.028496491694957077
1.058000000000000718,-0.029119604912897556
1.059000000000000830,-0.029737265534894919
1.060000000000000719,-0.030349482412130646
1.061000000000000831,-0.030956264636290344
1.062000000000000721,-0.031557621536070724
1.063000000000000833,-0.032153562673696449
1.064000000000000723,-0.032744097841481891
1.065000000000000835,-0.033329237058391727
1.066000000000000725,-0.033908990566651705
1.067000000000000837,-0.034483368828367028
1.068000000000000727,-0.035052382522172160
1.069000000000000838,-0.035616042539903379
1.070000000000000728,-0.036174359983295289
1.071000000000000840,-0.036727346160708406
1.072000000000000730,-0.037275012583869740
1.073000000000000842,-0.037817370964648836
1.074000000000000732,-0.038354433211853653
1.075000000000000844,-0.038886211428055123
1.076000000000000734,-0.039412717906426788
1.077000000000000846,-0.039933965127622047
1.078000000000000735,-0.040449965756665519
1.079000000000000847,-0.040960732639879253
1.080000000000000737,-0.041466278801821133
1.081000000000000849,-0.041966617442261128
1.082000000000000739,-0.042461761933170014
1.083000000000000851,-0.042951725815743809
1.084000000000000741,-0.043436522797446406
1.085000000000000853,-0.043916166749074823
1.086000000000000743,-0.044390671701856621
1.087000000000000854,-0.044860051844563563
1.088000000000000744,-0.045324321520658330
1.089000000000000856,-0.045783495225454489
1.090000000000000746,-0.046237587603313549
1.091000000000000858,-0.046686613444858201
1.092000000000000748,-0.047130587684206242
1.093000000000000860,-0.047569525396244226
1.094000000000000750,-0.048003441793906657
1.095000000000000862,-0.048432352225490680
1.096000000000000751,-0.048856272171992267
1.097000000000000863,-0.049275217244466304
1.098000000000000753,-0.049689203181407189
1.099000000000000865,-0.050098245846161717
1.100000000000000755,-0.050502361224355072
1.101000000000000867,-0.050901565421345406
1.102000000000000757,-0.051295874659709750
1.103000000000000869,-0.051685305276735607
1.104000000000000759,-0.052069873721950953
1.105000000000000870,-0.052449596554676625
1.106000000000000760,-0.052824490441590669
1.107000000000000872,-0.053194572154329746
1.108000000000000762,-0.053559858567100750
1.109000000000000874,-0.053920366654331350
1.110000000000000764,-0.054276113488322661
1.111000000000000876,-0.054627116236943871
1.112000000000000766,-0.054973392161339431
1.113000000000000878,-0.055314958613658781
1.114000000000000767,-0.055651833034815600
1.115000000000000879,-0.055984032952258976
1.116000000000000769,-0.056311575977776605
1.117000000000000881,-0.056634479805315475
1.118000000000000771,-0.056952762208826134
1.119000000000000883,-0.057266441040122032
1.120000000000000773,-0.057575534226775214
1.121000000000000885,-0.057880059770021794
1.122000000000000774,-0.058180035742689776
1.123000000000000886,-0.058475480287155698
1.124000000000000776,-0.058766411613316749
1.125000000000000888,-0.059052847996585098
1.126000000000000778,-0.059334807775903955
1.127000000000000890,-0.059612309351786394
1.128000000000000780,-0.059885371184371962
1.129000000000000892,-0.060154011791507790
1.130000000000000782,-0.060418249746844087
1.131000000000000894,-0.060678103677961628
1.132000000000000783,-0.060933592264505940
1.133000000000000895,-0.061184734236353643
1.134000000000000785,-0.061431548371790726
1.135000000000000897,-0.061674053495717099
1.136000000000000787,-0.061912268477865309
1.137000000000000899,-0.062146212231046549
1.138000000000000789,-0.062375903709409354
1.139000000000000901,-0.062601361906720193
1.140000000000000790,-0.062822605854667452
1.141000000000000902,-0.063039654621178817
1.142000000000000792,-0.063252527308761464
1.143000000000000904,-0.063461243052863339
1.144000000000000794,-0.063665821020245622
1.145000000000000906,-0.063866280407385803
1.146000000000000796,-0.064062640438888263
1.147000000000000908,-0.064254920365921023
1.148000000000000798,-0.064443139464668245
1.149000000000000909,-0.064627317034800513
1.150000000000000799,-0.064807472397966970
1.151000000000000911,-0.064983624896296804
1.152000000000000801,-0.065155793890935496
1.153000000000000913,-0.065323998760578636
1.154000000000000803,-0.065488258900036705
1.155000000000000915,-0.065648593718816511
1.156000000000000805,-0.065805022639718699
1.157000000000000917,-0.065957565097444951
1.158000000000000806,-0.066106240537238528
1.159000000000000918,-0.066251068413528055
1.160000000000000808,-0.066392068188592251
1.161000000000000920,-0.066529259331246565
1.162000000000000810,-0.066662661315540189
1.163000000000000922,-0.066792293619473031
1.164000000000000812,-0.066918175723727533
1.165000000000000924,-0.067040327110420406
1.166000000000000814,-0.067158767261865607
1.167000000000000925,-0.067273515659356090
1.168000000000000815,-0.067384591781963626
1.169000000000000927,-0.067492015105352299
1.170000000000000817,-0.067595805100605214
1.171000000000000929,-0.067695981233072036
1.172000000000000819,-0.067792562961229222
1.173000000000000931,-0.067885569735557663
1.174000000000000821,-0.067975020997431607
1.175000000000000933,-0.068060936178027442
1.176000000000000822,-0.068143334697246094
1.177000000000000934,-0.068222235962643943
1.178000000000000824,-0.068297659368393021
1.179000000000000936,-0.068369624294242232
1.180000000000000826,-0.068438150104498802
1.181000000000000938,-0.068503256147023989
1.182000000000000828,-0.068564961752243317
1.183000000000000940,-0.068623286232169289
1.184000000000000830,-0.068678248879439657
1.185000000000000941,-0.068729868966369831
1.186000000000000831,-0.068778165744019293
1.187000000000000943,-0.068823158441270585
1.188000000000000833,-0.068864866263920896
1.189000000000000945,-0.068903308393791551
1.190000000000000835,-0.068938503987846844
1.191000000000000947,-0.068970472177326186
1.192000000000000837,-0.068999232066894317
1.193000000000000949,-0.069024802733795521
1.194000000000000838,-0.069047203227030576
1.195000000000000950,-0.069066452566540829
1.196000000000000840,-0.069082569742405120
1.197000000000000952,-0.069095573714050312
1.198000000000000842,-0.069105483409477905
1.199000000000000954,-0.069112317724493444
1.200000000000000844,-0.069116095521959159
1.201000000000000734,-0.069116835631051449
1.202000000000000846,-0.069114556846534517
1.203000000000000957,-0.069109277928039309
1.204000000000000847,-0.069101017599367404
1.205000000000000737,-0.069089794547788186
1.206000000000000849,-0.069075627423365843
1.207000000000000961,-0.069058534838285321
1.208000000000000851,-0.069038535366195267
1.209000000000000741,-0.069015647541559505
1.210000000000000853,-0.068989889859023393
1.211000000000000965,-0.068961280772786002
1.212000000000000854,-0.068929838695988829
1.213000000000000744,-0.068895582000109992
1.214000000000000856,-0.068858529014374503
1.215000000000000968,-0.068818698025168407
1.216000000000000858,-0.068776107275472051
1.217000000000000748,-0.068730774964295652
1.218000000000000860,-0.068682719246128607
1.219000000000000972,-0.068631958230404091
1.220000000000000862,-0.068578509980959462
1.221000000000000751,-0.068522392515524611
1.222000000000000863,-0.068463623805206958
1.223000000000000975,-0.068402221773991551
1.224000000000000865,-0.068338204298251409
1.225000000000000755,-0.068271589206262945
1.226000000000000867,-0.068202394277737707
1.227000000000000979,-0.068130637243358300
1.228000000000000869,-0.068056335784324462
1.229000000000000759,-0.067979507531911704
1.230000000000000870,-0.067900170067032375
1.231000000000000982,-0.067818340919812953
1.232000000000000872,-0.067734037569177619
1.233000000000000762,-0.067647277442437412
1.234000000000000874,-0.067558077914891962
1.235000000000000986,-0.067466456309442216
1.236000000000000876,-0.067372429896201361
1.237000000000000766,-0.067276015892128532
1.238000000000000878,-0.067177231460659459
1.239000000000000989,-0.067076093711347665
1.240000000000000879,-0.066972619699523755
1.241000000000000769,-0.066866826425943285
1.242000000000000881,-0.066758730836464705
1.243000000000000993,-0.066648349821715899
1.244000000000000883,-0.066535700216786189
1.245000000000000773,-0.066420798800908426
1.246000000000000885,-0.066303662297162336
1.247000000000000997,-0.066184307372181506
1.248000000000000886,-0.066062750635864309
1.249000000000000776,-0.065939008641094338
1.250000000000000888,-0.065813097883473670
1.251000000000001000,-0.065685034801053810
1.252000000000000890,-0.065554835774078765
1.253000000000000780,-0.065422517124736318
1.254000000000000892,-0.065288095116917577
1.255000000000001004,-0.065151585955974728
1.256000000000000894,-0.065013005788495254
1.257000000000000783,-0.064872370702080268
1.258000000000000895,-0.064729696725127447
1.259000000000001007,-0.064584999826620471
1.260000000000000897,-0.064438295915928243
1.261000000000000787,-0.064289600842608458
1.262000000000000899,-0.064138930396215876
1.263000000000001011,-0.063986300306121846
1.264000000000000901,-0.063831726241332848
1.265000000000000790,-0.063675223810323645
1.266000000000000902,-0.063516808560869095
1.267000000000001014,-0.063356495979886282
1.268000000000000904,-0.063194301493281244
1.269000000000000794,-0.063030240465801676
1.270000000000000906,-0.062864328200894312
1.271000000000001018,-0.062696579940571734
1.272000000000000908,-0.062527010865280605
1.273000000000000798,-0.062355636093774855
1.274000000000000909,-0.062182470683001603
1.275000000000001021,-0.062007529627984059
1.276000000000000911,-0.061830827861713476
1.277000000000000801,-0.061652380255049134
1.278000000000000913,-0.061472201616613639
1.279000000000001025,-0.061290306692711294
1.280000000000000915,-0.061106710167231945
1.281000000000000805,-0.060921426661570147
1.282000000000000917,-0.060734470734552071
1.283000000000001029,-0.060545856882357162
1.284000000000000918,-0.060355599538455595
1.285000000000000808,-0.060163713073543200
1.286000000000000920,-0.059970211795481676
1.287000000000001032,-0.059775109949250595
1.288000000000000922,-0.059578421716892559
1.289000000000000812,-0.059380161217471764
1.290000000000000924,-0.059180342507035480
1.291000000000001036,-0.058978979578575855
1.292000000000000925,-0.058776086362001531
1.293000000000000815,-0.058571676724108568
1.294000000000000927,-0.058365764468561301
1.295000000000001039,-0.058158363335869080
1.296000000000000929,-0.057949487003379228
1.297000000000000819,-0.057739149085260101
1.298000000000000931,-0.057527363132498177
1.299000000000001043,-0.057314142632898205
1.300000000000000933,-0.057099501011079148
1.301000000000000822,-0.056883451628487201
1.302000000000000934,-0.056666007783398677
1.303000000000001046,-0.056447182710940180
1.304000000000000936,-0.056226989583096708
1.305000000000000826,-0.056005441508741517
1.306000000000000938,-0.055782551533653524
1.307000000000001050,-0.055558332640548748
1.308000000000000940,-0.055332797749110665
1.309000000000000830,-0.055105959716025207
1.310000000000000941,-0.054877831335015850
1.311000000000001053,-0.054648425336890273
1.312000000000000943,-0.054417754389580276
1.313000000000000833,-0.054185831098193860
1.314000000000000945,-0.053952668005061509
1.315000000000001057,-0.053718277589794819
1.316000000000000947,-0.053482672269341801
1.317000000000000837,-0.053245864398048084
1.318000000000000949,-0.053007866267719028
1.319000000000001060,-0.052768690107687879
1.320000000000000950,-0.052528348084883415
1.321000000000000840,-0.052286852303902641
1.322000000000000952,-0.052044214807086098
1.323000000000001064,-0.051800447574597508
1.324000000000000954,-0.051555562524498513
1.325000000000000844,-0.051309571512837951
1.326000000000000956,-0.051062486333734503
1.327000000000001068,-0.050814318719466567
1.328000000000000957,-0.050565080340560474
1.329000000000000847,-0.050314782805888046
1.330000000000000959,-0.050063437662760099
1.331000000000001071,-0.049811056397023427
1.332000000000000961,-0.049557650433167032
1.333000000000000851,-0.049303231134418972
1.334000000000000963,-0.049047809802855169
1.335000000000001075,-0.048791397679507707
1.336000000000000965,-0.048534005944472450
1.337000000000000854,-0.048275645717022489
1.338000000000000966,-0.048016328055724630
1.339000000000001078,-0.047756063958551018
1.340000000000000968,-0.047494864363003750
1.341000000000000858,-0.047232740146229288
1.342000000000000970,-0.046969702125146222
1.343000000000001082,-0.046705761056568332
1.344000000000000972,-0.046440927637328010
1.345000000000000862,-0.046175212504412325
1.346000000000000973,-0.045908626235082531
1.347000000000001085,-0.045641179347018355
1.348000000000000975,-0.045372882298442399
1.349000000000000865,-0.045103745488259878
1.350000000000000977,-0.044833779256196936
1.351000000000001089,-0.044562993882939175
1.352000000000000979,-0.044291399590270855
1.353000000000000869,-0.044019006541220103
1.354000000000000981,-0.043745824840200495
1.355000000000001092,-0.043471864533160737
1.356000000000000982,-0.043197135607726228
1.357000000000000872,-0.042921647993352949
1.358000000000000984,-0.042645411561475340
1.359000000000001096,-0.042368436125660033
1.360000000000000986,-0.042090731441753362
1.361000000000000876,-0.041812307208046580
1.362000000000000988,-0.041533173065417858
1.363000000000001100,-0.041253338597504394
1.364000000000000989,-0.040972813330849539
1.365000000000000879,-0.040691606735066374
1.366000000000000991,-0.040409728223002005
1.367000000000001103,-0.040127187150895832
1.368000000000000993,-0.039843992818543221
1.369000000000000883,-0.039560154469464523
1.370000000000000995,-0.039275681291064367
1.371000000000001107,-0.038990582414805811
1.372000000000000997,-0.038704866916370664
1.373000000000000886,-0.038418543815837751
1.374000000000000998,-0.038131622077841688
1.375000000000001110,-0.037844110611757555
1.376000000000001000,-0.037556018271860225
1.377000000000000890,-0.037267353857506555
1.378000000000001002,-0.036978126113304900
1.379000000000001114,-0.036688343729291764
1.380000000000001004,-0.036398015341108217
1.381000000000000894,-0.036107149530172578
1.382000000000001005,-0.035815754823866647
1.383000000000001117,-0.035523839695703698
1.384000000000001007,-0.035231412565516193
1.385000000000000897,-0.034938481799630557
1.386000000000001009,-0.034645055711050400
1.387000000000001121,-0.034351142559638490
1.388000000000001011,-0.034056750552296643
1.389000000000000901,-0.033761887843149645
1.390000000000001013,-0.033466562533731412
1.391000000000001124,-0.033170782673164270
1.392000000000001014,-0.032874556258348966
1.393000000000000904,-0.032577891234146228
1.394000000000001016,-0.032280795493565495
1.395000000000001128,-0.031983276877949177
1.396000000000001018,-0.031685343177162727
1.397000000000000908,-0.031387002129779774
1.398000000000001020,-0.031088261423271778
1.399000000000001132,-0.030789128694196449
1.400000000000001021,-0.030489611528385675
1.401000000000000911,-0.030189717461139166
1.402000000000001023,-0.029889453977410302
1.403000000000001135,-0.029588828511996550
1.404000000000001025,-0.029287848449734651
1.405000000000000915,-0.028986521125689019
1.406000000000001027,-0.028684853825341326
1.407000000000001139,-0.028382853784789219
1.408000000000001029,-0.028080528190930275
1.409000000000000918,-0.027777884181662486
1.410000000000001030,-0.027474928846071101
1.411000000000001142,-0.027171669224625040
1.412000000000001032,-0.026868112309370258
1.413000000000000922,-0.026564265044123708
1.414000000000001034,-0.026260134324667041
1.415000000000001146,-0.025955726998938056
1.416000000000001036,-0.025651049867232722
1.417000000000000925,-0.025346109682391517
1.418000000000001037,-0.025040913149997700
1.419000000000001149,-0.024735466928574458
1.420000000000001039,-0.024429777629775586
1.421000000000000929,-0.024123851818586763
1.422000000000001041,-0.023817696013515202
1.423000000000001153,-0.023511316686786441
1.424000000000001043,-0.023204720264545165
1.425000000000000933,-0.022897913127042192
1.426000000000001044,-0.022590901608838233
1.427000000000001156,-0.022283691998993573
1.428000000000001046,-0.021976290541271322
1.429000000000000936,-0.021668703434325504
1.430000000000001048,-0.021360936831900705
1.431000000000001160,-0.021052996843028287
1.432000000000001050,-0.020744889532222525
1.433000000000000940,-0.020436620919674929
1.434000000000001052,-0.020128196981451945
1.435000000000001164,-0.019819623649688957
1.436000000000001053,-0.019510906812787061
1.437000000000000943,-0.019202052315610584
1.438000000000001055,-0.018893065959680398
1.439000000000001167,-0.018583953503369121
1.440000000000001057,-0.018274720662098936
1.441000000000000947,-0.017965373108535583
1.442000000000001059,-0.017655916472783625
1.443000000000001171,-0.017346356342583327
1.444000000000001060,-0.017036698263501966
1.445000000000000950,-0.016726947739132532
1.446000000000001062,-0.016417110231285763
1.447000000000001174,-0.016107191160188220
1.448000000000001064,-0.015797195904672646
1.449000000000000954,-0.015487129802372865
1.450000000000001066,-0.015176998149922027
1.451000000000001178,-0.014866806203141453
1.452000000000001068,-0.014556559177235584
1.453000000000000957,-0.014246262246986163
1.454000000000001069,-0.013935920546945677
1.455000000000001181,-0.013625539171629555
1.456000000000001071,-0.013315123175708377
1.457000000000000961,-0.013004677574202783
1.458000000000001073,-0.012694207342670785
1.459000000000001185,-0.012383717417405054
1.460000000000001075,-0.012073212695622514
1.461000000000000965,-0.011762698035653571
1.462000000000001076,-0.011452178257135634
1.463000000000001188,-0.011141658141203662
1.464000000000001078,-0.010831142430680358
1.465000000000000968,-0.010520635830265839
1.466000000000001080,-0.010210143006727276
1.467000000000001192,-0.009899668589088759
1.468000000000001082,-0.009589217168822290
1.469000000000000972,-0.009278793300032201
1.470000000000001084,-0.008968401499648625
1.471000000000001195,-0.008658046247612673
1.472000000000001085,-0.008347731987063928
1.473000000000000975,-0.008037463124530278
1.474000000000001087,-0.007727244030110108
1.475000000000001199,-0.007417079037667610
1.476000000000001089,-0.007106972445008977
1.477000000000000979,-0.006796928514075573
1.478000000000001091,-0.006486951471125416
1.479000000000001203,-0.006177045506919646
1.480000000000001092,-0.005867214776908702
1.481000000000000982,-0.005557463401414125
1.482000000000001094,-0.005247795465813184
1.483000000000001206,-0.004938215020722591
1.484000000000001096,-0.004628726082182283
1.485000000000000986,-0.004319332631835021
1.486000000000001098,-0.004010038617113148
1.487000000000001210,-0.003700847951416847
1.488000000000001100,-0.003391764514296266
1.489000000000000989,-0.003082792151630204
1.490000000000001101,-0.002773934675812767
1.491000000000001213,-0.002465195865926109
1.492000000000001103,-0.002156579467923364
1.493000000000000993,-0.001848089194808006
1.494000000000001105,-0.001539728726810610
1.495000000000001217,-0.001231501711566532
1.496000000000001107,-0.000923411764297266
1.497000000000000997,-0.000615462467982283
1.498000000000001108,-0.000307657373539966
1.499000000000001220,0.000000000000000000
