# ZnO10m10NB_CS-10309795-AC
# h[nm],U(h)[kJ/mol]
0.200000000000000011,64.119986529205206693
0.201000000000000012,62.912613085905022103
0.202000000000000013,61.736832299620459708
0.203000000000000014,60.586009511296843755
0.204000000000000015,59.455211356160340586
0.205000000000000016,58.340865038954198951
0.206000000000000016,57.240463548499732838
0.207000000000000017,56.152317305806420222
0.208000000000000018,55.075349679423233340
0.209000000000000019,54.008932115319638001
0.210000000000000020,52.952753865500618247
0.211000000000000021,51.906721136924019788
0.212000000000000022,50.870880691874489798
0.213000000000000023,49.845363354046227755
0.214000000000000024,48.830343403132552282
0.215000000000000024,47.826010403215633460
0.216000000000000025,46.832550561244261189
0.217000000000000026,45.850135224282773549
0.218000000000000027,44.878914583527283355
0.219000000000000028,43.919015053370600299
0.220000000000000029,42.970539134640141299
0.221000000000000030,42.033566855553537778
0.222000000000000031,41.108158116911759805
0.223000000000000032,40.194355455500108576
0.224000000000000032,39.292186887784865235
0.225000000000000033,38.401668610813445071
0.226000000000000034,37.522807424359463369
0.227000000000000035,36.655602802863263889
0.228000000000000036,35.800048592036205264
0.229000000000000037,34.956134336945787311
0.230000000000000038,34.123846269197038339
0.231000000000000039,33.303167993154012549
0.232000000000000040,32.494080917189137381
0.233000000000000040,31.696564477474243660
0.234000000000000041,30.910596200227779207
0.235000000000000042,30.136151644699548768
0.236000000000000043,29.373204264335193159
0.237000000000000044,28.621725218140891656
0.238000000000000045,27.881683158711393133
0.239000000000000046,27.153044018010611182
0.240000000000000047,26.435770807006274907
0.241000000000000048,25.729823440791761868
0.242000000000000048,25.035158596939435682
0.243000000000000049,24.351729611540587683
0.244000000000000050,23.679486414689069562
0.245000000000000051,23.018375505015931992
0.246000000000000052,22.368339961241531455
0.247000000000000053,21.729319487514732856
0.248000000000000054,21.101250488501776204
0.249000000000000055,20.484066169707240590
0.250000000000000056,19.877696658301100996
0.251000000000000056,19.282069139733959418
0.252000000000000057,18.697108005600565406
0.253000000000000058,18.122735008516279720
0.254000000000000059,17.558869420164267439
0.255000000000000060,17.005428189122937965
0.256000000000000061,16.462326095565110506
0.257000000000000062,15.929475900412787936
0.258000000000000063,15.406788487015699474
0.259000000000000064,14.894172993885396394
0.260000000000000064,14.391536937449657785
0.261000000000000065,13.898786324187787145
0.262000000000000066,13.415825751860046111
0.263000000000000067,12.942558499854424525
0.264000000000000068,12.478886608937798997
0.265000000000000069,12.024710950918159114
0.266000000000000070,11.579931288902583830
0.267000000000000071,11.144446328972069438
0.268000000000000071,10.718153764195166744
0.269000000000000072,10.300950311968524176
0.270000000000000073,9.892731745708951863
0.271000000000000074,9.493392921931897988
0.272000000000000075,9.102827803738211543
0.273000000000000076,8.720929481699627672
0.274000000000000077,8.347590193085327570
0.275000000000000078,7.982701340311645133
0.276000000000000079,7.626153509427048505
0.277000000000000079,7.277836489366566575
0.278000000000000080,6.937639292628498211
0.279000000000000081,6.605450177940736189
0.280000000000000082,6.281156675398905875
0.281000000000000083,5.964645614473153223
0.282000000000000084,5.655803155197818732
0.283000000000000085,5.354514822778559058
0.284000000000000086,5.060665545775195895
0.285000000000000087,4.774139697948396766
0.286000000000000087,4.494821143791790874
0.287000000000000088,4.222593287711400301
0.288000000000000089,3.957339126759813919
0.289000000000000090,3.698941306783930738
0.290000000000000091,3.447282181803171142
0.291000000000000092,3.202243876397790956
0.292000000000000093,2.963708350856500751
0.293000000000000094,2.731557468806981248
0.294000000000000095,2.505673067032859969
0.295000000000000095,2.285937027165085844
0.296000000000000096,2.072231348925416050
0.297000000000000097,1.864438224592904536
0.298000000000000098,1.662440114362052856
0.299000000000000099,1.466119822261976458
0.300000000000000100,1.275360572310470175
0.301000000000000101,1.090046084583386365
0.302000000000000102,0.910060650889776945
0.303000000000000103,0.735289209754122597
0.304000000000000103,0.565617420421099970
0.305000000000000104,0.400931735612788942
0.306000000000000105,0.241119472784526334
0.307000000000000106,0.086068883642841126
0.308000000000000107,-0.064330778293405388
0.309000000000000108,-0.210189192288994686
0.310000000000000109,-0.351614907327455928
0.311000000000000110,-0.488715281547954461
0.312000000000000111,-0.621596424328688224
0.313000000000000111,-0.750363141142325829
0.314000000000000112,-0.875118881291281903
0.315000000000000113,-0.995965688612727384
0.316000000000000114,-1.113004155226203107
0.317000000000000115,-1.226333378379997896
0.318000000000000116,-1.336050920436806511
0.319000000000000117,-1.442252772023956409
0.320000000000000118,-1.545033318359238628
0.321000000000000119,-1.644485308750055719
0.322000000000000119,-1.740699829250833330
0.323000000000000120,-1.833766278451896881
0.324000000000000121,-1.923772346362402130
0.325000000000000122,-2.010803996339647792
0.326000000000000123,-2.094945450008114385
0.327000000000000124,-2.176279175103220886
0.328000000000000125,-2.254885876167529446
0.329000000000000126,-2.330844488020247240
0.330000000000000127,-2.404232171915226868
0.331000000000000127,-2.475124314297506345
0.332000000000000128,-2.543594528064043736
0.333000000000000129,-2.609714656230727403
0.334000000000000130,-2.673554777904522783
0.335000000000000131,-2.735183216457596433
0.336000000000000132,-2.794666549797976351
0.337000000000000133,-2.852069622630437173
0.338000000000000134,-2.907455560600447964
0.339000000000000135,-2.960885786213576676
0.340000000000000135,-3.012420036423264058
0.341000000000000136,-3.062116381780140451
0.342000000000000137,-3.110031247037243318
0.343000000000000138,-3.156219433106609351
0.344000000000000139,-3.200734140264517968
0.345000000000000140,-3.243626992504380802
0.346000000000000141,-3.284948062938504165
0.347000000000000142,-3.324745900152184852
0.348000000000000143,-3.363067555416328958
0.349000000000000143,-3.399958610667275227
0.350000000000000144,-3.435463207165530442
0.351000000000000145,-3.469624074747953646
0.352000000000000146,-3.502482561591114152
0.353000000000000147,-3.534078664406572923
0.354000000000000148,-3.564451058992157417
0.355000000000000149,-3.593637131066445445
0.356000000000000150,-3.621673007316998483
0.357000000000000151,-3.648593586596152072
0.358000000000000151,-3.674432571201458497
0.359000000000000152,-3.699222498181065966
0.360000000000000153,-3.722994770607753967
0.361000000000000154,-3.745779688768263505
0.362000000000000155,-3.767606481217950609
0.363000000000000156,-3.788503335653812254
0.364000000000000157,-3.808497429561854553
0.365000000000000158,-3.827614960598070493
0.366000000000000159,-3.845881176664730283
0.367000000000000159,-3.863320405646973654
0.368000000000000160,-3.879956084777096414
0.369000000000000161,-3.895810789596745760
0.370000000000000162,-3.910906262489777241
0.371000000000000163,-3.925263440760964784
0.372000000000000164,-3.938902484238158141
0.373000000000000165,-3.951842802377813602
0.374000000000000166,-3.964103080856011818
0.375000000000000167,-3.975701307629024406
0.376000000000000167,-3.986654798449832615
0.377000000000000168,-3.996980221828566382
0.378000000000000169,-4.006693623426881956
0.379000000000000170,-4.015810449877940336
0.380000000000000171,-4.024345572025328721
0.381000000000000172,-4.032313307575790873
0.382000000000000173,-4.039727443162062670
0.383000000000000174,-4.046601255813658149
0.384000000000000175,-4.052947533834514893
0.385000000000000175,-4.058778597087767892
0.386000000000000176,-4.064106316689100495
0.387000000000000177,-4.068942134111003028
0.388000000000000178,-4.073297079701483803
0.389000000000000179,-4.077181790621483337
0.390000000000000180,-4.080606528206244477
0.391000000000000181,-4.083581194756609634
0.392000000000000182,-4.086115349766922478
0.393000000000000183,-4.088218225596886413
0.394000000000000183,-4.089898742595337033
0.395000000000000184,-4.091165523684431982
0.396000000000000185,-4.092026908413203934
0.397000000000000186,-4.092490966489897630
0.398000000000000187,-4.092565510802927520
0.399000000000000188,-4.092258109940564381
0.400000000000000189,-4.091576100219777246
0.401000000000000190,-4.090526597234996231
0.402000000000000191,-4.089116506937644502
0.403000000000000191,-4.087352536257553126
0.404000000000000192,-4.085241203277528932
0.405000000000000193,-4.082788846972373875
0.406000000000000194,-4.080001636523825859
0.407000000000000195,-4.076885580222914029
0.408000000000000196,-4.073446533971202044
0.409000000000000197,-4.069690209392440750
0.410000000000000198,-4.065622181566185489
0.411000000000000199,-4.061247896394673873
0.412000000000000199,-4.056572677614519229
0.413000000000000200,-4.051601733464345045
0.414000000000000201,-4.046340163019709557
0.415000000000000202,-4.040792962206252170
0.416000000000000203,-4.034965029502116884
0.417000000000000204,-4.028861171340407665
0.418000000000000205,-4.022486107222299268
0.419000000000000206,-4.015844474551368393
0.420000000000000207,-4.008940833199313047
0.421000000000000207,-4.001779669813354978
0.422000000000000208,-3.994365401875060506
0.423000000000000209,-3.986702381520474514
0.424000000000000210,-3.978794899131008034
0.425000000000000211,-3.970647186704378218
0.426000000000000212,-3.962263421014810660
0.427000000000000213,-3.953647726571235754
0.428000000000000214,-3.944804178382306681
0.429000000000000214,-3.935736804536555944
0.430000000000000215,-3.926449588605995356
0.431000000000000216,-3.916946471881147751
0.432000000000000217,-3.907231355445264676
0.433000000000000218,-3.897308102095291993
0.434000000000000219,-3.887180538116933981
0.435000000000000220,-3.876852454920928892
0.436000000000000221,-3.866327610547404703
0.437000000000000222,-3.855609731044982169
0.438000000000000222,-3.844702511731117767
0.439000000000000223,-3.833609618339918423
0.440000000000000224,-3.822334688063421027
0.441000000000000225,-3.810881330492201791
0.442000000000000226,-3.799253128460941209
0.443000000000000227,-3.787453638804286093
0.444000000000000228,-3.775486393028342214
0.445000000000000229,-3.763354897902719820
0.446000000000000230,-3.751062635977988613
0.447000000000000230,-3.738613066033233512
0.448000000000000231,-3.726009623458119702
0.449000000000000232,-3.713255720573749752
0.450000000000000233,-3.700354746896472591
0.451000000000000234,-3.687310069348501251
0.452000000000000235,-3.674125032419200743
0.453000000000000236,-3.660802958280543695
0.454000000000000237,-3.647347146860301592
0.455000000000000238,-3.633760875876180130
0.456000000000000238,-3.620047400834066398
0.457000000000000239,-3.606209954993411682
0.458000000000000240,-3.592251749302609820
0.459000000000000241,-3.578175972307021446
0.460000000000000242,-3.563985790032360601
0.461000000000000243,-3.549684345845780520
0.462000000000000244,-3.535274760297124175
0.463000000000000245,-3.520760130942385047
0.464000000000000246,-3.506143532151688280
0.465000000000000246,-3.491428014903611654
0.466000000000000247,-3.476616606567815015
0.467000000000000248,-3.461712310677728333
0.468000000000000249,-3.446718106694985018
0.469000000000000250,-3.431636949767175260
0.470000000000000251,-3.416471770480414172
0.471000000000000252,-3.401225474608056576
0.472000000000000253,-3.385900942857035911
0.473000000000000254,-3.370501030612820692
0.474000000000000254,-3.355028567684353646
0.475000000000000255,-3.339486358049881254
0.476000000000000256,-3.323877179604785681
0.477000000000000257,-3.308203783912277096
0.478000000000000258,-3.292468895957831876
0.479000000000000259,-3.276675213908177398
0.480000000000000260,-3.260825408875555720
0.481000000000000261,-3.244922124687911413
0.482000000000000262,-3.228967977665670563
0.483000000000000262,-3.212965556405670497
0.484000000000000263,-3.196917421572685658
0.485000000000000264,-3.180826105699129158
0.486000000000000265,-3.164694112993266195
0.487000000000000266,-3.148523919156327899
0.488000000000000267,-3.132317971208890217
0.489000000000000268,-3.116078687326800711
0.490000000000000269,-3.099808456686873548
0.491000000000000270,-3.083509639322653761
0.492000000000000270,-3.067184565990336953
0.493000000000000271,-3.050835538045095774
0.494000000000000272,-3.034464827327878034
0.495000000000000273,-3.018074676062791895
0.496000000000000274,-3.001667296765161197
0.497000000000000275,-2.985244872160266905
0.498000000000000276,-2.968809555112837284
0.499000000000000277,-2.952363468567249960
0.500000000000000222,-2.935908705498436522
0.501000000000000334,-2.919447328873459035
0.502000000000000224,-2.902981371623698514
0.503000000000000336,-2.886512836627544765
0.504000000000000226,-2.870043696703575176
0.505000000000000338,-2.853575894614002184
0.506000000000000227,-2.837111343078400960
0.507000000000000339,-2.820651924797468180
0.508000000000000229,-2.804199492486747936
0.509000000000000341,-2.787755868920106739
0.510000000000000231,-2.771322846982898547
0.511000000000000343,-2.754902189734493412
0.512000000000000233,-2.738495630480139997
0.513000000000000345,-2.722104872851849766
0.514000000000000234,-2.705731590898255767
0.515000000000000346,-2.689377429183041013
0.516000000000000236,-2.673044002891956872
0.517000000000000348,-2.656732897948027361
0.518000000000000238,-2.640445671134892258
0.519000000000000350,-2.624183850227923109
0.520000000000000240,-2.607948934132992225
0.521000000000000352,-2.591742393032659297
0.522000000000000242,-2.575565668539506969
0.523000000000000353,-2.559420173856447711
0.524000000000000243,-2.543307293943749769
0.525000000000000355,-2.527228385692572576
0.526000000000000245,-2.511184778104781579
0.527000000000000357,-2.495177772478796463
0.528000000000000247,-2.479208642601288926
0.529000000000000359,-2.463278634944455980
0.530000000000000249,-2.447388968868698278
0.531000000000000361,-2.431540836830422769
0.532000000000000250,-2.415735404594814728
0.533000000000000362,-2.399973811453306904
0.534000000000000252,-2.384257170445545970
0.535000000000000364,-2.368586568585663965
0.536000000000000254,-2.352963067092632254
0.537000000000000366,-2.337387701624435099
0.538000000000000256,-2.321861482515987340
0.539000000000000368,-2.306385395020423168
0.540000000000000258,-2.290960399553735094
0.541000000000000369,-2.275587431942390104
0.542000000000000259,-2.260267403673897668
0.543000000000000371,-2.245001202149999209
0.544000000000000261,-2.229789690942389768
0.545000000000000373,-2.214633710050734727
0.546000000000000263,-2.199534076162855456
0.547000000000000375,-2.184491582916798347
0.548000000000000265,-2.169507001164810767
0.549000000000000377,-2.154581079238814034
0.550000000000000266,-2.139714543217441811
0.551000000000000378,-2.124908097194298850
0.552000000000000268,-2.110162423547405464
0.553000000000000380,-2.095478183209618095
0.554000000000000270,-2.080856015939906545
0.555000000000000382,-2.066296540595289333
0.556000000000000272,-2.051800355403399667
0.557000000000000384,-2.037368038235379153
0.558000000000000274,-2.023000146879161409
0.559000000000000385,-2.008697219312815641
0.560000000000000275,-1.994459773978014328
0.561000000000000387,-1.980288310053352818
0.562000000000000277,-1.966183307727489282
0.563000000000000389,-1.952145228471966476
0.564000000000000279,-1.938174515313606294
0.565000000000000391,-1.924271593106360756
0.566000000000000281,-1.910436868802535271
0.567000000000000393,-1.896670731723264725
0.568000000000000282,-1.882973553828180879
0.569000000000000394,-1.869345689984114545
0.570000000000000284,-1.855787478232822085
0.571000000000000396,-1.842299240057580167
0.572000000000000286,-1.828881280648645413
0.573000000000000398,-1.815533889167381343
0.574000000000000288,-1.802257339009112780
0.575000000000000400,-1.789051888064534079
0.576000000000000290,-1.775917778979654527
0.577000000000000401,-1.762855239414179875
0.578000000000000291,-1.749864482298299606
0.579000000000000403,-1.736945706087785313
0.580000000000000293,-1.724099095017384897
0.581000000000000405,-1.711324819352386672
0.582000000000000295,-1.698623035638404444
0.583000000000000407,-1.685993886949219700
0.584000000000000297,-1.673437503132719328
0.585000000000000409,-1.660954001054837148
0.586000000000000298,-1.648543484841492601
0.587000000000000410,-1.636206046118434898
0.588000000000000300,-1.623941764249027475
0.589000000000000412,-1.611750706569846203
0.590000000000000302,-1.599632928624148187
0.591000000000000414,-1.587588474393127669
0.592000000000000304,-1.575617376524943936
0.593000000000000416,-1.563719656561473270
0.594000000000000306,-1.551895325162820471
0.595000000000000417,-1.540144382329485584
0.596000000000000307,-1.528466817622230689
0.597000000000000419,-1.516862610379591469
0.598000000000000309,-1.505331729933040430
0.599000000000000421,-1.493874135819745153
0.600000000000000311,-1.482489777992978652
0.601000000000000423,-1.471178597030075696
0.602000000000000313,-1.459940524338028567
0.603000000000000425,-1.448775482356599253
0.604000000000000314,-1.437683384759073535
0.605000000000000426,-1.426664136650496850
0.606000000000000316,-1.415717634763541399
0.607000000000000428,-1.404843767651865916
0.608000000000000318,-1.394042415881085129
0.609000000000000430,-1.383313452217228345
0.610000000000000320,-1.372656741812810832
0.611000000000000432,-1.362072142390398755
0.612000000000000322,-1.351559504423776925
0.613000000000000433,-1.341118671316637645
0.614000000000000323,-1.330749479578857253
0.615000000000000435,-1.320451759000326630
0.616000000000000325,-1.310225332822359423
0.617000000000000437,-1.300070017906671094
0.618000000000000327,-1.289985624901982542
0.619000000000000439,-1.279971958408165023
0.620000000000000329,-1.270028817138046273
0.621000000000000441,-1.260155994076806785
0.622000000000000330,-1.250353276639015743
0.623000000000000442,-1.240620446823302192
0.624000000000000332,-1.230957281364691402
0.625000000000000444,-1.221363551884597332
0.626000000000000334,-1.211839025038512041
0.627000000000000446,-1.202383462661372526
0.628000000000000336,-1.192996621910658028
0.629000000000000448,-1.183678255407200286
0.630000000000000338,-1.174428111373750916
0.631000000000000449,-1.165245933771291265
0.632000000000000339,-1.156131462433138690
0.633000000000000451,-1.147084433196827735
0.634000000000000341,-1.138104578033820147
0.635000000000000453,-1.129191625177036196
0.636000000000000343,-1.120345299246235271
0.637000000000000455,-1.111565321371261739
0.638000000000000345,-1.102851409313198028
0.639000000000000457,-1.094203277583379652
0.640000000000000346,-1.085620637560392510
0.641000000000000458,-1.077103197604962537
0.642000000000000348,-1.068650663172858728
0.643000000000000460,-1.060262736925737581
0.644000000000000350,-1.051939118840038434
0.645000000000000462,-1.043679506313863747
0.646000000000000352,-1.035483594271951358
0.647000000000000464,-1.027351075268665204
0.648000000000000353,-1.019281639589138866
0.649000000000000465,-1.011274975348463112
0.650000000000000355,-1.003330768589071109
0.651000000000000467,-0.995448703376219379
0.652000000000000357,-0.987628461891701059
0.653000000000000469,-0.979869724525699759
0.654000000000000359,-0.972172169966918909
0.655000000000000471,-0.964535475290899003
0.656000000000000361,-0.956959316046645747
0.657000000000000473,-0.949443366341492956
0.658000000000000362,-0.941987298924320315
0.659000000000000474,-0.934590785267052082
0.660000000000000364,-0.927253495644546843
0.661000000000000476,-0.919975099212818059
0.662000000000000366,-0.912755264085675533
0.663000000000000478,-0.905593657409762498
0.664000000000000368,-0.898489945438035731
0.665000000000000480,-0.891443793601698453
0.666000000000000369,-0.884454866580605015
0.667000000000000481,-0.877522828372172548
0.668000000000000371,-0.870647342358807586
0.669000000000000483,-0.863828071373857531
0.670000000000000373,-0.857064677766164129
0.671000000000000485,-0.850356823463129352
0.672000000000000375,-0.843704170032466783
0.673000000000000487,-0.837106378742501378
0.674000000000000377,-0.830563110621156064
0.675000000000000488,-0.824074026513577751
0.676000000000000378,-0.817638787138466605
0.677000000000000490,-0.811257053143090823
0.678000000000000380,-0.804928485157029194
0.679000000000000492,-0.798652743844653012
0.680000000000000382,-0.792429489956381294
0.681000000000000494,-0.786258384378697106
0.682000000000000384,-0.780139088182986051
0.683000000000000496,-0.774071262673172056
0.684000000000000385,-0.768054569432207956
0.685000000000000497,-0.762088670367408128
0.686000000000000387,-0.756173227754674437
0.687000000000000499,-0.750307904281587779
0.688000000000000389,-0.744492363089448661
0.689000000000000501,-0.738726267814201476
0.690000000000000391,-0.733009282626350123
0.691000000000000503,-0.727341072269804156
0.692000000000000393,-0.721721302099729622
0.693000000000000504,-0.716149638119381371
0.694000000000000394,-0.710625747015973475
0.695000000000000506,-0.705149296195553554
0.696000000000000396,-0.699719953816953510
0.697000000000000508,-0.694337388824793011
0.698000000000000398,-0.689001270981571823
0.699000000000000510,-0.683711270898848200
0.700000000000000400,-0.678467060067556194
0.701000000000000512,-0.673268310887422450
0.702000000000000401,-0.668114696695555788
0.703000000000000513,-0.663005891794185453
0.704000000000000403,-0.657941571477574150
0.705000000000000515,-0.652921412058125705
0.706000000000000405,-0.647945090891705933
0.707000000000000517,-0.643012286402171562
0.708000000000000407,-0.638122678105139784
0.709000000000000519,-0.633275946631012832
0.710000000000000409,-0.628471773747259932
0.711000000000000520,-0.623709842379973955
0.712000000000000410,-0.618989836634732393
0.713000000000000522,-0.614311441816740911
0.714000000000000412,-0.609674344450321093
0.715000000000000524,-0.605078232297707852
0.716000000000000414,-0.600522794377203573
0.717000000000000526,-0.596007720980680222
0.718000000000000416,-0.591532703690461625
0.719000000000000528,-0.587097435395572576
0.720000000000000417,-0.582701610307396645
0.721000000000000529,-0.578344923974732472
0.722000000000000419,-0.574027073298273294
0.723000000000000531,-0.569747756544502826
0.724000000000000421,-0.565506673359051026
0.725000000000000533,-0.561303524779488749
0.726000000000000423,-0.557138013247596486
0.727000000000000535,-0.553009842621093095
0.728000000000000425,-0.548918718184867815
0.729000000000000536,-0.544864346661694476
0.730000000000000426,-0.540846436222465310
0.731000000000000538,-0.536864696495928273
0.732000000000000428,-0.532918838577962517
0.733000000000000540,-0.529008575040387896
0.734000000000000430,-0.525133619939320839
0.735000000000000542,-0.521293688823086243
0.736000000000000432,-0.517488498739707259
0.737000000000000544,-0.513717768243948547
0.738000000000000433,-0.509981217403972620
0.739000000000000545,-0.506278567807566193
0.740000000000000435,-0.502609542567987178
0.741000000000000547,-0.498973866329417259
0.742000000000000437,-0.495371265272035788
0.743000000000000549,-0.491801467116720570
0.744000000000000439,-0.488264201129397613
0.745000000000000551,-0.484759198125018442
0.746000000000000441,-0.481286190471215569
0.747000000000000552,-0.477844912091597851
0.748000000000000442,-0.474435098468728000
0.749000000000000554,-0.471056486646785011
0.750000000000000444,-0.467708815233889130
0.751000000000000556,-0.464391824404142284
0.752000000000000446,-0.461105255899363964
0.753000000000000558,-0.457848853030522362
0.754000000000000448,-0.454622360678892001
0.755000000000000560,-0.451425525296938523
0.756000000000000449,-0.448258094908909388
0.757000000000000561,-0.445119819111181592
0.758000000000000451,-0.442010449072344325
0.759000000000000563,-0.438929737533026221
0.760000000000000453,-0.435877438805473694
0.761000000000000565,-0.432853308772908729
0.762000000000000455,-0.429857104888626496
0.763000000000000567,-0.426888586174887563
0.764000000000000457,-0.423947513221583194
0.765000000000000568,-0.421033648184674369
0.766000000000000458,-0.418146754784434527
0.767000000000000570,-0.415286598303487242
0.768000000000000460,-0.412452945584631692
0.769000000000000572,-0.409645565028493863
0.770000000000000462,-0.406864226590973377
0.771000000000000574,-0.404108701780515389
0.772000000000000464,-0.401378763655206139
0.773000000000000576,-0.398674186819688248
0.774000000000000465,-0.395994747421916871
0.775000000000000577,-0.393340223149744039
0.776000000000000467,-0.390710393227353792
0.777000000000000579,-0.388105038411530212
0.778000000000000469,-0.385523940987795410
0.779000000000000581,-0.382966884766381688
0.780000000000000471,-0.380433655078078026
0.781000000000000583,-0.377924038769928916
0.782000000000000473,-0.375437824200816062
0.783000000000000584,-0.372974801236893916
0.784000000000000474,-0.370534761246917421
0.785000000000000586,-0.368117497097436741
0.786000000000000476,-0.365722803147880637
0.787000000000000588,-0.363350475245534155
0.788000000000000478,-0.361000310720393736
0.789000000000000590,-0.358672108379926802
0.790000000000000480,-0.356365668503732025
0.791000000000000592,-0.354080792838084857
0.792000000000000481,-0.351817284590413504
0.793000000000000593,-0.349574948423659826
0.794000000000000483,-0.347353590450563909
0.795000000000000595,-0.345153018227865038
0.796000000000000485,-0.342973040750412739
0.797000000000000597,-0.340813468445204493
0.798000000000000487,-0.338674113165350232
0.799000000000000599,-0.336554788183952069
0.800000000000000488,-0.334455308187929734
0.801000000000000600,-0.332375489271766356
0.802000000000000490,-0.330315148931194513
0.803000000000000602,-0.328274106056821613
0.804000000000000492,-0.326252180927693536
0.805000000000000604,-0.324249195204800278
0.806000000000000494,-0.322264971924534072
0.807000000000000606,-0.320299335492090442
0.808000000000000496,-0.318352111674816141
0.809000000000000608,-0.316423127595520826
0.810000000000000497,-0.314512211725735236
0.811000000000000609,-0.312619193878928392
0.812000000000000499,-0.310743905203690551
0.813000000000000611,-0.308886178176869197
0.814000000000000501,-0.307045846596675387
0.815000000000000613,-0.305222745575755183
0.816000000000000503,-0.303416711534224504
0.817000000000000615,-0.301627582192683596
0.818000000000000504,-0.299855196565190441
0.819000000000000616,-0.298099394952222541
0.820000000000000506,-0.296360018933599534
0.821000000000000618,-0.294636911361396525
0.822000000000000508,-0.292929916352827502
0.823000000000000620,-0.291238879283112151
0.824000000000000510,-0.289563646778325690
0.825000000000000622,-0.287904066708239759
0.826000000000000512,-0.286259988179126901
0.827000000000000624,-0.284631261526582913
0.828000000000000513,-0.283017738308311173
0.829000000000000625,-0.281419271296916407
0.830000000000000515,-0.279835714472676855
0.831000000000000627,-0.278266923016314949
0.832000000000000517,-0.276712753301760817
0.833000000000000629,-0.275173062888917408
0.834000000000000519,-0.273647710516413400
0.835000000000000631,-0.272136556094356163
0.836000000000000520,-0.270639460697094270
0.837000000000000632,-0.269156286555964352
0.838000000000000522,-0.267686897052053063
0.839000000000000634,-0.266231156708954142
0.840000000000000524,-0.264788931185536147
0.841000000000000636,-0.263360087268706800
0.842000000000000526,-0.261944492866190981
0.843000000000000638,-0.260542016999312787
0.844000000000000528,-0.259152529795782294
0.845000000000000639,-0.257775902482500541
0.846000000000000529,-0.256412007378362394
0.847000000000000641,-0.255060717887081789
0.848000000000000531,-0.253721908490020021
0.849000000000000643,-0.252395454739030911
0.850000000000000533,-0.251081233249324964
0.851000000000000645,-0.249779121692325135
0.852000000000000535,-0.248488998788575888
0.853000000000000647,-0.247210744300624535
0.854000000000000536,-0.245944239025959688
0.855000000000000648,-0.244689364789933250
0.856000000000000538,-0.243446004438722552
0.857000000000000650,-0.242214041832301469
0.858000000000000540,-0.240993361837433223
0.859000000000000652,-0.239783850320682251
0.860000000000000542,-0.238585394141446194
0.861000000000000654,-0.237397881145010453
0.862000000000000544,-0.236221200155628086
0.863000000000000655,-0.235055240969606505
0.864000000000000545,-0.233899894348439441
0.865000000000000657,-0.232755052011943769
0.866000000000000547,-0.231620606631431081
0.867000000000000659,-0.230496451822892606
0.868000000000000549,-0.229382482140225552
0.869000000000000661,-0.228278593068466151
0.870000000000000551,-0.227184681017061518
0.871000000000000663,-0.226100643313158128
0.872000000000000552,-0.225026378194929849
0.873000000000000664,-0.223961784804912856
0.874000000000000554,-0.222906763183389145
0.875000000000000666,-0.221861214261781153
0.876000000000000556,-0.220825039856086314
0.877000000000000668,-0.219798142660326462
0.878000000000000558,-0.218780426240040876
0.879000000000000670,-0.217771795025798631
0.880000000000000560,-0.216772154306737963
0.881000000000000671,-0.215781410224146653
0.882000000000000561,-0.214799469765057344
0.883000000000000673,-0.213826240755883801
0.884000000000000563,-0.212861631856087474
0.885000000000000675,-0.211905552551862358
0.886000000000000565,-0.210957913149863618
0.887000000000000677,-0.210018624770962503
0.888000000000000567,-0.209087599344031233
0.889000000000000679,-0.208164749599759558
0.890000000000000568,-0.207249989064501428
0.891000000000000680,-0.206343232054158582
0.892000000000000570,-0.205444393668090808
0.893000000000000682,-0.204553389783054540
0.894000000000000572,-0.203670137047187338
0.895000000000000684,-0.202794552874004885
0.896000000000000574,-0.201926555436453908
0.897000000000000686,-0.201066063660969629
0.898000000000000576,-0.200212997221591138
0.899000000000000687,-0.199367276534095444
0.900000000000000577,-0.198528822750169337
0.901000000000000689,-0.197697557751605524
0.902000000000000579,-0.196873404144547626
0.903000000000000691,-0.196056285253751045
0.904000000000000581,-0.195246125116887825
0.905000000000000693,-0.194442848478883185
0.906000000000000583,-0.193646380786280325
0.907000000000000695,-0.192856648181638890
0.908000000000000584,-0.192073577497972880
0.909000000000000696,-0.191297096253217114
0.910000000000000586,-0.190527132644722930
0.911000000000000698,-0.189763615543799113
0.912000000000000588,-0.189006474490272941
0.913000000000000700,-0.188255639687091525
0.914000000000000590,-0.187511041994953220
0.915000000000000702,-0.186772612926974890
0.916000000000000592,-0.186040284643394699
0.917000000000000703,-0.185313989946297608
0.918000000000000593,-0.184593662274389003
0.919000000000000705,-0.183879235697785220
0.920000000000000595,-0.183170644912854064
0.921000000000000707,-0.182467825237070419
0.922000000000000597,-0.181770712603924300
0.923000000000000709,-0.181079243557841829
0.924000000000000599,-0.180393355249156784
0.925000000000000711,-0.179712985429104549
0.926000000000000600,-0.179038072444848484
0.927000000000000712,-0.178368555234546922
0.928000000000000602,-0.177704373322446652
0.929000000000000714,-0.177045466814007318
0.930000000000000604,-0.176391776391069066
0.931000000000000716,-0.175743243307033281
0.932000000000000606,-0.175099809382097404
0.933000000000000718,-0.174461416998511698
0.934000000000000608,-0.173828009095859604
0.935000000000000719,-0.173199529166388227
0.936000000000000609,-0.172575921250360559
0.937000000000000721,-0.171957129931436026
0.938000000000000611,-0.171343100332093823
0.939000000000000723,-0.170733778109076251
0.940000000000000613,-0.170129109448873633
0.941000000000000725,-0.169529041063234964
0.942000000000000615,-0.168933520184709918
0.943000000000000727,-0.168342494562227357
0.944000000000000616,-0.167755912456699158
0.945000000000000728,-0.167173722636655059
0.946000000000000618,-0.166595874373918929
0.947000000000000730,-0.166022317439294326
0.948000000000000620,-0.165453002098309793
0.949000000000000732,-0.164887879106965951
0.950000000000000622,-0.164326899707535695
0.951000000000000734,-0.163770015624380594
0.952000000000000624,-0.163217179059801987
0.953000000000000735,-0.162668342689926443
0.954000000000000625,-0.162123459660613756
0.955000000000000737,-0.161582483583399272
0.956000000000000627,-0.161045368531466393
0.957000000000000739,-0.160512069035645327
0.958000000000000629,-0.159982540080445934
0.959000000000000741,-0.159456737100111656
0.960000000000000631,-0.158934615974716142
0.961000000000000743,-0.158416133026275385
0.962000000000000632,-0.157901245014893776
0.963000000000000744,-0.157389909134945716
0.964000000000000634,-0.156882083011272544
0.965000000000000746,-0.156377724695416470
0.966000000000000636,-0.155876792661886532
0.967000000000000748,-0.155379245804441873
0.968000000000000638,-0.154885043432408637
0.969000000000000750,-0.154394145267031935
0.970000000000000639,-0.153906511437839871
0.971000000000000751,-0.153422102479049138
0.972000000000000641,-0.152940879325991319
0.973000000000000753,-0.152462803311565059
0.974000000000000643,-0.151987836162726708
0.975000000000000755,-0.151515939996990034
0.976000000000000645,-0.151047077318967105
0.977000000000000757,-0.150581211016930977
0.978000000000000647,-0.150118304359405236
0.979000000000000759,-0.149658320991777227
0.980000000000000648,-0.149201224932944465
0.981000000000000760,-0.148746980571979437
0.982000000000000650,-0.148295552664824443
0.983000000000000762,-0.147846906331013966
0.984000000000000652,-0.147401007050414895
0.985000000000000764,-0.146957820660005734
0.986000000000000654,-0.146517313350664563
0.987000000000000766,-0.146079451663998217
0.988000000000000655,-0.145644202489184194
0.989000000000000767,-0.145211533059845743
0.990000000000000657,-0.144781410950944267
0.991000000000000769,-0.144353804075702918
0.992000000000000659,-0.143928680682553961
0.993000000000000771,-0.143506009352105890
0.994000000000000661,-0.143085758994136975
0.995000000000000773,-0.142667898844615532
0.996000000000000663,-0.142252398462742985
0.997000000000000774,-0.141839227728011719
0.998000000000000664,-0.141428356837304481
0.999000000000000776,-0.141019756301998755
1.000000000000000666,-0.140613396945106495
1.001000000000000778,-0.140209249898432503
1.002000000000000668,-0.139807286599757191
1.003000000000000780,-0.139407478790037398
1.004000000000000670,-0.139009798510635413
1.005000000000000782,-0.138614218100569953
1.006000000000000671,-0.138220710193790286
1.007000000000000783,-0.137829247716462544
1.008000000000000673,-0.137439803884294165
1.009000000000000785,-0.137052352199867389
1.010000000000000675,-0.136666866450001812
1.011000000000000787,-0.136283320703134259
1.012000000000000677,-0.135901689306723833
1.013000000000000789,-0.135521946884670758
1.014000000000000679,-0.135144068334772272
1.015000000000000790,-0.134768028826177222
1.016000000000000680,-0.134393803796882316
1.017000000000000792,-0.134021368951235009
1.018000000000000682,-0.133650700257465727
1.019000000000000794,-0.133281773945235799
1.020000000000000684,-0.132914566503206627
1.021000000000000796,-0.132549054676627809
1.022000000000000686,-0.132185215464952766
1.023000000000000798,-0.131823026119460229
1.024000000000000687,-0.131462464140907814
1.025000000000000799,-0.131103507277204101
1.026000000000000689,-0.130746133521089380
1.027000000000000801,-0.130390321107851898
1.028000000000000691,-0.130036048513047398
1.029000000000000803,-0.129683294450247344
1.030000000000000693,-0.129332037868810312
1.031000000000000805,-0.128982257951654994
1.032000000000000695,-0.128633934113066090
1.033000000000000806,-0.128287045996523463
1.034000000000000696,-0.127941573472528075
1.035000000000000808,-0.127597496636468882
1.036000000000000698,-0.127254795806494181
1.037000000000000810,-0.126913451521405374
1.038000000000000700,-0.126573444538571722
1.039000000000000812,-0.126234755831853562
1.040000000000000702,-0.125897366589554693
1.041000000000000814,-0.125561258212383092
1.042000000000000703,-0.125226412311432223
1.043000000000000815,-0.124892810706180329
1.044000000000000705,-0.124560435422510343
1.045000000000000817,-0.124229268690729922
1.046000000000000707,-0.123899292943637634
1.047000000000000819,-0.123570490814574538
1.048000000000000709,-0.123242845135517115
1.049000000000000821,-0.122916338935169511
1.050000000000000711,-0.122590955437081761
1.051000000000000822,-0.122266678057779549
1.052000000000000712,-0.121943490404916741
1.053000000000000824,-0.121621376275431792
1.054000000000000714,-0.121300319653730920
1.055000000000000826,-0.120980304709885550
1.056000000000000716,-0.120661315797835608
1.057000000000000828,-0.120343337453623536
1.058000000000000718,-0.120026354393629742
1.059000000000000830,-0.119710351512834351
1.060000000000000719,-0.119395313883084858
1.061000000000000831,-0.119081226751381039
1.062000000000000721,-0.118768075538185511
1.063000000000000833,-0.118455845835727033
1.064000000000000723,-0.118144523406347096
1.065000000000000835,-0.117834094180827798
1.066000000000000725,-0.117524544256766506
1.067000000000000837,-0.117215859896941610
1.068000000000000727,-0.116908027527704503
1.069000000000000838,-0.116601033737382037
1.070000000000000728,-0.116294865274687756
1.071000000000000840,-0.115989509047161626
1.072000000000000730,-0.115684952119604972
1.073000000000000842,-0.115381181712541192
1.074000000000000732,-0.115078185200689326
1.075000000000000844,-0.114775950111448144
1.076000000000000734,-0.114474464123389061
1.077000000000000846,-0.114173715064773501
1.078000000000000735,-0.113873690912071640
1.079000000000000847,-0.113574379788506624
1.080000000000000737,-0.113275769962596404
1.081000000000000849,-0.112977849846724099
1.082000000000000739,-0.112680607995706852
1.083000000000000851,-0.112384033105388650
1.084000000000000741,-0.112088114011242010
1.085000000000000853,-0.111792839686975537
1.086000000000000743,-0.111498199243164481
1.087000000000000854,-0.111204181925883633
1.088000000000000744,-0.110910777115364234
1.089000000000000856,-0.110617974324645749
1.090000000000000746,-0.110325763198257668
1.091000000000000858,-0.110034133510902743
1.092000000000000748,-0.109743075166148590
1.093000000000000860,-0.109452578195146449
1.094000000000000750,-0.109162632755342687
1.095000000000000862,-0.108873229129212934
1.096000000000000751,-0.108584357723006258
1.097000000000000863,-0.108296009065499230
1.098000000000000753,-0.108008173806759603
1.099000000000000865,-0.107720842716925211
1.100000000000000755,-0.107434006684988370
1.101000000000000867,-0.107147656717592632
1.102000000000000757,-0.106861783937852770
1.103000000000000869,-0.106576379584157777
1.104000000000000759,-0.106291435009012475
1.105000000000000870,-0.106006941677878566
1.106000000000000760,-0.105722891168018099
1.107000000000000872,-0.105439275167364108
1.108000000000000762,-0.105156085473383065
1.109000000000000874,-0.104873313991968975
1.110000000000000764,-0.104590952736322088
1.111000000000000876,-0.104308993825860744
1.112000000000000766,-0.104027429485130968
1.113000000000000878,-0.103746252042724446
1.114000000000000767,-0.103465453930217596
1.115000000000000879,-0.103185027681105462
1.116000000000000769,-0.102904965929756773
1.117000000000000881,-0.102625261410375715
1.118000000000000771,-0.102345906955970095
1.119000000000000883,-0.102066895497325907
1.120000000000000773,-0.101788220062005316
1.121000000000000885,-0.101509873773338116
1.122000000000000774,-0.101231849849429928
1.123000000000000886,-0.100954141602177791
1.124000000000000776,-0.100676742436297650
1.125000000000000888,-0.100399645848355812
1.126000000000000778,-0.100122845425811374
1.127000000000000890,-0.099846334846069557
1.128000000000000780,-0.099570107875541353
1.129000000000000892,-0.099294158368711374
1.130000000000000782,-0.099018480267213577
1.131000000000000894,-0.098743067598922568
1.132000000000000783,-0.098467914477042368
1.133000000000000895,-0.098193015099211564
1.134000000000000785,-0.097918363746612572
1.135000000000000897,-0.097643954783091971
1.136000000000000787,-0.097369782654285239
1.137000000000000899,-0.097095841886755407
1.138000000000000789,-0.096822127087134086
1.139000000000000901,-0.096548632941270168
1.140000000000000790,-0.096275354213393796
1.141000000000000902,-0.096002285745277680
1.142000000000000792,-0.095729422455414534
1.143000000000000904,-0.095456759338200248
1.144000000000000794,-0.095184291463116161
1.145000000000000906,-0.094912013973937087
1.146000000000000796,-0.094639922087926376
1.147000000000000908,-0.094368011095051954
1.148000000000000798,-0.094096276357205327
1.149000000000000909,-0.093824713307426796
1.150000000000000799,-0.093553317449141873
1.151000000000000911,-0.093282084355395867
1.152000000000000801,-0.093011009668111114
1.153000000000000913,-0.092740089097332459
1.154000000000000803,-0.092469318420493482
1.155000000000000915,-0.092198693481685023
1.156000000000000805,-0.091928210190933932
1.157000000000000917,-0.091657864523475990
1.158000000000000806,-0.091387652519055923
1.159000000000000918,-0.091117570281216684
1.160000000000000808,-0.090847613976601224
1.161000000000000920,-0.090577779834263947
1.162000000000000810,-0.090308064144986960
1.163000000000000922,-0.090038463260598389
1.164000000000000812,-0.089768973593301715
1.165000000000000924,-0.089499591615012614
1.166000000000000814,-0.089230313856697691
1.167000000000000925,-0.088961136907718730
1.168000000000000815,-0.088692057415190803
1.169000000000000927,-0.088423072083340298
1.170000000000000817,-0.088154177672866749
1.171000000000000929,-0.087885371000316612
1.172000000000000819,-0.087616648937460059
1.173000000000000931,-0.087348008410675818
1.174000000000000821,-0.087079446400337282
1.175000000000000933,-0.086810959940208932
1.176000000000000822,-0.086542546116848057
1.177000000000000934,-0.086274202069003297
1.178000000000000824,-0.086005924987037713
1.179000000000000936,-0.085737712112339909
1.180000000000000826,-0.085469560736746344
1.181000000000000938,-0.085201468201972774
1.182000000000000828,-0.084933431899045911
1.183000000000000940,-0.084665449267743928
1.184000000000000830,-0.084397517796039073
1.185000000000000941,-0.084129635019550647
1.186000000000000831,-0.083861798520998662
1.187000000000000943,-0.083594005929663859
1.188000000000000833,-0.083326254920853757
1.189000000000000945,-0.083058543215373551
1.190000000000000835,-0.082790868579001947
1.191000000000000947,-0.082523228821970301
1.192000000000000837,-0.082255621798453957
1.193000000000000949,-0.081988045406053520
1.194000000000000838,-0.081720497585299756
1.195000000000000950,-0.081452976319149079
1.196000000000000840,-0.081185479632490593
1.197000000000000952,-0.080918005591653783
1.198000000000000842,-0.080650552303929660
1.199000000000000954,-0.080383117917081193
1.200000000000000844,-0.080115700618875102
1.201000000000000734,-0.079848298636605863
1.202000000000000846,-0.079580910236634911
1.203000000000000957,-0.079313533723917778
1.204000000000000847,-0.079046167441562315
1.205000000000000737,-0.078778809770357755
1.206000000000000849,-0.078511459128339303
1.207000000000000961,-0.078244113970338466
1.208000000000000851,-0.077976772787544391
1.209000000000000741,-0.077709434107064018
1.210000000000000853,-0.077442096491497942
1.211000000000000965,-0.077174758538505223
1.212000000000000854,-0.076907418880386783
1.213000000000000744,-0.076640076183661351
1.214000000000000856,-0.076372729148654922
1.215000000000000968,-0.076105376509084957
1.216000000000000858,-0.075838017031658919
1.217000000000000748,-0.075570649515667471
1.218000000000000860,-0.075303272792586348
1.219000000000000972,-0.075035885725685245
1.220000000000000862,-0.074768487209629614
1.221000000000000751,-0.074501076170099143
1.222000000000000863,-0.074233651563403280
1.223000000000000975,-0.073966212376100612
1.224000000000000865,-0.073698757624623148
1.225000000000000755,-0.073431286354903397
1.226000000000000867,-0.073163797642008838
1.227000000000000979,-0.072896290589774787
1.228000000000000869,-0.072628764330442769
1.229000000000000759,-0.072361218024305923
1.230000000000000870,-0.072093650859350905
1.231000000000000982,-0.071826062050908912
1.232000000000000872,-0.071558450841312141
1.233000000000000762,-0.071290816499544135
1.234000000000000874,-0.071023158320902863
1.235000000000000986,-0.070755475626667119
1.236000000000000876,-0.070487767763754178
1.237000000000000766,-0.070220034104401058
1.238000000000000878,-0.069952274045829418
1.239000000000000989,-0.069684487009922302
1.240000000000000879,-0.069416672442913357
1.241000000000000769,-0.069148829815054852
1.242000000000000881,-0.068880958620317262
1.243000000000000993,-0.068613058376070249
1.244000000000000883,-0.068345128622781456
1.245000000000000773,-0.068077168923704565
1.246000000000000885,-0.067809178864583486
1.247000000000000997,-0.067541158053354949
1.248000000000000886,-0.067273106119848755
1.249000000000000776,-0.067005022715496299
1.250000000000000888,-0.066736907513045590
1.251000000000001000,-0.066468760206270960
1.252000000000000890,-0.066200580509688883
1.253000000000000780,-0.065932368158278853
1.254000000000000892,-0.065664122907208869
1.255000000000001004,-0.065395844531554032
1.256000000000000894,-0.065127532826027498
1.257000000000000783,-0.064859187604713195
1.258000000000000895,-0.064590808700797184
1.259000000000001007,-0.064322395966303042
1.260000000000000897,-0.064053949271832694
1.261000000000000787,-0.063785468506305551
1.262000000000000899,-0.063516953576704380
1.263000000000001011,-0.063248404407823380
1.264000000000000901,-0.062979820942013681
1.265000000000000790,-0.062711203138939547
1.266000000000000902,-0.062442550975329067
1.267000000000001014,-0.062173864444735660
1.268000000000000904,-0.061905143557292930
1.269000000000000794,-0.061636388339480576
1.270000000000000906,-0.061367598833885907
1.271000000000001018,-0.061098775098973976
1.272000000000000908,-0.060829917208856644
1.273000000000000798,-0.060561025253058620
1.274000000000000909,-0.060292099336299552
1.275000000000001021,-0.060023139578268256
1.276000000000000911,-0.059754146113397355
1.277000000000000801,-0.059485119090651427
1.278000000000000913,-0.059216058673300674
1.279000000000001025,-0.058946965038720898
1.280000000000000915,-0.058677838378168444
1.281000000000000805,-0.058408678896575306
1.282000000000000917,-0.058139486812343932
1.283000000000001029,-0.057870262357137450
1.284000000000000918,-0.057601005775680239
1.285000000000000808,-0.057331717325554456
1.286000000000000920,-0.057062397277000909
1.287000000000001032,-0.056793045912726249
1.288000000000000922,-0.056523663527702550
1.289000000000000812,-0.056254250428976735
1.290000000000000924,-0.055984806935484036
1.291000000000001036,-0.055715333377851881
1.292000000000000925,-0.055445830098220017
1.293000000000000815,-0.055176297450051835
1.294000000000000927,-0.054906735797954118
1.295000000000001039,-0.054637145517493747
1.296000000000000929,-0.054367526995023029
1.297000000000000819,-0.054097880627498575
1.298000000000000931,-0.053828206822308676
1.299000000000001043,-0.053558505997102122
1.300000000000000933,-0.053288778579609099
1.301000000000000822,-0.053019025007485045
1.302000000000000934,-0.052749245728129245
1.303000000000001046,-0.052479441198532019
1.304000000000000936,-0.052209611885097387
1.305000000000000826,-0.051939758263494840
1.306000000000000938,-0.051669880818486981
1.307000000000001050,-0.051399980043778472
1.308000000000000940,-0.051130056441858196
1.309000000000000830,-0.050860110523842109
1.310000000000000941,-0.050590142809318173
1.311000000000001053,-0.050320153826200295
1.312000000000000943,-0.050050144110572403
1.313000000000000833,-0.049780114206545711
1.314000000000000945,-0.049510064666105066
1.315000000000001057,-0.049239996048968997
1.316000000000000947,-0.048969908922445703
1.317000000000000837,-0.048699803861288860
1.318000000000000949,-0.048429681447558201
1.319000000000001060,-0.048159542270481505
1.320000000000000950,-0.047889386926315350
1.321000000000000840,-0.047619216018210668
1.322000000000000952,-0.047349030156079039
1.323000000000001064,-0.047078829956460948
1.324000000000000954,-0.046808616042388208
1.325000000000000844,-0.046538389043262247
1.326000000000000956,-0.046268149594721676
1.327000000000001068,-0.045997898338515419
1.328000000000000957,-0.045727635922376018
1.329000000000000847,-0.045457362999900899
1.330000000000000959,-0.045187080230423726
1.331000000000001071,-0.044916788278894192
1.332000000000000961,-0.044646487815763143
1.333000000000000851,-0.044376179516858731
1.334000000000000963,-0.044105864063268864
1.335000000000001075,-0.043835542141230803
1.336000000000000965,-0.043565214442010225
1.337000000000000854,-0.043294881661792170
1.338000000000000966,-0.043024544501568923
1.339000000000001078,-0.042754203667026446
1.340000000000000968,-0.042483859868439909
1.341000000000000858,-0.042213513820559448
1.342000000000000970,-0.041943166242508476
1.343000000000001082,-0.041672817857677617
1.344000000000000972,-0.041402469393614513
1.345000000000000862,-0.041132121581932468
1.346000000000000973,-0.040861775158192698
1.347000000000001085,-0.040591430861819815
1.348000000000000975,-0.040321089435989298
1.349000000000000865,-0.040050751627536366
1.350000000000000977,-0.039780418186856396
1.351000000000001089,-0.039510089867810315
1.352000000000000979,-0.039239767427626679
1.353000000000000869,-0.038969451626810869
1.354000000000000981,-0.038699143229050013
1.355000000000001092,-0.038428843001125298
1.356000000000000982,-0.038158551712814612
1.357000000000000872,-0.037888270136810197
1.358000000000000984,-0.037617999048625839
1.359000000000001096,-0.037347739226513556
1.360000000000000986,-0.037077491451367670
1.361000000000000876,-0.036807256506657102
1.362000000000000988,-0.036537035178319480
1.363000000000001100,-0.036266828254699138
1.364000000000000989,-0.035996636526449230
1.365000000000000879,-0.035726460786456332
1.366000000000000991,-0.035456301829763268
1.367000000000001103,-0.035186160453485597
1.368000000000000993,-0.034916037456732427
1.369000000000000883,-0.034645933640536045
1.370000000000000995,-0.034375849807766048
1.371000000000001107,-0.034105786763063618
1.372000000000000997,-0.033835745312757168
1.373000000000000886,-0.033565726264800901
1.374000000000000998,-0.033295730428686061
1.375000000000001110,-0.033025758615388631
1.376000000000001000,-0.032755811637281154
1.377000000000000890,-0.032485890308073959
1.378000000000001002,-0.032215995442739599
1.379000000000001114,-0.031946127857449984
1.380000000000001004,-0.031676288369505388
1.381000000000000894,-0.031406477797266560
1.382000000000001005,-0.031136696960097569
1.383000000000001117,-0.030866946678288921
1.384000000000001007,-0.030597227773004686
1.385000000000000897,-0.030327541066211151
1.386000000000001009,-0.030057887380619631
1.387000000000001121,-0.029788267539623554
1.388000000000001011,-0.029518682367236947
1.389000000000000901,-0.029249132688033329
1.390000000000001013,-0.028979619327092081
1.391000000000001124,-0.028710143109932508
1.392000000000001014,-0.028440704862462907
1.393000000000000904,-0.028171305410918786
1.394000000000001016,-0.027901945581810327
1.395000000000001128,-0.027632626201864463
1.396000000000001018,-0.027363348097972907
1.397000000000000908,-0.027094112097134426
1.398000000000001020,-0.026824919026406446
1.399000000000001132,-0.026555769712848742
1.400000000000001021,-0.026286664983471313
1.401000000000000911,-0.026017605665189771
1.402000000000001023,-0.025748592584767006
1.403000000000001135,-0.025479626568765523
1.404000000000001025,-0.025210708443502417
1.405000000000000915,-0.024941839034998765
1.406000000000001027,-0.024673019168927383
1.407000000000001139,-0.024404249670576288
1.408000000000001029,-0.024135531364789062
1.409000000000000918,-0.023866865075932553
1.410000000000001030,-0.023598251627841509
1.411000000000001142,-0.023329691843777079
1.412000000000001032,-0.023061186546386114
1.413000000000000922,-0.022792736557656269
1.414000000000001034,-0.022524342698871491
1.415000000000001146,-0.022256005790569293
1.416000000000001036,-0.021987726652506517
1.417000000000000925,-0.021719506103610196
1.418000000000001037,-0.021451344961939327
1.419000000000001149,-0.021183244044649177
1.420000000000001039,-0.020915204167947569
1.421000000000000929,-0.020647226147061406
1.422000000000001041,-0.020379310796192308
1.423000000000001153,-0.020111458928482956
1.424000000000001043,-0.019843671355983576
1.425000000000000933,-0.019575948889607595
1.426000000000001044,-0.019308292339102081
1.427000000000001156,-0.019040702513009610
1.428000000000001046,-0.018773180218638864
1.429000000000000936,-0.018505726262022838
1.430000000000001048,-0.018238341447888259
1.431000000000001160,-0.017971026579624204
1.432000000000001050,-0.017703782459249522
1.433000000000000940,-0.017436609887377656
1.434000000000001052,-0.017169509663187383
1.435000000000001164,-0.016902482584390761
1.436000000000001053,-0.016635529447202421
1.437000000000000943,-0.016368651046311404
1.438000000000001055,-0.016101848174849855
1.439000000000001167,-0.015835121624362580
1.440000000000001057,-0.015568472184779223
1.441000000000000947,-0.015301900644388170
1.442000000000001059,-0.015035407789805642
1.443000000000001171,-0.014768994405950687
1.444000000000001060,-0.014502661276015493
1.445000000000000950,-0.014236409181442016
1.446000000000001062,-0.013970238901892241
1.447000000000001174,-0.013704151215227745
1.448000000000001064,-0.013438146897480662
1.449000000000000954,-0.013172226722827024
1.450000000000001066,-0.012906391463568945
1.451000000000001178,-0.012640641890106058
1.452000000000001068,-0.012374978770910787
1.453000000000000957,-0.012109402872508336
1.454000000000001069,-0.011843914959453743
1.455000000000001181,-0.011578515794307794
1.456000000000001071,-0.011313206137615816
1.457000000000000961,-0.011047986747887619
1.458000000000001073,-0.010782858381573137
1.459000000000001185,-0.010517821793045026
1.460000000000001075,-0.010252877734576914
1.461000000000000965,-0.009988026956321897
1.462000000000001076,-0.009723270206294264
1.463000000000001188,-0.009458608230351091
1.464000000000001078,-0.009194041772172310
1.465000000000000968,-0.008929571573242513
1.466000000000001080,-0.008665198372830162
1.467000000000001192,-0.008400922907973087
1.468000000000001082,-0.008136745913461462
1.469000000000000972,-0.007872668121815534
1.470000000000001084,-0.007608690263275092
1.471000000000001195,-0.007344813065779225
1.472000000000001085,-0.007081037254948931
1.473000000000000975,-0.006817363554076259
1.474000000000001087,-0.006553792684100036
1.475000000000001199,-0.006290325363604322
1.476000000000001089,-0.006026962308788778
1.477000000000000979,-0.005763704233463821
1.478000000000001091,-0.005500551849032097
1.479000000000001203,-0.005237505864473736
1.480000000000001092,-0.004974566986338388
1.481000000000000982,-0.004711735918725153
1.482000000000001094,-0.004449013363272825
1.483000000000001206,-0.004186400019145635
1.484000000000001096,-0.003923896583023115
1.485000000000000986,-0.003661503749083787
1.486000000000001098,-0.003399222208998540
1.487000000000001210,-0.003137052651914392
1.488000000000001100,-0.002874995764445366
1.489000000000000989,-0.002613052230657944
1.490000000000001101,-0.002351222732067933
1.491000000000001213,-0.002089507947621190
1.492000000000001103,-0.001827908553687127
1.493000000000000993,-0.001566425224051081
1.494000000000001105,-0.001305058629899247
1.495000000000001217,-0.001043809439811554
1.496000000000001107,-0.000782678319754478
1.497000000000000997,-0.000521665933068404
1.498000000000001108,-0.000260772940462080
1.499000000000001220,0.000000000000000000
