# bi-graphene_CS-7683-AC
# h[nm],U(h)[kJ/mol]
0.200000000000000011,51.988346624511258653
0.201000000000000012,51.088130767138530075
0.202000000000000013,49.695816193340917266
0.203000000000000014,48.116603957172145556
0.204000000000000015,46.511236108321611482
0.205000000000000016,44.952839358331274866
0.206000000000000016,43.464428561173875210
0.207000000000000017,42.042938926243820674
0.208000000000000018,40.674027777572021591
0.209000000000000019,39.340679626221934484
0.210000000000000020,38.027759222657074645
0.211000000000000021,36.724007200028701448
0.212000000000000022,35.422501710324077351
0.213000000000000023,34.120271318181082165
0.214000000000000024,32.817504672204641736
0.215000000000000024,31.516634955165738319
0.216000000000000025,30.221462172017044878
0.217000000000000026,28.936399287866159113
0.218000000000000027,27.665878174979820159
0.219000000000000028,26.413920228086233521
0.220000000000000029,25.183858477826536415
0.221000000000000030,23.978188809254870506
0.222000000000000031,22.798524419851460721
0.223000000000000032,21.645627769231214899
0.224000000000000032,20.519496479272074652
0.225000000000000033,19.419482918177152442
0.226000000000000034,18.344430871493234037
0.227000000000000035,17.292816341200293095
0.228000000000000036,16.262882868105240419
0.229000000000000037,15.252764709756007733
0.230000000000000038,14.260593672716021629
0.231000000000000039,13.284587392654577442
0.232000000000000040,12.323118408114334343
0.233000000000000040,11.374764531233221732
0.234000000000000041,10.438341836216002534
0.235000000000000042,9.512922120637547607
0.236000000000000043,8.597836999981174344
0.237000000000000044,7.692670921724149125
0.238000000000000045,6.797245375423931257
0.239000000000000046,5.911596466977413478
0.240000000000000047,5.035947849631265960
0.241000000000000048,4.170680786716330246
0.242000000000000048,3.316302881499429756
0.243000000000000049,2.473416763431774079
0.244000000000000050,1.642689778934527167
0.245000000000000051,0.824825506899742988
0.246000000000000052,0.020537709824769323
0.247000000000000053,-0.769472855721267335
0.248000000000000054,-1.544538509120891856
0.249000000000000055,-2.304041475512761394
0.250000000000000056,-3.047427470690514895
0.251000000000000056,-3.774216130270896308
0.252000000000000057,-4.484008445748648874
0.253000000000000058,-5.176491425094448928
0.254000000000000059,-5.851440234340168800
0.255000000000000060,-6.508718101307898962
0.256000000000000061,-7.148274275402552114
0.257000000000000062,-7.770140340217560393
0.258000000000000063,-8.374425170468818180
0.259000000000000064,-8.961308813172633947
0.260000000000000064,-9.531035556536286535
0.261000000000000065,-10.083906430065649573
0.262000000000000066,-10.620271357067140983
0.263000000000000067,-11.140521157004357633
0.264000000000000068,-11.645079570882236553
0.265000000000000069,-12.134395458639962939
0.266000000000000070,-12.608935293970009894
0.267000000000000071,-13.069176059462259687
0.268000000000000071,-13.515598623805857414
0.269000000000000072,-13.948681663190125590
0.270000000000000073,-14.368896171170698395
0.271000000000000074,-14.776700585187469983
0.272000000000000075,-15.172536543662388908
0.273000000000000076,-15.556825275148758791
0.274000000000000077,-15.929964610298705807
0.275000000000000078,-16.292326598382281588
0.276000000000000079,-16.644255702632570149
0.277000000000000079,-16.986067542695728605
0.278000000000000080,-17.318048147809498971
0.279000000000000081,-17.640453680897959288
0.280000000000000082,-17.953510591422716658
0.281000000000000083,-18.257416153450922280
0.282000000000000084,-18.552339344863554516
0.283000000000000085,-18.838422023819525464
0.284000000000000086,-19.115780359402272381
0.285000000000000087,-19.384506474701744594
0.286000000000000087,-19.644670262334219757
0.287000000000000088,-19.896321334486582799
0.288000000000000089,-20.139491071913607101
0.289000000000000090,-20.374194738846760799
0.290000000000000091,-20.600433633427577718
0.291000000000000092,-20.818197246005649248
0.292000000000000093,-21.027465400391548656
0.293000000000000094,-21.228210355889071792
0.294000000000000095,-21.420398850614766673
0.295000000000000095,-21.603994069218177998
0.296000000000000096,-21.778957520618824617
0.297000000000000097,-21.945250813759393793
0.298000000000000098,-22.102837321623230338
0.299000000000000099,-22.251683725869497721
0.300000000000000100,-22.391761436391952600
0.301000000000000101,-22.523047881906769874
0.302000000000000102,-22.645527669315733021
0.303000000000000103,-22.759193611077964903
0.304000000000000103,-22.864047621155727086
0.305000000000000104,-22.960101481283608393
0.306000000000000105,-23.047377480350320411
0.307000000000000106,-23.125908930584060386
0.308000000000000107,-23.195740565003994504
0.309000000000000108,-23.256928821248642691
0.310000000000000109,-23.309542017425219029
0.311000000000000110,-23.353660426049515308
0.312000000000000111,-23.389376252474168183
0.313000000000000111,-23.416793524438944019
0.314000000000000112,-23.436027899532078322
0.315000000000000113,-23.447206397430967684
0.316000000000000114,-23.450467063804545376
0.317000000000000115,-23.445958572713202273
0.318000000000000116,-23.433839774244297871
0.319000000000000117,-23.414279193977453275
0.320000000000000118,-23.387454490690963382
0.321000000000000119,-23.353551878504497097
0.322000000000000119,-23.312765519409328618
0.323000000000000120,-23.265296891870427487
0.324000000000000121,-23.211354140900262166
0.325000000000000122,-23.151151414705545051
0.326000000000000123,-23.084908192699938212
0.327000000000000124,-23.012848609360776919
0.328000000000000125,-22.935200778090571561
0.329000000000000126,-22.852196118925299118
0.330000000000000127,-22.764068693615662653
0.331000000000000127,-22.671054551295803492
0.332000000000000128,-22.573391087648182918
0.333000000000000129,-22.471316420175714512
0.334000000000000130,-22.365068781903552519
0.335000000000000131,-22.254885935555073218
0.336000000000000132,-22.141004609979081152
0.337000000000000133,-22.023659960351022136
0.338000000000000134,-21.903085053428210216
0.339000000000000135,-21.779510378910050150
0.340000000000000135,-21.653163387738207035
0.341000000000000136,-21.524268057968896528
0.342000000000000137,-21.393044488660670766
0.343000000000000138,-21.259708522044874712
0.344000000000000139,-21.124471394083634834
0.345000000000000140,-20.987539413370797092
0.346000000000000141,-20.849113668193883342
0.347000000000000142,-20.709389761450758272
0.348000000000000143,-20.568557573002259176
0.349000000000000143,-20.426801048940234296
0.350000000000000144,-20.284298017160860894
0.351000000000000145,-20.141220028552901056
0.352000000000000146,-19.997732223041218447
0.353000000000000147,-19.853993219665476033
0.354000000000000148,-19.710155029822725936
0.355000000000000149,-19.566362992759852801
0.356000000000000150,-19.422755732366709935
0.357000000000000151,-19.279465134293502615
0.358000000000000151,-19.136616342395068813
0.359000000000000152,-18.994327773490383038
0.360000000000000153,-18.852711149417331171
0.361000000000000154,-18.711871545359521463
0.362000000000000155,-18.571907453423783352
0.363000000000000156,-18.432910860453574742
0.364000000000000157,-18.294967339073391344
0.365000000000000158,-18.158156150974086529
0.366000000000000159,-18.022550361465601299
0.367000000000000159,-17.888216964344248794
0.368000000000000160,-17.755217016144392517
0.369000000000000161,-17.623605778869396943
0.370000000000000162,-17.493432870323285755
0.371000000000000163,-17.364742421193891886
0.372000000000000164,-17.237573238067131598
0.373000000000000165,-17.111958971584073197
0.374000000000000166,-16.987928288983461300
0.375000000000000167,-16.865505050305621637
0.376000000000000167,-16.744708487566111188
0.377000000000000168,-16.625553386241101350
0.378000000000000169,-16.508050268439539821
0.379000000000000170,-16.392205577170933850
0.380000000000000171,-16.278021861150051564
0.381000000000000172,-16.165497959613325918
0.382000000000000173,-16.054629186653706086
0.383000000000000174,-15.945407514612833566
0.384000000000000175,-15.837821756100572301
0.385000000000000175,-15.731857744242422115
0.386000000000000176,-15.627498510785505559
0.387000000000000177,-15.524724461722362534
0.388000000000000178,-15.423513550120450333
0.389000000000000179,-15.323841445871925870
0.390000000000000180,-15.225681702105219983
0.391000000000000181,-15.129005918024679644
0.392000000000000182,-15.033783897969405174
0.393000000000000183,-14.939983806505344077
0.394000000000000183,-14.847572319387413842
0.395000000000000184,-14.756514770249518520
0.396000000000000185,-14.666775292900883443
0.397000000000000186,-14.578316959126144781
0.398000000000000187,-14.491101911905321487
0.399000000000000188,-14.405091493986896367
0.400000000000000189,-14.320246371763641235
0.401000000000000190,-14.236526654416303828
0.402000000000000191,-14.153892008304783445
0.403000000000000191,-14.072301766599764505
0.404000000000000192,-13.991715034160829845
0.405000000000000193,-13.912090787678470960
0.406000000000000194,-13.833387971108681569
0.407000000000000195,-13.755565586438944337
0.408000000000000196,-13.678582779833593719
0.409000000000000197,-13.602398923215313076
0.410000000000000198,-13.526973691347516038
0.411000000000000199,-13.452267134489186873
0.412000000000000199,-13.378239746700600676
0.413000000000000200,-13.304852529884135137
0.414000000000000201,-13.232067053649501531
0.415000000000000202,-13.159845511097454818
0.416000000000000203,-13.088150770620396557
0.417000000000000204,-13.016946423821323719
0.418000000000000205,-12.946196829656283711
0.419000000000000206,-12.875867154907703949
0.420000000000000207,-12.805923411098044440
0.421000000000000207,-12.736332487955557724
0.422000000000000208,-12.667062183544370413
0.423000000000000209,-12.598081231172951533
0.424000000000000210,-12.529359323195105702
0.425000000000000211,-12.460867131818000431
0.426000000000000212,-12.392576327032056582
0.427000000000000213,-12.324459591776690814
0.428000000000000214,-12.256490634455925459
0.429000000000000214,-12.188644198916650296
0.430000000000000215,-12.120896072001496435
0.431000000000000216,-12.053223088787110129
0.432000000000000217,-11.985603135617093784
0.433000000000000218,-11.918015151037298693
0.434000000000000219,-11.850439124739562402
0.435000000000000220,-11.782856094618072262
0.436000000000000221,-11.715248142040360690
0.437000000000000222,-11.647598385433095558
0.438000000000000222,-11.579890972280534100
0.439000000000000223,-11.512111069631201232
0.440000000000000224,-11.444244853205912449
0.441000000000000225,-11.376279495198115654
0.442000000000000226,-11.308203150854737373
0.443000000000000227,-11.240004943923420200
0.444000000000000228,-11.171674951049432423
0.445000000000000229,-11.103204185202875109
0.446000000000000230,-11.034584578214371220
0.447000000000000230,-10.965808962494717704
0.448000000000000231,-10.896871052011437797
0.449000000000000232,-10.827765422592468880
0.450000000000000233,-10.758487491624824983
0.451000000000000234,-10.689033497213298318
0.452000000000000235,-10.619400476861859062
0.453000000000000236,-10.549586245737746282
0.454000000000000237,-10.479589374575969174
0.455000000000000238,-10.409409167279106256
0.456000000000000238,-10.339045638265336180
0.457000000000000239,-10.268499489614725917
0.458000000000000240,-10.197772088061954676
0.459000000000000241,-10.126865441880855911
0.460000000000000242,-10.055782177704401192
0.461000000000000243,-9.984525517321015897
0.462000000000000244,-9.913099254486564149
0.463000000000000245,-9.841507731788457392
0.464000000000000246,-9.769755817597165048
0.465000000000000246,-9.697848883137680787
0.466000000000000247,-9.625792779711909830
0.467000000000000248,-9.553593816100990566
0.468000000000000249,-9.481258736174714485
0.469000000000000250,-9.408794696733393081
0.470000000000000251,-9.336209245605882501
0.471000000000000252,-9.263510300025632915
0.472000000000000253,-9.190706125305379004
0.473000000000000254,-9.117805313829006053
0.474000000000000254,-9.044816764378149188
0.475000000000000255,-8.971749661809262477
0.476000000000000256,-8.898613457095688517
0.477000000000000257,-8.825417847747946354
0.478000000000000258,-8.752172758623917304
0.479000000000000259,-8.678888323139783978
0.480000000000000260,-8.605574864891034181
0.481000000000000261,-8.532242879691827042
0.482000000000000262,-8.458903018040071942
0.483000000000000262,-8.385566068014362884
0.484000000000000263,-8.312242938607942833
0.485000000000000264,-8.238944643504074961
0.486000000000000265,-8.165682285296153253
0.487000000000000266,-8.092467040155055358
0.488000000000000267,-8.019310142945560216
0.489000000000000268,-7.946222872792743530
0.490000000000000269,-7.873216539098554456
0.491000000000000270,-7.800302468008266210
0.492000000000000270,-7.727491989325526056
0.493000000000000271,-7.654796423874503652
0.494000000000000272,-7.582227071306773425
0.495000000000000273,-7.509795198350059486
0.496000000000000274,-7.437512027495759348
0.497000000000000275,-7.365388726121215868
0.498000000000000276,-7.293436396042710435
0.499000000000000277,-7.221666063494478927
0.500000000000000222,-7.150088669528730456
0.501000000000000334,-7.078715060831382466
0.502000000000000224,-7.007555980947843821
0.503000000000000336,-6.936622061912703252
0.504000000000000226,-6.865923816277431868
0.505000000000000338,-6.795471629529119539
0.506000000000000227,-6.725275752894120274
0.507000000000000339,-6.655346296519065952
0.508000000000000229,-6.585693223022710541
0.509000000000000341,-6.516326341410850098
0.510000000000000231,-6.447255301347434298
0.511000000000000343,-6.378489587773765734
0.512000000000000233,-6.310038515868727771
0.513000000000000345,-6.241911226341762209
0.514000000000000234,-6.174116681051408762
0.515000000000000346,-6.106663658940874484
0.516000000000000236,-6.039560752283405165
0.517000000000000348,-5.972816363228938386
0.518000000000000238,-5.906438700644624618
0.519000000000000350,-5.840435777240747584
0.520000000000000240,-5.774815406974554755
0.521000000000000352,-5.709585202723742370
0.522000000000000242,-5.644752574221916674
0.523000000000000353,-5.580324726247939182
0.524000000000000243,-5.516308657061605558
0.525000000000000355,-5.452711157077581916
0.526000000000000245,-5.389538807770243523
0.527000000000000357,-5.326797980801365462
0.528000000000000247,-5.264494837363562496
0.529000000000000359,-5.202635327731536918
0.530000000000000249,-5.141225191014148876
0.531000000000000361,-5.080269955099653956
0.532000000000000250,-5.019774936787259279
0.533000000000000362,-4.959745242097507223
0.534000000000000252,-4.900185766754892924
0.535000000000000364,-4.841101196835452036
0.536000000000000254,-4.782496009572930085
0.537000000000000366,-4.724374474316432426
0.538000000000000256,-4.666740653633551617
0.539000000000000368,-4.609598404551979556
0.540000000000000258,-4.552951379933904974
0.541000000000000369,-4.496803029976424781
0.542000000000000259,-4.441156603832555838
0.543000000000000371,-4.386015151346341234
0.544000000000000261,-4.331381524896763757
0.545000000000000373,-4.277258381344444693
0.546000000000000263,-4.223648184075954326
0.547000000000000375,-4.170553205139881925
0.548000000000000265,-4.117975527470028929
0.549000000000000377,-4.065917047189925526
0.550000000000000266,-4.014379475994243940
0.551000000000000378,-3.963364343601845086
0.552000000000000268,-3.912873000275991497
0.553000000000000380,-3.862906619406885511
0.554000000000000270,-3.813466200152334729
0.555000000000000382,-3.764552570131836973
0.556000000000000272,-3.716166388170285106
0.557000000000000384,-3.668308147086728699
0.558000000000000274,-3.620978176524693115
0.559000000000000385,-3.574176645819741704
0.560000000000000275,-3.527903566900989940
0.561000000000000387,-3.482158797222564939
0.562000000000000277,-3.436942042721844448
0.563000000000000389,-3.392252860800845760
0.564000000000000279,-3.348090663327712768
0.565000000000000391,-3.304454719654985606
0.566000000000000281,-3.261344159651732522
0.567000000000000393,-3.218757976746522864
0.568000000000000282,-3.176695030978586853
0.569000000000000394,-3.135154052054159202
0.570000000000000284,-3.094133642405772378
0.571000000000000396,-3.053632280251620479
0.572000000000000286,-3.013648322652934475
0.573000000000000398,-2.974180008566706945
0.574000000000000288,-2.935225461891879384
0.575000000000000400,-2.896782694506645939
0.576000000000000290,-2.858849609294976002
0.577000000000000401,-2.821424003160306171
0.578000000000000291,-2.784503570024693619
0.579000000000000403,-2.748085903811490205
0.580000000000000293,-2.712168501410058052
0.581000000000000405,-2.676748765620698300
0.582000000000000295,-2.641824008078524688
0.583000000000000407,-2.607391452154570466
0.584000000000000297,-2.573448235833026843
0.585000000000000409,-2.539991414563073313
0.586000000000000298,-2.507017964084307327
0.587000000000000410,-2.474524783224391733
0.588000000000000300,-2.442508696668066470
0.589000000000000412,-2.410966457696265941
0.590000000000000302,-2.379894750894608890
0.591000000000000414,-2.349290194830208289
0.592000000000000304,-2.319149344696056048
0.593000000000000416,-2.289468694922125458
0.594000000000000306,-2.260244681752587859
0.595000000000000417,-2.231473685788356143
0.596000000000000307,-2.203152034494430644
0.597000000000000419,-2.175276004671421681
0.598000000000000309,-2.147841824890829976
0.599000000000000421,-2.120845677893478332
0.600000000000000311,-2.094283702950849868
0.601000000000000423,-2.068151998188782592
0.602000000000000313,-2.042446622873393736
0.603000000000000425,-2.017163599658675643
0.604000000000000314,-1.992298916795859798
0.605000000000000426,-1.967848530303969001
0.606000000000000316,-1.943808366101734020
0.607000000000000428,-1.920174322100420383
0.608000000000000318,-1.896942270257755636
0.609000000000000430,-1.874108058592638626
0.610000000000000320,-1.851667513160785372
0.611000000000000432,-1.829616439991155419
0.612000000000000322,-1.807950626983312548
0.613000000000000433,-1.786665845765640581
0.614000000000000323,-1.765757853514617226
0.615000000000000435,-1.745222394735132188
0.616000000000000325,-1.725055203002079152
0.617000000000000437,-1.705252002663276922
0.618000000000000327,-1.685808510503983060
0.619000000000000439,-1.666720437373091723
0.620000000000000329,-1.647983489771347454
0.621000000000000441,-1.629593371401682145
0.622000000000000330,-1.611545784682050453
0.623000000000000442,-1.593836432220893551
0.624000000000000332,-1.576461018255661317
0.625000000000000444,-1.559415250054566160
0.626000000000000334,-1.542694839281967933
0.627000000000000446,-1.526295503327665726
0.628000000000000336,-1.510212966600470663
0.629000000000000448,-1.494442961786366597
0.630000000000000338,-1.478981231071709646
0.631000000000000449,-1.463823527331709506
0.632000000000000339,-1.448965615284721675
0.633000000000000451,-1.434403272612608138
0.634000000000000341,-1.420132291047686790
0.635000000000000453,-1.406148477426588661
0.636000000000000343,-1.392447654711479688
0.637000000000000455,-1.379025662979083577
0.638000000000000345,-1.365878360377906997
0.639000000000000457,-1.353001624054094965
0.640000000000000346,-1.340391351046405166
0.641000000000000458,-1.328043459150690442
0.642000000000000348,-1.315953887754372165
0.643000000000000460,-1.304118598641321736
0.644000000000000350,-1.292533576767678882
0.645000000000000462,-1.281194831008940049
0.646000000000000352,-1.270098394878922399
0.647000000000000464,-1.259240327220917166
0.648000000000000353,-1.248616712871643664
0.649000000000000465,-1.238223663298306132
0.650000000000000355,-1.228057317209388488
0.651000000000000467,-1.218113841139483400
0.652000000000000357,-1.208389430008760979
0.653000000000000469,-1.198880307657429256
0.654000000000000359,-1.189582727355748659
0.655000000000000471,-1.180492972289949538
0.656000000000000361,-1.171607356024632285
0.657000000000000473,-1.162922222942006645
0.658000000000000362,-1.154433948658496467
0.659000000000000474,-1.146138940419110241
0.660000000000000364,-1.138033637470094561
0.661000000000000476,-1.130114511410240663
0.662000000000000366,-1.122378066521350082
0.663000000000000478,-1.114820840078293962
0.664000000000000368,-1.107439402639074144
0.665000000000000480,-1.100230358315372303
0.666000000000000369,-1.093190345023957066
0.667000000000000481,-1.086316034719460699
0.668000000000000371,-1.079604133608872640
0.669000000000000483,-1.073051382348219063
0.670000000000000373,-1.066654556221853456
0.671000000000000485,-1.060410465304696626
0.672000000000000375,-1.054315954607972561
0.673000000000000487,-1.048367904208695522
0.674000000000000377,-1.042563229363419053
0.675000000000000488,-1.036898880606586859
0.676000000000000378,-1.031371843833904123
0.677000000000000490,-1.025979140371102716
0.678000000000000380,-1.020717827028476465
0.679000000000000492,-1.015584996141586815
0.680000000000000382,-1.010577775598492822
0.681000000000000494,-1.005693328853876523
0.682000000000000384,-1.000928854930427603
0.683000000000000496,-0.996281588407848750
0.684000000000000385,-0.991748799399823966
0.685000000000000497,-0.987327793519300889
0.686000000000000387,-0.983015911832445077
0.687000000000000499,-0.978810530801569767
0.688000000000000389,-0.974709062217415378
0.689000000000000501,-0.970708953121051321
0.690000000000000391,-0.966807685715785348
0.691000000000000503,-0.963002777269331367
0.692000000000000393,-0.959291780006614303
0.693000000000000504,-0.955672280993443146
0.694000000000000394,-0.952141902011428343
0.695000000000000506,-0.948698299424366231
0.696000000000000396,-0.945339164036449353
0.697000000000000508,-0.942062220942529782
0.698000000000000398,-0.938865229370759891
0.699000000000000510,-0.935745982517843800
0.700000000000000400,-0.932702307377218487
0.701000000000000512,-0.929732064560377602
0.702000000000000401,-0.926833148111631644
0.703000000000000513,-0.924003485316554185
0.704000000000000403,-0.921241036504344413
0.705000000000000515,-0.918543794844386752
0.706000000000000405,-0.915909786137206305
0.707000000000000517,-0.913337068600081126
0.708000000000000407,-0.910823732647540574
0.709000000000000519,-0.908367900666959160
0.710000000000000409,-0.905967726789485228
0.711000000000000520,-0.903621396656512643
0.712000000000000410,-0.901327127181899335
0.713000000000000522,-0.899083166310145843
0.714000000000000412,-0.896887792770752923
0.715000000000000524,-0.894739315828912418
0.716000000000000414,-0.892636075032780751
0.717000000000000526,-0.890576439957479593
0.718000000000000416,-0.888558809946009887
0.719000000000000528,-0.886581613847311600
0.720000000000000417,-0.884643309751565132
0.721000000000000529,-0.882742384722978057
0.722000000000000419,-0.880877354530183787
0.723000000000000531,-0.879046763374418560
0.724000000000000421,-0.877249183615654848
0.725000000000000533,-0.875483215496843270
0.726000000000000423,-0.873747486866386480
0.727000000000000535,-0.872040652899035096
0.728000000000000425,-0.870361395815317906
0.729000000000000536,-0.868708424599657247
0.730000000000000426,-0.867080474717317862
0.731000000000000538,-0.865476307830297720
0.732000000000000428,-0.863894711512309121
0.733000000000000540,-0.862334498962973428
0.734000000000000430,-0.860794508721344664
0.735000000000000542,-0.859273604378884115
0.736000000000000432,-0.857770674292012147
0.737000000000000544,-0.856284631294329857
0.738000000000000433,-0.854814412408630098
0.739000000000000545,-0.853358978558814263
0.740000000000000435,-0.851917314281794069
0.741000000000000547,-0.850488427439509587
0.742000000000000437,-0.849071348931117909
0.743000000000000549,-0.847665132405486910
0.744000000000000439,-0.846268853974068813
0.745000000000000551,-0.844881611924232723
0.746000000000000441,-0.843502526433155486
0.747000000000000552,-0.842130739282342056
0.748000000000000442,-0.840765413572869158
0.749000000000000554,-0.839405733441420887
0.750000000000000444,-0.838050903777169731
0.751000000000000556,-0.836700149939628268
0.752000000000000446,-0.835352717477487738
0.753000000000000558,-0.834007871848533311
0.754000000000000448,-0.832664898140700771
0.755000000000000560,-0.831323100794345349
0.756000000000000449,-0.829981803325747558
0.757000000000000561,-0.828640348051966624
0.758000000000000451,-0.827298095817045942
0.759000000000000563,-0.825954425719663377
0.760000000000000453,-0.824608734842245061
0.761000000000000565,-0.823260437981624293
0.762000000000000455,-0.821908967381262068
0.763000000000000567,-0.820553772465095754
0.764000000000000457,-0.819194319573050223
0.765000000000000568,-0.817830091698253603
0.766000000000000458,-0.816460588225995876
0.767000000000000570,-0.815085324674480693
0.768000000000000460,-0.813703832437372654
0.769000000000000572,-0.812315658528229401
0.770000000000000462,-0.810920365326780024
0.771000000000000574,-0.809517530327162449
0.772000000000000464,-0.808106745888065303
0.773000000000000576,-0.806687618984871291
0.774000000000000465,-0.805259770963789867
0.775000000000000577,-0.803822837298003856
0.776000000000000467,-0.802376467345885303
0.777000000000000579,-0.800920324111252468
0.778000000000000469,-0.799454084005751020
0.779000000000000581,-0.797977436613299340
0.780000000000000471,-0.796490084456704328
0.781000000000000583,-0.794991742766385068
0.782000000000000473,-0.793482139251275642
0.783000000000000584,-0.791961013871894215
0.784000000000000474,-0.790428118615591591
0.785000000000000586,-0.788883217274001458
0.786000000000000476,-0.787326085222693317
0.787000000000000588,-0.785756509203057951
0.788000000000000478,-0.784174287106386148
0.789000000000000590,-0.782579227760215934
0.790000000000000480,-0.780971150716895601
0.791000000000000592,-0.779349886044397810
0.792000000000000481,-0.777715274119386568
0.793000000000000593,-0.776067165422530625
0.794000000000000483,-0.774405420336077954
0.795000000000000595,-0.772729908943686095
0.796000000000000485,-0.771040510832505133
0.797000000000000597,-0.769337114897535090
0.798000000000000487,-0.767619619148222521
0.799000000000000599,-0.765887930517332172
0.800000000000000488,-0.764141964672055529
0.801000000000000600,-0.762381645827389098
0.802000000000000490,-0.760606906561754004
0.803000000000000602,-0.758817687634854132
0.804000000000000492,-0.757013937807795467
0.805000000000000604,-0.755195613665407550
0.806000000000000494,-0.753362679440836347
0.807000000000000606,-0.751515106842314706
0.808000000000000496,-0.749652874882188902
0.809000000000000608,-0.747775969708122323
0.810000000000000497,-0.745884384436519943
0.811000000000000609,-0.743978118988133930
0.812000000000000499,-0.742057179925854182
0.813000000000000611,-0.740121580294674231
0.814000000000000501,-0.738171339463813747
0.815000000000000613,-0.736206482971002552
0.816000000000000503,-0.734227042368897242
0.817000000000000615,-0.732233055073638339
0.818000000000000504,-0.730224564215511185
0.819000000000000616,-0.728201618491735259
0.820000000000000506,-0.726164272021329604
0.821000000000000618,-0.724112584202066145
0.822000000000000508,-0.722046619569498338
0.823000000000000620,-0.719966447658035524
0.824000000000000510,-0.717872142864070195
0.825000000000000622,-0.715763784311129969
0.826000000000000512,-0.713641455717028972
0.827000000000000624,-0.711505245263052588
0.828000000000000513,-0.709355245465097095
0.829000000000000625,-0.707191553046797261
0.830000000000000515,-0.705014268814602607
0.831000000000000627,-0.702823497534796560
0.832000000000000517,-0.700619347812439841
0.833000000000000629,-0.698401931972231771
0.834000000000000519,-0.696171365941253173
0.835000000000000631,-0.693927769133591443
0.836000000000000520,-0.691671264336843006
0.837000000000000632,-0.689401977600431759
0.838000000000000522,-0.687120038125792254
0.839000000000000634,-0.684825578158334336
0.840000000000000524,-0.682518732881235546
0.841000000000000636,-0.680199640310981568
0.842000000000000526,-0.677868441194700688
0.843000000000000638,-0.675525278909226312
0.844000000000000528,-0.673170299361896318
0.845000000000000639,-0.670803650893065817
0.846000000000000529,-0.668425484180313889
0.847000000000000641,-0.666035952144333532
0.848000000000000531,-0.663635209856480834
0.849000000000000643,-0.661223414447966507
0.850000000000000533,-0.658800725020693312
0.851000000000000645,-0.656367302559669463
0.852000000000000535,-0.653923309847059042
0.853000000000000647,-0.651468911377771298
0.854000000000000536,-0.649004273276635901
0.855000000000000648,-0.646529563217108305
0.856000000000000538,-0.644044950341499223
0.857000000000000650,-0.641550605182718670
0.858000000000000540,-0.639046699587512146
0.859000000000000652,-0.636533406641159871
0.860000000000000542,-0.634010900593646620
0.861000000000000654,-0.631479356787262081
0.862000000000000544,-0.628938951585630845
0.863000000000000655,-0.626389862304139955
0.864000000000000545,-0.623832267141762431
0.865000000000000657,-0.621266345114258711
0.866000000000000547,-0.618692275988714346
0.867000000000000659,-0.616110240219438166
0.868000000000000549,-0.613520418885170171
0.869000000000000661,-0.610922993627596833
0.870000000000000551,-0.608318146591160347
0.871000000000000663,-0.605706060364130106
0.872000000000000552,-0.603086917920947263
0.873000000000000664,-0.600460902565790322
0.874000000000000554,-0.597828197877379619
0.875000000000000666,-0.595188987654977408
0.876000000000000556,-0.592543455865595536
0.877000000000000668,-0.589891786592357081
0.878000000000000558,-0.587234163984038715
0.879000000000000670,-0.584570772205746270
0.880000000000000560,-0.581901795390714627
0.881000000000000671,-0.579227417593237481
0.882000000000000561,-0.576547822742673577
0.883000000000000673,-0.573863194598549731
0.884000000000000563,-0.571173716706730117
0.885000000000000675,-0.568479572356624940
0.886000000000000565,-0.565780944539450825
0.887000000000000677,-0.563078015907501617
0.888000000000000567,-0.560370968734437924
0.889000000000000679,-0.557659984876557546
0.890000000000000568,-0.554945245735043224
0.891000000000000680,-0.552226932219188948
0.892000000000000570,-0.549505224710562290
0.893000000000000682,-0.546780303028096215
0.894000000000000572,-0.544052346394119923
0.895000000000000684,-0.541321533401277200
0.896000000000000574,-0.538588041980356369
0.897000000000000686,-0.535852049368975125
0.898000000000000576,-0.533113732081158420
0.899000000000000687,-0.530373265877748024
0.900000000000000577,-0.527630825737658737
0.901000000000000689,-0.524886585829954955
0.902000000000000579,-0.522140719486749338
0.903000000000000691,-0.519393399176889203
0.904000000000000581,-0.516644796480437818
0.905000000000000693,-0.513895082063921205
0.906000000000000583,-0.511144425656350432
0.907000000000000695,-0.508392996025966104
0.908000000000000584,-0.505640960957752794
0.909000000000000696,-0.502888487231647696
0.910000000000000586,-0.500135740601479362
0.911000000000000698,-0.497382885774594663
0.912000000000000588,-0.494630086392190527
0.913000000000000700,-0.491877505010294758
0.914000000000000590,-0.489125303081438312
0.915000000000000702,-0.486373640936963780
0.916000000000000592,-0.483622677769989295
0.917000000000000703,-0.480872571618979727
0.918000000000000593,-0.478123479351971692
0.919000000000000705,-0.475375556651369546
0.920000000000000595,-0.472628957999372878
0.921000000000000707,-0.469883836663961052
0.922000000000000597,-0.467140344685479214
0.923000000000000709,-0.464398632863771255
0.924000000000000599,-0.461658850745881810
0.925000000000000711,-0.458921146614294617
0.926000000000000600,-0.456185667475706935
0.927000000000000712,-0.453452559050334103
0.928000000000000602,-0.450721965761721521
0.929000000000000714,-0.447994030727074222
0.930000000000000604,-0.445268895748072158
0.931000000000000716,-0.442546701302163559
0.932000000000000606,-0.439827586534360937
0.933000000000000718,-0.437111689249485735
0.934000000000000608,-0.434399145904867279
0.935000000000000719,-0.431690091603511017
0.936000000000000609,-0.428984660087688485
0.937000000000000721,-0.426282983732965914
0.938000000000000611,-0.423585193542665106
0.939000000000000723,-0.420891419142718326
0.940000000000000613,-0.418201788776947692
0.941000000000000725,-0.415516429302734802
0.942000000000000615,-0.412835466187077393
0.943000000000000727,-0.410159023503036735
0.944000000000000616,-0.407487223926547237
0.945000000000000728,-0.404820188733594488
0.946000000000000618,-0.402158037797759438
0.947000000000000730,-0.399500889588098929
0.948000000000000620,-0.396848861167378497
0.949000000000000732,-0.394202068190640187
0.950000000000000622,-0.391560624904087662
0.951000000000000734,-0.388924644144305720
0.952000000000000624,-0.386294237337780566
0.953000000000000735,-0.383669514500732889
0.954000000000000625,-0.381050584239251477
0.955000000000000737,-0.378437553749709887
0.956000000000000627,-0.375830528819481091
0.957000000000000739,-0.373229613827921969
0.958000000000000629,-0.370634911747632911
0.959000000000000741,-0.368046524145979603
0.960000000000000631,-0.365464551186882480
0.961000000000000743,-0.362889091632854655
0.962000000000000632,-0.360320242847283312
0.963000000000000744,-0.357758100796954859
0.964000000000000634,-0.355202760054824485
0.965000000000000746,-0.352654313802989283
0.966000000000000636,-0.350112853835919557
0.967000000000000748,-0.347578470563875808
0.968000000000000638,-0.345051253016555981
0.969000000000000750,-0.342531288846947168
0.970000000000000639,-0.340018664335371867
0.971000000000000751,-0.337513464393730311
0.972000000000000641,-0.335015772569942860
0.973000000000000753,-0.332525671052563976
0.974000000000000643,-0.330043240675587657
0.975000000000000755,-0.327568560923421404
0.976000000000000645,-0.325101709936033323
0.977000000000000757,-0.322642764514255997
0.978000000000000647,-0.320191800125267878
0.979000000000000759,-0.317748890908212678
0.980000000000000648,-0.315314109679980470
0.981000000000000760,-0.312887527941132115
0.982000000000000650,-0.310469215881964355
0.983000000000000762,-0.308059242388712906
0.984000000000000652,-0.305657675049894662
0.985000000000000764,-0.303264580162770025
0.986000000000000654,-0.300880022739934083
0.987000000000000766,-0.298504066516033395
0.988000000000000655,-0.296136773954590149
0.989000000000000767,-0.293778206254948326
0.990000000000000657,-0.291428423359322952
0.991000000000000769,-0.289087483959950819
0.992000000000000659,-0.286755445506360673
0.993000000000000771,-0.284432364212715172
0.994000000000000661,-0.282118295065268476
0.995000000000000773,-0.279813291829902389
0.996000000000000663,-0.277517407059758192
0.997000000000000774,-0.275230692102937380
0.998000000000000664,-0.272953197110304746
0.999000000000000776,-0.270684971043344658
1.000000000000000666,-0.268426061682112915
1.001000000000000778,-0.266176515633239963
1.002000000000000668,-0.263936378338018529
1.003000000000000780,-0.261705694080542339
1.004000000000000670,-0.259484505995912662
1.005000000000000782,-0.257272856078500034
1.006000000000000671,-0.255070785190272709
1.007000000000000783,-0.252878333069154748
1.008000000000000673,-0.250695538337463109
1.009000000000000785,-0.248522438510363930
1.010000000000000675,-0.246359070004396552
1.011000000000000787,-0.244205468146022897
1.012000000000000677,-0.242061667180229867
1.013000000000000789,-0.239927700279150807
1.014000000000000679,-0.237803599550747535
1.015000000000000790,-0.235689396047492755
1.016000000000000680,-0.233585119775113148
1.017000000000000792,-0.231490799701335487
1.018000000000000682,-0.229406463764673108
1.019000000000000794,-0.227332138883227758
1.020000000000000684,-0.225267850963517008
1.021000000000000796,-0.223213624909310987
1.022000000000000686,-0.221169484630502872
1.023000000000000798,-0.219135453051976015
1.024000000000000687,-0.217111552122490364
1.025000000000000799,-0.215097802823584539
1.026000000000000689,-0.213094225178481894
1.027000000000000801,-0.211100838261001289
1.028000000000000691,-0.209117660204475975
1.029000000000000803,-0.207144708210672601
1.030000000000000693,-0.205181998558725376
1.031000000000000805,-0.203229546614043771
1.032000000000000695,-0.201287366837240411
1.033000000000000806,-0.199355472793054239
1.034000000000000696,-0.197433877159252147
1.035000000000000808,-0.195522591735542900
1.036000000000000698,-0.193621627452470690
1.037000000000000810,-0.191730994380304193
1.038000000000000700,-0.189850701737919708
1.039000000000000812,-0.187980757901653528
1.040000000000000702,-0.186121170414166592
1.041000000000000814,-0.184271945993272429
1.042000000000000703,-0.182433090540754156
1.043000000000000815,-0.180604609151175544
1.044000000000000705,-0.178786506120660743
1.045000000000000817,-0.176978784955646729
1.046000000000000707,-0.175181448381643484
1.047000000000000819,-0.173394498351936072
1.048000000000000709,-0.171617936056292969
1.049000000000000821,-0.169851761929627226
1.050000000000000711,-0.168095975660647989
1.051000000000000822,-0.166350576200475969
1.052000000000000712,-0.164615561771237706
1.053000000000000824,-0.162890929874624557
1.054000000000000714,-0.161176677300425203
1.055000000000000826,-0.159472800135032011
1.056000000000000716,-0.157779293769906792
1.057000000000000828,-0.156096152910023628
1.058000000000000718,-0.154423371582268848
1.059000000000000830,-0.152760943143818911
1.060000000000000719,-0.151108860290475544
1.061000000000000831,-0.149467115064958161
1.062000000000000721,-0.147835698865187604
1.063000000000000833,-0.146214602452494402
1.064000000000000723,-0.144603815959825910
1.065000000000000835,-0.143003328899883708
1.066000000000000725,-0.141413130173251606
1.067000000000000837,-0.139833208076456994
1.068000000000000727,-0.138263550310015193
1.069000000000000838,-0.136704143986416116
1.070000000000000728,-0.135154975638077296
1.071000000000000840,-0.133616031225252979
1.072000000000000730,-0.132087296143907407
1.073000000000000842,-0.130568755233527956
1.074000000000000732,-0.129060392784919820
1.075000000000000844,-0.127562192547935715
1.076000000000000734,-0.126074137739170922
1.077000000000000846,-0.124596211049608788
1.078000000000000735,-0.123128394652232090
1.079000000000000847,-0.121670670209573478
1.080000000000000737,-0.120223018881230923
1.081000000000000849,-0.118785421331335211
1.082000000000000739,-0.117357857735963342
1.083000000000000851,-0.115940307790515645
1.084000000000000741,-0.114532750717043649
1.085000000000000853,-0.113135165271518984
1.086000000000000743,-0.111747529751075020
1.087000000000000854,-0.110369822001175066
1.088000000000000744,-0.109002019422758861
1.089000000000000856,-0.107644098979316483
1.090000000000000746,-0.106296037203933699
1.091000000000000858,-0.104957810206272484
1.092000000000000748,-0.103629393679512918
1.093000000000000860,-0.102310762907241101
1.094000000000000750,-0.101001892770286261
1.095000000000000862,-0.099702757753509536
1.096000000000000751,-0.098413331952549643
1.097000000000000863,-0.097133589080502708
1.098000000000000753,-0.095863502474570372
1.099000000000000865,-0.094603045102646638
1.100000000000000755,-0.093352189569851723
1.101000000000000867,-0.092110908125022914
1.102000000000000757,-0.090879172667160640
1.103000000000000869,-0.089656954751803561
1.104000000000000759,-0.088444225597369655
1.105000000000000870,-0.087240956091448579
1.106000000000000760,-0.086047116797027132
1.107000000000000872,-0.084862677958679272
1.108000000000000762,-0.083687609508699259
1.109000000000000874,-0.082521881073188308
1.110000000000000764,-0.081365461978076287
1.111000000000000876,-0.080218321255116659
1.112000000000000766,-0.079080427647808260
1.113000000000000878,-0.077951749617276245
1.114000000000000767,-0.076832255348108461
1.115000000000000879,-0.075721912754124945
1.116000000000000769,-0.074620689484113448
1.117000000000000881,-0.073528552927501822
1.118000000000000771,-0.072445470219991120
1.119000000000000883,-0.071371408249124607
1.120000000000000773,-0.070306333659825290
1.121000000000000885,-0.069250212859857885
1.122000000000000774,-0.068203012025270418
1.123000000000000886,-0.067164697105758300
1.124000000000000776,-0.066135233829996865
1.125000000000000888,-0.065114587710916452
1.126000000000000778,-0.064102724050928789
1.127000000000000890,-0.063099607947102260
1.128000000000000780,-0.062105204296296512
1.129000000000000892,-0.061119477800229895
1.130000000000000782,-0.060142392970518085
1.131000000000000894,-0.059173914133651605
1.132000000000000783,-0.058214005435924331
1.133000000000000895,-0.057262630848320728
1.134000000000000785,-0.056319754171343647
1.135000000000000897,-0.055385339039808246
1.136000000000000787,-0.054459348927571524
1.137000000000000899,-0.053541747152226302
1.138000000000000789,-0.052632496879741766
1.139000000000000901,-0.051731561129055303
1.140000000000000790,-0.050838902776625908
1.141000000000000902,-0.049954484560918902
1.142000000000000792,-0.049078269086877367
1.143000000000000904,-0.048210218830307072
1.144000000000000794,-0.047350296142247804
1.145000000000000906,-0.046498463253284689
1.146000000000000796,-0.045654682277806391
1.147000000000000908,-0.044818915218229741
1.148000000000000798,-0.043991123969172687
1.149000000000000909,-0.043171270321579254
1.150000000000000799,-0.042359315966807982
1.151000000000000911,-0.041555222500661418
1.152000000000000801,-0.040758951427385698
1.153000000000000913,-0.039970464163612093
1.154000000000000803,-0.039189722042262141
1.155000000000000915,-0.038416686316405976
1.156000000000000805,-0.037651318163082655
1.157000000000000917,-0.036893578687055728
1.158000000000000806,-0.036143428924561308
1.159000000000000918,-0.035400829846973604
1.160000000000000808,-0.034665742364453980
1.161000000000000920,-0.033938127329549886
1.162000000000000810,-0.033217945540746641
1.163000000000000922,-0.032505157745983400
1.164000000000000812,-0.031799724646118313
1.165000000000000924,-0.031101606898367357
1.166000000000000814,-0.030410765119684269
1.167000000000000925,-0.029727159890105381
1.168000000000000815,-0.029050751756060811
1.169000000000000927,-0.028381501233636874
1.170000000000000817,-0.027719368811794636
1.171000000000000929,-0.027064314955561181
1.172000000000000819,-0.026416300109165396
1.173000000000000931,-0.025775284699147426
1.174000000000000821,-0.025141229137420444
1.175000000000000933,-0.024514093824294130
1.176000000000000822,-0.023893839151464608
1.177000000000000934,-0.023280425504954089
1.178000000000000824,-0.022673813268026109
1.179000000000000936,-0.022073962824058380
1.180000000000000826,-0.021480834559363938
1.181000000000000938,-0.020894388865999047
1.182000000000000828,-0.020314586144511638
1.183000000000000940,-0.019741386806666667
1.184000000000000830,-0.019174751278128139
1.185000000000000941,-0.018614640001103539
1.186000000000000831,-0.018061013436961520
1.187000000000000943,-0.017513832068797603
1.188000000000000833,-0.016973056403982952
1.189000000000000945,-0.016438646976657614
1.190000000000000835,-0.015910564350206768
1.191000000000000947,-0.015388769119689727
1.192000000000000837,-0.014873221914243223
1.193000000000000949,-0.014363883399435501
1.194000000000000838,-0.013860714279609988
1.195000000000000950,-0.013363675300170647
1.196000000000000840,-0.012872727249849013
1.197000000000000952,-0.012387830962933959
1.198000000000000842,-0.011908947321467146
1.199000000000000954,-0.011436037257403716
1.200000000000000844,-0.010969061754748263
1.201000000000000734,-0.010507981851646420
1.202000000000000846,-0.010052758642463553
1.203000000000000957,-0.009603353279801007
1.204000000000000847,-0.009159726976520299
1.205000000000000737,-0.008721841007698513
1.206000000000000849,-0.008289656712578589
1.207000000000000961,-0.007863135496475467
1.208000000000000851,-0.007442238832663654
1.209000000000000741,-0.007026928264214101
1.210000000000000853,-0.006617165405828870
1.211000000000000965,-0.006212911945621543
1.212000000000000854,-0.005814129646881079
1.213000000000000744,-0.005420780349806152
1.214000000000000856,-0.005032825973206802
1.215000000000000968,-0.004650228516176681
1.216000000000000858,-0.004272950059743401
1.217000000000000748,-0.003900952768485676
1.218000000000000860,-0.003534198892118689
1.219000000000000972,-0.003172650767067629
1.220000000000000862,-0.002816270817991917
1.221000000000000751,-0.002465021559298872
1.222000000000000863,-0.002118865596627138
1.223000000000000975,-0.001777765628298017
1.224000000000000865,-0.001441684446747288
1.225000000000000755,-0.001110584939924102
1.226000000000000867,-0.000784430092672936
1.227000000000000979,-0.000463182988080575
1.228000000000000869,-0.000146806808805262
1.229000000000000759,0.000164735161622574
1.230000000000000870,0.000471479537526252
1.231000000000000982,0.000773462829832927
1.232000000000000872,0.001070721444838078
1.233000000000000762,0.001363291683012434
1.234000000000000874,0.001651209737815694
1.235000000000000986,0.001934511694542204
1.236000000000000876,0.002213233529196848
1.237000000000000766,0.002487411107369271
1.238000000000000878,0.002757080183162021
1.239000000000000989,0.003022276398127054
1.240000000000000879,0.003283035280209352
1.241000000000000769,0.003539392242750039
1.242000000000000881,0.003791382583473606
1.243000000000000993,0.004039041483516574
1.244000000000000883,0.004282404006477050
1.245000000000000773,0.004521505097482230
1.246000000000000885,0.004756379582274940
1.247000000000000997,0.004987062166324078
1.248000000000000886,0.005213587433955265
1.249000000000000776,0.005435989847505469
1.250000000000000888,0.005654303746487170
1.251000000000001000,0.005868563346785660
1.252000000000000890,0.006078802739864703
1.253000000000000780,0.006285055892005713
1.254000000000000892,0.006487356643545735
1.255000000000001004,0.006685738708155552
1.256000000000000894,0.006880235672125759
1.257000000000000783,0.007070880993672218
1.258000000000000895,0.007257708002258757
1.259000000000001007,0.007440749897945883
1.260000000000000897,0.007620039750746735
1.261000000000000787,0.007795610500016543
1.262000000000000899,0.007967494953837409
1.263000000000001011,0.008135725788438575
1.264000000000000901,0.008300335547631805
1.265000000000000790,0.008461356642255381
1.266000000000000902,0.008618821349642074
1.267000000000001014,0.008772761813101564
1.268000000000000904,0.008923210041422439
1.269000000000000794,0.009070197908381582
1.270000000000000906,0.009213757152281635
1.271000000000001018,0.009353919375497306
1.272000000000000908,0.009490716044033540
1.273000000000000798,0.009624178487115203
1.274000000000000909,0.009754337896771121
1.275000000000001021,0.009881225327447762
1.276000000000000911,0.010004871695634226
1.277000000000000801,0.010125307779500084
1.278000000000000913,0.010242564218553862
1.279000000000001025,0.010356671513301030
1.280000000000000915,0.010467660024939426
1.281000000000000805,0.010575559975045595
1.282000000000000917,0.010680401445296231
1.283000000000001029,0.010782214377180814
1.284000000000000918,0.010881028571746765
1.285000000000000808,0.010976873689353109
1.286000000000000920,0.011069779249429670
1.287000000000001032,0.011159774630255755
1.288000000000000922,0.011246889068755392
1.289000000000000812,0.011331151660299582
1.290000000000000924,0.011412591358513250
1.291000000000001036,0.011491236975121052
1.292000000000000925,0.011567117179771127
1.293000000000000815,0.011640260499900652
1.294000000000000927,0.011710695320592730
1.295000000000001039,0.011778449884456449
1.296000000000000929,0.011843552291516174
1.297000000000000819,0.011906030499107018
1.298000000000000931,0.011965912321791117
1.299000000000001043,0.012023225431273033
1.300000000000000933,0.012077997356346376
1.301000000000000822,0.012130255482817237
1.302000000000000934,0.012180027053481457
1.303000000000001046,0.012227339168068707
1.304000000000000936,0.012272218783239258
1.305000000000000826,0.012314692712550623
1.306000000000000938,0.012354787626468749
1.307000000000001050,0.012392530052366731
1.308000000000000940,0.012427946374538834
1.309000000000000830,0.012461062834234149
1.310000000000000941,0.012491905529685127
1.311000000000001053,0.012520500416156604
1.312000000000000943,0.012546873305996988
1.313000000000000833,0.012571049868700539
1.314000000000000945,0.012593055630985317
1.315000000000001057,0.012612915976869307
1.316000000000000947,0.012630656147759373
1.317000000000000837,0.012646301242555039
1.318000000000000949,0.012659876217749787
1.319000000000001060,0.012671405887552093
1.320000000000000950,0.012680914924006002
1.321000000000000840,0.012688427857121256
1.322000000000000952,0.012693969075016529
1.323000000000001064,0.012697562824064840
1.324000000000000954,0.012699233209051836
1.325000000000000844,0.012699004193335323
1.326000000000000956,0.012696899599015477
1.327000000000001068,0.012692943107119676
1.328000000000000957,0.012687158257780429
1.329000000000000847,0.012679568450428658
1.330000000000000959,0.012670196943998051
1.331000000000001071,0.012659066857127843
1.332000000000000961,0.012646201168374588
1.333000000000000851,0.012631622716434688
1.334000000000000963,0.012615354200373758
1.335000000000001075,0.012597418179852457
1.336000000000000965,0.012577837075370635
1.337000000000000854,0.012556633168516195
1.338000000000000966,0.012533828602207803
1.339000000000001078,0.012509445380962209
1.340000000000000968,0.012483505371152994
1.341000000000000858,0.012456030301278963
1.342000000000000970,0.012427041762248764
1.343000000000001082,0.012396561207649193
1.344000000000000972,0.012364609954043921
1.345000000000000862,0.012331209181254360
1.346000000000000973,0.012296379932669924
1.347000000000001085,0.012260143115537581
1.348000000000000975,0.012222519501282367
1.349000000000000865,0.012183529725811350
1.350000000000000977,0.012143194289835939
1.351000000000001089,0.012101533559192376
1.352000000000000979,0.012058567765174433
1.353000000000000869,0.012014317004858752
1.354000000000000981,0.011968801241446659
1.355000000000001092,0.011922040304605724
1.356000000000000982,0.011874053890815282
1.357000000000000872,0.011824861563714369
1.358000000000000984,0.011774482754457982
1.359000000000001096,0.011722936762077096
1.360000000000000986,0.011670242753846287
1.361000000000000876,0.011616419765633252
1.362000000000000988,0.011561486702293323
1.363000000000001100,0.011505462338023872
1.364000000000000989,0.011448365316756125
1.365000000000000879,0.011390214152532194
1.366000000000000991,0.011331027229887453
1.367000000000001103,0.011270822804246586
1.368000000000000993,0.011209619002314810
1.369000000000000883,0.011147433822467512
1.370000000000000995,0.011084285135159593
1.371000000000001107,0.011020190683317145
1.372000000000000997,0.010955168082758508
1.373000000000000886,0.010889234822582906
1.374000000000000998,0.010822408265602861
1.375000000000001110,0.010754705648742091
1.376000000000001000,0.010686144083464870
1.377000000000000890,0.010616740556190139
1.378000000000001002,0.010546511928719577
1.379000000000001114,0.010475474938656144
1.380000000000001004,0.010403646199840856
1.381000000000000894,0.010331042202779524
1.382000000000001005,0.010257679315074267
1.383000000000001117,0.010183573781863254
1.384000000000001007,0.010108741726258155
1.385000000000000897,0.010033199149782847
1.386000000000001009,0.009956961932817150
1.387000000000001121,0.009880045835041025
1.388000000000001011,0.009802466495882314
1.389000000000000901,0.009724239434966760
1.390000000000001013,0.009645380052563404
1.391000000000001124,0.009565903630046606
1.392000000000001014,0.009485825330339950
1.393000000000000904,0.009405160198381350
1.394000000000001016,0.009323923161578681
1.395000000000001128,0.009242129030265948
1.396000000000001018,0.009159792498166988
1.397000000000000908,0.009076928142865119
1.398000000000001020,0.008993550426253837
1.399000000000001132,0.008909673695013909
1.400000000000001021,0.008825312181080689
1.401000000000000911,0.008740480002103019
1.402000000000001023,0.008655191161923752
1.403000000000001135,0.008569459551046415
1.404000000000001025,0.008483298947109971
1.405000000000000915,0.008396723015354877
1.406000000000001027,0.008309745309112075
1.407000000000001139,0.008222379270262391
1.408000000000001029,0.008134638229729423
1.409000000000000918,0.008046535407940980
1.410000000000001030,0.007958083915320534
1.411000000000001142,0.007869296752766129
1.412000000000001032,0.007780186812120636
1.413000000000000922,0.007690766876660008
1.414000000000001034,0.007601049621576550
1.415000000000001146,0.007511047614461103
1.416000000000001036,0.007420773315779785
1.417000000000000925,0.007330239079365664
1.418000000000001037,0.007239457152900315
1.419000000000001149,0.007148439678398379
1.420000000000001039,0.007057198692692199
1.421000000000000929,0.006965746127919013
1.422000000000001041,0.006874093812009058
1.423000000000001153,0.006782253469167864
1.424000000000001043,0.006690236720365654
1.425000000000000933,0.006598055083825463
1.426000000000001044,0.006505719975509974
1.427000000000001156,0.006413242709609098
1.428000000000001046,0.006320634499026814
1.429000000000000936,0.006227906455869745
1.430000000000001048,0.006135069591938966
1.431000000000001160,0.006042134819214656
1.432000000000001050,0.005949112950339666
1.433000000000000940,0.005856014699121110
1.434000000000001052,0.005762850681004897
1.435000000000001164,0.005669631413574706
1.436000000000001053,0.005576367317032231
1.437000000000000943,0.005483068714688615
1.438000000000001055,0.005389745833452385
1.439000000000001167,0.005296408804316864
1.440000000000001057,0.005203067662849154
1.441000000000000947,0.005109732349674672
1.442000000000001059,0.005016412710965847
1.443000000000001171,0.004923118498927270
1.444000000000001060,0.004829859372286051
1.445000000000000950,0.004736644896771501
1.446000000000001062,0.004643484545609329
1.447000000000001174,0.004550387699996965
1.448000000000001064,0.004457363649594820
1.449000000000000954,0.004364421593010646
1.450000000000001066,0.004271570638280527
1.451000000000001178,0.004178819803352865
1.452000000000001068,0.004086178016574312
1.453000000000000957,0.003993654117165757
1.454000000000001069,0.003901256855711866
1.455000000000001181,0.003808994894635431
1.456000000000001071,0.003716876808680877
1.457000000000000961,0.003624911085393609
1.458000000000001073,0.003533106125597694
1.459000000000001185,0.003441470243877300
1.460000000000001075,0.003350011669052433
1.461000000000000965,0.003258738544653000
1.462000000000001076,0.003167658929400898
1.463000000000001188,0.003076780797682457
1.464000000000001078,0.002986112040019142
1.465000000000000968,0.002895660463546043
1.466000000000001080,0.002805433792487289
1.467000000000001192,0.002715439668619061
1.468000000000001082,0.002625685651749158
1.469000000000000972,0.002536179220182492
1.470000000000001084,0.002446927771190674
1.471000000000001195,0.002357938621482100
1.472000000000001085,0.002269219007670096
1.473000000000000975,0.002180776086734544
1.474000000000001087,0.002092616936494553
1.475000000000001199,0.002004748556064083
1.476000000000001089,0.001917177866323556
1.477000000000000979,0.001829911710374539
1.478000000000001091,0.001742956854007368
1.479000000000001203,0.001656319986162173
1.480000000000001092,0.001570007719377937
1.481000000000000982,0.001484026590260176
1.482000000000001094,0.001398383059933332
1.483000000000001206,0.001313083514501370
1.484000000000001096,0.001228134265495261
1.485000000000000986,0.001143541550331720
1.486000000000001098,0.001059311532761621
1.487000000000001210,0.000975450303324636
1.488000000000001100,0.000891963879796037
1.489000000000000989,0.000808858207639328
1.490000000000001101,0.000726139160446515
1.491000000000001213,0.000643812540392602
1.492000000000001103,0.000561884078675037
1.493000000000000993,0.000480359435956555
1.494000000000001105,0.000399244202814042
1.495000000000001217,0.000318543900173007
1.496000000000001107,0.000238263979748902
1.497000000000000997,0.000158409824487668
1.498000000000001108,0.000078986748999234
1.499000000000001220,0.000000000000000000
