# Ag322_PRO-AC
# h[nm],U(h)[kJ/mol]
0.200000000000000011,120.211098014504983666
0.201000000000000012,115.198862037211171128
0.202000000000000013,111.694674002654934952
0.203000000000000014,108.967405152070611507
0.204000000000000015,106.577748735772047439
0.205000000000000016,104.279980373191847320
0.206000000000000016,101.952657621545057509
0.207000000000000017,99.550574596467441779
0.208000000000000018,97.072170255997903610
0.209000000000000019,94.538038095625907431
0.210000000000000020,91.977295766772584784
0.211000000000000021,89.419420591884986038
0.212000000000000022,86.889800149947561181
0.213000000000000023,84.407732390034681202
0.214000000000000024,81.985973389400427891
0.215000000000000024,79.631201255451074417
0.216000000000000025,77.344963860647794718
0.217000000000000026,75.124823244890222895
0.218000000000000027,72.965513892978336230
0.219000000000000028,70.860005927290117711
0.220000000000000029,68.800415402289786471
0.221000000000000030,66.778738348064862862
0.222000000000000031,64.787407543059885029
0.223000000000000032,62.819684642472303437
0.224000000000000032,60.869907826743506973
0.225000000000000033,58.933618479521136635
0.226000000000000034,57.007590964466700711
0.227000000000000035,55.089788367617565257
0.228000000000000036,53.179264837304586422
0.229000000000000037,51.276032398744234797
0.230000000000000038,49.380907194526258763
0.231000000000000039,47.495347234765226574
0.232000000000000040,45.621291074190352788
0.233000000000000040,43.761004448282797341
0.234000000000000041,41.916939833618052091
0.235000000000000042,40.091612156122934607
0.236000000000000043,38.287492442951005955
0.237000000000000044,36.506920075174555507
0.238000000000000045,34.752033418981440605
0.239000000000000046,33.024717959260485145
0.240000000000000047,31.326570597798081508
0.241000000000000048,29.658878476672612123
0.242000000000000048,28.022610516130818326
0.243000000000000049,26.418419788586923858
0.244000000000000050,24.846654862985822376
0.245000000000000051,23.307378326428391802
0.246000000000000052,21.800390805652416049
0.247000000000000053,20.325258955532301997
0.248000000000000054,18.881346043700350634
0.249000000000000055,17.467843930498002436
0.250000000000000056,16.083805414567475367
0.251000000000000056,14.728176081047177348
0.252000000000000057,13.399824947558528265
0.253000000000000058,12.097573350198372211
0.254000000000000059,10.820221645797939658
0.255000000000000060,9.566573426800136559
0.256000000000000061,8.335457050884061303
0.257000000000000062,7.125744379061782929
0.258000000000000063,5.936366693879873146
0.259000000000000064,4.766327834330112090
0.260000000000000064,3.614714637042087730
0.261000000000000065,2.480704815338405922
0.262000000000000066,1.363572439874048747
0.263000000000000067,0.262691207974774188
0.264000000000000068,-0.822464295475607843
0.265000000000000069,-1.892319133618581617
0.266000000000000070,-2.947200134169968511
0.267000000000000071,-3.987339372594294495
0.268000000000000071,-5.012878812564093067
0.269000000000000072,-6.023875902438689423
0.270000000000000073,-7.020309936959078456
0.271000000000000074,-8.002089005600721450
0.272000000000000075,-8.969057362528170430
0.273000000000000076,-9.921003067395419706
0.274000000000000077,-10.857665760950535372
0.275000000000000078,-11.778744454203033953
0.276000000000000079,-12.683905224530606759
0.277000000000000079,-13.572788726322292163
0.278000000000000080,-14.445017437399423343
0.279000000000000081,-15.300202575400149385
0.280000000000000082,-16.137950630451889822
0.281000000000000083,-16.957869471728848509
0.282000000000000084,-17.759573995851845041
0.283000000000000085,-18.542691294519286771
0.284000000000000086,-19.306865327260197773
0.285000000000000087,-20.051761092782030005
0.286000000000000087,-20.777068299080035274
0.287000000000000088,-21.482504538311200548
0.288000000000000089,-22.167817977458174283
0.289000000000000090,-22.832789580067821333
0.290000000000000091,-23.477234877889980424
0.291000000000000092,-24.101005314126926038
0.292000000000000093,-24.703989182279208592
0.293000000000000094,-25.286112186299408933
0.294000000000000095,-25.847337648992162684
0.295000000000000095,-26.387666396382208234
0.296000000000000096,-26.907136346158495144
0.297000000000000097,-27.405821828343551516
0.298000000000000098,-27.883832666075743845
0.299000000000000099,-28.341313043872599309
0.300000000000000100,-28.778440190002935850
0.301000000000000101,-29.195422898674117107
0.302000000000000102,-29.592499916667417637
0.303000000000000103,-29.969938217865284003
0.304000000000000103,-30.328031187830305271
0.305000000000000104,-30.667096739247977411
0.306000000000000105,-30.987475377651811925
0.307000000000000106,-31.289528235430850600
0.308000000000000107,-31.573635090693755956
0.309000000000000108,-31.840192386144899217
0.310000000000000109,-32.089611261728769875
0.311000000000000110,-32.322315613430284031
0.312000000000000111,-32.538740189291416982
0.313000000000000111,-32.739328732422549706
0.314000000000000112,-32.924532179560316081
0.315000000000000113,-33.094806922553743789
0.316000000000000114,-33.250613139054166822
0.317000000000000115,-33.392413197639811528
0.318000000000000116,-33.520670141629473449
0.319000000000000117,-33.635846254928296162
0.320000000000000118,-33.738401712404552768
0.321000000000000119,-33.828793316517987932
0.322000000000000119,-33.907473321206822447
0.323000000000000120,-33.974888343390631462
0.324000000000000121,-34.031478361857644188
0.325000000000000122,-34.077675802776127512
0.326000000000000123,-34.113904710596877123
0.327000000000000124,-34.140580002695507744
0.328000000000000125,-34.158106805737546097
0.329000000000000126,-34.166879871430218429
0.330000000000000127,-34.167283069053205224
0.331000000000000127,-34.159688951931393319
0.332000000000000128,-34.144458394822486014
0.333000000000000129,-34.121940299040673494
0.334000000000000130,-34.092471362018230252
0.335000000000000131,-34.056375907921392354
0.336000000000000132,-34.013965775877196052
0.337000000000000133,-33.965540262337142963
0.338000000000000134,-33.911386114094732136
0.339000000000000135,-33.851777568486681957
0.340000000000000135,-33.786976437340115353
0.341000000000000136,-33.717232231276497600
0.342000000000000137,-33.642782321047015159
0.343000000000000138,-33.563852132650680460
0.344000000000000139,-33.480655373074583281
0.345000000000000140,-33.393394283593046623
0.346000000000000141,-33.302259917668060041
0.347000000000000142,-33.207432440605053614
0.348000000000000143,-33.109081448236167944
0.349000000000000143,-33.007366302023719129
0.350000000000000144,-32.902436478101869000
0.351000000000000145,-32.794431927899992729
0.352000000000000146,-32.683483448119496018
0.353000000000000147,-32.569713057962886182
0.354000000000000148,-32.453234381641628659
0.355000000000000149,-32.334153034315058051
0.356000000000000150,-32.212567009737114176
0.357000000000000151,-32.088567068009957950
0.358000000000000151,-31.962237121962850495
0.359000000000000152,-31.833654620791158152
0.360000000000000153,-31.702890929703691825
0.361000000000000154,-31.570011704435966493
0.362000000000000155,-31.435077259592265619
0.363000000000000156,-31.298142929881823449
0.364000000000000157,-31.159259423410748724
0.365000000000000158,-31.018473166285900788
0.366000000000000159,-30.875826637874222769
0.367000000000000159,-30.731358696146788390
0.368000000000000160,-30.585104892616293171
0.369000000000000161,-30.437097776452485931
0.370000000000000162,-30.287367187431318172
0.371000000000000163,-30.135940537441285869
0.372000000000000164,-29.982843080332287400
0.373000000000000165,-29.828098169952113494
0.374000000000000166,-29.671727506269782282
0.375000000000000167,-29.513751369535818014
0.376000000000000167,-29.354188842476894195
0.377000000000000168,-29.193058020565114674
0.378000000000000169,-29.030376210442348395
0.379000000000000170,-28.866160116616299547
0.380000000000000171,-28.700426016577836208
0.381000000000000172,-28.533189924519568592
0.382000000000000173,-28.364467743861847993
0.383000000000000174,-28.194275408817293993
0.384000000000000175,-28.022629015245843931
0.385000000000000175,-27.849544941071037840
0.386000000000000176,-27.675039956545219866
0.387000000000000177,-27.499131324664745080
0.388000000000000178,-27.321836892048839474
0.389000000000000179,-27.143175170605257307
0.390000000000000180,-26.963165410314132941
0.391000000000000181,-26.781827663467602463
0.392000000000000182,-26.599182840707577213
0.393000000000000183,-26.415252759206801159
0.394000000000000183,-26.230060183340235369
0.395000000000000184,-26.043628858194360021
0.396000000000000185,-25.855983536260573885
0.397000000000000186,-25.667149997657666916
0.398000000000000187,-25.477155064224835002
0.399000000000000188,-25.286026607823011148
0.400000000000000189,-25.093793553177992095
0.401000000000000190,-24.900485875592593743
0.402000000000000191,-24.706134593850002545
0.403000000000000191,-24.510771758622880157
0.404000000000000192,-24.314430436696270021
0.405000000000000193,-24.117144691304229553
0.406000000000000194,-23.918949558872302674
0.407000000000000195,-23.719881022449726515
0.408000000000000196,-23.519975982106068102
0.409000000000000197,-23.319272222558559804
0.410000000000000198,-23.117808378287392657
0.411000000000000199,-22.915623896386502878
0.412000000000000199,-22.712758997388476701
0.413000000000000200,-22.509254634292879871
0.414000000000000201,-22.305152450017668997
0.415000000000000202,-22.100494733483962762
0.416000000000000203,-21.895324374535434231
0.417000000000000204,-21.689684817883840395
0.418000000000000205,-21.483620016263298425
0.419000000000000206,-21.277174382966897781
0.420000000000000207,-21.070392743929708956
0.421000000000000207,-20.863320289514440731
0.422000000000000208,-20.656002526146096443
0.423000000000000209,-20.448485227934632746
0.424000000000000210,-20.240814388415717673
0.425000000000000211,-20.033036172531488717
0.426000000000000212,-19.825196868965953456
0.427000000000000213,-19.617342842941269510
0.428000000000000214,-19.409520489574283886
0.429000000000000214,-19.201776187885180036
0.430000000000000215,-18.994156255542964828
0.431000000000000216,-18.786706904426530684
0.432000000000000217,-18.579474197072308073
0.433000000000000218,-18.372504004074407646
0.434000000000000219,-18.165841962496365625
0.435000000000000220,-17.959533435348298269
0.436000000000000221,-17.753623472177203269
0.437000000000000222,-17.548156770813285732
0.438000000000000222,-17.343177640309981768
0.439000000000000223,-17.138729965110186981
0.440000000000000224,-16.934857170467093823
0.441000000000000225,-16.731602189143000459
0.442000000000000226,-16.529007429406043173
0.443000000000000227,-16.327114744339969121
0.444000000000000228,-16.125965402479000232
0.445000000000000229,-15.925600059775982587
0.446000000000000230,-15.726058732908501980
0.447000000000000230,-15.527380773924914337
0.448000000000000231,-15.329604846228937376
0.449000000000000232,-15.132768901898566938
0.450000000000000233,-14.936910160333022546
0.451000000000000234,-14.742065088218202717
0.452000000000000235,-14.548269380799741413
0.453000000000000236,-14.355557944449634178
0.454000000000000237,-14.163964880511647593
0.455000000000000238,-13.973523470407675617
0.456000000000000238,-13.784266161986673538
0.457000000000000239,-13.596224557095307972
0.458000000000000240,-13.409429400349086592
0.459000000000000241,-13.223910569080214117
0.460000000000000242,-13.039697064438808383
0.461000000000000243,-12.856817003621529238
0.462000000000000244,-12.675297613202193503
0.463000000000000245,-12.495165223536808696
0.464000000000000246,-12.316445264216039135
0.465000000000000246,-12.139162260536528137
0.466000000000000247,-11.963339830962469890
0.467000000000000248,-11.789000685548240099
0.468000000000000249,-11.616166625292756009
0.469000000000000250,-11.444858542395632384
0.470000000000000251,-11.275096421385324419
0.471000000000000252,-11.106899341089016886
0.472000000000000253,-10.940285477414439796
0.473000000000000254,-10.775272106913146075
0.474000000000000254,-10.611875611095429761
0.475000000000000255,-10.450111481466812791
0.476000000000000256,-10.289994325256294871
0.477000000000000257,-10.131537871806978401
0.478000000000000258,-9.974754979599383731
0.479000000000000259,-9.819657643878793252
0.480000000000000260,-9.666257004857675028
0.481000000000000261,-9.514563356464824651
0.482000000000000262,-9.364586155613455531
0.483000000000000262,-9.216334031960531803
0.484000000000000263,-9.069814798130293454
0.485000000000000264,-8.925035460375386975
0.486000000000000265,-8.782002229649478409
0.487000000000000266,-8.640720533065687547
0.488000000000000267,-8.501195025715741593
0.489000000000000268,-8.363429602825465992
0.490000000000000269,-8.227427412222315439
0.491000000000000270,-8.093190867091928808
0.492000000000000270,-7.960721659000395967
0.493000000000000271,-7.830020771160407733
0.494000000000000272,-7.701088491919369616
0.495000000000000273,-7.573924428448323809
0.496000000000000274,-7.448527520611571973
0.497000000000000275,-7.324896054996637318
0.498000000000000276,-7.203027679085683310
0.499000000000000277,-7.082919415549509878
0.500000000000000222,-6.964567676646038485
0.501000000000000334,-6.847968278705930167
0.502000000000000224,-6.733116456688440721
0.503000000000000336,-6.620006878790965388
0.504000000000000226,-6.508633661097067424
0.505000000000000338,-6.398990382247196074
0.506000000000000227,-6.291070098118352050
0.507000000000000339,-6.184865356497843081
0.508000000000000229,-6.080368211738520934
0.509000000000000341,-5.977570239381892137
0.510000000000000231,-5.876462550737573842
0.511000000000000343,-5.777035807406432077
0.512000000000000233,-5.679280235736960947
0.513000000000000345,-5.583185641203421312
0.514000000000000234,-5.488741422696337580
0.515000000000000346,-5.395936586714585204
0.516000000000000236,-5.304759761450890565
0.517000000000000348,-5.215199210761085169
0.518000000000000238,-5.127242848009450960
0.519000000000000350,-5.040878249781795439
0.520000000000000240,-4.956092669459300382
0.521000000000000352,-4.872873050645806892
0.522000000000000242,-4.791206040442274272
0.523000000000000353,-4.711078002562002709
0.524000000000000243,-4.632475030281166362
0.525000000000000355,-4.555382959219004491
0.526000000000000245,-4.479787379943084957
0.527000000000000357,-4.405673650394518859
0.528000000000000247,-4.333026908129518517
0.529000000000000359,-4.261832082372731811
0.530000000000000249,-4.192073905879378337
0.531000000000000361,-4.123736926602465935
0.532000000000000250,-4.056805519162593576
0.533000000000000362,-3.991263896117257737
0.534000000000000252,-3.927096119027767340
0.535000000000000364,-3.864286109321362517
0.536000000000000254,-3.802817658947067692
0.537000000000000366,-3.742674440823374304
0.538000000000000256,-3.683840019076991545
0.539000000000000368,-3.626297859071058838
0.540000000000000258,-3.570031337222645984
0.541000000000000369,-3.515023750608341935
0.542000000000000259,-3.461258326358184867
0.543000000000000371,-3.408718230837246121
0.544000000000000261,-3.357386578615351169
0.545000000000000373,-3.307246441224842126
0.546000000000000263,-3.258280855707080370
0.547000000000000375,-3.210472832947945054
0.548000000000000265,-3.163805365803500358
0.549000000000000377,-3.118261437016280002
0.550000000000000266,-3.073824026923618113
0.551000000000000378,-3.030476120958971453
0.552000000000000268,-2.988200716947726043
0.553000000000000380,-2.946980832198769384
0.554000000000000270,-2.906799510393625496
0.555000000000000382,-2.867639828274546776
0.556000000000000272,-2.829484902133692525
0.557000000000000384,-2.792317894104899612
0.558000000000000274,-2.756122018260442896
0.559000000000000385,-2.720880546514432119
0.560000000000000275,-2.686576814335393415
0.561000000000000387,-2.653194226269953937
0.562000000000000277,-2.620716261280099602
0.563000000000000389,-2.589126477896304568
0.564000000000000279,-2.558408519189022456
0.565000000000000391,-2.528546117560925843
0.566000000000000281,-2.499523099362501277
0.567000000000000393,-2.471323389333522691
0.568000000000000282,-2.443931014873149454
0.569000000000000394,-2.417330110141083566
0.570000000000000284,-2.391504919992722300
0.571000000000000396,-2.366439803750856274
0.572000000000000286,-2.342119238816796400
0.573000000000000398,-2.318527824123536529
0.574000000000000288,-2.295650283433918304
0.575000000000000400,-2.273471468486525815
0.576000000000000290,-2.251976361992090059
0.577000000000000401,-2.231150080483317311
0.578000000000000291,-2.210977877020964932
0.579000000000000403,-2.191445143758900205
0.580000000000000293,-2.172537414371167763
0.581000000000000405,-2.154240366343745272
0.582000000000000295,-2.136539823133932980
0.583000000000000407,-2.119421756200126961
0.584000000000000297,-2.102872286904880816
0.585000000000000409,-2.086877688294016764
0.586000000000000298,-2.071424386754606051
0.587000000000000410,-2.056498963554616477
0.588000000000000300,-2.042088156266993249
0.589000000000000412,-2.028178860080902979
0.590000000000000302,-2.014758129002922171
0.591000000000000414,-2.001813176950900885
0.592000000000000304,-1.989331378743093071
0.593000000000000416,-1.977300270985332231
0.594000000000000306,-1.965707552858887208
0.595000000000000417,-1.954541086811560913
0.596000000000000307,-1.943788899154639704
0.597000000000000419,-1.933439180568328197
0.598000000000000309,-1.923480286518163940
0.599000000000000421,-1.913900737584837586
0.600000000000000311,-1.904689219710078429
0.601000000000000423,-1.895834584360868380
0.602000000000000313,-1.887325848614554102
0.603000000000000425,-1.879152195167062445
0.604000000000000314,-1.871302972266809750
0.605000000000000426,-1.863767693576358742
0.606000000000000316,-1.856536037964328090
0.607000000000000428,-1.849597849229616786
0.608000000000000318,-1.842943135760334528
0.609000000000000430,-1.836562070129468482
0.610000000000000320,-1.830444988629505998
0.611000000000000432,-1.824582390748117122
0.612000000000000322,-1.818964938586922653
0.613000000000000433,-1.813583456225441592
0.614000000000000323,-1.808428929032184440
0.615000000000000435,-1.803492502924869623
0.616000000000000325,-1.798765483581657776
0.617000000000000437,-1.794239335605360308
0.618000000000000327,-1.789905681642407043
0.619000000000000439,-1.785756301458435447
0.620000000000000329,-1.781783130972276252
0.621000000000000441,-1.777978261250073855
0.622000000000000330,-1.774333937461269439
0.623000000000000442,-1.770842557798104178
0.624000000000000332,-1.767496672360278520
0.625000000000000444,-1.764288982006436246
0.626000000000000334,-1.761212337173924114
0.627000000000000446,-1.758259736668503326
0.628000000000000336,-1.755424326425395476
0.629000000000000448,-1.752699398243203976
0.630000000000000338,-1.750078388492109838
0.631000000000000449,-1.747554876797768886
0.632000000000000339,-1.745122584702238244
0.633000000000000451,-1.742775374303307867
0.634000000000000341,-1.740507246873491898
0.635000000000000453,-1.738312341460040766
0.636000000000000343,-1.736184933467025626
0.637000000000000455,-1.734119433220978834
0.638000000000000345,-1.732110384520962665
0.639000000000000457,-1.730152463174447819
0.640000000000000346,-1.728240475519975616
0.641000000000000458,-1.726369356937770494
0.642000000000000348,-1.724534170349276696
0.643000000000000460,-1.722730104706727827
0.644000000000000350,-1.720952473473682742
0.645000000000000462,-1.719196713097542073
0.646000000000000352,-1.717458381474924467
0.647000000000000464,-1.715733156410892635
0.648000000000000353,-1.714016834072860318
0.649000000000000465,-1.712305327440050817
0.650000000000000355,-1.710594664749364169
0.651000000000000467,-1.708880987938409701
0.652000000000000357,-1.707160551086564171
0.653000000000000469,-1.705429718854720944
0.654000000000000359,-1.703684964924564671
0.655000000000000471,-1.701922870437967195
0.656000000000000361,-1.700140122437304058
0.657000000000000473,-1.698333512307276028
0.658000000000000362,-1.696499934218914429
0.659000000000000474,-1.694636383576362038
0.660000000000000364,-1.692739955467066126
0.661000000000000476,-1.690807843115925024
0.662000000000000366,-1.688837336343936402
0.663000000000000478,-1.686825820031936818
0.664000000000000368,-1.684770772589863963
0.665000000000000480,-1.682669764432144444
0.666000000000000369,-1.680520456459536849
0.667000000000000481,-1.678320598548056708
0.668000000000000371,-1.676068028045272884
0.669000000000000483,-1.673760668274496100
0.670000000000000373,-1.671396527047230407
0.671000000000000485,-1.668973695184209571
0.672000000000000375,-1.666490345045557486
0.673000000000000487,-1.663944729070209405
0.674000000000000377,-1.661335178325106465
0.675000000000000488,-1.658660101064383330
0.676000000000000378,-1.655917981298913544
0.677000000000000490,-1.653107377376474840
0.678000000000000380,-1.650226920572798850
0.679000000000000492,-1.647275313693798093
0.680000000000000382,-1.644251329689226937
0.681000000000000494,-1.641153810277965475
0.682000000000000384,-1.637981664585189678
0.683000000000000496,-1.634733867791628326
0.684000000000000385,-1.631409459795100547
0.685000000000000497,-1.628007543884498531
0.686000000000000387,-1.624527285426463852
0.687000000000000499,-1.620967910564792502
0.688000000000000389,-1.617328704932888384
0.689000000000000501,-1.613609012379213281
0.690000000000000391,-1.609808233706037317
0.691000000000000503,-1.605925825421497866
0.692000000000000393,-1.601961298505129694
0.693000000000000504,-1.597914217186941155
0.694000000000000394,-1.593784197740152786
0.695000000000000506,-1.589570907287636059
0.696000000000000396,-1.585274062622185953
0.697000000000000508,-1.580893429040642229
0.698000000000000398,-1.576428819191945552
0.699000000000000510,-1.571880091939146240
0.700000000000000400,-1.567247151235453106
0.701000000000000512,-1.562529945014302202
0.702000000000000401,-1.557728464093514065
0.703000000000000513,-1.552842741093533263
0.704000000000000403,-1.547872849369771098
0.705000000000000515,-1.542818901959065903
0.706000000000000405,-1.537681050540242067
0.707000000000000517,-1.532459484408766892
0.708000000000000407,-1.527154429465500174
0.709000000000000519,-1.521766147219520970
0.710000000000000409,-1.516294933804985812
0.711000000000000520,-1.510741119012013467
0.712000000000000410,-1.505105065331550085
0.713000000000000522,-1.499387167014155642
0.714000000000000412,-1.493587849142742119
0.715000000000000524,-1.487707566719097763
0.716000000000000414,-1.481746803764256493
0.717000000000000526,-1.475706072432588334
0.718000000000000416,-1.469585912139562245
0.719000000000000528,-1.463386888703138933
0.720000000000000417,-1.457109593498696842
0.721000000000000529,-1.450754642627448687
0.722000000000000419,-1.444322676098242830
0.723000000000000531,-1.437814357022666245
0.724000000000000421,-1.431230370823426856
0.725000000000000533,-1.424571424455856050
0.726000000000000423,-1.417838245642497386
0.727000000000000535,-1.411031582120646277
0.728000000000000425,-1.404152200902788250
0.729000000000000536,-1.397200887549826520
0.730000000000000426,-1.390178445456992096
0.731000000000000538,-1.383085695152346029
0.732000000000000428,-1.375923473607765679
0.733000000000000540,-1.368692633562326844
0.734000000000000430,-1.361394042857948072
0.735000000000000542,-1.354028583787225681
0.736000000000000432,-1.346597152453335111
0.737000000000000544,-1.339100658141848976
0.738000000000000433,-1.331540022704441828
0.739000000000000545,-1.323916179954302219
0.740000000000000435,-1.316230075073155259
0.741000000000000547,-1.308482664029809950
0.742000000000000437,-1.300674913010061218
0.743000000000000549,-1.292807797857854268
0.744000000000000439,-1.284882303527656200
0.745000000000000551,-1.276899423547766643
0.746000000000000441,-1.268860159494623385
0.747000000000000552,-1.260765520477831636
0.748000000000000442,-1.252616522635908503
0.749000000000000554,-1.244414188642570140
0.750000000000000444,-1.236159547223403710
0.751000000000000556,-1.227853632682893936
0.752000000000000446,-1.219497484441624646
0.753000000000000558,-1.211092146583505613
0.754000000000000448,-1.202638667412965656
0.755000000000000560,-1.194138099021978983
0.756000000000000449,-1.185591496866731154
0.757000000000000561,-1.176999919353899582
0.758000000000000451,-1.168364427436367148
0.759000000000000563,-1.159686084218257474
0.760000000000000453,-1.150965954569163729
0.761000000000000565,-1.142205104747492594
0.762000000000000455,-1.133404602032713537
0.763000000000000567,-1.124565514366494101
0.764000000000000457,-1.115688910002530232
0.765000000000000568,-1.106775857164957300
0.766000000000000458,-1.097827423715248552
0.767000000000000570,-1.088844676827488644
0.768000000000000460,-1.079828682671838624
0.769000000000000572,-1.070780506106160601
0.770000000000000462,-1.061701210375592952
0.771000000000000574,-1.052591856820049632
0.772000000000000464,-1.043453504589458625
0.773000000000000576,-1.034287210366637400
0.774000000000000465,-1.025094028097734089
0.775000000000000577,-1.015875008730024787
0.776000000000000467,-1.006631199957087164
0.777000000000000579,-0.997363645971063861
0.778000000000000469,-0.988073387222116351
0.779000000000000581,-0.978761460184718879
0.780000000000000471,-0.969428897130901079
0.781000000000000583,-0.960076725910149142
0.782000000000000473,-0.950705969736010070
0.783000000000000584,-0.941317646979160094
0.784000000000000474,-0.931912770966913051
0.785000000000000586,-0.922492349789026611
0.786000000000000476,-0.913057386109690561
0.787000000000000588,-0.903608876985651066
0.788000000000000478,-0.894147813690289839
0.789000000000000590,-0.884675181543575717
0.790000000000000480,-0.875191959747865789
0.791000000000000592,-0.865699121229291157
0.792000000000000481,-0.856197632484825055
0.793000000000000593,-0.846688453434750188
0.794000000000000483,-0.837172537280555629
0.795000000000000595,-0.827650830368118151
0.796000000000000485,-0.818124272056035884
0.797000000000000597,-0.808593794589100967
0.798000000000000487,-0.799060322976755999
0.799000000000000599,-0.789524774876428470
0.800000000000000488,-0.779988060481716206
0.801000000000000600,-0.770451082415272048
0.802000000000000490,-0.760914735626335603
0.803000000000000602,-0.751379907292778149
0.804000000000000492,-0.741847476727644062
0.805000000000000604,-0.732318315289998578
0.806000000000000494,-0.722793286300130955
0.807000000000000606,-0.713273244958874564
0.808000000000000496,-0.703759038271089876
0.809000000000000608,-0.694251504973147915
0.810000000000000497,-0.684751475464371984
0.811000000000000609,-0.675259771742329429
0.812000000000000499,-0.665777207341918253
0.813000000000000611,-0.656304587278154883
0.814000000000000501,-0.646842707992568822
0.815000000000000613,-0.637392357303188439
0.816000000000000503,-0.627954314357952126
0.817000000000000615,-0.618529349591545041
0.818000000000000504,-0.609118224685546772
0.819000000000000616,-0.599721692531841821
0.820000000000000506,-0.590340497199197789
0.821000000000000618,-0.580975373902948067
0.822000000000000508,-0.571627048977729646
0.823000000000000620,-0.562296239853158242
0.824000000000000510,-0.552983655032439625
0.825000000000000622,-0.543689994073798255
0.826000000000000512,-0.534415947574638173
0.827000000000000624,-0.525162197158476340
0.828000000000000513,-0.515929415464452035
0.829000000000000625,-0.506718266139444706
0.830000000000000515,-0.497529403832685291
0.831000000000000627,-0.488363474192821001
0.832000000000000517,-0.479221113867374260
0.833000000000000629,-0.470102950504539763
0.834000000000000519,-0.461009602757240677
0.835000000000000631,-0.451941680289382586
0.836000000000000520,-0.442899783784326151
0.837000000000000632,-0.433884504955372452
0.838000000000000522,-0.424896426558379836
0.839000000000000634,-0.415936122406299902
0.840000000000000524,-0.407004157385729037
0.841000000000000636,-0.398101087475258797
0.842000000000000526,-0.389227459765740913
0.843000000000000638,-0.380383812482288197
0.844000000000000528,-0.371570675008020601
0.845000000000000639,-0.362788567909511417
0.846000000000000529,-0.354038002963849185
0.847000000000000641,-0.345319483187301102
0.848000000000000531,-0.336633502865524514
0.849000000000000643,-0.327980547585253412
0.850000000000000533,-0.319361094267483381
0.851000000000000645,-0.310775611201987989
0.852000000000000535,-0.302224558083298289
0.853000000000000647,-0.293708386047904224
0.854000000000000536,-0.285227537712827828
0.855000000000000648,-0.276782447215358274
0.856000000000000538,-0.268373540254038978
0.857000000000000650,-0.260001234130784020
0.858000000000000540,-0.251665937794134931
0.859000000000000652,-0.243368051883574438
0.860000000000000542,-0.235107968774916604
0.861000000000000654,-0.226886072626668156
0.862000000000000544,-0.218702739427404758
0.863000000000000655,-0.210558337044025684
0.864000000000000545,-0.202453225270968318
0.865000000000000657,-0.194387755880256863
0.866000000000000547,-0.186362272672384865
0.867000000000000659,-0.178377111528001342
0.868000000000000549,-0.170432600460385830
0.869000000000000661,-0.162529059668623466
0.870000000000000551,-0.154666801591518632
0.871000000000000663,-0.146846130962155597
0.872000000000000552,-0.139067344863143788
0.873000000000000664,-0.131330732782431681
0.874000000000000554,-0.123636576669750031
0.875000000000000666,-0.115985150993592218
0.876000000000000556,-0.108376722798743150
0.877000000000000668,-0.100811551764289534
0.878000000000000558,-0.093289890262144279
0.879000000000000670,-0.085811983416000603
0.880000000000000560,-0.078378069160710967
0.881000000000000671,-0.070988378302107732
0.882000000000000561,-0.063643134577154092
0.883000000000000673,-0.056342554714483017
0.884000000000000563,-0.049086848495283643
0.885000000000000675,-0.041876218814441410
0.886000000000000565,-0.034710861742038038
0.887000000000000677,-0.027590966585070514
0.888000000000000567,-0.020516715949441357
0.889000000000000679,-0.013488285802161437
0.890000000000000568,-0.006505845533757275
0.891000000000000680,0.000430441979110219
0.892000000000000570,0.007320420310890019
0.893000000000000682,0.014163939424230282
0.894000000000000572,0.020960855606911865
0.895000000000000684,0.027711031408714237
0.896000000000000574,0.034414335578139416
0.897000000000000686,0.041070642999098392
0.898000000000000576,0.047679834627505260
0.899000000000000687,0.054241797427846003
0.900000000000000577,0.060756424309708845
0.901000000000000689,0.067223614064313111
0.902000000000000579,0.073643271301009533
0.903000000000000691,0.080015306383843174
0.904000000000000581,0.086339635368095510
0.905000000000000693,0.092616179936914927
0.906000000000000583,0.098844867337960871
0.907000000000000695,0.105025630320183389
0.908000000000000584,0.111158407070603912
0.909000000000000696,0.117243141151259583
0.910000000000000586,0.123279781436224867
0.911000000000000698,0.129268282048759758
0.912000000000000588,0.135208602298580283
0.913000000000000700,0.141100706619298633
0.914000000000000590,0.146944564505986225
0.915000000000000702,0.152740150452922524
0.916000000000000592,0.158487443891493746
0.917000000000000703,0.164186429128321265
0.918000000000000593,0.169837095283520673
0.919000000000000705,0.175439436229231693
0.920000000000000595,0.180993450528296851
0.921000000000000707,0.186499141373225263
0.922000000000000597,0.191956516525324444
0.923000000000000709,0.197365588254125091
0.924000000000000599,0.202726373277001354
0.925000000000000711,0.208038892699088374
0.926000000000000600,0.213303171953441006
0.927000000000000712,0.218519240741461646
0.928000000000000602,0.223687132973606484
0.929000000000000714,0.228806886710371055
0.930000000000000604,0.233878544103560321
0.931000000000000716,0.238902151337891000
0.932000000000000606,0.243877758572835834
0.933000000000000718,0.248805419884806783
0.934000000000000608,0.253685193209675253
0.935000000000000719,0.258517140285551783
0.936000000000000609,0.263301326595948293
0.937000000000000721,0.268037821313232894
0.938000000000000611,0.272726697242421268
0.939000000000000723,0.277368030765329177
0.940000000000000613,0.281961901785046098
0.941000000000000725,0.286508393670751482
0.942000000000000615,0.291007593202908144
0.943000000000000727,0.295459590518781456
0.944000000000000616,0.299864479058329525
0.945000000000000728,0.304222355510469944
0.946000000000000618,0.308533319759678348
0.947000000000000730,0.312797474832986311
0.948000000000000620,0.317014926847338452
0.949000000000000732,0.321185784957316256
0.950000000000000622,0.325310161303261680
0.951000000000000734,0.329388170959743209
0.952000000000000624,0.333419931884457899
0.953000000000000735,0.337405564867463259
0.954000000000000625,0.341345193480827536
0.955000000000000737,0.345238944028661898
0.956000000000000627,0.349086945497537660
0.957000000000000739,0.352889329507307170
0.958000000000000629,0.356646230262303798
0.959000000000000741,0.360357784502951861
0.960000000000000631,0.364024131457759581
0.961000000000000743,0.367645412795720661
0.962000000000000632,0.371221772579109044
0.963000000000000744,0.374753357216678351
0.964000000000000634,0.378240315417246564
0.965000000000000746,0.381682798143724744
0.966000000000000636,0.385080958567481257
0.967000000000000748,0.388434952023169799
0.968000000000000638,0.391744935963936669
0.969000000000000750,0.395011069917019508
0.970000000000000639,0.398233515439767094
0.971000000000000751,0.401412436076073242
0.972000000000000641,0.404547997313180585
0.973000000000000753,0.407640366538922216
0.974000000000000643,0.410689712999348089
0.975000000000000755,0.413696207756762746
0.976000000000000645,0.416660023648163347
0.977000000000000757,0.419581335244093245
0.978000000000000647,0.422460318807873603
0.979000000000000759,0.425297152255265765
0.980000000000000648,0.428092015114512225
0.981000000000000760,0.430845088486793260
0.982000000000000650,0.433556555007082678
0.983000000000000762,0.436226598805398769
0.984000000000000652,0.438855405468449977
0.985000000000000764,0.441443162001691203
0.986000000000000654,0.443990056791772336
0.987000000000000766,0.446496279569369547
0.988000000000000655,0.448962021372434794
0.989000000000000767,0.451387474509820752
0.990000000000000657,0.453772832525304426
0.991000000000000769,0.456118290162012496
0.992000000000000659,0.458424043327209929
0.993000000000000771,0.460690289057500479
0.994000000000000661,0.462917225484415495
0.995000000000000773,0.465105051800371982
0.996000000000000663,0.467253968225019300
0.997000000000000774,0.469364175971982600
0.998000000000000664,0.471435877215973687
0.999000000000000776,0.473469275060281969
1.000000000000000666,0.475464573504654431
1.001000000000000778,0.477421977413527987
1.002000000000000668,0.479341692484663295
1.003000000000000780,0.481223925218139115
1.004000000000000670,0.483068882885712536
1.005000000000000782,0.484876773500557579
1.006000000000000671,0.486647805787354226
1.007000000000000783,0.488382189152777257
1.008000000000000673,0.490080133656295824
1.009000000000000785,0.491741849981387702
1.010000000000000675,0.493367549407073447
1.011000000000000787,0.494957443779830530
1.012000000000000677,0.496511745485844980
1.013000000000000789,0.498030667423637219
1.014000000000000679,0.499514422977010930
1.015000000000000790,0.500963225988384164
1.016000000000000680,0.502377290732429094
1.017000000000000792,0.503756831890092127
1.018000000000000682,0.505102064522928940
1.019000000000000794,0.506413204047794663
1.020000000000000684,0.507690466211866975
1.021000000000000796,0.508934067068005369
1.022000000000000686,0.510144222950436932
1.023000000000000798,0.511321150450785078
1.024000000000000687,0.512465066394425128
1.025000000000000799,0.513576187817147867
1.026000000000000689,0.514654731942172483
1.027000000000000801,0.515700916157463940
1.028000000000000691,0.516714957993384516
1.029000000000000803,0.517697075100642334
1.030000000000000693,0.518647485228563410
1.031000000000000805,0.519566406203693765
1.032000000000000695,0.520454055908687208
1.033000000000000806,0.521310652261496754
1.034000000000000696,0.522136413194903337
1.035000000000000808,0.522931556636317962
1.036000000000000698,0.523696300487897726
1.037000000000000810,0.524430862606948378
1.038000000000000700,0.525135460786630981
1.039000000000000812,0.525810312736974539
1.040000000000000702,0.526455636066144317
1.041000000000000814,0.527071648262032233
1.042000000000000703,0.527658566674128471
1.043000000000000815,0.528216608495648887
1.044000000000000705,0.528745990745967176
1.045000000000000817,0.529246930253347680
1.046000000000000707,0.529719643637891258
1.047000000000000819,0.530164347294818206
1.048000000000000709,0.530581257377987003
1.049000000000000821,0.530970589783692493
1.050000000000000711,0.531332560134737841
1.051000000000000822,0.531667383764751755
1.052000000000000712,0.531975275702788131
1.053000000000000824,0.532256450658167179
1.054000000000000714,0.532511123005593556
1.055000000000000826,0.532739506770510740
1.056000000000000716,0.532941815614715209
1.057000000000000828,0.533118262822222744
1.058000000000000718,0.533269061285383206
1.059000000000000830,0.533394423491229674
1.060000000000000719,0.533494561508080611
1.061000000000000831,0.533569686972391266
1.062000000000000721,0.533620011075807699
1.063000000000000833,0.533645744552511792
1.064000000000000723,0.533647097666733905
1.065000000000000835,0.533624280200572731
1.066000000000000725,0.533577501441963920
1.067000000000000837,0.533506970172944128
1.068000000000000727,0.533412894658084613
1.069000000000000838,0.533295482633190931
1.070000000000000728,0.533154941294197604
1.071000000000000840,0.532991477286285709
1.072000000000000730,0.532805296693205865
1.073000000000000842,0.532596605026846692
1.074000000000000732,0.532365607216968240
1.075000000000000844,0.532112507601174678
1.076000000000000734,0.531837509915092155
1.077000000000000846,0.531540817282741829
1.078000000000000735,0.531222632207106638
1.079000000000000847,0.530883156560919889
1.080000000000000737,0.530522591577633706
1.081000000000000849,0.530141137842588317
1.082000000000000739,0.529738995284381953
1.083000000000000851,0.529316363166416504
1.084000000000000741,0.528873440078637014
1.085000000000000853,0.528410423929478901
1.086000000000000743,0.527927511937954397
1.087000000000000854,0.527424900625978355
1.088000000000000744,0.526902785810823060
1.089000000000000856,0.526361362597791316
1.090000000000000746,0.525800825373032188
1.091000000000000858,0.525221367796557148
1.092000000000000748,0.524623182795417531
1.093000000000000860,0.524006462557050301
1.094000000000000750,0.523371398522797793
1.095000000000000862,0.522718181381596536
1.096000000000000751,0.522047001063810745
1.097000000000000863,0.521358046735259317
1.098000000000000753,0.520651506791373953
1.099000000000000865,0.519927568851531019
1.100000000000000755,0.519186419753541850
1.101000000000000867,0.518428245548296251
1.102000000000000757,0.517653231494535460
1.103000000000000869,0.516861562053817947
1.104000000000000759,0.516053420885611791
1.105000000000000870,0.515228990842507728
1.106000000000000760,0.514388453965642922
1.107000000000000872,0.513531991480199901
1.108000000000000762,0.512659783791090562
1.109000000000000874,0.511772010478758310
1.110000000000000764,0.510868850295139509
1.111000000000000876,0.509950481159731517
1.112000000000000766,0.509017080155820034
1.113000000000000878,0.508068823526839575
1.114000000000000767,0.507105886672830297
1.115000000000000879,0.506128444147080137
1.116000000000000769,0.505136669652841208
1.117000000000000881,0.504130736040212080
1.118000000000000771,0.503110815303110082
1.119000000000000883,0.502077078576401159
1.120000000000000773,0.501029696133119762
1.121000000000000885,0.499968837381830067
1.122000000000000774,0.498894670864086787
1.123000000000000886,0.497807364252028428
1.124000000000000776,0.496707084346077465
1.125000000000000888,0.495593997072745929
1.126000000000000778,0.494468267482569501
1.127000000000000890,0.493330059748137373
1.128000000000000780,0.492179537162230063
1.129000000000000892,0.491016862136078480
1.130000000000000782,0.489842196197708635
1.131000000000000894,0.488655699990399151
1.132000000000000783,0.487457533271252796
1.133000000000000895,0.486247854909840904
1.134000000000000785,0.485026822886978792
1.135000000000000897,0.483794594293565861
1.136000000000000787,0.482551325329554637
1.137000000000000899,0.481297171302993099
1.138000000000000789,0.480032286629161586
1.139000000000000901,0.478756824829816463
1.140000000000000790,0.477470938532505773
1.141000000000000902,0.476174779469995646
1.142000000000000792,0.474868498479750656
1.143000000000000904,0.473552245503551739
1.144000000000000794,0.472226169587146860
1.145000000000000906,0.470890418880010819
1.146000000000000796,0.469545140635199920
1.147000000000000908,0.468190481209265097
1.148000000000000798,0.466826586062248361
1.149000000000000909,0.465453599757775449
1.150000000000000799,0.464071665963203817
1.151000000000000911,0.462680927449863943
1.152000000000000801,0.461281526093366590
1.153000000000000913,0.459873602873984044
1.154000000000000803,0.458457297877116088
1.155000000000000915,0.457032750293808299
1.156000000000000805,0.455600098421344524
1.157000000000000917,0.454159479663939714
1.158000000000000806,0.452711030533439973
1.159000000000000918,0.451254886650151898
1.160000000000000808,0.449791182743706386
1.161000000000000920,0.448320052653975232
1.162000000000000810,0.446841629332083490
1.163000000000000922,0.445356044841457965
1.164000000000000812,0.443863430358961530
1.165000000000000924,0.442363916176045646
1.166000000000000814,0.440857631700016905
1.167000000000000925,0.439344705455321449
1.168000000000000815,0.437825265084897830
1.169000000000000927,0.436299437351586328
1.170000000000000817,0.434767348139607379
1.171000000000000929,0.433229122456059490
1.172000000000000819,0.431684884432512628
1.173000000000000931,0.430134757326613826
1.174000000000000821,0.428578863523776110
1.175000000000000933,0.427017324538897458
1.176000000000000822,0.425450261018129994
1.177000000000000934,0.423877792740723791
1.178000000000000824,0.422300038620872897
1.179000000000000936,0.420717116709636074
1.180000000000000826,0.419129144196915882
1.181000000000000938,0.417536237413444311
1.182000000000000828,0.415938511832843194
1.183000000000000940,0.414336082073717027
1.184000000000000830,0.412729061901783545
1.185000000000000941,0.411117564232056754
1.186000000000000831,0.409501701131051998
1.187000000000000943,0.407881583819051041
1.188000000000000833,0.406257322672390564
1.189000000000000945,0.404629027225798965
1.190000000000000835,0.402996806174760969
1.191000000000000947,0.401360767377922145
1.192000000000000837,0.399721017859527961
1.193000000000000949,0.398077663811910398
1.194000000000000838,0.396430810597976135
1.195000000000000950,0.394780562753763664
1.196000000000000840,0.393127023991014846
1.197000000000000952,0.391470297199776662
1.198000000000000842,0.389810484451033612
1.199000000000000954,0.388147686999385788
1.200000000000000844,0.386482005285733232
1.201000000000000734,0.384813538940010802
1.202000000000000846,0.383142386783923539
1.203000000000000957,0.381468646833752756
1.204000000000000847,0.379792416303130653
1.205000000000000737,0.378113791605898641
1.206000000000000849,0.376432868358952899
1.207000000000000961,0.374749741385130397
1.208000000000000851,0.373064504716103307
1.209000000000000741,0.371377251595331748
1.210000000000000853,0.369688074480987505
1.211000000000000965,0.367997065048953853
1.212000000000000854,0.366304314195805003
1.213000000000000744,0.364609912041829021
1.214000000000000856,0.362913947934058234
1.215000000000000968,0.361216510449338613
1.216000000000000858,0.359517687397394314
1.217000000000000748,0.357817565823918105
1.218000000000000860,0.356116232013703515
1.219000000000000972,0.354413771493745089
1.220000000000000862,0.352710269036414281
1.221000000000000751,0.351005808662602281
1.222000000000000863,0.349300473644904463
1.223000000000000975,0.347594346510815888
1.224000000000000865,0.345887509045936015
1.225000000000000755,0.344180042297199174
1.226000000000000867,0.342472026576097432
1.227000000000000979,0.340763541461945485
1.228000000000000869,0.339054665805132605
1.229000000000000759,0.337345477730395804
1.230000000000000870,0.335636054640114145
1.231000000000000982,0.333926473217611597
1.232000000000000872,0.332216809430440851
1.233000000000000762,0.330507138533730482
1.234000000000000874,0.328797535073495795
1.235000000000000986,0.327088072889977932
1.236000000000000876,0.325378825121012738
1.237000000000000766,0.323669864205348101
1.238000000000000878,0.321961261886037131
1.239000000000000989,0.320253089213817788
1.240000000000000879,0.318545416550445659
1.241000000000000769,0.316838313572136931
1.242000000000000881,0.315131849272924758
1.243000000000000993,0.313426091968063925
1.244000000000000883,0.311721109297443288
1.245000000000000773,0.310016968228993273
1.246000000000000885,0.308313735062093197
1.247000000000000997,0.306611475431002589
1.248000000000000886,0.304910254308268680
1.249000000000000776,0.303210136008174869
1.250000000000000888,0.301511184190147941
1.251000000000001000,0.299813461862216468
1.252000000000000890,0.298117031384425135
1.253000000000000780,0.296421954472294247
1.254000000000000892,0.294728292200240938
1.255000000000001004,0.293036105005043734
1.256000000000000894,0.291345452689274587
1.257000000000000783,0.289656394424747499
1.258000000000000895,0.287968988755962441
1.259000000000001007,0.286283293603560141
1.260000000000000897,0.284599366267761555
1.261000000000000787,0.282917263431828270
1.262000000000000899,0.281237041165497192
1.263000000000001011,0.279558754928428743
1.264000000000000901,0.277882459573663254
1.265000000000000790,0.276208209351053280
1.266000000000000902,0.274536057910715725
1.267000000000001014,0.272866058306466708
1.268000000000000904,0.271198262999271467
1.269000000000000794,0.269532723860666290
1.270000000000000906,0.267869492176207369
1.271000000000001018,0.266208618648898998
1.272000000000000908,0.264550153402612509
1.273000000000000798,0.262894145985531069
1.274000000000000909,0.261240645373559455
1.275000000000001021,0.259589699973739874
1.276000000000000911,0.257941357627677170
1.277000000000000801,0.256295665614942492
1.278000000000000913,0.254652670656487001
1.279000000000001025,0.253012418918024451
1.280000000000000915,0.251374956013455109
1.281000000000000805,0.249740327008232038
1.282000000000000917,0.248108576422770982
1.283000000000001029,0.246479748235810314
1.284000000000000918,0.244853885887795414
1.285000000000000808,0.243231032284255966
1.286000000000000920,0.241611229799157667
1.287000000000001032,0.239994520278258072
1.288000000000000922,0.238380945042472092
1.289000000000000812,0.236770544891209328
1.290000000000000924,0.235163360105693109
1.291000000000001036,0.233559430452327854
1.292000000000000925,0.231958795185988442
1.293000000000000815,0.230361493053359123
1.294000000000000927,0.228767562296229882
1.295000000000001039,0.227177040654801127
1.296000000000000929,0.225589965370983331
1.297000000000000819,0.224006373191668995
1.298000000000000931,0.222426300372026070
1.299000000000001043,0.220849782678749135
1.300000000000000933,0.219276855393350123
1.301000000000000822,0.217707553315369340
1.302000000000000934,0.216141910765662582
1.303000000000001046,0.214579961589594415
1.304000000000000936,0.213021739160308282
1.305000000000000826,0.211467276381905517
1.306000000000000938,0.209916605692677061
1.307000000000001050,0.208369759068294080
1.308000000000000940,0.206826768024994889
1.309000000000000830,0.205287663622773314
1.310000000000000941,0.203752476468538724
1.311000000000001053,0.202221236719292069
1.312000000000000943,0.200693974085262156
1.313000000000000833,0.199170717833047073
1.314000000000000945,0.197651496788758096
1.315000000000001057,0.196136339341129562
1.316000000000000947,0.194625273444631902
1.317000000000000837,0.193118326622574138
1.318000000000000949,0.191615525970187384
1.319000000000001060,0.190116898157714875
1.320000000000000950,0.188622469433476048
1.321000000000000840,0.187132265626918148
1.322000000000000952,0.185646312151666965
1.323000000000001064,0.184164634008570360
1.324000000000000954,0.182687255788719138
1.325000000000000844,0.181214201676455522
1.326000000000000956,0.179745495452382553
1.327000000000001068,0.178281160496359226
1.328000000000000957,0.176821219790478101
1.329000000000000847,0.175365695922027720
1.330000000000000959,0.173914611086462501
1.331000000000001071,0.172467987090347691
1.332000000000000961,0.171025845354286055
1.333000000000000851,0.169588206915846085
1.334000000000000963,0.168155092432486886
1.335000000000001075,0.166726522184434289
1.336000000000000965,0.165302516077585920
1.337000000000000854,0.163883093646393252
1.338000000000000966,0.162468274056706774
1.339000000000001078,0.161058076108647807
1.340000000000000968,0.159652518239442154
1.341000000000000858,0.158251618526245280
1.342000000000000970,0.156855394688975108
1.343000000000001082,0.155463864093093346
1.344000000000000972,0.154077043752426535
1.345000000000000862,0.152694950331917351
1.346000000000000973,0.151317600150422948
1.347000000000001085,0.149945009183444888
1.348000000000000975,0.148577193065898422
1.349000000000000865,0.147214167094824211
1.350000000000000977,0.145855946232119227
1.351000000000001089,0.144502545107237118
1.352000000000000979,0.143153978019895656
1.353000000000000869,0.141810258942744072
1.354000000000000981,0.140471401524041944
1.355000000000001092,0.139137419090317238
1.356000000000000982,0.137808324649012798
1.357000000000000872,0.136484130891110222
1.358000000000000984,0.135164850193758290
1.359000000000001096,0.133850494622880983
1.360000000000000986,0.132541075935780212
1.361000000000000876,0.131236605583688715
1.362000000000000988,0.129937094714382168
1.363000000000001100,0.128642554174699886
1.364000000000000989,0.127352994513115186
1.365000000000000879,0.126068425982260091
1.366000000000000991,0.124788858541432318
1.367000000000001103,0.123514301859126041
1.368000000000000993,0.122244765315510359
1.369000000000000883,0.120980258004913438
1.370000000000000995,0.119720788738295197
1.371000000000001107,0.118466366045699684
1.372000000000000997,0.117216998178715226
1.373000000000000886,0.115972693112872213
1.374000000000000998,0.114733458550103015
1.375000000000001110,0.113499301921113155
1.376000000000001000,0.112270230387797237
1.377000000000000890,0.111046250845609928
1.378000000000001002,0.109827369925941179
1.379000000000001114,0.108613593998458074
1.380000000000001004,0.107404929173467584
1.381000000000000894,0.106201381304234260
1.382000000000001005,0.105002955989294683
1.383000000000001117,0.103809658574776489
1.384000000000001007,0.102621494156680509
1.385000000000000897,0.101438467583164632
1.386000000000001009,0.100260583456812130
1.387000000000001121,0.099087846136881014
1.388000000000001011,0.097920259741555576
1.389000000000000901,0.096757828150174682
1.390000000000001013,0.095600555005435309
1.391000000000001124,0.094448443715623623
1.392000000000001014,0.093301497456781915
1.393000000000000904,0.092159719174904703
1.394000000000001016,0.091023111588100142
1.395000000000001128,0.089891677188749214
1.396000000000001018,0.088765418245639841
1.397000000000000908,0.087644336806115247
1.398000000000001020,0.086528434698166429
1.399000000000001132,0.085417713532561737
1.400000000000001021,0.084312174704934240
1.401000000000000911,0.083211819397847581
1.402000000000001023,0.082116648582886559
1.403000000000001135,0.081026663022702977
1.404000000000001025,0.079941863273062283
1.405000000000000915,0.078862249684869101
1.406000000000001027,0.077787822406206270
1.407000000000001139,0.076718581384315171
1.408000000000001029,0.075654526367623098
1.409000000000000918,0.074595656907697025
1.410000000000001030,0.073541972361233304
1.411000000000001142,0.072493471892025069
1.412000000000001032,0.071450154472886079
1.413000000000000922,0.070412018887598932
1.414000000000001034,0.069379063732843055
1.415000000000001146,0.068351287420109499
1.416000000000001036,0.067328688177581392
1.417000000000000925,0.066311264052043517
1.418000000000001037,0.065299012910750340
1.419000000000001149,0.064291932443291275
1.420000000000001039,0.063290020163441679
1.421000000000000929,0.062293273411001791
1.422000000000001041,0.061301689353641206
1.423000000000001153,0.060315264988699727
1.424000000000001043,0.059333997144996431
1.425000000000000933,0.058357882484635103
1.426000000000001044,0.057386917504777549
1.427000000000001156,0.056421098539420435
1.428000000000001046,0.055460421761149480
1.429000000000000936,0.054504883182891442
1.430000000000001048,0.053554478659658969
1.431000000000001160,0.052609203890270205
1.432000000000001050,0.051669054419051043
1.433000000000000940,0.050734025637565995
1.434000000000001052,0.049804112786284653
1.435000000000001164,0.048879310956284297
1.436000000000001053,0.047959615090900840
1.437000000000000943,0.047045019987399003
1.438000000000001055,0.046135520298612960
1.439000000000001167,0.045231110534591716
1.440000000000001057,0.044331785064219746
1.441000000000000947,0.043437538116831063
1.442000000000001059,0.042548363783810772
1.443000000000001171,0.041664256020190846
1.444000000000001060,0.040785208646240780
1.445000000000000950,0.039911215349017988
1.446000000000001062,0.039042269683950699
1.447000000000001174,0.038178365076369195
1.448000000000001064,0.037319494823056423
1.449000000000000954,0.036465652093774809
1.450000000000001066,0.035616829932778905
1.451000000000001178,0.034773021260324631
1.452000000000001068,0.033934218874174096
1.453000000000000957,0.033100415451065283
1.454000000000001069,0.032271603548205900
1.455000000000001181,0.031447775604724434
1.456000000000001071,0.030628923943134802
1.457000000000000961,0.029815040770773855
1.458000000000001073,0.029006118181241304
1.459000000000001185,0.028202148155822688
1.460000000000001075,0.027403122564903893
1.461000000000000965,0.026609033169368822
1.462000000000001076,0.025819871622003630
1.463000000000001188,0.025035629468878062
1.464000000000001078,0.024256298150706866
1.465000000000000968,0.023481869004229862
1.466000000000001080,0.022712333263561819
1.467000000000001192,0.021947682061530048
1.468000000000001082,0.021187906431016697
1.469000000000000972,0.020432997306276457
1.470000000000001084,0.019682945524253689
1.471000000000001195,0.018937741825891707
1.472000000000001085,0.018197376857424324
1.473000000000000975,0.017461841171657781
1.474000000000001087,0.016731125229259410
1.475000000000001199,0.016005219400008208
1.476000000000001089,0.015284113964066126
1.477000000000000979,0.014567799113212782
1.478000000000001091,0.013856264952099439
1.479000000000001203,0.013149501499472638
1.480000000000001092,0.012447498689378172
1.481000000000000982,0.011750246372396272
1.482000000000001094,0.011057734316823538
1.483000000000001206,0.010369952209883654
1.484000000000001096,0.009686889658891081
1.485000000000000986,0.009008536192441994
1.486000000000001098,0.008334881261563200
1.487000000000001210,0.007665914240883784
1.488000000000001100,0.007001624429771790
1.489000000000000989,0.006342001053479365
1.490000000000001101,0.005687033264262965
1.491000000000001213,0.005036710142514569
1.492000000000001103,0.004391020697869161
1.493000000000000993,0.003749953870301690
1.494000000000001105,0.003113498531234884
1.495000000000001217,0.002481643484614796
1.496000000000001107,0.001854377467988516
1.497000000000000997,0.001231689153577820
1.498000000000001108,0.000613567149334246
1.499000000000001220,0.000000000000000000
