# Pt001_CS-55104-AC
# h[nm],U(h)[kJ/mol]
0.200000000000000011,122.253480626770851813
0.201000000000000012,114.232903094642779251
0.202000000000000013,109.978260186711096935
0.203000000000000014,107.406863638265889449
0.204000000000000015,105.349610787024104752
0.205000000000000016,103.217257902405705750
0.206000000000000016,100.772735283726603939
0.207000000000000017,97.979230533730486741
0.208000000000000018,94.901724579056875086
0.209000000000000019,91.645660044806916744
0.210000000000000020,88.320914698642468466
0.211000000000000021,85.022600665018330801
0.212000000000000022,81.822688358556575849
0.213000000000000023,78.768274590754998599
0.214000000000000024,75.883639789458811720
0.215000000000000024,73.174194240506295728
0.216000000000000025,70.631092638573448994
0.217000000000000026,68.235772100443085719
0.218000000000000027,65.963995638513694075
0.219000000000000028,63.789201897672384689
0.220000000000000029,61.685103369050558797
0.221000000000000030,59.627562070839204011
0.222000000000000031,57.595820603871722199
0.223000000000000032,55.573189797548366187
0.224000000000000032,53.547300707002285947
0.225000000000000033,51.510024809720391659
0.226000000000000034,49.457156296941910512
0.227000000000000035,47.387937391421800726
0.228000000000000036,45.304493666164269428
0.229000000000000037,43.211232677617694264
0.230000000000000038,41.114246633848125612
0.231000000000000039,39.020748705798290246
0.232000000000000040,36.938563125906327400
0.233000000000000040,34.875681410705453800
0.234000000000000041,32.839890800106665836
0.235000000000000042,30.838476176064563816
0.236000000000000043,28.877993129620797674
0.237000000000000044,26.964107302422341661
0.238000000000000045,25.101493456267540694
0.239000000000000046,23.293786754527374683
0.240000000000000047,21.543578322142931114
0.241000000000000048,19.852447155189533845
0.242000000000000048,18.221020764946313619
0.243000000000000049,16.649057471787333640
0.244000000000000050,15.135543934882699446
0.245000000000000051,13.678802253790470544
0.246000000000000052,12.276601760064620450
0.247000000000000053,10.926271394941441173
0.248000000000000054,9.624809316592550346
0.249000000000000055,8.368987078884646991
0.250000000000000056,7.155446361053252602
0.251000000000000056,5.980786797313859537
0.252000000000000057,4.841643954326967147
0.253000000000000058,3.734756932783655170
0.254000000000000059,2.657025429592882571
0.255000000000000060,1.605556393230318957
0.256000000000000061,0.577700641783711721
0.257000000000000062,-0.428920003237429626
0.258000000000000063,-1.416394378228091666
0.259000000000000064,-2.386511650340056079
0.260000000000000064,-3.340758159441596042
0.261000000000000065,-4.280320558124608432
0.262000000000000066,-5.206094375080345671
0.263000000000000067,-6.118697143850990727
0.264000000000000068,-7.018485271717930907
0.265000000000000069,-7.905573868540362703
0.266000000000000070,-8.779858809411310361
0.267000000000000071,-9.641040365211830832
0.268000000000000071,-10.488647799091008750
0.269000000000000072,-11.322064392557198431
0.270000000000000073,-12.140552430560811459
0.271000000000000074,-12.943277739335002252
0.272000000000000075,-13.729333432777135471
0.273000000000000076,-14.497762581988158814
0.274000000000000077,-15.247579577650565597
0.275000000000000078,-15.977790005809257678
0.276000000000000079,-16.687408904078186112
0.277000000000000079,-17.375477307214442391
0.278000000000000080,-18.041077028368512458
0.279000000000000081,-18.683343655221403168
0.280000000000000082,-19.301477768798473988
0.281000000000000083,-19.894754417212105579
0.282000000000000084,-20.462530897168239363
0.283000000000000085,-21.004252913043234940
0.284000000000000086,-21.519459196982595017
0.285000000000000087,-22.007784684081450166
0.286000000000000087,-22.468962344575743373
0.287000000000000088,-22.902823780391351249
0.288000000000000089,-23.309298696647488214
0.289000000000000090,-23.688413360064309643
0.290000000000000091,-24.040288155933492220
0.291000000000000092,-24.365134353622757146
0.292000000000000093,-24.663250187716339923
0.293000000000000094,-24.935016358055090535
0.294000000000000095,-25.180891047316368514
0.295000000000000095,-25.401404549537037525
0.296000000000000096,-25.597153597283782034
0.297000000000000097,-25.768795469150074240
0.298000000000000098,-25.917041953027855072
0.299000000000000099,-26.042653234268762219
0.300000000000000100,-26.146431771504495600
0.301000000000000101,-26.229216216616283219
0.302000000000000102,-26.291875429193463987
0.303000000000000103,-26.335302629856435885
0.304000000000000103,-26.360409731080391538
0.305000000000000104,-26.368121878682028836
0.306000000000000105,-26.359372231945190634
0.307000000000000106,-26.335097005483259380
0.308000000000000107,-26.296230791381351111
0.309000000000000108,-26.243702175933616871
0.310000000000000109,-26.178429661397267125
0.311000000000000110,-26.101317899619733254
0.312000000000000111,-26.013254241157973468
0.313000000000000111,-25.915105600588265844
0.314000000000000112,-25.807715636092666500
0.315000000000000113,-25.691902239092208049
0.316000000000000114,-25.568455327663759391
0.317000000000000115,-25.438134935711243401
0.318000000000000116,-25.301669588349522400
0.319000000000000117,-25.159754952682664708
0.320000000000000118,-25.013052752102630905
0.321000000000000119,-24.862189931382541630
0.322000000000000119,-24.707758059175571219
0.323000000000000120,-24.550312954038776780
0.324000000000000121,-24.390374519766762518
0.325000000000000122,-24.228426775627628587
0.326000000000000123,-24.064918067027761595
0.327000000000000124,-23.900261442180440241
0.328000000000000125,-23.734835180502578567
0.329000000000000126,-23.568983458700564881
0.330000000000000127,-23.403017140819763142
0.331000000000000127,-23.237214678912913257
0.332000000000000128,-23.071823111416705387
0.333000000000000129,-22.907059146808840921
0.334000000000000130,-22.743110320636457544
0.335000000000000131,-22.580136214557249730
0.336000000000000132,-22.418269726606098402
0.337000000000000133,-22.257618382489059883
0.338000000000000134,-22.098265678304763071
0.339000000000000135,-21.940272445697555526
0.340000000000000135,-21.783678231050387808
0.341000000000000136,-21.628502680925624446
0.342000000000000137,-21.474746926554928450
0.343000000000000138,-21.322394960760711058
0.344000000000000139,-21.171415001260402988
0.345000000000000140,-21.021760834857406763
0.346000000000000141,-20.873373137556903600
0.347000000000000142,-20.726180766160403834
0.348000000000000143,-20.580102017387492452
0.349000000000000143,-20.435045851045657628
0.350000000000000144,-20.290913074220000567
0.351000000000000145,-20.147597483881309444
0.352000000000000146,-20.004986965715414016
0.353000000000000147,-19.862964547356813938
0.354000000000000148,-19.721409404566905721
0.355000000000000149,-19.580197819230662049
0.356000000000000150,-19.439204088356660804
0.357000000000000151,-19.298301383553770449
0.358000000000000151,-19.157362560723989020
0.359000000000000152,-19.016260919956131659
0.360000000000000153,-18.874870915829426110
0.361000000000000154,-18.733068818540395739
0.362000000000000155,-18.590733326451569951
0.363000000000000156,-18.447746130827468392
0.364000000000000157,-18.303992433672249263
0.365000000000000158,-18.159361419716553598
0.366000000000000159,-18.013746683716952646
0.367000000000000159,-17.867046614333645493
0.368000000000000160,-17.719164735939507693
0.369000000000000161,-17.570010009787594640
0.370000000000000162,-17.419497096026212546
0.371000000000000163,-17.267546578100954946
0.372000000000000164,-17.114085151121877004
0.373000000000000165,-16.959045775804238332
0.374000000000000166,-16.802367799610241406
0.375000000000000167,-16.643997046731321632
0.376000000000000167,-16.483885878554040971
0.377000000000000168,-16.321993226248821429
0.378000000000000169,-16.158284597110842640
0.379000000000000170,-15.992732056266760310
0.380000000000000171,-15.825314185338729800
0.381000000000000172,-15.656016019632266634
0.382000000000000173,-15.484828965383082178
0.383000000000000174,-15.311750698564896567
0.384000000000000175,-15.136785046722291526
0.385000000000000175,-14.959941855252898435
0.386000000000000176,-14.781236839520502713
0.387000000000000177,-14.600691424136067909
0.388000000000000178,-14.418332570697705464
0.389000000000000179,-14.234192595232519452
0.390000000000000180,-14.048308976535263781
0.391000000000000181,-13.860724156548823061
0.392000000000000182,-13.671485333882278823
0.393000000000000183,-13.480644251511558096
0.394000000000000183,-13.288256979658285672
0.395000000000000184,-13.094383694792032458
0.396000000000000185,-12.899088455651641638
0.397000000000000186,-12.702438977132660014
0.398000000000000187,-12.504506402838915236
0.399000000000000188,-12.305365077049126299
0.400000000000000189,-12.105092316802723573
0.401000000000000190,-11.903768184762956395
0.402000000000000191,-11.701475263471525778
0.403000000000000191,-11.498298431564808908
0.404000000000000192,-11.294324642480098930
0.405000000000000193,-11.089642706139192896
0.406000000000000194,-10.884343074057110101
0.407000000000000195,-10.678517628285776553
0.408000000000000196,-10.472259474565353443
0.409000000000000197,-10.265662740020831123
0.410000000000000198,-10.058822375707615393
0.411000000000000199,-9.851833964277023625
0.412000000000000199,-9.644793533001765340
0.413000000000000200,-9.437797372371949933
0.414000000000000201,-9.230941860443667935
0.415000000000000202,-9.024323293095402931
0.416000000000000203,-8.818037720322495332
0.417000000000000204,-8.612180788675033227
0.418000000000000205,-8.406847589922566755
0.419000000000000206,-8.202132516007253571
0.420000000000000207,-7.998129120326487040
0.421000000000000207,-7.794929985368166392
0.422000000000000208,-7.592626596702698905
0.423000000000000209,-7.391309223320577715
0.424000000000000210,-7.191066804288011483
0.425000000000000211,-6.991986841679262099
0.426000000000000212,-6.794155299731004405
0.427000000000000213,-6.597656510151684195
0.428000000000000214,-6.402573083507880014
0.429000000000000214,-6.208985826599014324
0.430000000000000215,-6.016973665722637143
0.431000000000000216,-5.826613575724150174
0.432000000000000217,-5.637980514716554481
0.433000000000000218,-5.451147364349640867
0.434000000000000219,-5.266184875501395801
0.435000000000000220,-5.083161619259254138
0.436000000000000221,-4.902143943053924424
0.437000000000000222,-4.723195931804527348
0.438000000000000222,-4.546379373930320433
0.439000000000000223,-4.371753732081375965
0.440000000000000224,-4.199376118438119754
0.441000000000000225,-4.029301274427871782
0.442000000000000226,-3.861581554705467489
0.443000000000000227,-3.696266915243434426
0.444000000000000228,-3.533404905377508065
0.445000000000000229,-3.373040663652598248
0.446000000000000230,-3.215216917314955847
0.447000000000000230,-3.059973985296681853
0.448000000000000231,-2.907349784539838389
0.449000000000000232,-2.757379839508490527
0.450000000000000233,-2.610097294738674911
0.451000000000000234,-2.465532930277871682
0.452000000000000235,-2.323715179867712699
0.453000000000000236,-2.184670151725559784
0.454000000000000237,-2.048421651783395525
0.455000000000000238,-1.914991209244438553
0.456000000000000238,-1.784398104321153422
0.457000000000000239,-1.656659398020583707
0.458000000000000240,-1.531789963846506231
0.459000000000000241,-1.409802521290164146
0.460000000000000242,-1.290707670985338895
0.461000000000000243,-1.174513931405907652
0.462000000000000244,-1.061227776988001192
0.463000000000000245,-0.950853677561549260
0.464000000000000246,-0.843394138979970620
0.465000000000000246,-0.738849744839767397
0.466000000000000247,-0.637219199185276808
0.467000000000000248,-0.538499370097295205
0.468000000000000249,-0.442685334067834113
0.469000000000000250,-0.349770421066416870
0.470000000000000251,-0.259746260207039115
0.471000000000000252,-0.172602825928015680
0.472000000000000253,-0.088328484600678353
0.473000000000000254,-0.006910041485830742
0.474000000000000254,0.071667212039544556
0.475000000000000255,0.147419451059631779
0.476000000000000256,0.220364269572400684
0.477000000000000257,0.290520632885236441
0.478000000000000258,0.357908830018580981
0.479000000000000259,0.422550426179208904
0.480000000000000260,0.484468215361856303
0.481000000000000261,0.543686173135098705
0.482000000000000262,0.600229409664158164
0.483000000000000262,0.654124123020920267
0.484000000000000263,0.705397552828300189
0.485000000000000264,0.754077934283705731
0.486000000000000265,0.800194452603452788
0.487000000000000266,0.843777197927678024
0.488000000000000267,0.884857120722728707
0.489000000000000268,0.923465987715404113
0.490000000000000269,0.959636338391533728
0.491000000000000270,0.993401442088535092
0.492000000000000270,1.024795255709952668
0.493000000000000271,1.053852382087373751
0.494000000000000272,1.080608029013481186
0.495000000000000273,1.105097968967641675
0.496000000000000274,1.127358499553765325
0.497000000000000275,1.147426404668327571
0.498000000000000276,1.165338916414353054
0.499000000000000277,1.181133677775972668
0.500000000000000222,1.194848706065956057
0.501000000000000334,1.206522357157546965
0.502000000000000224,1.216193290509954839
0.503000000000000336,1.223900434995865982
0.504000000000000226,1.229682955537497291
0.505000000000000338,1.233580220556784957
0.506000000000000227,1.235631770243661887
0.507000000000000339,1.235877285645558432
0.508000000000000229,1.234356558579772001
0.509000000000000341,1.231109462369396557
0.510000000000000231,1.226175923402481160
0.511000000000000343,1.219595893513072626
0.512000000000000233,1.211409323181855235
0.513000000000000345,1.201656135553167193
0.514000000000000234,1.190376201264384592
0.515000000000000346,1.177609314082927128
0.516000000000000236,1.163395167345295800
0.517000000000000348,1.147773331191787705
0.518000000000000238,1.130783230590221011
0.519000000000000350,1.112464124140823074
0.520000000000000240,1.092855083654485027
0.521000000000000352,1.071994974495480424
0.522000000000000242,1.049922436679770588
0.523000000000000353,1.026675866718976593
0.524000000000000243,1.002293400200349627
0.525000000000000355,0.976812895092004974
0.526000000000000245,0.950271915762871400
0.527000000000000357,0.922707717706068520
0.528000000000000247,0.894157232954442827
0.529000000000000359,0.864657056176498684
0.530000000000000249,0.834243431440848560
0.531000000000000361,0.802952239636996468
0.532000000000000250,0.770818986540220741
0.533000000000000362,0.737878791507902809
0.534000000000000252,0.704166376794955751
0.535000000000000364,0.669716057475147175
0.536000000000000254,0.634561731956018615
0.537000000000000366,0.598736873073937081
0.538000000000000256,0.562274519756716495
0.539000000000000368,0.525207269240450025
0.540000000000000258,0.487567269827777650
0.541000000000000369,0.449386214174226084
0.542000000000000259,0.410695333089919845
0.543000000000000371,0.371525389843288256
0.544000000000000261,0.331906674954008718
0.545000000000000373,0.291869001462127908
0.546000000000000263,0.251441700660615552
0.547000000000000375,0.210653618278251381
0.548000000000000265,0.169533111100589384
0.549000000000000377,0.128108044015843803
0.550000000000000266,0.086405787473709861
0.551000000000000378,0.044453215344228483
0.552000000000000268,0.002276703164825466
0.553000000000000380,-0.040097873236927553
0.554000000000000270,-0.082645138756593933
0.555000000000000382,-0.125340219674298897
0.556000000000000272,-0.168158743975775904
0.557000000000000384,-0.211076841344753824
0.558000000000000274,-0.254071142838020569
0.559000000000000385,-0.297118780254382098
0.560000000000000275,-0.340197385208550140
0.561000000000000387,-0.383285087920950840
0.562000000000000277,-0.426360515733907874
0.563000000000000389,-0.469402791365054306
0.564000000000000279,-0.512391530907973181
0.565000000000000391,-0.555306841590510358
0.566000000000000281,-0.598129319300401807
0.567000000000000393,-0.640840045888323773
0.568000000000000282,-0.683420586257626916
0.569000000000000394,-0.725852985250423410
0.570000000000000284,-0.768119764338850430
0.571000000000000396,-0.810203918130985690
0.572000000000000286,-0.852088910699730917
0.573000000000000398,-0.893758671743621114
0.574000000000000288,-0.935197592587703519
0.575000000000000400,-0.976390522033008801
0.576000000000000290,-1.017322762062227159
0.577000000000000401,-1.057980063409867499
0.578000000000000291,-1.098348621004157977
0.579000000000000403,-1.138415069288371440
0.580000000000000293,-1.178166477428663095
0.581000000000000405,-1.217590344415738546
0.582000000000000295,-1.256674594066828243
0.583000000000000407,-1.295407569935166370
0.584000000000000297,-1.333778030132970693
0.585000000000000409,-1.371775142074757259
0.586000000000000298,-1.409388477146639396
0.587000000000000410,-1.446608005308096079
0.588000000000000300,-1.483424089631514287
0.589000000000000412,-1.519827480785580498
0.590000000000000302,-1.555809311467582168
0.591000000000000414,-1.591361090790276211
0.592000000000000304,-1.626474698628104676
0.593000000000000416,-1.661142379927998958
0.594000000000000306,-1.695356738989364898
0.595000000000000417,-1.729110733718089321
0.596000000000000307,-1.762397669858783544
0.597000000000000419,-1.795211195209909461
0.598000000000000309,-1.827545293825770356
0.599000000000000421,-1.859394280209399231
0.600000000000000311,-1.890752793500355411
0.601000000000000423,-1.921615791661141159
0.602000000000000313,-1.951978545665699061
0.603000000000000425,-1.981836633693768945
0.604000000000000314,-2.011185935334095731
0.605000000000000426,-2.040022625800025580
0.606000000000000316,-2.068343170160312550
0.607000000000000428,-2.096144317588252814
0.608000000000000318,-2.123423095631928881
0.609000000000000430,-2.150176804508324491
0.610000000000000320,-2.176403011423764688
0.611000000000000432,-2.202099544923431296
0.612000000000000322,-2.227264489272017922
0.613000000000000433,-2.251896178868048715
0.614000000000000323,-2.275993192693879230
0.615000000000000435,-2.299554348803502180
0.616000000000000325,-2.322578698850003676
0.617000000000000437,-2.345065522654737666
0.618000000000000327,-2.367014322819728012
0.619000000000000439,-2.388424819385168263
0.620000000000000329,-2.409296944533489970
0.621000000000000441,-2.429630837341512528
0.622000000000000330,-2.449426838582092536
0.623000000000000442,-2.468685485576622707
0.624000000000000332,-2.487407507099465231
0.625000000000000444,-2.505593818335759337
0.626000000000000334,-2.523245515893371760
0.627000000000000446,-2.540363872870261108
0.628000000000000336,-2.556950333978028400
0.629000000000000448,-2.573006510722620099
0.630000000000000338,-2.588534176642878215
0.631000000000000449,-2.603535262607835854
0.632000000000000339,-2.618011852173260490
0.633000000000000451,-2.631966176998161711
0.634000000000000341,-2.645400612321739509
0.635000000000000453,-2.658317672501428142
0.636000000000000343,-2.670720006612169239
0.637000000000000455,-2.682610394107705964
0.638000000000000345,-2.693991740543807190
0.639000000000000457,-2.704867073364067842
0.640000000000000346,-2.715239537748259213
0.641000000000000458,-2.725112392523602711
0.642000000000000348,-2.734489006138954625
0.643000000000000460,-2.743372852702151921
0.644000000000000350,-2.751767508080446678
0.645000000000000462,-2.759676646064158412
0.646000000000000352,-2.767104034593416806
0.647000000000000464,-2.774053532048077031
0.648000000000000353,-2.780529083600554063
0.649000000000000465,-2.786534717631604430
0.650000000000000355,-2.792074542208787147
0.651000000000000467,-2.797152741627467076
0.652000000000000357,-2.801773573014163965
0.653000000000000469,-2.805941362991897670
0.654000000000000359,-2.809660504407425652
0.655000000000000471,-2.812935453119894014
0.656000000000000361,-2.815770724850688911
0.657000000000000473,-2.818170892094124191
0.658000000000000362,-2.820140581088555365
0.659000000000000474,-2.821684468847569960
0.660000000000000364,-2.822807280250809736
0.661000000000000476,-2.823513785194030845
0.662000000000000366,-2.823808795797908555
0.663000000000000478,-2.823697163675150001
0.664000000000000368,-2.823183777255405147
0.665000000000000480,-2.822273559167538970
0.666000000000000369,-2.820971463678643154
0.667000000000000481,-2.819282474189386267
0.668000000000000371,-2.817211600785042069
0.669000000000000483,-2.814763877841750528
0.670000000000000373,-2.811944361687381377
0.671000000000000485,-2.808758128316427793
0.672000000000000375,-2.805210271158419033
0.673000000000000487,-2.801305898899147273
0.674000000000000377,-2.797050133354217927
0.675000000000000488,-2.792448107394231105
0.676000000000000378,-2.787504962921051099
0.677000000000000490,-2.782225848894495979
0.678000000000000380,-2.776615919408830901
0.679000000000000492,-2.770680331818422548
0.680000000000000382,-2.764424244912000006
0.681000000000000494,-2.757852817134730294
0.682000000000000384,-2.750971204857641350
0.683000000000000496,-2.743784560693574459
0.684000000000000385,-2.736298031859197177
0.685000000000000497,-2.728516758582235191
0.686000000000000387,-2.720445872553468369
0.687000000000000499,-2.712090495422645020
0.688000000000000389,-2.703455737337860931
0.689000000000000501,-2.694546695527543445
0.690000000000000391,-2.685368452924560945
0.691000000000000503,-2.675926076831724565
0.692000000000000393,-2.666224617628015991
0.693000000000000504,-2.656269107514949823
0.694000000000000394,-2.646064559302365726
0.695000000000000506,-2.635615965233034874
0.696000000000000396,-2.624928295845442072
0.697000000000000508,-2.614006498874068996
0.698000000000000398,-2.602855498186580796
0.699000000000000510,-2.591480192757231293
0.700000000000000400,-2.579885455675922756
0.701000000000000512,-2.568076133192189303
0.702000000000000401,-2.556057043793606987
0.703000000000000513,-2.543832977317887600
0.704000000000000403,-2.531408694098121526
0.705000000000000515,-2.518788924140504815
0.706000000000000405,-2.505978366333986518
0.707000000000000517,-2.492981687691197656
0.708000000000000407,-2.479803522620049883
0.709000000000000519,-2.466448472225500232
0.710000000000000409,-2.452921103640745226
0.711000000000000520,-2.439225949387397563
0.712000000000000410,-2.425367506764006809
0.713000000000000522,-2.411350237262297469
0.714000000000000412,-2.397178566010720324
0.715000000000000524,-2.382856881244555858
0.716000000000000414,-2.368389533802146563
0.717000000000000526,-2.353780836646663488
0.718000000000000416,-2.339035064412900766
0.719000000000000528,-2.324156452978457299
0.720000000000000417,-2.309149199058921464
0.721000000000000529,-2.294017459826429128
0.722000000000000419,-2.278765352551094026
0.723000000000000531,-2.263396954264787819
0.724000000000000421,-2.247916301446865717
0.725000000000000533,-2.232327389731144418
0.726000000000000423,-2.216634173633855287
0.727000000000000535,-2.200840566301878187
0.728000000000000425,-2.184950439280952228
0.729000000000000536,-2.168967622303274112
0.730000000000000426,-2.152895903094075081
0.731000000000000538,-2.136739027196651097
0.732000000000000428,-2.120500697815501212
0.733000000000000540,-2.104184575676988356
0.734000000000000430,-2.087794278907194823
0.735000000000000542,-2.071333382926468847
0.736000000000000432,-2.054805420360292345
0.737000000000000544,-2.038213880965926261
0.738000000000000433,-2.021562211574617240
0.739000000000000545,-2.004853816048735915
0.740000000000000435,-1.988092055253606771
0.741000000000000547,-1.971280247043566636
0.742000000000000437,-1.954421666261850543
0.743000000000000549,-1.937519544753917078
0.744000000000000439,-1.920577071393948287
0.745000000000000551,-1.903597392123919096
0.746000000000000441,-1.886583610005145406
0.747000000000000552,-1.869538785281720461
0.748000000000000442,-1.852465935455635648
0.749000000000000554,-1.835368035373171836
0.750000000000000444,-1.818248017322228405
0.751000000000000556,-1.801108771140253140
0.752000000000000446,-1.783953144332488305
0.753000000000000558,-1.766783942200108815
0.754000000000000448,-1.749603927978070628
0.755000000000000560,-1.732415822982237286
0.756000000000000449,-1.715222306765534999
0.757000000000000561,-1.698026017282832978
0.758000000000000451,-1.680829551064279004
0.759000000000000563,-1.663635463396708758
0.760000000000000453,-1.646446268512971489
0.761000000000000565,-1.629264439788800090
0.762000000000000455,-1.612092409946987770
0.763000000000000567,-1.594932571268610655
0.764000000000000457,-1.577787275811046053
0.765000000000000568,-1.560658835632438457
0.766000000000000458,-1.543549523022518688
0.767000000000000570,-1.526461570739395146
0.768000000000000460,-1.509397172252147978
0.769000000000000572,-1.492358481988947938
0.770000000000000462,-1.475347615590512751
0.771000000000000574,-1.458366650168619438
0.772000000000000464,-1.441417624569535150
0.773000000000000576,-1.424502539642023446
0.774000000000000465,-1.407623358509884515
0.775000000000000577,-1.390782006848614971
0.776000000000000467,-1.373980373166204583
0.777000000000000579,-1.357220309087666221
0.778000000000000469,-1.340503629643297501
0.779000000000000581,-1.323832113560288404
0.780000000000000471,-1.307207503557694661
0.781000000000000583,-1.290631506644384086
0.782000000000000473,-1.274105794419995163
0.783000000000000584,-1.257632003378548635
0.784000000000000474,-1.241211735214654777
0.785000000000000586,-1.224846557132128977
0.786000000000000476,-1.208538002154817770
0.787000000000000588,-1.192287569439528516
0.788000000000000478,-1.176096724590910192
0.789000000000000590,-1.159966899978044363
0.790000000000000480,-1.143899495052778104
0.791000000000000592,-1.127895876669430031
0.792000000000000481,-1.111957379405976054
0.793000000000000593,-1.096085305886352668
0.794000000000000483,-1.080280927103917099
0.795000000000000595,-1.064545482745860472
0.796000000000000485,-1.048880181518429655
0.797000000000000597,-1.033286201472901400
0.798000000000000487,-1.017764690332174427
0.799000000000000599,-1.002316765817766964
0.800000000000000488,-0.986943515977297681
0.801000000000000600,-0.971645999512149805
0.802000000000000490,-0.956425246105355731
0.803000000000000602,-0.941282256749487289
0.804000000000000492,-0.926218004074576662
0.805000000000000604,-0.911233432675812471
0.806000000000000494,-0.896329459441110643
0.807000000000000606,-0.881506973878270372
0.808000000000000496,-0.866766838441793253
0.809000000000000608,-0.852109888859154729
0.810000000000000497,-0.837536934456547755
0.811000000000000609,-0.823048758483929888
0.812000000000000499,-0.808646118439365735
0.813000000000000611,-0.794329746392545610
0.814000000000000501,-0.780100349307410346
0.815000000000000613,-0.765958609363853848
0.816000000000000503,-0.751905184278381711
0.817000000000000615,-0.737940707623678138
0.818000000000000504,-0.724065789147040784
0.819000000000000616,-0.710281015087586010
0.820000000000000506,-0.696586948492200042
0.821000000000000618,-0.682984129530128325
0.822000000000000508,-0.669473075806226392
0.823000000000000620,-0.656054282672718925
0.824000000000000510,-0.642728223539519972
0.825000000000000622,-0.629495350182987745
0.826000000000000512,-0.616356093053075371
0.827000000000000624,-0.603310861578890800
0.828000000000000513,-0.590360044472549972
0.829000000000000625,-0.577504010031325232
0.830000000000000515,-0.564743106438029052
0.831000000000000627,-0.552077662059597074
0.832000000000000517,-0.539507985743837848
0.833000000000000629,-0.527034367114319169
0.834000000000000519,-0.514657076863359819
0.835000000000000631,-0.502376367043029015
0.836000000000000520,-0.490192471354270409
0.837000000000000632,-0.478105605433937597
0.838000000000000522,-0.466115967139868137
0.839000000000000634,-0.454223736833859415
0.840000000000000524,-0.442429077662627457
0.841000000000000636,-0.430732135836581875
0.842000000000000526,-0.419133040906569332
0.843000000000000638,-0.407631906038393610
0.844000000000000528,-0.396228828285214107
0.845000000000000639,-0.384923888857756136
0.846000000000000529,-0.373717153392305601
0.847000000000000641,-0.362608672216499506
0.848000000000000531,-0.351598480612871689
0.849000000000000643,-0.340686599080159414
0.850000000000000533,-0.329873033592362197
0.851000000000000645,-0.319157775855471448
0.852000000000000535,-0.308540803562004362
0.853000000000000647,-0.298022080643152665
0.854000000000000536,-0.287601557518702033
0.855000000000000648,-0.277279171344582132
0.856000000000000538,-0.267054846258137191
0.857000000000000650,-0.256928493621045195
0.858000000000000540,-0.246900012259914148
0.859000000000000652,-0.236969288704546643
0.860000000000000542,-0.227136197423861763
0.861000000000000654,-0.217400601059451748
0.862000000000000544,-0.207762350656837402
0.863000000000000655,-0.198221285894317589
0.864000000000000545,-0.188777235309524727
0.865000000000000657,-0.179430016523592417
0.866000000000000547,-0.170179436462989109
0.867000000000000659,-0.161025291578997420
0.868000000000000549,-0.151967368064864439
0.869000000000000661,-0.143005442070573169
0.870000000000000551,-0.134139279915317794
0.871000000000000663,-0.125368638297587487
0.872000000000000552,-0.116693264502978053
0.873000000000000664,-0.108112896609615580
0.874000000000000554,-0.099627263691299511
0.875000000000000666,-0.091236086018300883
0.876000000000000556,-0.082939075255869119
0.877000000000000668,-0.074735934660402889
0.878000000000000558,-0.066626359273367713
0.879000000000000670,-0.058610036112874110
0.880000000000000560,-0.050686644363005906
0.881000000000000671,-0.042855855560868482
0.882000000000000561,-0.035117333781358770
0.883000000000000673,-0.027470735819685666
0.884000000000000563,-0.019915711371658967
0.885000000000000675,-0.012451903211708781
0.886000000000000565,-0.005078947368709674
0.887000000000000677,0.002203526700430586
0.888000000000000567,0.009395895939371795
0.889000000000000679,0.016498543523156026
0.890000000000000568,0.023511858691185484
0.891000000000000680,0.030436236582379893
0.892000000000000570,0.037272078072489001
0.893000000000000682,0.044019789613556029
0.894000000000000572,0.050679783075503158
0.895000000000000684,0.057252475589856314
0.896000000000000574,0.063738289395549846
0.897000000000000686,0.070137651686858746
0.898000000000000576,0.076450994463374444
0.899000000000000687,0.082678754382080916
0.900000000000000577,0.088821372611455701
0.901000000000000689,0.094879294687639171
0.902000000000000579,0.100852970372585449
0.903000000000000691,0.106742853514280964
0.904000000000000581,0.112549401908891816
0.905000000000000693,0.118273077164956192
0.906000000000000583,0.123914344569484886
0.907000000000000695,0.129473672956070041
0.908000000000000584,0.134951534574872689
0.909000000000000696,0.140348404964568962
0.910000000000000586,0.145664762826193728
0.911000000000000698,0.150901089898861307
0.912000000000000588,0.156057870837367607
0.913000000000000700,0.161135593091664558
0.914000000000000590,0.166134746788153043
0.915000000000000702,0.171055824612822788
0.916000000000000592,0.175899321696181610
0.917000000000000703,0.180665735500020908
0.918000000000000593,0.185355565705903697
0.919000000000000705,0.189969314105467524
0.920000000000000595,0.194507484492441707
0.921000000000000707,0.198970582556423276
0.922000000000000597,0.203359115778336902
0.923000000000000709,0.207673593327630135
0.924000000000000599,0.211914525961112155
0.925000000000000711,0.216082425923496357
0.926000000000000600,0.220177806849579216
0.927000000000000712,0.224201183668046145
0.928000000000000602,0.228153072506916299
0.929000000000000714,0.232033990600560097
0.930000000000000604,0.235844456198334301
0.931000000000000716,0.239584988474785904
0.932000000000000606,0.243256107441383651
0.933000000000000718,0.246858333859806350
0.934000000000000608,0.250392189156769251
0.935000000000000719,0.253858195340320891
0.936000000000000609,0.257256874917669631
0.937000000000000721,0.260588750814450487
0.938000000000000611,0.263854346295478603
0.939000000000000723,0.267054184886928669
0.940000000000000613,0.270188790299955239
0.941000000000000725,0.273258686355709213
0.942000000000000615,0.276264396911766463
0.943000000000000727,0.279206445789923763
0.944000000000000616,0.282085356705367107
0.945000000000000728,0.284901653197197902
0.946000000000000618,0.287655858560268263
0.947000000000000730,0.290348495778363358
0.948000000000000620,0.292980087458669824
0.949000000000000732,0.295551155767538709
0.950000000000000622,0.298062222367517671
0.951000000000000734,0.300513808355644618
0.952000000000000624,0.302906434202992680
0.953000000000000735,0.305240619695425375
0.954000000000000625,0.307516883875576463
0.955000000000000737,0.309735744986029515
0.956000000000000627,0.311897720413674695
0.957000000000000739,0.314003326635248103
0.958000000000000629,0.316053079164003492
0.959000000000000741,0.318047492497552042
0.960000000000000631,0.319987080066804708
0.961000000000000743,0.321872354186044041
0.962000000000000632,0.323703826004078543
0.963000000000000744,0.325482005456500079
0.964000000000000634,0.327207401218982508
0.965000000000000746,0.328880520661680442
0.966000000000000636,0.330501869804614767
0.967000000000000748,0.332071953274134191
0.968000000000000638,0.333591274260378934
0.969000000000000750,0.335060334475717925
0.970000000000000639,0.336479634114217663
0.971000000000000751,0.337849671812064045
0.972000000000000641,0.339170944608939817
0.973000000000000753,0.340443947910368083
0.974000000000000643,0.341669175450979246
0.975000000000000755,0.342847119258704425
0.976000000000000645,0.343978269619878707
0.977000000000000757,0.345063115045253055
0.978000000000000647,0.346102142236872856
0.979000000000000759,0.347095836055838936
0.980000000000000648,0.348044679490931097
0.981000000000000760,0.348949153628080544
0.982000000000000650,0.349809737620671912
0.983000000000000762,0.350626908660670478
0.984000000000000652,0.351401141950573259
0.985000000000000764,0.352132910676142885
0.986000000000000654,0.352822685979947870
0.987000000000000766,0.353470936935663060
0.988000000000000655,0.354078130523149848
0.989000000000000767,0.354644731604286001
0.990000000000000657,0.355171202899537963
0.991000000000000769,0.355658004965268559
0.992000000000000659,0.356105596171753025
0.993000000000000771,0.356514432681922622
0.994000000000000661,0.356884968430806582
0.995000000000000773,0.357217655105643961
0.996000000000000663,0.357512942126690325
0.997000000000000774,0.357771276628688684
0.998000000000000664,0.357993103442995009
0.999000000000000776,0.358178865080354236
1.000000000000000666,0.358329001714307704
1.001000000000000778,0.358443951165226149
1.002000000000000668,0.358524148884967531
1.003000000000000780,0.358570027942140102
1.004000000000000670,0.358582019007949393
1.005000000000000782,0.358560550342651996
1.006000000000000671,0.358506047782567006
1.007000000000000783,0.358418934727676164
1.008000000000000673,0.358299632129764123
1.009000000000000785,0.358148558481120038
1.010000000000000675,0.357966129803773292
1.011000000000000787,0.357752759639271001
1.012000000000000677,0.357508859038956184
1.013000000000000789,0.357234836554790325
1.014000000000000679,0.356931098230647281
1.015000000000000790,0.356598047594137213
1.016000000000000680,0.356236085648877432
1.017000000000000792,0.355845610867294548
1.018000000000000682,0.355427019183843285
1.019000000000000794,0.354980703988726276
1.020000000000000684,0.354507056122051245
1.021000000000000796,0.354006463868438481
1.022000000000000686,0.353479312952064473
1.023000000000000798,0.352925986532140801
1.024000000000000687,0.352346865198810255
1.025000000000000799,0.351742326969456454
1.026000000000000689,0.351112747285432014
1.027000000000000801,0.350458499009166535
1.028000000000000691,0.349779952421698848
1.029000000000000803,0.349077475220549771
1.030000000000000693,0.348351432518012982
1.031000000000000805,0.347602186839801153
1.032000000000000695,0.346830098124048969
1.033000000000000806,0.346035523720676974
1.034000000000000696,0.345218818391114401
1.035000000000000808,0.344380334308355573
1.036000000000000698,0.343520421057356917
1.037000000000000810,0.342639425635750505
1.038000000000000700,0.341737692454899045
1.039000000000000812,0.340815563341263561
1.040000000000000702,0.339873377538071009
1.041000000000000814,0.338911471707288692
1.042000000000000703,0.337930179931914487
1.043000000000000815,0.336929833718528193
1.044000000000000705,0.335910762000145302
1.045000000000000817,0.334873291139367868
1.046000000000000707,0.333817744931763805
1.047000000000000819,0.332744444609556600
1.048000000000000709,0.331653708845559947
1.049000000000000821,0.330545853757363173
1.050000000000000711,0.329421192911786453
1.051000000000000822,0.328280037329552798
1.052000000000000712,0.327122695490233484
1.053000000000000824,0.325949473337394546
1.054000000000000714,0.324760674284003681
1.055000000000000826,0.323556599218041696
1.056000000000000716,0.322337546508335127
1.057000000000000828,0.321103812010605616
1.058000000000000718,0.319855689073735960
1.059000000000000830,0.318593468546230774
1.060000000000000719,0.317317438782866001
1.061000000000000831,0.316027885651564922
1.062000000000000721,0.314725092540425244
1.063000000000000833,0.313409340364970201
1.064000000000000723,0.312080907575533750
1.065000000000000835,0.310740070164884696
1.066000000000000725,0.309387101675950793
1.067000000000000837,0.308022273209764885
1.068000000000000727,0.306645853433545335
1.069000000000000838,0.305258108588957355
1.070000000000000728,0.303859302500497086
1.071000000000000840,0.302449696584062511
1.072000000000000730,0.301029549855639178
1.073000000000000842,0.299599118940150733
1.074000000000000732,0.298158658080432681
1.075000000000000844,0.296708419146349489
1.076000000000000734,0.295248651644039406
1.077000000000000846,0.293779602725292410
1.078000000000000735,0.292301517197033012
1.079000000000000847,0.290814637530945552
1.080000000000000737,0.289319203873199537
1.081000000000000849,0.287815454054296427
1.082000000000000739,0.286303623599020285
1.083000000000000851,0.284783945736495847
1.084000000000000741,0.283256651410345006
1.085000000000000853,0.281721969288957319
1.086000000000000743,0.280180125775823352
1.087000000000000854,0.278631345020006305
1.088000000000000744,0.277075848926658541
1.089000000000000856,0.275513857167662191
1.090000000000000746,0.273945587192310547
1.091000000000000858,0.272371254238116089
1.092000000000000748,0.270791071341662970
1.093000000000000860,0.269205249349542264
1.094000000000000750,0.267613996929367104
1.095000000000000862,0.266017520580844491
1.096000000000000751,0.264416024646918657
1.097000000000000863,0.262809711324978656
1.098000000000000753,0.261198780678126519
1.099000000000000865,0.259583430646489755
1.100000000000000755,0.257963857058617463
1.101000000000000867,0.256340253642903637
1.102000000000000757,0.254712812039065317
1.103000000000000869,0.253081721809675808
1.104000000000000759,0.251447170451755964
1.105000000000000870,0.249809343408356060
1.106000000000000760,0.248168424080252137
1.107000000000000872,0.246524593837623651
1.108000000000000762,0.244878032031791648
1.109000000000000874,0.243228916006978990
1.110000000000000764,0.241577421112126350
1.111000000000000876,0.239923720712704819
1.112000000000000766,0.238267986202577831
1.113000000000000878,0.236610387015893403
1.114000000000000767,0.234951090638965965
1.115000000000000879,0.233290262622228906
1.116000000000000769,0.231628066592164894
1.117000000000000881,0.229964664263280577
1.118000000000000771,0.228300215450075505
1.119000000000000883,0.226634878079050750
1.120000000000000773,0.224968808200704029
1.121000000000000885,0.223302160001551897
1.122000000000000774,0.221635085816157623
1.123000000000000886,0.219967736139159820
1.124000000000000776,0.218300259637314420
1.125000000000000888,0.216632803161533605
1.126000000000000778,0.214965511758937133
1.127000000000000890,0.213298528684889910
1.128000000000000780,0.211631995415052121
1.129000000000000892,0.209966051657418301
1.130000000000000782,0.208300835364358061
1.131000000000000894,0.206636482744640609
1.132000000000000783,0.204973128275482974
1.133000000000000895,0.203310904714536056
1.134000000000000785,0.201649943111926133
1.135000000000000897,0.199990372822229617
1.136000000000000787,0.198332321516468152
1.137000000000000899,0.196675915194086226
1.138000000000000789,0.195021278194899728
1.139000000000000901,0.193368533211045662
1.140000000000000790,0.191717801298902008
1.141000000000000902,0.190069201891008122
1.142000000000000792,0.188422852807930724
1.143000000000000904,0.186778870270159103
1.144000000000000794,0.185137368909930655
1.145000000000000906,0.183498461783063144
1.146000000000000796,0.181862260380758256
1.147000000000000908,0.180228874641372327
1.148000000000000798,0.178598412962169606
1.149000000000000909,0.176970982211049149
1.150000000000000799,0.175346687738234003
1.151000000000000911,0.173725633387950662
1.152000000000000801,0.172107921510060297
1.153000000000000913,0.170493652971662468
1.154000000000000803,0.168882927168695074
1.155000000000000915,0.167275842037459516
1.156000000000000805,0.165672494066135240
1.157000000000000917,0.164072978306282952
1.158000000000000806,0.162477388384256294
1.159000000000000918,0.160885816512638835
1.160000000000000808,0.159298353501620776
1.161000000000000920,0.157715088770313733
1.162000000000000810,0.156136110358079172
1.163000000000000922,0.154561504935777833
1.164000000000000812,0.152991357817006124
1.165000000000000924,0.151425752969267163
1.166000000000000814,0.149864773025137316
1.167000000000000925,0.148308499293356849
1.168000000000000815,0.146757011769907852
1.169000000000000927,0.145210389149028257
1.170000000000000817,0.143668708834208708
1.171000000000000929,0.142132046949112634
1.172000000000000819,0.140600478348495705
1.173000000000000931,0.139074076629041615
1.174000000000000821,0.137552914140179589
1.175000000000000933,0.136037061994847219
1.176000000000000822,0.134526590080209063
1.177000000000000934,0.133021567068340063
1.178000000000000824,0.131522060426842613
1.179000000000000936,0.130028136429427205
1.180000000000000826,0.128539860166464764
1.181000000000000938,0.127057295555455779
1.182000000000000828,0.125580505351485072
1.183000000000000940,0.124109551157606579
1.184000000000000830,0.122644493435194415
1.185000000000000941,0.121185391514239169
1.186000000000000831,0.119732303603587151
1.187000000000000943,0.118285286801146139
1.188000000000000833,0.116844397104039308
1.189000000000000945,0.115409689418695421
1.190000000000000835,0.113981217570902252
1.191000000000000947,0.112559034315805342
1.192000000000000837,0.111143191347857037
1.193000000000000949,0.109733739310719253
1.194000000000000838,0.108330727807098001
1.195000000000000950,0.106934205408552988
1.196000000000000840,0.105544219665236305
1.197000000000000952,0.104160817115582491
1.198000000000000842,0.102784043295957542
1.199000000000000954,0.101413942750236116
1.200000000000000844,0.100050559039353337
1.201000000000000734,0.098693934750778173
1.202000000000000846,0.097344111507946848
1.203000000000000957,0.096001129979656347
1.204000000000000847,0.094665029889366342
1.205000000000000737,0.093335850024500053
1.206000000000000849,0.092013628245648432
1.207000000000000961,0.090698401495746511
1.208000000000000851,0.089390205809184012
1.209000000000000741,0.088089076320872789
1.210000000000000853,0.086795047275251766
1.211000000000000965,0.085508152035241966
1.212000000000000854,0.084228423091154039
1.213000000000000744,0.082955892069534201
1.214000000000000856,0.081690589741949982
1.215000000000000968,0.080432546033754757
1.216000000000000858,0.079181790032755495
1.217000000000000748,0.077938349997848794
1.218000000000000860,0.076702253367620266
1.219000000000000972,0.075473526768845334
1.220000000000000862,0.074252196024989753
1.221000000000000751,0.073038286164607752
1.222000000000000863,0.071831821429722692
1.223000000000000975,0.070632825284136627
1.224000000000000865,0.069441320421685312
1.225000000000000755,0.068257328774451648
1.226000000000000867,0.067080871520914104
1.227000000000000979,0.065911969094046757
1.228000000000000869,0.064750641189363994
1.229000000000000759,0.063596906772912937
1.230000000000000870,0.062450784089213708
1.231000000000000982,0.061312290669154543
1.232000000000000872,0.060181443337799345
1.233000000000000762,0.059058258222198290
1.234000000000000874,0.057942750759094372
1.235000000000000986,0.056834935702599801
1.236000000000000876,0.055734827131828132
1.237000000000000766,0.054642438458448052
1.238000000000000878,0.053557782434204240
1.239000000000000989,0.052480871158398168
1.240000000000000879,0.051411716085257617
1.241000000000000769,0.050350328031342609
1.242000000000000881,0.049296717182819159
1.243000000000000993,0.048250893102725435
1.244000000000000883,0.047212864738173196
1.245000000000000773,0.046182640427498943
1.246000000000000885,0.045160227907358873
1.247000000000000997,0.044145634319782544
1.248000000000000886,0.043138866219157579
1.249000000000000776,0.042139929579191847
1.250000000000000888,0.041148829799786624
1.251000000000001000,0.040165571713895287
1.252000000000000890,0.039190159594300167
1.253000000000000780,0.038222597160377562
1.254000000000000892,0.037262887584750715
1.255000000000001004,0.036311033499968781
1.256000000000000894,0.035367037005072280
1.257000000000000783,0.034430899672140733
1.258000000000000895,0.033502622552778798
1.259000000000001007,0.032582206184562569
1.260000000000000897,0.031669650597426088
1.261000000000000787,0.030764955320001446
1.262000000000000899,0.029868119385918483
1.263000000000001011,0.028979141340035451
1.264000000000000901,0.028098019244646666
1.265000000000000790,0.027224750685619692
1.266000000000000902,0.026359332778493217
1.267000000000001014,0.025501762174532993
1.268000000000000904,0.024652035066724903
1.269000000000000794,0.023810147195731851
1.270000000000000906,0.022976093855800149
1.271000000000001018,0.022149869900617441
1.272000000000000908,0.021331469749118703
1.273000000000000798,0.020520887391258229
1.274000000000000909,0.019718116393723388
1.275000000000001021,0.018923149905599585
1.276000000000000911,0.018135980664002488
1.277000000000000801,0.017356600999650119
1.278000000000000913,0.016585002842401542
1.279000000000001025,0.015821177726728163
1.280000000000000915,0.015065116797173383
1.281000000000000805,0.014316810813729574
1.282000000000000917,0.013576250157201481
1.283000000000001029,0.012843424834507478
1.284000000000000918,0.012118324483925367
1.285000000000000808,0.011400938380333559
1.286000000000000920,0.010691255440364793
1.287000000000001032,0.009989264227531078
1.288000000000000922,0.009294952957320645
1.289000000000000812,0.008608309502229003
1.290000000000000924,0.007929321396749300
1.291000000000001036,0.007257975842340952
1.292000000000000925,0.006594259712325898
1.293000000000000815,0.005938159556760770
1.294000000000000927,0.005289661607264959
1.295000000000001039,0.004648751781796909
1.296000000000000929,0.004015415689397226
1.297000000000000819,0.003389638634887982
1.298000000000000931,0.002771405623533993
1.299000000000001043,0.002160701365641243
1.300000000000000933,0.001557510281158883
1.301000000000000822,0.000961816504183929
1.302000000000000934,0.000373603887479693
1.303000000000001046,-0.000207143993100942
1.304000000000000936,-0.000780443834170050
1.305000000000000826,-0.001346312600456967
1.306000000000000938,-0.001904767520468750
1.307000000000001050,-0.002455826082196766
1.308000000000000940,-0.002999506028864147
1.309000000000000830,-0.003535825354710924
1.310000000000000941,-0.004064802300820340
1.311000000000001053,-0.004586455350976963
1.312000000000000943,-0.005100803227573532
1.313000000000000833,-0.005607864887555805
1.314000000000000945,-0.006107659518382902
1.315000000000001057,-0.006600206534063721
1.316000000000000947,-0.007085525571191091
1.317000000000000837,-0.007563636485049573
1.318000000000000949,-0.008034559345728134
1.319000000000001060,-0.008498314434290461
1.320000000000000950,-0.008954922238975040
1.321000000000000840,-0.009404403451432772
1.322000000000000952,-0.009846778962999781
1.323000000000001064,-0.010282069861006320
1.324000000000000954,-0.010710297425114947
1.325000000000000844,-0.011131483123712677
1.326000000000000956,-0.011545648610316494
1.327000000000001068,-0.011952815720023770
1.328000000000000957,-0.012353006466003938
1.329000000000000847,-0.012746243036010537
1.330000000000000959,-0.013132547788939731
1.331000000000001071,-0.013511943251411579
1.332000000000000961,-0.013884452114399769
1.333000000000000851,-0.014250097229880822
1.334000000000000963,-0.014608901607520718
1.335000000000001075,-0.014960888411405337
1.336000000000000965,-0.015306080956789866
1.337000000000000854,-0.015644502706873020
1.338000000000000966,-0.015976177269643232
1.339000000000001078,-0.016301128394708986
1.340000000000000968,-0.016619379970188562
1.341000000000000858,-0.016930956019634819
1.342000000000000970,-0.017235880698961221
1.343000000000001082,-0.017534178293447562
1.344000000000000972,-0.017825873214723068
1.345000000000000862,-0.018110989997833331
1.346000000000000973,-0.018389553298283515
1.347000000000001085,-0.018661587889168701
1.348000000000000975,-0.018927118658282786
1.349000000000000865,-0.019186170605291371
1.350000000000000977,-0.019438768838925417
1.351000000000001089,-0.019684938574200849
1.352000000000000979,-0.019924705129663097
1.353000000000000869,-0.020158093924677430
1.354000000000000981,-0.020385130476733192
1.355000000000001092,-0.020605840398783548
1.356000000000000982,-0.020820249396606504
1.357000000000000872,-0.021028383266206620
1.358000000000000984,-0.021230267891240502
1.359000000000001096,-0.021425929240457740
1.360000000000000986,-0.021615393365179498
1.361000000000000876,-0.021798686396823506
1.362000000000000988,-0.021975834544409545
1.363000000000001100,-0.022146864092151986
1.364000000000000989,-0.022311801397013241
1.365000000000000879,-0.022470672886341858
1.366000000000000991,-0.022623505055509210
1.367000000000001103,-0.022770324465570167
1.368000000000000993,-0.022911157740956693
1.369000000000000883,-0.023046031567207068
1.370000000000000995,-0.023174972688697493
1.371000000000001107,-0.023298007906422051
1.372000000000000997,-0.023415164075774215
1.373000000000000886,-0.023526468104393124
1.374000000000000998,-0.023631946949978479
1.375000000000001110,-0.023731627618186184
1.376000000000001000,-0.023825537160503903
1.377000000000000890,-0.023913702672182215
1.378000000000001002,-0.023996151290174156
1.379000000000001114,-0.024072910191101873
1.380000000000001004,-0.024144006589243965
1.381000000000000894,-0.024209467734555661
1.382000000000001005,-0.024269320910706133
1.383000000000001117,-0.024323593433133433
1.384000000000001007,-0.024372312647132108
1.385000000000000897,-0.024415505925961745
1.386000000000001009,-0.024453200668970967
1.387000000000001121,-0.024485424299758744
1.388000000000001011,-0.024512204264334841
1.389000000000000901,-0.024533568029324031
1.390000000000001013,-0.024549543080188009
1.391000000000001124,-0.024560156919451397
1.392000000000001014,-0.024565437064976259
1.393000000000000904,-0.024565411048238658
1.394000000000001016,-0.024560106412632697
1.395000000000001128,-0.024549550711790692
1.396000000000001018,-0.024533771507940803
1.397000000000000908,-0.024512796370259743
1.398000000000001020,-0.024486652873266544
1.399000000000001132,-0.024455368595227813
1.400000000000001021,-0.024418971116581339
1.401000000000000911,-0.024377488018391423
1.402000000000001023,-0.024330946880808078
1.403000000000001135,-0.024279375281550462
1.404000000000001025,-0.024222800794423394
1.405000000000000915,-0.024161250987835180
1.406000000000001027,-0.024094753423338035
1.407000000000001139,-0.024023335654204662
1.408000000000001029,-0.023947025223990837
1.409000000000000918,-0.023865849665157528
1.410000000000001030,-0.023779836497671087
1.411000000000001142,-0.023689013227644360
1.412000000000001032,-0.023593407346003105
1.413000000000000922,-0.023493046327150456
1.414000000000001034,-0.023387957627658058
1.415000000000001146,-0.023278168684971807
1.416000000000001036,-0.023163706916150814
1.417000000000000925,-0.023044599716597759
1.418000000000001037,-0.022920874458820645
1.419000000000001149,-0.022792558491221176
1.420000000000001039,-0.022659679136877744
1.421000000000000929,-0.022522263692370370
1.422000000000001041,-0.022380339426589492
1.423000000000001153,-0.022233933579595147
1.424000000000001043,-0.022083073361481385
1.425000000000000933,-0.021927785951237129
1.426000000000001044,-0.021768098495650635
1.427000000000001156,-0.021604038108212955
1.428000000000001046,-0.021435631868052033
1.429000000000000936,-0.021262906818862858
1.430000000000001048,-0.021085889967860864
1.431000000000001160,-0.020904608284762333
1.432000000000001050,-0.020719088700766951
1.433000000000000940,-0.020529358107553020
1.434000000000001052,-0.020335443356303766
1.435000000000001164,-0.020137371256724410
1.436000000000001053,-0.019935168576098561
1.437000000000000943,-0.019728862038343266
1.438000000000001055,-0.019518478323085481
1.439000000000001167,-0.019304044064743359
1.440000000000001057,-0.019085585851635906
1.441000000000000947,-0.018863130225093068
1.442000000000001059,-0.018636703678588693
1.443000000000001171,-0.018406332656888773
1.444000000000001060,-0.018172043555194341
1.445000000000000950,-0.017933862718324041
1.446000000000001062,-0.017691816439892757
1.447000000000001174,-0.017445930961513464
1.448000000000001064,-0.017196232471995747
1.449000000000000954,-0.016942747106581439
1.450000000000001066,-0.016685500946170280
1.451000000000001178,-0.016424520016573428
1.452000000000001068,-0.016159830287767667
1.453000000000000957,-0.015891457673179211
1.454000000000001069,-0.015619428028951393
1.455000000000001181,-0.015343767153265301
1.456000000000001071,-0.015064500785624204
1.457000000000000961,-0.014781654606195998
1.458000000000001073,-0.014495254235131982
1.459000000000001185,-0.014205325231913124
1.460000000000001075,-0.013911893094715324
1.461000000000000965,-0.013614983259768981
1.462000000000001076,-0.013314621100738572
1.463000000000001188,-0.013010831928112854
1.464000000000001078,-0.012703640988614800
1.465000000000000968,-0.012393073464598081
1.466000000000001080,-0.012079154473482588
1.467000000000001192,-0.011761909067181515
1.468000000000001082,-0.011441362231553846
1.469000000000000972,-0.011117538885848186
1.470000000000001084,-0.010790463882179515
1.471000000000001195,-0.010460162004996517
1.472000000000001085,-0.010126657970573784
1.473000000000000975,-0.009789976426503951
1.474000000000001087,-0.009450141951203899
1.475000000000001199,-0.009107179053434550
1.476000000000001089,-0.008761112171824461
1.477000000000000979,-0.008411965674408522
1.478000000000001091,-0.008059763858166155
1.479000000000001203,-0.007704530948576172
1.480000000000001092,-0.007346291099197594
1.481000000000000982,-0.006985068391223359
1.482000000000001094,-0.006620886833073986
1.483000000000001206,-0.006253770359979788
1.484000000000001096,-0.005883742833595112
1.485000000000000986,-0.005510828041595089
1.486000000000001098,-0.005135049697308300
1.487000000000001210,-0.004756431439328876
1.488000000000001100,-0.004374996831165298
1.489000000000000989,-0.003990769360872134
1.490000000000001101,-0.003603772440719777
1.491000000000001213,-0.003214029406840724
1.492000000000001103,-0.002821563518906825
1.493000000000000993,-0.002426397959804869
1.494000000000001105,-0.002028555835322943
1.495000000000001217,-0.001628060173842788
1.496000000000001107,-0.001224933926047767
1.497000000000000997,-0.000819199964626480
1.498000000000001108,-0.000410881083990666
1.499000000000001220,0.000000000000000000
