# Pt001_DIHYDROXYPHOSPHANIUM-AC
# h[nm],U(h)[kJ/mol]
0.149999999999999994,112.782214566810210954
0.150999999999999995,110.469901936715956481
0.151999999999999996,106.832574131492123115
0.152999999999999997,102.926956244980303268
0.153999999999999998,99.193675688924244582
0.154999999999999999,95.752856702031991176
0.156000000000000000,92.577677874061265584
0.157000000000000001,89.590631348956662805
0.158000000000000002,86.712308773475655244
0.159000000000000002,83.882229111019313450
0.160000000000000003,81.064182687169306973
0.161000000000000004,78.243826890502333526
0.162000000000000005,75.423134963789635776
0.163000000000000006,72.614271810474235735
0.164000000000000007,69.834195926974132362
0.165000000000000008,67.100515592840793033
0.166000000000000009,64.428687044024030683
0.167000000000000010,61.830413334005562831
0.168000000000000010,59.313004143320178230
0.169000000000000011,56.879435102004194391
0.170000000000000012,54.528865182785622778
0.171000000000000013,52.257410237365171213
0.172000000000000014,50.059016334607548515
0.173000000000000015,47.926320553282316439
0.174000000000000016,45.851425362969330024
0.175000000000000017,43.826544118717052356
0.176000000000000018,41.844499320144379340
0.177000000000000018,39.899072738548923667
0.178000000000000019,37.985218260124291589
0.179000000000000020,36.099155412299111845
0.180000000000000021,34.238365087721803093
0.181000000000000022,32.401509903133238311
0.182000000000000023,30.588300732004306326
0.183000000000000024,28.799328882931284568
0.184000000000000025,27.035880669359819706
0.185000000000000026,25.299748111474663403
0.186000000000000026,23.593046500841023061
0.187000000000000027,21.918046726822627335
0.188000000000000028,20.277027725183529583
0.189000000000000029,18.672152224471865622
0.190000000000000030,17.105367156342278889
0.191000000000000031,15.578328655783115764
0.192000000000000032,14.092350481751754643
0.193000000000000033,12.648373902283145398
0.194000000000000034,11.246956569280913030
0.195000000000000034,9.888277613698273072
0.196000000000000035,8.572156079450945043
0.197000000000000036,7.298079844775612557
0.198000000000000037,6.065242317396390526
0.199000000000000038,4.872584403823982946
0.200000000000000039,3.718839517087136670
0.201000000000000040,2.602579679437509785
0.202000000000000041,1.522261079597249545
0.203000000000000042,0.476267744316948516
0.204000000000000042,-0.537047728835318927
0.205000000000000043,-1.519327163704061956
0.206000000000000044,-2.472174067369770523
0.207000000000000045,-3.397125492413208381
0.208000000000000046,-4.295628645878809770
0.209000000000000047,-5.169022235663211617
0.210000000000000048,-6.018522417554740933
0.211000000000000049,-6.845213104967397655
0.212000000000000050,-7.650040326378778843
0.213000000000000050,-8.433810260134597669
0.214000000000000051,-9.197190540038558737
0.215000000000000052,-9.940714405389318387
0.216000000000000053,-10.664787263309875698
0.217000000000000054,-11.369695236920890125
0.218000000000000055,-12.055615287888443277
0.219000000000000056,-12.722626524081018573
0.220000000000000057,-13.370722330669238431
0.221000000000000058,-13.999822994374522267
0.222000000000000058,-14.609788524332779858
0.223000000000000059,-15.200431407988521215
0.224000000000000060,-15.771529075589834079
0.225000000000000061,-16.322835881402799174
0.226000000000000062,-16.854094443059739916
0.227000000000000063,-17.365046212004550341
0.228000000000000064,-17.855441177429113964
0.229000000000000065,-18.325046633157622722
0.230000000000000066,-18.773654961467414637
0.231000000000000066,-19.201090409764045575
0.232000000000000067,-19.607214855342157023
0.233000000000000068,-19.991932570210156683
0.234000000000000069,-20.355194012223591926
0.235000000000000070,-20.696998680682568761
0.236000000000000071,-21.017397084248361949
0.237000000000000072,-21.316491876689564577
0.238000000000000073,-21.594438221751108387
0.239000000000000073,-21.851443452530102007
0.240000000000000074,-22.087766093324681549
0.241000000000000075,-22.303714313168342187
0.242000000000000076,-22.499643880349033509
0.243000000000000077,-22.675955686302433634
0.244000000000000078,-22.833092905517311522
0.245000000000000079,-22.971537855641514625
0.246000000000000080,-23.091808618964474675
0.247000000000000081,-23.194455482996847451
0.248000000000000081,-23.280057254078837303
0.249000000000000082,-23.349217493926012423
0.250000000000000111,-23.402560724850232532
0.251000000000000112,-23.440728645150205267
0.252000000000000113,-23.464376391917749487
0.253000000000000114,-23.474168884306003235
0.254000000000000115,-23.470777276205417650
0.255000000000000115,-23.454875543306975771
0.256000000000000116,-23.427137225735840786
0.257000000000000117,-23.388232343833518456
0.258000000000000118,-23.338824501273347067
0.259000000000000119,-23.279568186525896323
0.260000000000000120,-23.211106280755895881
0.261000000000000121,-23.134067777534347954
0.262000000000000122,-23.049065717291565392
0.263000000000000123,-22.956695337214050312
0.264000000000000123,-22.857532435298502094
0.265000000000000124,-22.752131945510551958
0.266000000000000125,-22.641026719447616244
0.267000000000000126,-22.524726508563304606
0.268000000000000127,-22.403717139864689045
0.269000000000000128,-22.278459877032386061
0.270000000000000129,-22.149390958123468920
0.271000000000000130,-22.016921300387689797
0.272000000000000131,-21.881436362244937044
0.273000000000000131,-21.743296152123924969
0.274000000000000132,-21.602835373637130800
0.275000000000000133,-21.460363696452795068
0.276000000000000134,-21.316166142208970768
0.277000000000000135,-21.170503574888030585
0.278000000000000136,-21.023613285219887814
0.279000000000000137,-20.875709658900255761
0.280000000000000138,-20.726984918686547132
0.281000000000000139,-20.577609930759013679
0.282000000000000139,-20.427735066101959660
0.283000000000000140,-20.277491108059869873
0.284000000000000141,-20.126990197650492576
0.285000000000000142,-19.976326808664666146
0.286000000000000143,-19.825578745044676765
0.287000000000000144,-19.674808153504450559
0.288000000000000145,-19.524062544831785715
0.289000000000000146,-19.373375817789245446
0.290000000000000147,-19.222769280004921910
0.291000000000000147,-19.072252660711434658
0.292000000000000148,-18.921825110650786428
0.293000000000000149,-18.771476184909481333
0.294000000000000150,-18.621186804882057686
0.295000000000000151,-18.470930195980130861
0.296000000000000152,-18.320672798105285040
0.297000000000000153,-18.170375146289366342
0.298000000000000154,-18.019992719270526038
0.299000000000000155,-17.869476754121070172
0.300000000000000155,-17.718775025369431830
0.301000000000000156,-17.567832587366755348
0.302000000000000157,-17.416592478935786659
0.303000000000000158,-17.264996389608032956
0.304000000000000159,-17.112985287003887436
0.305000000000000160,-16.960500005139401480
0.306000000000000161,-16.807481793654837077
0.307000000000000162,-16.653872828152515240
0.308000000000000163,-16.499616682006539747
0.309000000000000163,-16.344658760165504674
0.310000000000000164,-16.188946695611008408
0.311000000000000165,-16.032430709261312529
0.312000000000000166,-15.875063934221302020
0.313000000000000167,-15.716802705377407534
0.314000000000000168,-15.557606815420516710
0.315000000000000169,-15.397439738451902613
0.316000000000000170,-15.236268822387412314
0.317000000000000171,-15.074065451424104367
0.318000000000000171,-14.910805179872856030
0.319000000000000172,-14.746467838689710561
0.320000000000000173,-14.581037616059663975
0.321000000000000174,-14.414503113398982492
0.322000000000000175,-14.246857378147774753
0.323000000000000176,-14.078097914722675910
0.324000000000000177,-13.908226674992056004
0.325000000000000178,-13.737250029622805059
0.326000000000000179,-13.565178721629791880
0.327000000000000179,-13.392027803436160838
0.328000000000000180,-13.217816558726008580
0.329000000000000181,-13.042568410341573326
0.330000000000000182,-12.866310815442748350
0.331000000000000183,-12.689075149112399643
0.332000000000000184,-12.510896577552035325
0.333000000000000185,-12.331813921973312276
0.334000000000000186,-12.151869514249250770
0.335000000000000187,-11.971109045346914002
0.336000000000000187,-11.789581407519921896
0.337000000000000188,-11.607338531195200204
0.338000000000000189,-11.424435217444429469
0.339000000000000190,-11.240928966885936902
0.340000000000000191,-11.056879805818494944
0.341000000000000192,-10.872350110344942919
0.342000000000000193,-10.687404429198897660
0.343000000000000194,-10.502109305945882767
0.344000000000000195,-10.316533101186822208
0.345000000000000195,-10.130745815350996608
0.346000000000000196,-9.944818912624539209
0.347000000000000197,-9.758825146520909044
0.348000000000000198,-9.572838387561498408
0.349000000000000199,-9.386933453496762780
0.350000000000000200,-9.201185942462446476
0.351000000000000201,-9.015672069430113567
0.352000000000000202,-8.830468506277890484
0.353000000000000203,-8.645652225774833610
0.354000000000000203,-8.461300349741163629
0.355000000000000204,-8.277490001617119120
0.356000000000000205,-8.094298163644801036
0.357000000000000206,-7.911801538840234294
0.358000000000000207,-7.730076417907258524
0.359000000000000208,-7.549198551220629660
0.360000000000000209,-7.369243025982434858
0.361000000000000210,-7.190284148634354722
0.362000000000000210,-7.012395332587649577
0.363000000000000211,-6.835648991313547640
0.364000000000000212,-6.660116436818753982
0.365000000000000213,-6.485867783513588947
0.366000000000000214,-6.312971857464971137
0.367000000000000215,-6.141496111011365500
0.368000000000000216,-5.971506542703633791
0.369000000000000217,-5.803067622522935842
0.370000000000000218,-5.636242222315458683
0.371000000000000218,-5.471091551373072903
0.372000000000000219,-5.307675097079450843
0.373000000000000220,-5.146050570532371360
0.374000000000000221,-4.986273857045100399
0.375000000000000222,-4.828398971422476649
0.376000000000000223,-4.672478017901153358
0.377000000000000224,-4.518561154637739108
0.378000000000000225,-4.366696562623764599
0.379000000000000226,-4.216930418902014921
0.380000000000000226,-4.069306873955319759
0.381000000000000227,-3.923868033135650357
0.382000000000000228,-3.780653941999093881
0.383000000000000229,-3.639702575410210361
0.384000000000000230,-3.501049830277691566
0.385000000000000231,-3.364729521782570565
0.386000000000000232,-3.230773382959253759
0.387000000000000233,-3.099211067489693772
0.388000000000000234,-2.970070155571155279
0.389000000000000234,-2.843376162718622702
0.390000000000000235,-2.719152551363479553
0.391000000000000236,-2.597420745111741702
0.392000000000000237,-2.478200145525878195
0.393000000000000238,-2.361508151296550118
0.394000000000000239,-2.247360179672019953
0.395000000000000240,-2.135769690015284716
0.396000000000000241,-2.026748209361225683
0.397000000000000242,-1.920305359848450077
0.398000000000000242,-1.816448887903150622
0.399000000000000243,-1.715184695055010256
0.400000000000000244,-1.616516870267782791
0.401000000000000245,-1.520447723670652174
0.402000000000000246,-1.426977821578834682
0.403000000000000247,-1.336106022695322970
0.404000000000000248,-1.247829515388875210
0.405000000000000249,-1.162143855946276227
0.406000000000000250,-1.079043007700327905
0.407000000000000250,-0.998519380938183820
0.408000000000000251,-0.920563873497873275
0.409000000000000252,-0.845165911964312344
0.410000000000000253,-0.772313493379017779
0.411000000000000254,-0.701993227381433105
0.412000000000000255,-0.634190378702618074
0.413000000000000256,-0.568888909935573062
0.414000000000000257,-0.506071524509411841
0.415000000000000258,-0.445719709797987806
0.416000000000000258,-0.387813780296478616
0.417000000000000259,-0.332332920802648979
0.418000000000000260,-0.279255229542496708
0.419000000000000261,-0.228557761182859226
0.420000000000000262,-0.180216569676679705
0.421000000000000263,-0.134206750889286353
0.422000000000000264,-0.090502484956928558
0.423000000000000265,-0.049077078331491490
0.424000000000000266,-0.009903005468147125
0.425000000000000266,0.027048049884972346
0.426000000000000267,0.061805153833267970
0.427000000000000268,0.094398081954053761
0.428000000000000269,0.124857279420264811
0.429000000000000270,0.153213821660546645
0.430000000000000271,0.179499375584455167
0.431000000000000272,0.203746161399484732
0.432000000000000273,0.225986915044360803
0.433000000000000274,0.246254851261096974
0.434000000000000274,0.264583627326289594
0.435000000000000275,0.281007307460294231
0.436000000000000276,0.295560327931004285
0.437000000000000277,0.308277462867285412
0.438000000000000278,0.319193790795363252
0.439000000000000279,0.328344661909862112
0.440000000000000280,0.335765666089628934
0.441000000000000281,0.341492601667046092
0.442000000000000282,0.345561444957924901
0.443000000000000282,0.348008320558009954
0.444000000000000283,0.348869472410476278
0.445000000000000284,0.348181235647836818
0.446000000000000285,0.345980009210398842
0.447000000000000286,0.342302229242165301
0.448000000000000287,0.337184343264262221
0.449000000000000288,0.330662785124710479
0.450000000000000289,0.322773950722543612
0.451000000000000290,0.313554174503354433
0.452000000000000290,0.303039706722455227
0.453000000000000291,0.291266691471042727
0.454000000000000292,0.278271145460034675
0.455000000000000293,0.264088937555484349
0.456000000000000294,0.248755769058847109
0.457000000000000295,0.232307154724773840
0.458000000000000296,0.214778404508402632
0.459000000000000297,0.196204606033797163
0.460000000000000298,0.176620607774394894
0.461000000000000298,0.156061002936216331
0.462000000000000299,0.134560114033752870
0.463000000000000300,0.112151978148446754
0.464000000000000301,0.088870332859036588
0.465000000000000302,0.064748602832905566
0.466000000000000303,0.039819887067070424
0.467000000000000304,0.014116946767496552
0.468000000000000305,-0.012327806145204368
0.469000000000000306,-0.039482319915501017
0.470000000000000306,-0.067314913230254680
0.471000000000000307,-0.095794284905946200
0.472000000000000308,-0.124889522998195487
0.473000000000000309,-0.154570113346124222
0.474000000000000310,-0.184805947564128492
0.475000000000000311,-0.215567330493904225
0.476000000000000312,-0.246824987129217993
0.477000000000000313,-0.278550069026444080
0.478000000000000314,-0.310714160213460766
0.479000000000000314,-0.343289282609802182
0.480000000000000315,-0.376247900970737681
0.481000000000000316,-0.409562927368075702
0.482000000000000317,-0.443207725220308102
0.483000000000000318,-0.477156112884743855
0.484000000000000319,-0.511382366824143064
0.485000000000000320,-0.545861224360340902
0.486000000000000321,-0.580567886027182567
0.487000000000000322,-0.615478017535027733
0.488000000000000322,-0.650567751358993362
0.489000000000000323,-0.685813687962856688
0.490000000000000324,-0.721192896670607597
0.491000000000000325,-0.756682916197292776
0.492000000000000326,-0.792261754850788757
0.493000000000000327,-0.827907890415896963
0.494000000000000328,-0.863600269732083037
0.495000000000000329,-0.899318307975917941
0.496000000000000330,-0.935041887659188498
0.497000000000000330,-0.970751357353426769
0.498000000000000331,-1.006427530151472016
0.499000000000000332,-1.042051681876367875
0.500000000000000333,-1.077605549047957023
0.501000000000000334,-1.113071326617100842
0.502000000000000335,-1.148431665477380736
0.503000000000000336,-1.183669669763937060
0.504000000000000337,-1.218768893948917409
0.505000000000000338,-1.253713339742744681
0.506000000000000338,-1.288487452810299860
0.507000000000000339,-1.323076119310907517
0.508000000000000340,-1.357464662270738476
0.509000000000000341,-1.391638837796120409
0.510000000000000342,-1.425584831136063491
0.511000000000000343,-1.459289252602036457
0.512000000000000344,-1.492739133352906311
0.513000000000000345,-1.525921921052679764
0.514000000000000346,-1.558825475408636363
0.515000000000000346,-1.591438063597025776
0.516000000000000347,-1.623748355583527481
0.517000000000000348,-1.655745419345369784
0.518000000000000349,-1.687418716001824803
0.519000000000000350,-1.718758094859585528
0.520000000000000351,-1.749753788379494468
0.521000000000000352,-1.780396407070655274
0.522000000000000353,-1.810676934317994480
0.523000000000000353,-1.840586721149115590
0.524000000000000354,-1.870117480945984623
0.525000000000000355,-1.899261284107014891
0.526000000000000356,-1.928010552664753074
0.527000000000000357,-1.956358054864330231
0.528000000000000358,-1.984296899707680639
0.529000000000000359,-2.011820531468165196
0.530000000000000360,-2.038922724180414647
0.531000000000000361,-2.065597576109722944
0.532000000000000361,-2.091839504205393663
0.533000000000000362,-2.117643238542117778
0.534000000000000363,-2.143003816753486834
0.535000000000000364,-2.167916578461424937
0.536000000000000365,-2.192377159705305445
0.537000000000000366,-2.216381487374309511
0.538000000000000367,-2.239925773646472607
0.539000000000000368,-2.263006510437724383
0.540000000000000369,-2.285620463864089125
0.541000000000000369,-2.307764668720071466
0.542000000000000370,-2.329436422976181920
0.543000000000000371,-2.350633282298333793
0.544000000000000372,-2.371353054591842202
0.545000000000000373,-2.391593794572500986
0.546000000000000374,-2.411353798367260826
0.547000000000000375,-2.430631598146725914
0.548000000000000376,-2.449425956791784209
0.549000000000000377,-2.467735862596385221
0.550000000000000377,-2.485560524008517902
0.551000000000000378,-2.502899364411276029
0.552000000000000379,-2.519752016945788320
0.553000000000000380,-2.536118319377736796
0.554000000000000381,-2.551998309009062105
0.555000000000000382,-2.567392217636382146
0.556000000000000383,-2.582300466557522878
0.557000000000000384,-2.596723661627540203
0.558000000000000385,-2.610662588365469716
0.559000000000000385,-2.624118207112986934
0.560000000000000386,-2.637091648246061126
0.561000000000000387,-2.649584207440659256
0.562000000000000388,-2.661597340993409055
0.563000000000000389,-2.673132661198134308
0.564000000000000390,-2.684191931779018603
0.565000000000000391,-2.694777063381200044
0.566000000000000392,-2.704890109119427510
0.567000000000000393,-2.714533260185397978
0.568000000000000393,-2.723708841514322909
0.569000000000000394,-2.732419307511245954
0.570000000000000395,-2.740667237837509873
0.571000000000000396,-2.748455333257751043
0.572000000000000397,-2.755786411547795023
0.573000000000000398,-2.762663403463691658
0.574000000000000399,-2.769089348772102888
0.575000000000000400,-2.775067392342287054
0.576000000000000401,-2.780600780299733898
0.577000000000000401,-2.785692856241616777
0.578000000000000402,-2.790347057514054985
0.579000000000000403,-2.794566911551229715
0.580000000000000404,-2.798356032276304806
0.581000000000000405,-2.801718116564093641
0.582000000000000406,-2.804656940765375861
0.583000000000000407,-2.807176357292694213
0.584000000000000408,-2.809280291267531204
0.585000000000000409,-2.810972737228564444
0.586000000000000409,-2.812257755900869238
0.587000000000000410,-2.813139471025752680
0.588000000000000411,-2.813622066250927922
0.589000000000000412,-2.813709782080773714
0.590000000000000413,-2.813406912886251554
0.591000000000000414,-2.812717803974207786
0.592000000000000415,-2.811646848715630309
0.593000000000000416,-2.810198485732454010
0.594000000000000417,-2.808377196142516574
0.595000000000000417,-2.806187500862197481
0.596000000000000418,-2.803633957966281010
0.597000000000000419,-2.800721160104601370
0.598000000000000420,-2.797453731974906876
0.599000000000000421,-2.793836327851501267
0.600000000000000422,-2.789873629169098646
0.601000000000000423,-2.785570342161368895
0.602000000000000424,-2.780931195553618451
0.603000000000000425,-2.775960938309077086
0.604000000000000425,-2.770664337428149882
0.605000000000000426,-2.765046175800129458
0.606000000000000427,-2.759111250106750290
0.607000000000000428,-2.752864368776941184
0.608000000000000429,-2.746310349992271860
0.609000000000000430,-2.739454019742352919
0.610000000000000431,-2.732300209929702905
0.611000000000000432,-2.724853756523335946
0.612000000000000433,-2.717119497760518421
0.613000000000000433,-2.709102272396047173
0.614000000000000434,-2.700806917998382684
0.615000000000000435,-2.692238269291997277
0.616000000000000436,-2.683401156545344168
0.617000000000000437,-2.674300404003745690
0.618000000000000438,-2.664940828366561654
0.619000000000000439,-2.655327237308001465
0.620000000000000440,-2.645464428040932070
0.621000000000000441,-2.635357185922997836
0.622000000000000441,-2.625010283104460385
0.623000000000000442,-2.614428477217010549
0.624000000000000443,-2.603616510103019532
0.625000000000000444,-2.592579106584492532
0.626000000000000445,-2.581320973271080454
0.627000000000000446,-2.569846797406571515
0.628000000000000447,-2.558161245753145963
0.629000000000000448,-2.546268963512782424
0.630000000000000449,-2.534174573285157717
0.631000000000000449,-2.521882674061441065
0.632000000000000450,-2.509397840253307699
0.633000000000000451,-2.496724620756576307
0.634000000000000452,-2.483867538048809998
0.635000000000000453,-2.470831087320271013
0.636000000000000454,-2.457619735637643466
0.637000000000000455,-2.444237921139853054
0.638000000000000456,-2.430690052265416234
0.639000000000000457,-2.416980507010697554
0.640000000000000457,-2.403113632218485840
0.641000000000000458,-2.389093742896264860
0.642000000000000459,-2.374925121563643327
0.643000000000000460,-2.360612017628300752
0.644000000000000461,-2.346158646789912261
0.645000000000000462,-2.331569190471465269
0.646000000000000463,-2.316847795277372501
0.647000000000000464,-2.301998572477887084
0.648000000000000465,-2.287025597519195763
0.649000000000000465,-2.271932909558668889
0.650000000000000466,-2.256724511024741364
0.651000000000000467,-2.241404367200840575
0.652000000000000468,-2.225976405832887473
0.653000000000000469,-2.210444516759769495
0.654000000000000470,-2.194812551566381220
0.655000000000000471,-2.179084323258579481
0.656000000000000472,-2.163263605959672820
0.657000000000000473,-2.147354134627856848
0.658000000000000473,-2.131359604794156759
0.659000000000000474,-2.115283672320374730
0.660000000000000475,-2.099129953176546604
0.661000000000000476,-2.082902023237447331
0.662000000000000477,-2.066603418097695322
0.663000000000000478,-2.050237632904960083
0.664000000000000479,-2.033808122210853941
0.665000000000000480,-2.017318299839022888
0.666000000000000481,-2.000771538770065305
0.667000000000000481,-1.984171171042731441
0.668000000000000482,-1.967520487671101437
0.669000000000000483,-1.950822738577248971
0.670000000000000484,-1.934081132538970182
0.671000000000000485,-1.917298837152221491
0.672000000000000486,-1.900478978807800257
0.673000000000000487,-1.883624642681972050
0.674000000000000488,-1.866738872740512534
0.675000000000000488,-1.849824671755921468
0.676000000000000489,-1.832885001337371422
0.677000000000000490,-1.815922781972989952
0.678000000000000491,-1.798940893084199244
0.679000000000000492,-1.781942173091679127
0.680000000000000493,-1.764929419492623719
0.681000000000000494,-1.747905388948994609
0.682000000000000495,-1.730872797386342032
0.683000000000000496,-1.713834320102969100
0.684000000000000496,-1.696792591889013879
0.685000000000000497,-1.679750207155216613
0.686000000000000498,-1.662709720070976172
0.687000000000000499,-1.645673644711465711
0.688000000000000500,-1.628644455213442255
0.689000000000000501,-1.611624585939491094
0.690000000000000502,-1.594616431650422328
0.691000000000000503,-1.577622347685475157
0.692000000000000504,-1.560644650150128099
0.693000000000000504,-1.543685616111207581
0.694000000000000505,-1.526747483798983618
0.695000000000000506,-1.509832452816087578
0.696000000000000507,-1.492942684352892346
0.697000000000000508,-1.476080301409166795
0.698000000000000509,-1.459247389021756547
0.699000000000000510,-1.442445994497985495
0.700000000000000511,-1.425678127654649074
0.701000000000000512,-1.408945761062244006
0.702000000000000512,-1.392250830294322839
0.703000000000000513,-1.375595234181669513
0.704000000000000514,-1.358980835071112780
0.705000000000000515,-1.342409459088770518
0.706000000000000516,-1.325882896407504674
0.707000000000000517,-1.309402901518373685
0.708000000000000518,-1.292971193505917826
0.709000000000000519,-1.276589456327064109
0.710000000000000520,-1.260259339093431130
0.711000000000000520,-1.243982456356924615
0.712000000000000521,-1.227760388398356772
0.713000000000000522,-1.211594681518977978
0.714000000000000523,-1.195486848334722962
0.715000000000000524,-1.179438368072986743
0.716000000000000525,-1.163450686871817297
0.717000000000000526,-1.147525218081294707
0.718000000000000527,-1.131663342567015729
0.719000000000000528,-1.115866409015457306
0.720000000000000528,-1.100135734241156182
0.721000000000000529,-1.084472603495448606
0.722000000000000530,-1.068878270776757011
0.723000000000000531,-1.053353959142177887
0.724000000000000532,-1.037900861020297549
0.725000000000000533,-1.022520138525097266
0.726000000000000534,-1.007212923770793633
0.727000000000000535,-0.991980319187526605
0.728000000000000536,-0.976823397837749852
0.729000000000000536,-0.961743203733218421
0.730000000000000537,-0.946740752152472664
0.731000000000000538,-0.931817029958653342
0.732000000000000539,-0.916972995917634370
0.733000000000000540,-0.902209581016263251
0.734000000000000541,-0.887527688780700430
0.735000000000000542,-0.872928195594680822
0.736000000000000543,-0.858411951017689523
0.737000000000000544,-0.843979778102841971
0.738000000000000544,-0.829632473714524865
0.739000000000000545,-0.815370808845549355
0.740000000000000546,-0.801195528933890677
0.741000000000000547,-0.787107354178788854
0.742000000000000548,-0.773106979856266419
0.743000000000000549,-0.759195076633857990
0.744000000000000550,-0.745372290884559585
0.745000000000000551,-0.731639244999929939
0.746000000000000552,-0.717996537702199067
0.747000000000000552,-0.704444744355416264
0.748000000000000553,-0.690984417275489204
0.749000000000000554,-0.677616086039079746
0.750000000000000555,-0.664340257791347311
0.751000000000000556,-0.651157417552370221
0.752000000000000557,-0.638068028522309372
0.753000000000000558,-0.625072532385163027
0.754000000000000559,-0.612171349611134175
0.755000000000000560,-0.599364879757500635
0.756000000000000560,-0.586653501767987251
0.757000000000000561,-0.574037574270552575
0.758000000000000562,-0.561517435873575610
0.759000000000000563,-0.549093405460395090
0.760000000000000564,-0.536765782482143350
0.761000000000000565,-0.524534847248852132
0.762000000000000566,-0.512400861218778036
0.763000000000000567,-0.500364067285940517
0.764000000000000568,-0.488424690065788092
0.765000000000000568,-0.476582936179016037
0.766000000000000569,-0.464838994533459171
0.767000000000000570,-0.453193036604058519
0.768000000000000571,-0.441645216710849997
0.769000000000000572,-0.430195672294971909
0.770000000000000573,-0.418844524192656831
0.771000000000000574,-0.407591876907162309
0.772000000000000575,-0.396437818878660253
0.773000000000000576,-0.385382422752008347
0.774000000000000576,-0.374425745642443464
0.775000000000000577,-0.363567829399140396
0.776000000000000578,-0.352808700866592384
0.777000000000000579,-0.342148372143892709
0.778000000000000580,-0.331586840841771313
0.779000000000000581,-0.321124090337486068
0.780000000000000582,-0.310760090027472791
0.781000000000000583,-0.300494795577816887
0.782000000000000584,-0.290328149172445704
0.783000000000000584,-0.280260079759117320
0.784000000000000585,-0.270290503293148465
0.785000000000000586,-0.260419322978864332
0.786000000000000587,-0.250646429508811608
0.787000000000000588,-0.240971701300681213
0.788000000000000589,-0.231395004731935167
0.789000000000000590,-0.221916194372190290
0.790000000000000591,-0.212535113213261295
0.791000000000000592,-0.203251592896963151
0.792000000000000592,-0.194065453940565125
0.793000000000000593,-0.184976505959997845
0.794000000000000594,-0.175984547890717408
0.795000000000000595,-0.167089368206304656
0.796000000000000596,-0.158290745134731015
0.797000000000000597,-0.149588446872369912
0.798000000000000598,-0.140982231795666907
0.799000000000000599,-0.132471848670535242
0.800000000000000600,-0.124057036859474182
0.801000000000000600,-0.115737526526356466
0.802000000000000601,-0.107513038838980182
0.803000000000000602,-0.099383286169297730
0.804000000000000603,-0.091347972291399987
0.805000000000000604,-0.083406792577212022
0.806000000000000605,-0.075559434189920630
0.807000000000000606,-0.067805576275176055
0.808000000000000607,-0.060144890149989763
0.809000000000000608,-0.052577039489438350
0.810000000000000608,-0.045101680511112963
0.811000000000000609,-0.037718462157324634
0.812000000000000610,-0.030427026275116349
0.813000000000000611,-0.023227007794050385
0.814000000000000612,-0.016118034901792477
0.815000000000000613,-0.009099729217533523
0.816000000000000614,-0.002171705963175366
0.817000000000000615,0.004666425867596122
0.818000000000000616,0.011415063342429288
0.819000000000000616,0.018074609425571153
0.820000000000000617,0.024645472815263643
0.821000000000000618,0.031128067783267856
0.822000000000000619,0.037522814016494495
0.823000000000000620,0.043830136460745593
0.824000000000000621,0.050050465166544322
0.825000000000000622,0.056184235137039053
0.826000000000000623,0.062231886177967544
0.827000000000000624,0.068193862749678674
0.828000000000000624,0.074070613821176329
0.829000000000000625,0.079862592726220649
0.830000000000000626,0.085570257021394563
0.831000000000000627,0.091194068346199517
0.832000000000000628,0.096734492285115367
0.833000000000000629,0.102191998231643932
0.834000000000000630,0.107567059254291081
0.835000000000000631,0.112860151964489980
0.836000000000000631,0.118071756386459809
0.837000000000000632,0.123202355828955890
0.838000000000000633,0.128252436758944849
0.839000000000000634,0.133222488677113560
0.840000000000000635,0.138113003995283506
0.841000000000000636,0.142924477915665343
0.842000000000000637,0.147657408311924365
0.843000000000000638,0.152312295612098858
0.844000000000000639,0.156889642683291031
0.845000000000000639,0.161389954718174050
0.846000000000000640,0.165813739123249926
0.847000000000000641,0.170161505408871899
0.848000000000000642,0.174433765081003056
0.849000000000000643,0.178631031534724954
0.850000000000000644,0.182753819949399876
0.851000000000000645,0.186802647185604520
0.852000000000000646,0.190778031683667804
0.853000000000000647,0.194680493363921348
0.854000000000000647,0.198510553528569278
0.855000000000000648,0.202268734765208569
0.856000000000000649,0.205955560851937752
0.857000000000000650,0.209571556664092468
0.858000000000000651,0.213117248082554112
0.859000000000000652,0.216593161903610110
0.860000000000000653,0.219999825750393729
0.861000000000000654,0.223337767985840430
0.862000000000000655,0.226607517627158167
0.863000000000000655,0.229809604261833306
0.864000000000000656,0.232944557965086119
0.865000000000000657,0.236012909218822786
0.866000000000000658,0.239015188832048059
0.867000000000000659,0.241951927862690319
0.868000000000000660,0.244823657540891304
0.869000000000000661,0.247630909193678500
0.870000000000000662,0.250374214171042608
0.871000000000000663,0.253054103773389882
0.872000000000000663,0.255671109180363176
0.873000000000000664,0.258225761381015384
0.874000000000000665,0.260718591105300823
0.875000000000000666,0.263150128756904633
0.876000000000000667,0.265520904347360531
0.877000000000000668,0.267831447431458591
0.878000000000000669,0.270082287043936109
0.879000000000000670,0.272273951637419742
0.880000000000000671,0.274406969021598390
0.881000000000000671,0.276481866303653290
0.882000000000000672,0.278499169829874438
0.883000000000000673,0.280459405128491546
0.884000000000000674,0.282363096853682827
0.885000000000000675,0.284210768730754904
0.886000000000000676,0.286002943502486340
0.887000000000000677,0.287740142876590388
0.888000000000000678,0.289422887474344359
0.889000000000000679,0.291051696780283531
0.890000000000000679,0.292627089093036363
0.891000000000000680,0.294149581477212096
0.892000000000000681,0.295619689716385081
0.893000000000000682,0.297037928267122886
0.894000000000000683,0.298404810214061622
0.895000000000000684,0.299720847226006004
0.896000000000000685,0.300986549513058921
0.897000000000000686,0.302202425784746598
0.898000000000000687,0.303368983209113041
0.899000000000000687,0.304486727372848376
0.900000000000000688,0.305556162242314633
0.901000000000000689,0.306577790125568239
0.902000000000000690,0.307552111635300274
0.903000000000000691,0.308479625652698208
0.904000000000000692,0.309360829292244899
0.905000000000000693,0.310196217867387714
0.906000000000000694,0.310986284857112605
0.907000000000000695,0.311731521873394479
0.908000000000000695,0.312432418629491226
0.909000000000000696,0.313089462909117600
0.910000000000000697,0.313703140536431557
0.911000000000000698,0.314273935346863376
0.912000000000000699,0.314802329158754279
0.913000000000000700,0.315288801745785219
0.914000000000000701,0.315733830810235427
0.915000000000000702,0.316137891956971395
0.916000000000000703,0.316501458668239977
0.917000000000000703,0.316825002279199630
0.918000000000000704,0.317108991954218156
0.919000000000000705,0.317353894663875480
0.920000000000000706,0.317560175162715785
0.921000000000000707,0.317728295967699914
0.922000000000000708,0.317858717337373753
0.923000000000000709,0.317951897251697035
0.924000000000000710,0.318008291392596010
0.925000000000000711,0.318028353125146157
0.926000000000000711,0.318012533479449078
0.927000000000000712,0.317961281133125995
0.928000000000000713,0.317875042394480833
0.929000000000000714,0.317754261186272036
0.930000000000000715,0.317599379030118145
0.931000000000000716,0.317410835031504746
0.932000000000000717,0.317189065865375264
0.933000000000000718,0.316934505762366592
0.934000000000000719,0.316647586495554856
0.935000000000000719,0.316328737367820689
0.936000000000000720,0.315978385199759959
0.937000000000000721,0.315596954318149936
0.938000000000000722,0.315184866544954756
0.939000000000000723,0.314742541186875280
0.940000000000000724,0.314270395025409877
0.941000000000000725,0.313768842307446172
0.942000000000000726,0.313238294736352896
0.943000000000000727,0.312679161463570499
0.944000000000000727,0.312091849080699812
0.945000000000000728,0.311476761612059838
0.946000000000000729,0.310834300507737582
0.947000000000000730,0.310164864637086923
0.948000000000000731,0.309468850282692998
0.949000000000000732,0.308746651134783445
0.950000000000000733,0.307998658286092186
0.951000000000000734,0.307225260227125763
0.952000000000000735,0.306426842841901526
0.953000000000000735,0.305603789404062964
0.954000000000000736,0.304756480573425637
0.955000000000000737,0.303885294392928107
0.956000000000000738,0.302990606285964581
0.957000000000000739,0.302072789054111834
0.958000000000000740,0.301132212875256267
0.959000000000000741,0.300169245302054299
0.960000000000000742,0.299184251260799394
0.961000000000000743,0.298177593050629797
0.962000000000000743,0.297149630343086613
0.963000000000000744,0.296100720182028820
0.964000000000000745,0.295031216983878020
0.965000000000000746,0.293941472538203685
0.966000000000000747,0.292831836008628499
0.967000000000000748,0.291702653934061251
0.968000000000000749,0.290554270230229394
0.969000000000000750,0.289387026191538443
0.970000000000000751,0.288201260493209765
0.971000000000000751,0.286997309193732286
0.972000000000000752,0.285775505737600188
0.973000000000000753,0.284536180958309681
0.974000000000000754,0.283279663081675515
0.975000000000000755,0.282006277729375143
0.976000000000000756,0.280716347922787768
0.977000000000000757,0.279410194087077790
0.978000000000000758,0.278088134055549108
0.979000000000000759,0.276750483074214848
0.980000000000000759,0.275397553806648709
0.981000000000000760,0.274029656339059957
0.982000000000000761,0.272647098185579362
0.983000000000000762,0.271250184293804486
0.984000000000000763,0.269839217050560742
0.985000000000000764,0.268414496287849080
0.986000000000000765,0.266976319289052744
0.987000000000000766,0.265524980795317611
0.988000000000000766,0.264060773012143701
0.989000000000000767,0.262583985616173243
0.990000000000000768,0.261094905762185248
0.991000000000000769,0.259593818090255279
0.992000000000000770,0.258081004733113295
0.993000000000000771,0.256556745323680224
0.994000000000000772,0.255021317002772030
0.995000000000000773,0.253474994426980627
0.996000000000000774,0.251918049776719166
0.997000000000000774,0.250350752764426421
0.998000000000000775,0.248773370642934533
0.999000000000000776,0.247186168213975266
1.000000000000000666,0.245589407836859175
1.001000000000000778,0.243983349437277897
1.002000000000000668,0.242368250516260320
1.003000000000000780,0.240744366159265866
1.004000000000000670,0.239111949045396621
1.005000000000000782,0.237471249456761402
1.006000000000000671,0.235822515287952117
1.007000000000000783,0.234165992055642536
1.008000000000000673,0.232501922908312647
1.009000000000000785,0.230830548636080074
1.010000000000000675,0.229152107680654693
1.011000000000000787,0.227466836145385987
1.012000000000000677,0.225774967805426080
1.013000000000000789,0.224076734117996723
1.014000000000000679,0.222372364232743924
1.015000000000000790,0.220662085002198222
1.016000000000000680,0.218946120992316418
1.017000000000000792,0.217224694493129006
1.018000000000000682,0.215498025529445580
1.019000000000000794,0.213766331871677151
1.020000000000000684,0.212029829046709806
1.021000000000000796,0.210288730348867942
1.022000000000000686,0.208543246850953823
1.023000000000000798,0.206793587415346453
1.024000000000000687,0.205039958705190484
1.025000000000000799,0.203282565195613690
1.026000000000000689,0.201521609185059652
1.027000000000000801,0.199757290806622689
1.028000000000000691,0.197989808039490039
1.029000000000000803,0.196219356720404609
1.030000000000000693,0.194446130555207153
1.031000000000000805,0.192670321130400335
1.032000000000000695,0.190892117924792104
1.033000000000000806,0.189111708321153815
1.034000000000000696,0.187329277617939632
1.035000000000000808,0.185545009041051923
1.036000000000000698,0.183759083755621000
1.037000000000000810,0.181971680877842851
1.038000000000000700,0.180182977486848694
1.039000000000000812,0.178393148636592114
1.040000000000000702,0.176602367367781787
1.041000000000000814,0.174810804719827767
1.042000000000000703,0.173018629742839103
1.043000000000000815,0.171226009509606369
1.044000000000000705,0.169433109127638926
1.045000000000000817,0.167640091751208031
1.046000000000000707,0.165847118593409143
1.047000000000000819,0.164054348938235284
1.048000000000000709,0.162261940152694073
1.049000000000000821,0.160470047698876045
1.050000000000000711,0.158678825146109370
1.051000000000000822,0.156888424183056291
1.052000000000000712,0.155098994629866815
1.053000000000000824,0.153310684450309515
1.054000000000000714,0.151523639763912810
1.055000000000000826,0.149738004858118362
1.056000000000000716,0.147953922200419558
1.057000000000000828,0.146171532450515451
1.058000000000000718,0.144390974472450501
1.059000000000000830,0.142612385346759657
1.060000000000000719,0.140835900382596690
1.061000000000000831,0.139061653129880725
1.062000000000000721,0.137289775391398500
1.063000000000000833,0.135520397234926038
1.064000000000000723,0.133753647005341397
1.065000000000000835,0.131989651336701957
1.066000000000000725,0.130228535164326392
1.067000000000000837,0.128470421736868567
1.068000000000000727,0.126715432628352442
1.069000000000000838,0.124963687750219293
1.070000000000000728,0.123215305363332472
1.071000000000000840,0.121470402089978280
1.072000000000000730,0.119729092925840885
1.073000000000000842,0.117991491251960429
1.074000000000000732,0.116257708846665447
1.075000000000000844,0.114527855897481337
1.076000000000000734,0.112802041013023907
1.077000000000000846,0.111080371234853120
1.078000000000000735,0.109362952049310486
1.079000000000000847,0.107649887399334426
1.080000000000000737,0.105941279696227658
1.081000000000000849,0.104237229831430356
1.082000000000000739,0.102537837188218101
1.083000000000000851,0.100843199653413457
1.084000000000000741,0.099153413629035250
1.085000000000000853,0.097468574043934789
1.086000000000000743,0.095788774365385243
1.087000000000000854,0.094114106610648757
1.088000000000000744,0.092444661358497229
1.089000000000000856,0.090780527760718918
1.090000000000000746,0.089121793553556358
1.091000000000000858,0.087468545069137121
1.092000000000000748,0.085820867246859417
1.093000000000000860,0.084178843644727733
1.094000000000000750,0.082542556450664759
1.095000000000000862,0.080912086493780275
1.096000000000000751,0.079287513255590206
1.097000000000000863,0.077668914881213108
1.098000000000000753,0.076056368190511231
1.099000000000000865,0.074449948689186723
1.100000000000000755,0.072849730579867461
1.101000000000000867,0.071255786773097615
1.102000000000000757,0.069668188898338257
1.103000000000000869,0.068087007314881404
1.104000000000000759,0.066512311122755935
1.105000000000000870,0.064944168173555902
1.106000000000000760,0.063382645081258876
1.107000000000000872,0.061827807232957957
1.108000000000000762,0.060279718799584693
1.109000000000000874,0.058738442746569329
1.110000000000000764,0.057204040844449758
1.111000000000000876,0.055676573679447852
1.112000000000000766,0.054156100663983874
1.113000000000000878,0.052642680047153133
1.114000000000000767,0.051136368925147765
1.115000000000000879,0.049637223251634596
1.116000000000000769,0.048145297848089179
1.117000000000000881,0.046660646414064519
1.118000000000000771,0.045183321537425172
1.119000000000000883,0.043713374704530197
1.120000000000000773,0.042250856310354065
1.121000000000000885,0.040795815668581412
1.122000000000000774,0.039348301021622130
1.123000000000000886,0.037908359550596453
1.124000000000000776,0.036476037385263491
1.125000000000000888,0.035051379613899411
1.126000000000000778,0.033634430293119418
1.127000000000000890,0.032225232457652200
1.128000000000000780,0.030823828130070369
1.129000000000000892,0.029430258330448694
1.130000000000000782,0.028044563085998415
1.131000000000000894,0.026666781440616884
1.132000000000000783,0.025296951464421596
1.133000000000000895,0.023935110263192855
1.134000000000000785,0.022581293987800916
1.135000000000000897,0.021235537843549875
1.136000000000000787,0.019897876099489609
1.137000000000000899,0.018568342097663837
1.138000000000000789,0.017246968262319990
1.139000000000000901,0.015933786109029440
1.140000000000000790,0.014628826253803202
1.141000000000000902,0.013332118422132888
1.142000000000000792,0.012043691457959776
1.143000000000000904,0.010763573332611192
1.144000000000000794,0.009491791153695205
1.145000000000000906,0.008228371173915667
1.146000000000000796,0.006973338799842429
1.147000000000000908,0.005726718600638392
1.148000000000000798,0.004488534316722292
1.149000000000000909,0.003258808868380680
1.150000000000000799,0.002037564364329780
1.151000000000000689,0.000824822110218909
1.152000000000000801,-0.000379397382916968
1.153000000000000913,-0.001575074390254383
1.154000000000000803,-0.002762189964839626
1.155000000000000693,-0.003940725929294478
1.156000000000000805,-0.005110664867582851
1.157000000000000917,-0.006271990116811182
1.158000000000000806,-0.007424685759110150
1.159000000000000696,-0.008568736613547481
1.160000000000000808,-0.009704128228105796
1.161000000000000920,-0.010830846871703876
1.162000000000000810,-0.011948879526285493
1.163000000000000700,-0.013058213878937052
1.164000000000000812,-0.014158838314095101
1.165000000000000924,-0.015250741905761516
1.166000000000000814,-0.016333914409806770
1.167000000000000703,-0.017408346256316216
1.168000000000000815,-0.018474028541978084
1.169000000000000927,-0.019530953022533808
1.170000000000000817,-0.020579112105286092
1.171000000000000707,-0.021618498841638457
1.172000000000000819,-0.022649106919712638
1.173000000000000931,-0.023670930657002202
1.174000000000000821,-0.024683964993071301
1.175000000000000711,-0.025688205482333099
1.176000000000000822,-0.026683648286846117
1.177000000000000934,-0.027670290169189427
1.178000000000000824,-0.028648128485365097
1.179000000000000714,-0.029617161177773254
1.180000000000000826,-0.030577386768231768
1.181000000000000938,-0.031528804351034521
1.182000000000000828,-0.032471413586077323
1.183000000000000718,-0.033405214692022220
1.184000000000000830,-0.034330208439523835
1.185000000000000941,-0.035246396144489371
1.186000000000000831,-0.036153779661414240
1.187000000000000721,-0.037052361376734663
1.188000000000000833,-0.037942144202261774
1.189000000000000945,-0.038823131568641235
1.190000000000000835,-0.039695327418882369
1.191000000000000725,-0.040558736201908543
1.192000000000000837,-0.041413362866206629
1.193000000000000949,-0.042259212853453583
1.194000000000000838,-0.043096292092266078
1.195000000000000728,-0.043924606991943276
1.196000000000000840,-0.044744164436285185
1.197000000000000952,-0.045554971777462240
1.198000000000000842,-0.046357036829904476
1.199000000000000732,-0.047150367864279522
1.200000000000000844,-0.047934973601473779
1.201000000000000956,-0.048710863206668842
1.202000000000000846,-0.049478046283417378
1.203000000000000735,-0.050236532867805717
1.204000000000000847,-0.050986333422635068
1.205000000000000959,-0.051727458831668141
1.206000000000000849,-0.052459920393910273
1.207000000000000739,-0.053183729817945301
1.208000000000000851,-0.053898899216309172
1.209000000000000963,-0.054605441099921437
1.210000000000000853,-0.055303368372543127
1.211000000000000743,-0.055992694325305646
1.212000000000000854,-0.056673432631256550
1.213000000000000966,-0.057345597339979168
1.214000000000000856,-0.058009202872232012
1.215000000000000746,-0.058664264014646264
1.216000000000000858,-0.059310795914471262
1.217000000000000970,-0.059948814074346421
1.218000000000000860,-0.060578334347133514
1.219000000000000750,-0.061199372930796914
1.220000000000000862,-0.061811946363301250
1.221000000000000973,-0.062416071517579573
1.222000000000000863,-0.063011765596534236
1.223000000000000753,-0.063599046128074807
1.224000000000000865,-0.064177930960208338
1.225000000000000977,-0.064748438256170812
1.226000000000000867,-0.065310586489592495
1.227000000000000757,-0.065864394439715812
1.228000000000000869,-0.066409881186639153
1.229000000000000981,-0.066947066106632105
1.230000000000000870,-0.067475968867455258
1.231000000000000760,-0.067996609423747412
1.232000000000000872,-0.068509008012445111
1.233000000000000984,-0.069013185148232431
1.234000000000000874,-0.069509161619064438
1.235000000000000764,-0.069996958481678334
1.236000000000000876,-0.070476597057197735
1.237000000000000988,-0.070948098926739145
1.238000000000000878,-0.071411485927077537
1.239000000000000767,-0.071866780146347439
1.240000000000000879,-0.072314003919776659
1.241000000000000991,-0.072753179825461561
1.242000000000000881,-0.073184330680188620
1.243000000000000771,-0.073607479535288609
1.244000000000000883,-0.074022649672515900
1.245000000000000995,-0.074429864599994802
1.246000000000000885,-0.074829148048180458
1.247000000000000774,-0.075220523965862623
1.248000000000000886,-0.075604016516207836
1.249000000000000998,-0.075979650072842020
1.250000000000000888,-0.076347449215966076
1.251000000000000778,-0.076707438728502914
1.252000000000000890,-0.077059643592296403
1.253000000000001002,-0.077404088984324368
1.254000000000000892,-0.077740800272972768
1.255000000000000782,-0.078069803014319164
1.256000000000000894,-0.078391122948480191
1.257000000000001005,-0.078704785995961465
1.258000000000000895,-0.079010818254075812
1.259000000000000785,-0.079309245993365501
1.260000000000000897,-0.079600095654089958
1.261000000000001009,-0.079883393842716061
1.262000000000000899,-0.080159167328469019
1.263000000000000789,-0.080427443039899113
1.264000000000000901,-0.080688248061498616
1.265000000000001013,-0.080941609630332423
1.266000000000000902,-0.081187555132713460
1.267000000000000792,-0.081426112100918782
1.268000000000000904,-0.081657308209919316
1.269000000000001016,-0.081881171274158365
1.270000000000000906,-0.082097729244352796
1.271000000000000796,-0.082307010204334466
1.272000000000000908,-0.082509042367910498
1.273000000000001020,-0.082703854075775046
1.274000000000000909,-0.082891473792431378
1.275000000000000799,-0.083071930103157304
1.276000000000000911,-0.083245251711006427
1.277000000000001023,-0.083411467433821315
1.278000000000000913,-0.083570606201300662
1.279000000000000803,-0.083722697052072706
1.280000000000000915,-0.083867769130828315
1.281000000000001027,-0.084005851685443847
1.282000000000000917,-0.084136974064180484
1.283000000000000806,-0.084261165712873815
1.284000000000000918,-0.084378456172173433
1.285000000000001030,-0.084488875074808095
1.286000000000000920,-0.084592452142878832
1.287000000000000810,-0.084689217185171611
1.288000000000000922,-0.084779200094522514
1.289000000000001034,-0.084862430845181178
1.290000000000000924,-0.084938939490221826
1.291000000000000814,-0.085008756158985219
1.292000000000000925,-0.085071911054524163
1.293000000000001037,-0.085128434451110152
1.294000000000000927,-0.085178356691734486
1.295000000000000817,-0.085221708185665615
1.296000000000000929,-0.085258519406007621
1.297000000000001041,-0.085288820887297945
1.298000000000000931,-0.085312643223146176
1.299000000000000821,-0.085330017063864477
1.300000000000000933,-0.085340973114149982
1.301000000000001044,-0.085345542130792734
1.302000000000000934,-0.085343754920394879
1.303000000000000824,-0.085335642337126802
1.304000000000000936,-0.085321235280500035
1.305000000000001048,-0.085300564693183659
1.306000000000000938,-0.085273661558818076
1.307000000000000828,-0.085240556899872338
1.308000000000000940,-0.085201281775520818
1.309000000000001052,-0.085155867279549755
1.310000000000000941,-0.085104344538280752
1.311000000000000831,-0.085046744708509883
1.312000000000000943,-0.084983098975491084
1.313000000000001055,-0.084913438550939996
1.314000000000000945,-0.084837794671041231
1.315000000000000835,-0.084756198594488769
1.316000000000000947,-0.084668681600569035
1.317000000000001059,-0.084575274987238186
1.318000000000000949,-0.084476010069233290
1.319000000000000838,-0.084370918176213672
1.320000000000000950,-0.084260030650915793
1.321000000000001062,-0.084143378847323785
1.322000000000000952,-0.084020994128879950
1.323000000000000842,-0.083892907866704114
1.324000000000000954,-0.083759151437837520
1.325000000000001066,-0.083619756223504330
1.326000000000000956,-0.083474753607406943
1.327000000000000846,-0.083324174974023335
1.328000000000000957,-0.083168051706943677
1.329000000000001069,-0.083006415187213592
1.330000000000000959,-0.082839296791713160
1.331000000000000849,-0.082666727891534245
1.332000000000000961,-0.082488739850399298
1.333000000000001073,-0.082305364023090050
1.334000000000000963,-0.082116631753899133
1.335000000000000853,-0.081922574375091234
1.336000000000000965,-0.081723223205409520
1.337000000000001076,-0.081518609548565713
1.338000000000000966,-0.081308764691780833
1.339000000000000856,-0.081093719904330189
1.340000000000000968,-0.080873506436100334
1.341000000000001080,-0.080648155516184913
1.342000000000000970,-0.080417698351483005
1.343000000000000860,-0.080182166125318394
1.344000000000000972,-0.079941589996082779
1.345000000000001084,-0.079696001095898653
1.346000000000000973,-0.079445430529278507
1.347000000000000863,-0.079189909371838590
1.348000000000000975,-0.078929468668992919
1.349000000000001087,-0.078664139434694066
1.350000000000000977,-0.078393952650171808
1.351000000000000867,-0.078118939262701290
1.352000000000000979,-0.077839130184377936
1.353000000000001091,-0.077554556290917107
1.354000000000000981,-0.077265248420474025
1.355000000000000870,-0.076971237372456244
1.356000000000000982,-0.076672553906390967
1.357000000000001094,-0.076369228740776979
1.358000000000000984,-0.076061292551959966
1.359000000000000874,-0.075748775973038890
1.360000000000000986,-0.075431709592767987
1.361000000000001098,-0.075110123954489696
1.362000000000000988,-0.074784049555064624
1.363000000000000878,-0.074453516843846310
1.364000000000000989,-0.074118556221644524
1.365000000000001101,-0.073779198039706867
1.366000000000000991,-0.073435472598734397
1.367000000000000881,-0.073087410147894535
1.368000000000000993,-0.072735040883849494
1.369000000000001105,-0.072378394949805247
1.370000000000000995,-0.072017502434577538
1.371000000000000885,-0.071652393371665318
1.372000000000000997,-0.071283097738336132
1.373000000000001108,-0.070909645454741960
1.374000000000000998,-0.070532066383012362
1.375000000000000888,-0.070150390326424353
1.376000000000001000,-0.069764647028512122
1.377000000000001112,-0.069374866172246960
1.378000000000001002,-0.068981077379201339
1.379000000000000892,-0.068583310208739534
1.380000000000001004,-0.068181594157209230
1.381000000000001116,-0.067775958657162752
1.382000000000001005,-0.067366433076574278
1.383000000000000895,-0.066953046718078973
1.384000000000001007,-0.066535828818231266
1.385000000000001119,-0.066114808546753362
1.386000000000001009,-0.065690015005825469
1.387000000000000899,-0.065261477229358031
1.388000000000001011,-0.064829224182311768
1.389000000000001123,-0.064393284759985098
1.390000000000001013,-0.063953687787359992
1.391000000000000902,-0.063510462018419783
1.392000000000001014,-0.063063636135512455
1.393000000000001126,-0.062613238748697966
1.394000000000001016,-0.062159298395125476
1.395000000000000906,-0.061701843538411225
1.396000000000001018,-0.061240902568031511
1.397000000000001130,-0.060776503798731743
1.398000000000001020,-0.060308675469940308
1.399000000000000909,-0.059837445745187220
1.400000000000001021,-0.059362842711551678
1.401000000000001133,-0.058884894379108058
1.402000000000001023,-0.058403628680378919
1.403000000000000913,-0.057919073469805980
1.404000000000001025,-0.057431256523233033
1.405000000000001137,-0.056940205537396815
1.406000000000001027,-0.056445948129412803
1.407000000000000917,-0.055948511836312852
1.408000000000001029,-0.055447924114531852
1.409000000000001140,-0.054944212339463706
1.410000000000001030,-0.054437403804991680
1.411000000000000920,-0.053927525723036530
1.412000000000001032,-0.053414605223110548
1.413000000000001144,-0.052898669351903758
1.414000000000001034,-0.052379745072843167
1.415000000000000924,-0.051857859265685799
1.416000000000001036,-0.051333038726120550
1.417000000000001148,-0.050805310165369114
1.418000000000001037,-0.050274700209800918
1.419000000000000927,-0.049741235400554647
1.420000000000001039,-0.049204942193171189
1.421000000000001151,-0.048665846957242513
1.422000000000001041,-0.048123975976049935
1.423000000000000931,-0.047579355446227052
1.424000000000001043,-0.047032011477425660
1.425000000000001155,-0.046481970091994354
1.426000000000001044,-0.045929257224657558
1.427000000000000934,-0.045373898722210003
1.428000000000001046,-0.044815920343213758
1.429000000000001158,-0.044255347757704344
1.430000000000001048,-0.043692206546911180
1.431000000000000938,-0.043126522202978773
1.432000000000001050,-0.042558320128697105
1.433000000000001162,-0.041987625637243314
1.434000000000001052,-0.041414463951918258
1.435000000000000941,-0.040838860205917461
1.436000000000001053,-0.040260839442077048
1.437000000000001165,-0.039680426612647160
1.438000000000001055,-0.039097646579076259
1.439000000000000945,-0.038512524111779176
1.440000000000001057,-0.037925083889940606
1.441000000000001169,-0.037335350501302787
1.442000000000001059,-0.036743348441972509
1.443000000000000949,-0.036149102116243302
1.444000000000001060,-0.035552635836393461
1.445000000000001172,-0.034953973822521599
1.446000000000001062,-0.034353140202385342
1.447000000000000952,-0.033750159011218896
1.448000000000001064,-0.033145054191597308
1.449000000000001176,-0.032537849593278344
1.450000000000001066,-0.031928568973056952
1.451000000000000956,-0.031317235994632597
1.452000000000001068,-0.030703874228479682
1.453000000000001180,-0.030088507151720085
1.454000000000001069,-0.029471158148006927
1.455000000000000959,-0.028851850507410553
1.456000000000001071,-0.028230607426310776
1.457000000000001183,-0.027607452007304960
1.458000000000001073,-0.026982407259100848
1.459000000000000963,-0.026355496096433628
1.460000000000001075,-0.025726741339987497
1.461000000000001187,-0.025096165716304540
1.462000000000001076,-0.024463791857729976
1.463000000000000966,-0.023829642302326322
1.464000000000001078,-0.023193739493824406
1.465000000000001190,-0.022556105781571408
1.466000000000001080,-0.021916763420456647
1.467000000000000970,-0.021275734570894399
1.468000000000001082,-0.020633041298766207
1.469000000000001194,-0.019988705575388135
1.470000000000001084,-0.019342749277482411
1.471000000000000973,-0.018695194187147747
1.472000000000001085,-0.018046061991846475
1.473000000000001197,-0.017395374284381517
1.474000000000001087,-0.016743152562884601
1.475000000000000977,-0.016089418230812683
1.476000000000001089,-0.015434192596949513
1.477000000000001201,-0.014777496875401369
1.478000000000001091,-0.014119352185605208
1.479000000000000981,-0.013459779552347572
1.480000000000001092,-0.012798799905767697
1.481000000000001204,-0.012136434081395159
1.482000000000001094,-0.011472702820155660
1.483000000000000984,-0.010807626768416319
1.484000000000001096,-0.010141226478012532
1.485000000000001208,-0.009473522406273877
1.486000000000001098,-0.008804534916089710
1.487000000000000988,-0.008134284275933754
1.488000000000001100,-0.007462790659920298
1.489000000000001211,-0.006790074147859736
1.490000000000001101,-0.006116154725316137
1.491000000000000991,-0.005441052283658489
1.492000000000001103,-0.004764786620143473
1.493000000000001215,-0.004087377437963803
1.494000000000001105,-0.003408844346333914
1.495000000000000995,-0.002729206860560906
1.496000000000001107,-0.002048484402126702
1.497000000000001219,-0.001366696298765172
1.498000000000001108,-0.000683861784555031
1.499000000000000998,0.000000000000000000
