# TricalciumAluminate-Wet-010_ETA-AC
# h[nm],U(h)[kJ/mol]
0.149999999999999994,63.338397661810198258
0.150999999999999995,62.367076622668868424
0.151999999999999996,61.078106695532746073
0.152999999999999997,59.717266227636436327
0.153999999999999998,58.384100990532502351
0.154999999999999999,57.106412612151039809
0.156000000000000000,55.881346998550952776
0.157000000000000001,54.696562559365062839
0.158000000000000002,53.539964837813343479
0.159000000000000002,52.403227361841956622
0.160000000000000003,51.282213066046075767
0.161000000000000004,50.176078548274098523
0.162000000000000005,49.086020244868834084
0.163000000000000006,48.014128474863618123
0.164000000000000007,46.962532398939131895
0.165000000000000008,45.932866902181075375
0.166000000000000009,44.926019392710564659
0.167000000000000010,43.942087210327073876
0.168000000000000010,42.980473831787122663
0.169000000000000011,42.040061562165632836
0.170000000000000012,41.119412417803467008
0.171000000000000013,40.216963295868467299
0.172000000000000014,39.331194227096972327
0.173000000000000015,38.460758701139674542
0.174000000000000016,37.604572619492401486
0.175000000000000017,36.761863614260512634
0.176000000000000018,35.932185674586435198
0.177000000000000018,35.115405686861507206
0.178000000000000019,34.311669033238857196
0.179000000000000020,33.521351161173996047
0.180000000000000021,32.745001322555303602
0.181000000000000022,31.983283705585023426
0.182000000000000023,31.236920107581131134
0.183000000000000024,30.506637234009822635
0.184000000000000025,29.793120730135690621
0.185000000000000026,29.096977197885518507
0.186000000000000026,28.418704740547735099
0.187000000000000027,27.758672014652262305
0.188000000000000028,27.117105344208152218
0.189000000000000029,26.494083153477522075
0.190000000000000030,25.889536783381839058
0.191000000000000031,25.303256655089221283
0.192000000000000032,24.734902714290534220
0.193000000000000033,24.184018114408960543
0.194000000000000034,23.650045161623012291
0.195000000000000034,23.132342636332392516
0.196000000000000035,22.630203713928018772
0.197000000000000036,22.142873823868828964
0.198000000000000037,21.669567903436682599
0.199000000000000038,21.209486616127190217
0.200000000000000039,20.761831210867100594
0.201000000000000040,20.325816794755318995
0.202000000000000041,19.900683877413023026
0.203000000000000042,19.485708118679532674
0.204000000000000042,19.080208273280039322
0.205000000000000043,18.683552376637344139
0.206000000000000044,18.295162255926484818
0.207000000000000045,17.914516480710148016
0.208000000000000046,17.541151889090063065
0.209000000000000047,17.174663839362288797
0.210000000000000048,16.814705344768633211
0.211000000000000049,16.460985251150184183
0.212000000000000050,16.113265615122521979
0.213000000000000050,15.771358434718578678
0.214000000000000051,15.435121876099131555
0.215000000000000052,15.104456129636293582
0.216000000000000053,14.779299017055885557
0.217000000000000054,14.459621458913124670
0.218000000000000055,14.145422898915665399
0.219000000000000056,13.836726768863732318
0.220000000000000057,13.533576065536323085
0.221000000000000058,13.236029098943316029
0.222000000000000058,12.944155460149811887
0.223000000000000059,12.658032246483106320
0.224000000000000060,12.377740572428056254
0.225000000000000061,12.103362385946731195
0.226000000000000062,11.834977602334571856
0.227000000000000063,11.572661561038653844
0.228000000000000064,11.316482805084969954
0.229000000000000065,11.066501177848655502
0.230000000000000066,10.822766227801988492
0.231000000000000066,10.585315908530285256
0.232000000000000067,10.354175558651984801
0.233000000000000068,10.129357144251121881
0.234000000000000069,9.910858744962041555
0.235000000000000070,9.698664263873144620
0.236000000000000071,9.492743340876426572
0.237000000000000072,9.293051448922755142
0.238000000000000073,9.099530152794191196
0.239000000000000073,8.912107510422512036
0.240000000000000074,8.730698597418781404
0.241000000000000075,8.555206136291417351
0.242000000000000076,8.385521212778925815
0.243000000000000077,8.221524062774971497
0.244000000000000078,8.063084914446942975
0.245000000000000079,7.910064871318017943
0.246000000000000080,7.762316823274403532
0.247000000000000081,7.619686373653510536
0.248000000000000081,7.482012771750045310
0.249000000000000082,7.349129841230800153
0.250000000000000111,7.220866896064566554
0.251000000000000112,7.097049636642583259
0.252000000000000113,6.977501019779742464
0.253000000000000114,6.862042097243730154
0.254000000000000115,6.750492818353409419
0.255000000000000115,6.642672793018583377
0.256000000000000116,6.538402012358512039
0.257000000000000117,6.437501524737486491
0.258000000000000118,6.339794065692446523
0.259000000000000119,6.245104640802038531
0.260000000000000120,6.153261061060489645
0.261000000000000121,6.064094430776215461
0.262000000000000122,5.977439588416264549
0.263000000000000123,5.893135501167519053
0.264000000000000123,5.811025614286326579
0.265000000000000124,5.730958156564075701
0.266000000000000125,5.652786403449808539
0.267000000000000126,5.576368899546279678
0.268000000000000127,5.501569642335400800
0.269000000000000128,5.428258229096960541
0.270000000000000129,5.356309969063023146
0.271000000000000130,5.285605962903003885
0.272000000000000131,5.216033151663822309
0.273000000000000131,5.147484337298294577
0.274000000000000132,5.079858176905681866
0.275000000000000133,5.013059152783225336
0.276000000000000134,4.946997520349005306
0.277000000000000135,4.881589235946436567
0.278000000000000136,4.816755866480798787
0.279000000000000137,4.752424482770541303
0.280000000000000138,4.688527538421896068
0.281000000000000139,4.625002735955982658
0.282000000000000139,4.561792881834596969
0.283000000000000140,4.498845731945056770
0.284000000000000141,4.436113829017075183
0.285000000000000142,4.373554333356408641
0.286000000000000143,4.311128848191671636
0.287000000000000144,4.248803240843287199
0.288000000000000145,4.186547460836920642
0.289000000000000146,4.124335355999354746
0.290000000000000147,4.062144487492020062
0.291000000000000147,3.999955944657636930
0.292000000000000148,3.937754160477928700
0.293000000000000149,3.875526728366437190
0.294000000000000150,3.813264220949195593
0.295000000000000151,3.750960011418432938
0.296000000000000152,3.688610097980071778
0.297000000000000153,3.626212931854907673
0.298000000000000154,3.563769249235968939
0.299000000000000155,3.501281907550469974
0.300000000000000155,3.438755726324277617
0.301000000000000156,3.376197332899658399
0.302000000000000157,3.313615013212952931
0.303000000000000158,3.251018567798366288
0.304000000000000159,3.188419173146235686
0.305000000000000160,3.125829248509625735
0.306000000000000161,3.063262328221353581
0.307000000000000162,3.000732939554495271
0.308000000000000163,2.938256486133136391
0.309000000000000163,2.875849136876254875
0.310000000000000164,2.813527720436115764
0.311000000000000165,2.751309625073340648
0.312000000000000166,2.689212703893685052
0.313000000000000167,2.627255185356380807
0.314000000000000168,2.565455588950681154
0.315000000000000169,2.503832645925610834
0.316000000000000170,2.442405224948063225
0.317000000000000171,2.381192262555894334
0.318000000000000171,2.320212698265720075
0.319000000000000172,2.259485414189219998
0.320000000000000173,2.199029179007322643
0.321000000000000174,2.138862596148070061
0.322000000000000175,2.079004056011473089
0.323000000000000176,2.019471692083088854
0.324000000000000177,1.960283340777227323
0.325000000000000178,1.901456504850719487
0.326000000000000179,1.843008320228700203
0.327000000000000179,1.784955526085189037
0.328000000000000180,1.727314438022886645
0.329000000000000181,1.670100924198897996
0.330000000000000182,1.613330384245693638
0.331000000000000183,1.557017730839547642
0.332000000000000184,1.501177373772076162
0.333000000000000185,1.445823206383998194
0.334000000000000186,1.390968594223990884
0.335000000000000187,1.336626365799565619
0.336000000000000187,1.282808805290843512
0.337000000000000188,1.229527647102547805
0.338000000000000189,1.176794072133613422
0.339000000000000190,1.124618705648305461
0.340000000000000191,1.073011616637206123
0.341000000000000192,1.021982318560637371
0.342000000000000193,0.971539771371721317
0.343000000000000194,0.921692384720502966
0.344000000000000195,0.872448022245056576
0.345000000000000195,0.823814006859601378
0.346000000000000196,0.775797126954078653
0.347000000000000197,0.728403643423665925
0.348000000000000198,0.681639297450810422
0.349000000000000199,0.635509318966371084
0.350000000000000200,0.590018435720257584
0.351000000000000201,0.545170882895805731
0.352000000000000202,0.500970413205753973
0.353000000000000203,0.457420307411221194
0.354000000000000203,0.414523385208528772
0.355000000000000204,0.372282016432058271
0.356000000000000205,0.330698132524492039
0.357000000000000206,0.289773238228805685
0.358000000000000207,0.249508423459529061
0.359000000000000208,0.209904375313396063
0.360000000000000209,0.170961390182341799
0.361000000000000210,0.132679385934465932
0.362000000000000210,0.095057914130904184
0.363000000000000211,0.058096172249079550
0.364000000000000212,0.021793015884960899
0.365000000000000213,-0.013853029090831170
0.366000000000000214,-0.048843754446212251
0.367000000000000215,-0.083181257591293606
0.368000000000000216,-0.116867929691924013
0.369000000000000217,-0.149906443910622938
0.370000000000000218,-0.182299743790969471
0.371000000000000218,-0.214051031799767172
0.372000000000000219,-0.245163758039959934
0.373000000000000220,-0.275641609145868938
0.374000000000000221,-0.305488497370949963
0.375000000000000222,-0.334708549877107353
0.376000000000000223,-0.363306098233511732
0.377000000000000224,-0.391285668131638897
0.378000000000000225,-0.418651969322400841
0.379000000000000226,-0.445409885780173653
0.380000000000000226,-0.471564466097803003
0.381000000000000227,-0.497120914115654233
0.382000000000000228,-0.522084579787230885
0.383000000000000229,-0.546460950283020219
0.384000000000000230,-0.570255641333643148
0.385000000000000231,-0.593474388812836651
0.386000000000000232,-0.616123040560101032
0.387000000000000233,-0.638207548442523809
0.388000000000000234,-0.659733960654633078
0.389000000000000234,-0.680708414254894145
0.390000000000000235,-0.701137127936911075
0.391000000000000236,-0.721026395033161016
0.392000000000000237,-0.740382576748704890
0.393000000000000238,-0.759212095622070815
0.394000000000000239,-0.777521429210192183
0.395000000000000240,-0.795317103994128360
0.396000000000000241,-0.812605689502039041
0.397000000000000242,-0.829393792645688022
0.398000000000000242,-0.845688052266685864
0.399000000000000243,-0.861495133888402487
0.400000000000000244,-0.876821724669513691
0.401000000000000245,-0.891674528554954771
0.402000000000000246,-0.906060261619967000
0.403000000000000247,-0.919985647602940992
0.404000000000000248,-0.933457413622623577
0.405000000000000249,-0.946482286075274404
0.406000000000000250,-0.959066986707285962
0.407000000000000250,-0.971218228858833355
0.408000000000000251,-0.982942713874055962
0.409000000000000252,-0.994247127673318354
0.410000000000000253,-1.005138137483099658
0.411000000000000254,-1.015622388719105818
0.412000000000000255,-1.025706502018173927
0.413000000000000256,-1.035397070414701304
0.414000000000000257,-1.044700656657186588
0.415000000000000258,-1.053623790660745296
0.416000000000000258,-1.062172967091313591
0.417000000000000259,-1.070354643077458645
0.418000000000000260,-1.078175236045696872
0.419000000000000261,-1.085641121675334997
0.420000000000000262,-1.092758631968878458
0.421000000000000263,-1.099534053434183090
0.422000000000000264,-1.105973625374506719
0.423000000000000265,-1.112083538282807371
0.424000000000000266,-1.117869932336645222
0.425000000000000266,-1.123338895990101172
0.426000000000000267,-1.128496464659296539
0.427000000000000268,-1.133348619498084187
0.428000000000000269,-1.137901286260619482
0.429000000000000270,-1.142160334247589448
0.430000000000000271,-1.146131575332941521
0.431000000000000272,-1.149820763068075902
0.432000000000000273,-1.153233591860478580
0.433000000000000274,-1.156375696223943983
0.434000000000000274,-1.159252650097534643
0.435000000000000275,-1.161869966230535178
0.436000000000000276,-1.164233095630775150
0.437000000000000277,-1.166347427073684218
0.438000000000000278,-1.168218286669610917
0.439000000000000279,-1.169850937486967890
0.440000000000000280,-1.171250579228821920
0.441000000000000281,-1.172422347960662137
0.442000000000000282,-1.173371315887146382
0.443000000000000282,-1.174102491175642360
0.444000000000000283,-1.174620817824534980
0.445000000000000284,-1.174931175574256859
0.446000000000000285,-1.175038379859108417
0.447000000000000286,-1.174947181798035256
0.448000000000000287,-1.174662268222460781
0.449000000000000288,-1.174188261739524508
0.450000000000000289,-1.173529720828953460
0.451000000000000290,-1.172691139971974161
0.452000000000000290,-1.171676949810696922
0.453000000000000291,-1.170491517336415876
0.454000000000000292,-1.169139146105398819
0.455000000000000293,-1.167624076480726414
0.456000000000000294,-1.165950485898834543
0.457000000000000295,-1.164122489159449270
0.458000000000000296,-1.162144138737626564
0.459000000000000297,-1.160019425116725955
0.460000000000000298,-1.157752277141097075
0.461000000000000298,-1.155346562387392195
0.462000000000000299,-1.152806087553403636
0.463000000000000300,-1.150134598863374213
0.464000000000000301,-1.147335782488812406
0.465000000000000302,-1.144413264983811462
0.466000000000000303,-1.141370613733969419
0.467000000000000304,-1.138211337418030933
0.468000000000000305,-1.134938886481362319
0.469000000000000306,-1.131556653620473973
0.470000000000000306,-1.128067974277814356
0.471000000000000307,-1.124476127146021520
0.472000000000000308,-1.120784334680985150
0.473000000000000309,-1.116995763622983917
0.474000000000000310,-1.113113525525228686
0.475000000000000311,-1.109140677289204735
0.476000000000000312,-1.105080221706178367
0.477000000000000313,-1.100935108004310603
0.478000000000000314,-1.096708232400774197
0.479000000000000314,-1.092402438658405250
0.480000000000000315,-1.088020518646312329
0.481000000000000316,-1.083565212904009423
0.482000000000000317,-1.079039211208563165
0.483000000000000318,-1.074445153144341747
0.484000000000000319,-1.069785628674913891
0.485000000000000320,-1.065063178716708414
0.486000000000000321,-1.060280295714045584
0.487000000000000322,-1.055439424215159905
0.488000000000000322,-1.050542961448854840
0.489000000000000323,-1.045593257901492823
0.490000000000000324,-1.040592617893950855
0.491000000000000325,-1.035543300158272340
0.492000000000000326,-1.030447518413695862
0.493000000000000327,-1.025307441941825992
0.494000000000000328,-1.020125196160626357
0.495000000000000329,-1.014902863197059135
0.496000000000000330,-1.009642482458044777
0.497000000000000330,-1.004346051199622725
0.498000000000000331,-0.999015525093987833
0.499000000000000332,-0.993652818794302339
0.500000000000000333,-0.988259806497031379
0.501000000000000334,-0.982838322501626727
0.502000000000000335,-0.977390161767417887
0.503000000000000336,-0.971917080467523897
0.504000000000000337,-0.966420796539644522
0.505000000000000338,-0.960902990233577170
0.506000000000000338,-0.955365304655341085
0.507000000000000339,-0.949809346307773694
0.508000000000000340,-0.944236685627463879
0.509000000000000341,-0.938648857517958013
0.510000000000000342,-0.933047361879070225
0.511000000000000343,-0.927433664132257696
0.512000000000000344,-0.921809195741928322
0.513000000000000345,-0.916175354732617686
0.514000000000000346,-0.910533506201959275
0.515000000000000346,-0.904884982829355922
0.516000000000000347,-0.899231085380296280
0.517000000000000348,-0.893573083206270935
0.518000000000000349,-0.887912214740184447
0.519000000000000350,-0.882249687987276543
0.520000000000000351,-0.876586681011428781
0.521000000000000352,-0.870924342416899422
0.522000000000000353,-0.865263791825355510
0.523000000000000353,-0.859606120348245129
0.524000000000000354,-0.853952391054439319
0.525000000000000355,-0.848303639433116707
0.526000000000000356,-0.842660873851877157
0.527000000000000357,-0.837025076010068814
0.528000000000000358,-0.831397201387292784
0.529000000000000359,-0.825778179687091773
0.530000000000000360,-0.820168915275789723
0.531000000000000361,-0.814570287616498745
0.532000000000000361,-0.808983151698268843
0.533000000000000362,-0.803408338460382287
0.534000000000000363,-0.797846655211795097
0.535000000000000364,-0.792298886045728734
0.536000000000000365,-0.786765792249402240
0.537000000000000366,-0.781248112708938680
0.538000000000000367,-0.775746564309408471
0.539000000000000368,-0.770261842330080659
0.540000000000000369,-0.764794620834828631
0.541000000000000369,-0.759345553057767297
0.542000000000000370,-0.753915271784072027
0.543000000000000371,-0.748504389726052377
0.544000000000000372,-0.743113499894467178
0.545000000000000373,-0.737743175965109743
0.546000000000000374,-0.732393972640685176
0.547000000000000375,-0.727066426007988875
0.548000000000000376,-0.721761053890438320
0.549000000000000377,-0.716478356195950461
0.550000000000000377,-0.711218815260215687
0.551000000000000378,-0.705982896185364917
0.552000000000000379,-0.700771047174106765
0.553000000000000380,-0.695583699859304128
0.554000000000000381,-0.690421269629055034
0.555000000000000382,-0.685284155947323836
0.556000000000000383,-0.680172742670087205
0.557000000000000384,-0.675087398357117729
0.558000000000000385,-0.670028476579350607
0.559000000000000385,-0.664996316221925232
0.560000000000000386,-0.659991241782913685
0.561000000000000387,-0.655013563667765419
0.562000000000000388,-0.650063578479508797
0.563000000000000389,-0.645141569304749862
0.564000000000000390,-0.640247805995491137
0.565000000000000391,-0.635382545446816160
0.566000000000000392,-0.630546031870467427
0.567000000000000393,-0.625738497064372345
0.568000000000000393,-0.620960160678122763
0.569000000000000394,-0.616211230474469351
0.570000000000000395,-0.611491902586874581
0.571000000000000396,-0.606802361773119747
0.572000000000000397,-0.602142781665066629
0.573000000000000398,-0.597513325014547680
0.574000000000000399,-0.592914143935473148
0.575000000000000400,-0.588345380142161423
0.576000000000000401,-0.583807165183936605
0.577000000000000401,-0.579299620676059557
0.578000000000000402,-0.574822858526981673
0.579000000000000403,-0.570376981161992869
0.580000000000000404,-0.565962081743313195
0.581000000000000405,-0.561578244386618186
0.582000000000000406,-0.557225544374094661
0.583000000000000407,-0.552904048364013967
0.584000000000000408,-0.548613814596901173
0.585000000000000409,-0.544354893098315751
0.586000000000000409,-0.540127325878276054
0.587000000000000410,-0.535931147127405749
0.588000000000000411,-0.531766383409773669
0.589000000000000412,-0.527633053852541889
0.590000000000000413,-0.523531170332388385
0.591000000000000414,-0.519460737658795635
0.592000000000000415,-0.515421753754218170
0.593000000000000416,-0.511414209831158040
0.594000000000000417,-0.507438090566207256
0.595000000000000417,-0.503493374271098304
0.596000000000000418,-0.499580033060748274
0.597000000000000419,-0.495698033018418360
0.598000000000000420,-0.491847334357931376
0.599000000000000421,-0.488027891583070805
0.600000000000000422,-0.484239653644131629
0.601000000000000423,-0.480482564091689546
0.602000000000000424,-0.476756561227626108
0.603000000000000425,-0.473061578253437087
0.604000000000000425,-0.469397543415848606
0.605000000000000426,-0.465764380149804036
0.606000000000000427,-0.462162007218840265
0.607000000000000428,-0.458590338852864043
0.608000000000000429,-0.455049284883430771
0.609000000000000430,-0.451538750876468331
0.610000000000000431,-0.448058638262568198
0.611000000000000432,-0.444608844464813024
0.612000000000000433,-0.441189263024204137
0.613000000000000433,-0.437799783722722657
0.614000000000000434,-0.434440292704044051
0.615000000000000435,-0.431110672591947630
0.616000000000000436,-0.427810802606441443
0.617000000000000437,-0.424540558677668378
0.618000000000000438,-0.421299813557579506
0.619000000000000439,-0.418088436929426432
0.620000000000000440,-0.414906295515123980
0.621000000000000441,-0.411753253180477785
0.622000000000000441,-0.408629171038336181
0.623000000000000442,-0.405533907549676553
0.624000000000000443,-0.402467318622670267
0.625000000000000444,-0.399429257709753460
0.626000000000000445,-0.396419575902725196
0.627000000000000446,-0.393438122025910275
0.628000000000000447,-0.390484742727417067
0.629000000000000448,-0.387559282568509189
0.630000000000000449,-0.384661584111125332
0.631000000000000449,-0.381791488003581037
0.632000000000000450,-0.378948833064469026
0.633000000000000451,-0.376133456364800944
0.634000000000000452,-0.373345193308387391
0.635000000000000453,-0.370583877710531695
0.636000000000000454,-0.367849341875007341
0.637000000000000455,-0.365141416669401975
0.638000000000000456,-0.362459931598802076
0.639000000000000457,-0.359804714877882792
0.640000000000000457,-0.357175593501414146
0.641000000000000458,-0.354572393313195178
0.642000000000000459,-0.351994939073475899
0.643000000000000460,-0.349443054524847807
0.644000000000000461,-0.346916562456666466
0.645000000000000462,-0.344415284768007979
0.646000000000000463,-0.341939042529183612
0.647000000000000464,-0.339487656041846719
0.648000000000000465,-0.337060944897714432
0.649000000000000465,-0.334658728035909903
0.650000000000000466,-0.332280823798973945
0.651000000000000467,-0.329927049987541465
0.652000000000000468,-0.327597223913731916
0.653000000000000469,-0.325291162453245630
0.654000000000000470,-0.323008682096223687
0.655000000000000471,-0.320749598996858509
0.656000000000000472,-0.318513729021792202
0.657000000000000473,-0.316300887797325181
0.658000000000000473,-0.314110890755456562
0.659000000000000474,-0.311943553178761879
0.660000000000000475,-0.309798690244149633
0.661000000000000476,-0.307676117065493693
0.662000000000000477,-0.305575648735186112
0.663000000000000478,-0.303497100364603478
0.664000000000000479,-0.301440287123535211
0.665000000000000480,-0.299405024278549259
0.666000000000000481,-0.297391127230376473
0.667000000000000481,-0.295398411550255868
0.668000000000000482,-0.293426693015339968
0.669000000000000483,-0.291475787643098339
0.670000000000000484,-0.289545511724804416
0.671000000000000485,-0.287635681858078585
0.672000000000000486,-0.285746114978520427
0.673000000000000487,-0.283876628390458907
0.674000000000000488,-0.282027039796805767
0.675000000000000488,-0.280197167328056274
0.676000000000000489,-0.278386829570455796
0.677000000000000490,-0.276595845593311740
0.678000000000000491,-0.274824034975512332
0.679000000000000492,-0.273071217831239110
0.680000000000000493,-0.271337214834893037
0.681000000000000494,-0.269621847245258173
0.682000000000000495,-0.267924936928904900
0.683000000000000496,-0.266246306382862563
0.684000000000000496,-0.264585778756560086
0.685000000000000497,-0.262943177873055489
0.686000000000000498,-0.261318328249579512
0.687000000000000499,-0.259711055117379519
0.688000000000000500,-0.258121184440905704
0.689000000000000501,-0.256548542936339052
0.690000000000000502,-0.254992958089473976
0.691000000000000503,-0.253454258172975844
0.692000000000000504,-0.251932272263005519
0.693000000000000504,-0.250426830255268018
0.694000000000000505,-0.248937762880432650
0.695000000000000506,-0.247464901719006120
0.696000000000000507,-0.246008079215614128
0.697000000000000508,-0.244567128692734836
0.698000000000000509,-0.243141884363889588
0.699000000000000510,-0.241732181346293873
0.700000000000000511,-0.240337855672989015
0.701000000000000512,-0.238958744304465842
0.702000000000000512,-0.237594685139778189
0.703000000000000513,-0.236245517027174390
0.704000000000000514,-0.234911079774250242
0.705000000000000515,-0.233591214157625515
0.706000000000000516,-0.232285761932167434
0.707000000000000517,-0.230994565839768351
0.708000000000000518,-0.229717469617665870
0.709000000000000519,-0.228454318006368895
0.710000000000000520,-0.227204956757123877
0.711000000000000520,-0.225969232638999873
0.712000000000000521,-0.224746993445560206
0.713000000000000522,-0.223538088001138890
0.714000000000000523,-0.222342366166748212
0.715000000000000524,-0.221159678845592678
0.716000000000000525,-0.219989877988236049
0.717000000000000526,-0.218832816597399310
0.718000000000000527,-0.217688348732408526
0.719000000000000528,-0.216556329513306750
0.720000000000000528,-0.215436615124644820
0.721000000000000529,-0.214329062818914950
0.722000000000000530,-0.213233530919704733
0.723000000000000531,-0.212149878824511695
0.724000000000000532,-0.211077967007277156
0.725000000000000533,-0.210017657020616977
0.726000000000000534,-0.208968811497757395
0.727000000000000535,-0.207931294154206775
0.728000000000000536,-0.206904969789141496
0.729000000000000536,-0.205889704286528863
0.730000000000000537,-0.204885364615997989
0.731000000000000538,-0.203891818833442706
0.732000000000000539,-0.202908936081392266
0.733000000000000540,-0.201936586589136435
0.734000000000000541,-0.200974641672615112
0.735000000000000542,-0.200022973734078541
0.736000000000000543,-0.199081456261537643
0.737000000000000544,-0.198149963827981945
0.738000000000000544,-0.197228372090402726
0.739000000000000545,-0.196316557788602908
0.740000000000000546,-0.195414398743809087
0.741000000000000547,-0.194521773857092017
0.742000000000000548,-0.193638563107612682
0.743000000000000549,-0.192764647550653201
0.744000000000000550,-0.191899909315505296
0.745000000000000551,-0.191044231603166886
0.746000000000000552,-0.190197498683879057
0.747000000000000552,-0.189359595894500410
0.748000000000000553,-0.188530409635718682
0.749000000000000554,-0.187709827369116955
0.750000000000000555,-0.186897737614087817
0.751000000000000556,-0.186094029944604361
0.752000000000000557,-0.185298594985860460
0.753000000000000558,-0.184511324410752159
0.754000000000000559,-0.183732110936265902
0.755000000000000560,-0.182960848319705716
0.756000000000000560,-0.182197431354823386
0.757000000000000561,-0.181441755867812471
0.758000000000000562,-0.180693718713195672
0.759000000000000563,-0.179953217769611179
0.760000000000000564,-0.179220151935477606
0.761000000000000565,-0.178494421124562264
0.762000000000000566,-0.177775926261452832
0.763000000000000567,-0.177064569276931316
0.764000000000000568,-0.176360253103250625
0.765000000000000568,-0.175662881669338800
0.766000000000000569,-0.174972359895895935
0.767000000000000570,-0.174288593690430427
0.768000000000000571,-0.173611489942194303
0.769000000000000572,-0.172940956517065508
0.770000000000000573,-0.172276902252339825
0.771000000000000574,-0.171619236951465082
0.772000000000000575,-0.170967871378701897
0.773000000000000576,-0.170322717253720890
0.774000000000000576,-0.169683687246141496
0.775000000000000577,-0.169050694970014348
0.776000000000000578,-0.168423654978238579
0.777000000000000579,-0.167802482756943150
0.778000000000000580,-0.167187094719797064
0.779000000000000581,-0.166577408202288890
0.780000000000000582,-0.165973341455949525
0.781000000000000583,-0.165374813642542834
0.782000000000000584,-0.164781744828204540
0.783000000000000584,-0.164194055977547437
0.784000000000000585,-0.163611668947735656
0.785000000000000586,-0.163034506482512886
0.786000000000000587,-0.162462492206213560
0.787000000000000588,-0.161895550617732253
0.788000000000000589,-0.161333607084467479
0.789000000000000590,-0.160776587836250429
0.790000000000000591,-0.160224419959234698
0.791000000000000592,-0.159677031389774127
0.792000000000000592,-0.159134350908278072
0.793000000000000593,-0.158596308133044872
0.794000000000000594,-0.158062833514087620
0.795000000000000595,-0.157533858326939030
0.796000000000000596,-0.157009314666437971
0.797000000000000597,-0.156489135440518512
0.798000000000000598,-0.155973254363978769
0.799000000000000599,-0.155461605952240123
0.800000000000000600,-0.154954125515112673
0.801000000000000600,-0.154450749150540134
0.802000000000000601,-0.153951413738345477
0.803000000000000602,-0.153456056933982926
0.804000000000000603,-0.152964617162276773
0.805000000000000604,-0.152477033611171681
0.806000000000000605,-0.151993246225468781
0.807000000000000606,-0.151513195700584413
0.808000000000000607,-0.151036823476297988
0.809000000000000608,-0.150564071730508925
0.810000000000000608,-0.150094883373010607
0.811000000000000609,-0.149629202039243847
0.812000000000000610,-0.149166972084101068
0.813000000000000611,-0.148708138575696591
0.814000000000000612,-0.148252647289177364
0.815000000000000613,-0.147800444700538047
0.816000000000000614,-0.147351477980440737
0.817000000000000615,-0.146905694988052948
0.818000000000000616,-0.146463044264910414
0.819000000000000616,-0.146023475028779659
0.820000000000000617,-0.145586937167541147
0.821000000000000618,-0.145153381233096873
0.822000000000000619,-0.144722758435294335
0.823000000000000620,-0.144295020635857502
0.824000000000000621,-0.143870120342348307
0.825000000000000622,-0.143448010702150464
0.826000000000000623,-0.143028645496466711
0.827000000000000624,-0.142611979134338929
0.828000000000000624,-0.142197966646697371
0.829000000000000625,-0.141786563680420558
0.830000000000000626,-0.141377726492431910
0.831000000000000627,-0.140971411943813796
0.832000000000000628,-0.140567577493947188
0.833000000000000629,-0.140166181194675860
0.834000000000000630,-0.139767181684498004
0.835000000000000631,-0.139370538182782500
0.836000000000000631,-0.138976210484015289
0.837000000000000632,-0.138584158952072073
0.838000000000000633,-0.138194344514514039
0.839000000000000634,-0.137806728656917704
0.840000000000000635,-0.137421273417233980
0.841000000000000636,-0.137037941380169531
0.842000000000000637,-0.136656695671606598
0.843000000000000638,-0.136277499953044390
0.844000000000000639,-0.135900318416077498
0.845000000000000639,-0.135525115776901545
0.846000000000000640,-0.135151857270845499
0.847000000000000641,-0.134780508646951097
0.848000000000000642,-0.134411036162560754
0.849000000000000643,-0.134043406577954133
0.850000000000000644,-0.133677587151016908
0.851000000000000645,-0.133313545631929820
0.852000000000000646,-0.132951250257899223
0.853000000000000647,-0.132590669747923939
0.854000000000000647,-0.132231773297583011
0.855000000000000648,-0.131874530573867527
0.856000000000000649,-0.131518911710043401
0.857000000000000650,-0.131164887300544430
0.858000000000000651,-0.130812428395901847
0.859000000000000652,-0.130461506497706242
0.860000000000000653,-0.130112093553610891
0.861000000000000654,-0.129764161952352353
0.862000000000000655,-0.129417684518828457
0.863000000000000655,-0.129072634509188572
0.864000000000000656,-0.128728985605975843
0.865000000000000657,-0.128386711913291568
0.866000000000000658,-0.128045787952001971
0.867000000000000659,-0.127706188654982483
0.868000000000000660,-0.127367889362382219
0.869000000000000661,-0.127030865816939731
0.870000000000000662,-0.126695094159324589
0.871000000000000663,-0.126360550923523718
0.872000000000000663,-0.126027213032243846
0.873000000000000664,-0.125695057792372639
0.874000000000000665,-0.125364062890455291
0.875000000000000666,-0.125034206388220465
0.876000000000000667,-0.124705466718132915
0.877000000000000668,-0.124377822678981759
0.878000000000000669,-0.124051253431511938
0.879000000000000670,-0.123725738494077336
0.880000000000000671,-0.123401257738344122
0.881000000000000671,-0.123077791385013402
0.882000000000000672,-0.122755319999595464
0.883000000000000673,-0.122433824488203863
0.884000000000000674,-0.122113286093396112
0.885000000000000675,-0.121793686390041095
0.886000000000000676,-0.121475007281225594
0.887000000000000677,-0.121157230994195730
0.888000000000000678,-0.120840340076328642
0.889000000000000679,-0.120524317391144664
0.890000000000000679,-0.120209146114352045
0.891000000000000680,-0.119894809729923127
0.892000000000000681,-0.119581292026209263
0.893000000000000682,-0.119268577092085493
0.894000000000000683,-0.118956649313132767
0.895000000000000684,-0.118645493367852933
0.896000000000000685,-0.118335094223920828
0.897000000000000686,-0.118025437134461897
0.898000000000000687,-0.117716507634372164
0.899000000000000687,-0.117408291536668513
0.900000000000000688,-0.117100774928870791
0.901000000000000689,-0.116793944169418754
0.902000000000000690,-0.116487785884124978
0.903000000000000691,-0.116182286962654382
0.904000000000000692,-0.115877434555042930
0.905000000000000693,-0.115573216068243778
0.906000000000000694,-0.115269619162712902
0.907000000000000695,-0.114966631749018139
0.908000000000000695,-0.114664241984489629
0.909000000000000696,-0.114362438269894451
0.910000000000000697,-0.114061209246152179
0.911000000000000698,-0.113760543791071006
0.912000000000000699,-0.113460431016125601
0.913000000000000700,-0.113160860263265287
0.914000000000000701,-0.112861821101742338
0.915000000000000702,-0.112563303324989233
0.916000000000000703,-0.112265296947512930
0.917000000000000703,-0.111967792201825594
0.918000000000000704,-0.111670779535408188
0.919000000000000705,-0.111374249607695666
0.920000000000000706,-0.111078193287105442
0.921000000000000707,-0.110782601648085691
0.922000000000000708,-0.110487465968195073
0.923000000000000709,-0.110192777725221694
0.924000000000000710,-0.109898528594315217
0.925000000000000711,-0.109604710445165510
0.926000000000000711,-0.109311315339197093
0.927000000000000712,-0.109018335526801596
0.928000000000000713,-0.108725763444591478
0.929000000000000714,-0.108433591712696814
0.930000000000000715,-0.108141813132068124
0.931000000000000716,-0.107850420681825460
0.932000000000000717,-0.107559407516633246
0.933000000000000718,-0.107268766964095444
0.934000000000000719,-0.106978492522184526
0.935000000000000719,-0.106688577856699163
0.936000000000000720,-0.106399016798741197
0.937000000000000721,-0.106109803342230302
0.938000000000000722,-0.105820931641440422
0.939000000000000723,-0.105532396008560542
0.940000000000000724,-0.105244190911285188
0.941000000000000725,-0.104956310970433814
0.942000000000000726,-0.104668750957594009
0.943000000000000727,-0.104381505792785309
0.944000000000000727,-0.104094570542158898
0.945000000000000728,-0.103807940415718142
0.946000000000000729,-0.103521610765059169
0.947000000000000730,-0.103235577081150470
0.948000000000000731,-0.102949834992120223
0.949000000000000732,-0.102664380261085861
0.950000000000000733,-0.102379208783991454
0.951000000000000734,-0.102094316587487383
0.952000000000000735,-0.101809699826819935
0.953000000000000735,-0.101525354783747551
0.954000000000000736,-0.101241277864488971
0.955000000000000737,-0.100957465597685994
0.956000000000000738,-0.100673914632396833
0.957000000000000739,-0.100390621736106356
0.958000000000000740,-0.100107583792765145
0.959000000000000741,-0.099824797800845452
0.960000000000000742,-0.099542260871428756
0.961000000000000743,-0.099259970226307323
0.962000000000000743,-0.098977923196109291
0.963000000000000744,-0.098696117218452728
0.964000000000000745,-0.098414549836116597
0.965000000000000746,-0.098133218695230326
0.966000000000000747,-0.097852121543492654
0.967000000000000748,-0.097571256228404735
0.968000000000000749,-0.097290620695531779
0.969000000000000750,-0.097010212986778005
0.970000000000000751,-0.096730031238690256
0.971000000000000751,-0.096450073680775100
0.972000000000000752,-0.096170338633837130
0.973000000000000753,-0.095890824508350472
0.974000000000000754,-0.095611529802829345
0.975000000000000755,-0.095332453102234774
0.976000000000000756,-0.095053593076395507
0.977000000000000757,-0.094774948478446502
0.978000000000000758,-0.094496518143291408
0.979000000000000759,-0.094218300986083178
0.980000000000000759,-0.093940296000717821
0.981000000000000760,-0.093662502258356789
0.982000000000000761,-0.093384918905962511
0.983000000000000762,-0.093107545164851133
0.984000000000000763,-0.092830380329264939
0.985000000000000764,-0.092553423764969403
0.986000000000000765,-0.092276674907855377
0.987000000000000766,-0.092000133262571351
0.988000000000000766,-0.091723798401164833
0.989000000000000767,-0.091447669961749051
0.990000000000000768,-0.091171747647180917
0.991000000000000769,-0.090896031223755627
0.992000000000000770,-0.090620520519921782
0.993000000000000771,-0.090345215425018305
0.994000000000000772,-0.090070115888010838
0.995000000000000773,-0.089795221916266585
0.996000000000000774,-0.089520533574327613
0.997000000000000774,-0.089246050982711642
0.998000000000000775,-0.088971774316721888
0.999000000000000776,-0.088697703805278014
1.000000000000000666,-0.088423839729757786
1.001000000000000778,-0.088150182422860796
1.002000000000000668,-0.087876732267479468
1.003000000000000780,-0.087603489695591702
1.004000000000000670,-0.087330455187166603
1.005000000000000782,-0.087057629269083420
1.006000000000000671,-0.086785012514071447
1.007000000000000783,-0.086512605539652496
1.008000000000000673,-0.086240409007110996
1.009000000000000785,-0.085968423620471426
1.010000000000000675,-0.085696650125490270
1.011000000000000787,-0.085425089308662772
1.012000000000000677,-0.085153741996246049
1.013000000000000789,-0.084882609053291772
1.014000000000000679,-0.084611691382692672
1.015000000000000790,-0.084340989924247975
1.016000000000000680,-0.084070505653737332
1.017000000000000792,-0.083800239582006719
1.018000000000000682,-0.083530192754069393
1.019000000000000794,-0.083260366248223222
1.020000000000000684,-0.082990761175176536
1.021000000000000796,-0.082721378677184612
1.022000000000000686,-0.082452219927203391
1.023000000000000798,-0.082183286128055005
1.024000000000000687,-0.081914578511600930
1.025000000000000799,-0.081646098337932529
1.026000000000000689,-0.081377846894572906
1.027000000000000801,-0.081109825495685739
1.028000000000000691,-0.080842035481300020
1.029000000000000803,-0.080574478216548659
1.030000000000000693,-0.080307155090908258
1.031000000000000805,-0.080040067517466895
1.032000000000000695,-0.079773216932184698
1.033000000000000806,-0.079506604793177768
1.034000000000000696,-0.079240232580012337
1.035000000000000808,-0.078974101792999823
1.036000000000000698,-0.078708213952513331
1.037000000000000810,-0.078442570598315969
1.038000000000000700,-0.078177173288885154
1.039000000000000812,-0.077912023600760300
1.040000000000000702,-0.077647123127901424
1.041000000000000814,-0.077382473481047903
1.042000000000000703,-0.077118076287092316
1.043000000000000815,-0.076853933188469212
1.044000000000000705,-0.076590045842546806
1.045000000000000817,-0.076326415921026361
1.046000000000000707,-0.076063045109361710
1.047000000000000819,-0.075799935106178537
1.048000000000000709,-0.075537087622704571
1.049000000000000821,-0.075274504382212698
1.050000000000000711,-0.075012187119468623
1.051000000000000822,-0.074750137580192985
1.052000000000000712,-0.074488357520525003
1.053000000000000824,-0.074226848706501522
1.054000000000000714,-0.073965612913541909
1.055000000000000826,-0.073704651925940473
1.056000000000000716,-0.073443967536370100
1.057000000000000828,-0.073183561545392170
1.058000000000000718,-0.072923435760972724
1.059000000000000830,-0.072663591998012825
1.060000000000000719,-0.072404032077881625
1.061000000000000831,-0.072144757827959788
1.062000000000000721,-0.071885771081187780
1.063000000000000833,-0.071627073675630051
1.064000000000000723,-0.071368667454033669
1.065000000000000835,-0.071110554263405415
1.066000000000000725,-0.070852735954596735
1.067000000000000837,-0.070595214381881571
1.068000000000000727,-0.070337991402565955
1.069000000000000838,-0.070081068876578598
1.070000000000000728,-0.069824448666087752
1.071000000000000840,-0.069568132635116520
1.072000000000000730,-0.069312122649167016
1.073000000000000842,-0.069056420574852423
1.074000000000000732,-0.068801028279528068
1.075000000000000844,-0.068545947630946152
1.076000000000000734,-0.068291180496899265
1.077000000000000846,-0.068036728744877886
1.078000000000000735,-0.067782594241738797
1.079000000000000847,-0.067528778853367791
1.080000000000000737,-0.067275284444366201
1.081000000000000849,-0.067022112877723208
1.082000000000000739,-0.066769266014509679
1.083000000000000851,-0.066516745713572106
1.084000000000000741,-0.066264553831234946
1.085000000000000853,-0.066012692221001992
1.086000000000000743,-0.065761162733272704
1.087000000000000854,-0.065509967215060722
1.088000000000000744,-0.065259107509715211
1.089000000000000856,-0.065008585456649309
1.090000000000000746,-0.064758402891076539
1.091000000000000858,-0.064508561643752182
1.092000000000000748,-0.064259063540714353
1.093000000000000860,-0.064009910403039855
1.094000000000000750,-0.063761104046593728
1.095000000000000862,-0.063512646281797175
1.096000000000000751,-0.063264538913390136
1.097000000000000863,-0.063016783740199103
1.098000000000000753,-0.062769382554920247
1.099000000000000865,-0.062522337143895851
1.100000000000000755,-0.062275649286898618
1.101000000000000867,-0.062029320756925410
1.102000000000000757,-0.061783353319991505
1.103000000000000869,-0.061537748734929634
1.104000000000000759,-0.061292508753192101
1.105000000000000870,-0.061047635118664997
1.106000000000000760,-0.060803129567473468
1.107000000000000872,-0.060558993827806953
1.108000000000000762,-0.060315229619736087
1.109000000000000874,-0.060071838655041829
1.110000000000000764,-0.059828822637041500
1.111000000000000876,-0.059586183260425363
1.112000000000000766,-0.059343922211095732
1.113000000000000878,-0.059102041166008722
1.114000000000000767,-0.058860541793020651
1.115000000000000879,-0.058619425750736344
1.116000000000000769,-0.058378694688365561
1.117000000000000881,-0.058138350245578140
1.118000000000000771,-0.057898394052368539
1.119000000000000883,-0.057658827728919594
1.120000000000000773,-0.057419652885471115
1.121000000000000885,-0.057180871122192459
1.122000000000000774,-0.056942484029056328
1.123000000000000886,-0.056704493185720982
1.124000000000000776,-0.056466900161415090
1.125000000000000888,-0.056229706514815438
1.126000000000000778,-0.055992913793943333
1.127000000000000890,-0.055756523536058575
1.128000000000000780,-0.055520537267547701
1.129000000000000892,-0.055284956503829898
1.130000000000000782,-0.055049782749257536
1.131000000000000894,-0.054815017497018316
1.132000000000000783,-0.054580662229047006
1.133000000000000895,-0.054346718415937655
1.134000000000000785,-0.054113187516850535
1.135000000000000897,-0.053880070979440142
1.136000000000000787,-0.053647370239764978
1.137000000000000899,-0.053415086722217023
1.138000000000000789,-0.053183221839442109
1.139000000000000901,-0.052951776992274588
1.140000000000000790,-0.052720753569662847
1.141000000000000902,-0.052490152948601675
1.142000000000000792,-0.052259976494074246
1.143000000000000904,-0.052030225558985357
1.144000000000000794,-0.051800901484109055
1.145000000000000906,-0.051572005598020922
1.146000000000000796,-0.051343539217057574
1.147000000000000908,-0.051115503645255932
1.148000000000000798,-0.050887900174307235
1.149000000000000909,-0.050660730083511199
1.150000000000000799,-0.050433994639727101
1.151000000000000689,-0.050207695097336538
1.152000000000000801,-0.049981832698200800
1.153000000000000913,-0.049756408671625070
1.154000000000000803,-0.049531424234317702
1.155000000000000693,-0.049306880590360834
1.156000000000000805,-0.049082778931179703
1.157000000000000917,-0.048859120435506637
1.158000000000000806,-0.048635906269362358
1.159000000000000696,-0.048413137586023086
1.160000000000000808,-0.048190815525999020
1.161000000000000920,-0.047968941217013658
1.162000000000000810,-0.047747515773984964
1.163000000000000700,-0.047526540299003148
1.164000000000000812,-0.047306015881317456
1.165000000000000924,-0.047085943597319449
1.166000000000000814,-0.046866324510534754
1.167000000000000703,-0.046647159671605098
1.168000000000000815,-0.046428450118286890
1.169000000000000927,-0.046210196875434838
1.170000000000000817,-0.045992400955004169
1.171000000000000707,-0.045775063356038426
1.172000000000000819,-0.045558185064673948
1.173000000000000931,-0.045341767054132606
1.174000000000000821,-0.045125810284724732
1.175000000000000711,-0.044910315703849610
1.176000000000000822,-0.044695284246000812
1.177000000000000934,-0.044480716832766200
1.178000000000000824,-0.044266614372839144
1.179000000000000714,-0.044052977762020037
1.180000000000000826,-0.043839807883232045
1.181000000000000938,-0.043627105606522283
1.182000000000000828,-0.043414871789081079
1.183000000000000718,-0.043203107275251264
1.184000000000000830,-0.042991812896540568
1.185000000000000941,-0.042780989471637644
1.186000000000000831,-0.042570637806430070
1.187000000000000721,-0.042360758694018119
1.188000000000000833,-0.042151352914737227
1.189000000000000945,-0.041942421236175295
1.190000000000000835,-0.041733964413195573
1.191000000000000725,-0.041525983187952552
1.192000000000000837,-0.041318478289925797
1.193000000000000949,-0.041111450435932319
1.194000000000000838,-0.040904900330159810
1.195000000000000728,-0.040698828664188468
1.196000000000000840,-0.040493236117019320
1.197000000000000952,-0.040288123355104476
1.198000000000000842,-0.040083491032370175
1.199000000000000732,-0.039879339790255604
1.200000000000000844,-0.039675670257731957
1.201000000000000956,-0.039472483051345639
1.202000000000000846,-0.039269778775244416
1.203000000000000735,-0.039067558021211243
1.204000000000000847,-0.038865821368698983
1.205000000000000959,-0.038664569384868550
1.206000000000000849,-0.038463802624620139
1.207000000000000739,-0.038263521630630709
1.208000000000000851,-0.038063726933394514
1.209000000000000963,-0.037864419051257085
1.210000000000000853,-0.037665598490458446
1.211000000000000743,-0.037467265745167476
1.212000000000000854,-0.037269421297527236
1.213000000000000966,-0.037072065617690296
1.214000000000000856,-0.036875199163867556
1.215000000000000746,-0.036678822382362641
1.216000000000000858,-0.036482935707621664
1.217000000000000970,-0.036287539562271154
1.218000000000000860,-0.036092634357164942
1.219000000000000750,-0.035898220491428302
1.220000000000000862,-0.035704298352503522
1.221000000000000973,-0.035510868316194079
1.222000000000000863,-0.035317930746713605
1.223000000000000753,-0.035125485996728503
1.224000000000000865,-0.034933534407410774
1.225000000000000977,-0.034742076308480155
1.226000000000000867,-0.034551112018257397
1.227000000000000757,-0.034360641843709024
1.228000000000000869,-0.034170666080497562
1.229000000000000981,-0.033981185013035445
1.230000000000000870,-0.033792198914526783
1.231000000000000760,-0.033603708047024547
1.232000000000000872,-0.033415712661482314
1.233000000000000984,-0.033228212997796158
1.234000000000000874,-0.033041209284869422
1.235000000000000764,-0.032854701740653816
1.236000000000000876,-0.032668690572208586
1.237000000000000988,-0.032483175975748679
1.238000000000000878,-0.032298158136702594
1.239000000000000767,-0.032113637229760773
1.240000000000000879,-0.031929613418932919
1.241000000000000991,-0.031746086857600733
1.242000000000000881,-0.031563057688571358
1.243000000000000771,-0.031380526044133841
1.244000000000000883,-0.031198492046111866
1.245000000000000995,-0.031016955805921335
1.246000000000000885,-0.030835917424623972
1.247000000000000774,-0.030655376992982229
1.248000000000000886,-0.030475334591517311
1.249000000000000998,-0.030295790290562823
1.250000000000000888,-0.030116744150324726
1.251000000000000778,-0.029938196220932321
1.252000000000000890,-0.029760146542500965
1.253000000000001002,-0.029582595145182872
1.254000000000000892,-0.029405542049229617
1.255000000000000782,-0.029228987265045980
1.256000000000000894,-0.029052930793246466
1.257000000000001005,-0.028877372624717311
1.258000000000000895,-0.028702312740669832
1.259000000000000785,-0.028527751112698785
1.260000000000000897,-0.028353687702842488
1.261000000000001009,-0.028180122463638789
1.262000000000000899,-0.028007055338183696
1.263000000000000789,-0.027834486260189077
1.264000000000000901,-0.027662415154043541
1.265000000000001013,-0.027490841934865971
1.266000000000000902,-0.027319766508569342
1.267000000000000792,-0.027149188771914846
1.268000000000000904,-0.026979108612573487
1.269000000000001016,-0.026809525909183840
1.270000000000000906,-0.026640440531410424
1.271000000000000796,-0.026471852340002454
1.272000000000000908,-0.026303761186852022
1.273000000000001020,-0.026136166915055919
1.274000000000000909,-0.025969069358970531
1.275000000000000799,-0.025802468344271811
1.276000000000000911,-0.025636363688018072
1.277000000000001023,-0.025470755198702167
1.278000000000000913,-0.025305642676315493
1.279000000000000803,-0.025141025912404996
1.280000000000000915,-0.024976904690135006
1.281000000000001027,-0.024813278784338214
1.282000000000000917,-0.024650147961584417
1.283000000000000806,-0.024487511980231656
1.284000000000000918,-0.024325370590490992
1.285000000000001030,-0.024163723534479715
1.286000000000000920,-0.024002570546284799
1.287000000000000810,-0.023841911352017516
1.288000000000000922,-0.023681745669876606
1.289000000000001034,-0.023522073210201923
1.290000000000000924,-0.023362893675535602
1.291000000000000814,-0.023204206760682793
1.292000000000000925,-0.023046012152762564
1.293000000000001037,-0.022888309531276237
1.294000000000000927,-0.022731098568158491
1.295000000000000817,-0.022574378927835936
1.296000000000000929,-0.022418150267288762
1.297000000000001041,-0.022262412236105689
1.298000000000000931,-0.022107164476543106
1.299000000000000821,-0.021952406623582967
1.300000000000000933,-0.021798138304988925
1.301000000000001044,-0.021644359141365928
1.302000000000000934,-0.021491068746215970
1.303000000000000824,-0.021338266725998246
1.304000000000000936,-0.021185952680180468
1.305000000000001048,-0.021034126201303228
1.306000000000000938,-0.020882786875032543
1.307000000000000828,-0.020731934280217766
1.308000000000000940,-0.020581567988946847
1.309000000000001052,-0.020431687566607154
1.310000000000000941,-0.020282292571936370
1.311000000000000831,-0.020133382557083902
1.312000000000000943,-0.019984957067661242
1.313000000000001055,-0.019837015642806079
1.314000000000000945,-0.019689557815229519
1.315000000000000835,-0.019542583111277260
1.316000000000000947,-0.019396091050983815
1.317000000000001059,-0.019250081148128647
1.318000000000000949,-0.019104552910286926
1.319000000000000838,-0.018959505838893397
1.320000000000000950,-0.018814939429288569
1.321000000000001062,-0.018670853170777164
1.322000000000000952,-0.018527246546685174
1.323000000000000842,-0.018384119034408508
1.324000000000000954,-0.018241470105472682
1.325000000000001066,-0.018099299225581917
1.326000000000000956,-0.017957605854679041
1.327000000000000846,-0.017816389446993798
1.328000000000000957,-0.017675649451099004
1.329000000000001069,-0.017535385309961949
1.330000000000000959,-0.017395596461001611
1.331000000000000849,-0.017256282336137817
1.332000000000000961,-0.017117442361843128
1.333000000000001073,-0.016979075959198731
1.334000000000000963,-0.016841182543946561
1.335000000000000853,-0.016703761526539525
1.336000000000000965,-0.016566812312193403
1.337000000000001076,-0.016430334300941693
1.338000000000000966,-0.016294326887682946
1.339000000000000856,-0.016158789462236700
1.340000000000000968,-0.016023721409390502
1.341000000000001080,-0.015889122108953220
1.342000000000000970,-0.015754990935804937
1.343000000000000860,-0.015621327259949799
1.344000000000000972,-0.015488130446560982
1.345000000000001084,-0.015355399856038423
1.346000000000000973,-0.015223134844052532
1.347000000000000863,-0.015091334761596525
1.348000000000000975,-0.014959998955034673
1.349000000000001087,-0.014829126766153134
1.350000000000000977,-0.014698717532209258
1.351000000000000867,-0.014568770585980172
1.352000000000000979,-0.014439285255806622
1.353000000000001091,-0.014310260865650553
1.354000000000000981,-0.014181696735136699
1.355000000000000870,-0.014053592179601027
1.356000000000000982,-0.013925946510141941
1.357000000000001094,-0.013798759033665037
1.358000000000000984,-0.013672029052930237
1.359000000000000874,-0.013545755866601733
1.360000000000000986,-0.013419938769289241
1.361000000000001098,-0.013294577051604578
1.362000000000000988,-0.013169670000195508
1.363000000000000878,-0.013045216897801882
1.364000000000000989,-0.012921217023299434
1.365000000000001101,-0.012797669651739707
1.366000000000000991,-0.012674574054403937
1.367000000000000881,-0.012551929498843494
1.368000000000000993,-0.012429735248926441
1.369000000000001105,-0.012307990564881216
1.370000000000000995,-0.012186694703342512
1.371000000000000885,-0.012065846917395753
1.372000000000000997,-0.011945446456619258
1.373000000000001108,-0.011825492567132716
1.374000000000000998,-0.011705984491633414
1.375000000000000888,-0.011586921469447684
1.376000000000001000,-0.011468302736570563
1.377000000000001112,-0.011350127525706320
1.378000000000001002,-0.011232395066316590
1.379000000000000892,-0.011115104584658930
1.380000000000001004,-0.010998255303829222
1.381000000000001116,-0.010881846443808607
1.382000000000001005,-0.010765877221498259
1.383000000000000895,-0.010650346850765019
1.384000000000001007,-0.010535254542483278
1.385000000000001119,-0.010420599504574780
1.386000000000001009,-0.010306380942051005
1.387000000000000899,-0.010192598057048117
1.388000000000001011,-0.010079250048879653
1.389000000000001123,-0.009966336114063109
1.390000000000001013,-0.009853855446368544
1.391000000000000902,-0.009741807236855322
1.392000000000001014,-0.009630190673912218
1.393000000000001126,-0.009519004943297184
1.394000000000001016,-0.009408249228176541
1.395000000000000906,-0.009297922709162593
1.396000000000001018,-0.009188024564352398
1.397000000000001130,-0.009078553969367532
1.398000000000001020,-0.008969510097392403
1.399000000000000909,-0.008860892119209509
1.400000000000001021,-0.008752699203240608
1.401000000000001133,-0.008644930515581588
1.402000000000001023,-0.008537585220041508
1.403000000000000913,-0.008430662478176639
1.404000000000001025,-0.008324161449332372
1.405000000000001137,-0.008218081290675180
1.406000000000001027,-0.008112421157230180
1.407000000000000917,-0.008007180201920401
1.408000000000001029,-0.007902357575596401
1.409000000000001140,-0.007797952427077662
1.410000000000001030,-0.007693963903186228
1.411000000000000920,-0.007590391148779982
1.412000000000001032,-0.007487233306789985
1.413000000000001144,-0.007384489518255437
1.414000000000001034,-0.007282158922355973
1.415000000000000924,-0.007180240656446029
1.416000000000001036,-0.007078733856094016
1.417000000000001148,-0.006977637655110207
1.418000000000001037,-0.006876951185581293
1.419000000000000927,-0.006776673577906500
1.420000000000001039,-0.006676803960828914
1.421000000000001151,-0.006577341461470393
1.422000000000001041,-0.006478285205359331
1.423000000000000931,-0.006379634316470065
1.424000000000001043,-0.006281387917250964
1.425000000000001155,-0.006183545128655708
1.426000000000001044,-0.006086105070178588
1.427000000000000934,-0.005989066859884548
1.428000000000001046,-0.005892429614440228
1.429000000000001158,-0.005796192449144079
1.430000000000001048,-0.005700354477960986
1.431000000000000938,-0.005604914813549114
1.432000000000001050,-0.005509872567293720
1.433000000000001162,-0.005415226849335588
1.434000000000001052,-0.005320976768600766
1.435000000000000941,-0.005227121432833431
1.436000000000001053,-0.005133659948621575
1.437000000000001165,-0.005040591421429246
1.438000000000001055,-0.004947914955626526
1.439000000000000945,-0.004855629654515889
1.440000000000001057,-0.004763734620363649
1.441000000000001169,-0.004672228954425738
1.442000000000001059,-0.004581111756979909
1.443000000000000949,-0.004490382127351367
1.444000000000001060,-0.004400039163941084
1.445000000000001172,-0.004310081964254498
1.446000000000001062,-0.004220509624930356
1.447000000000000952,-0.004131321241764048
1.448000000000001064,-0.004042515909738833
1.449000000000001176,-0.003954092723052730
1.450000000000001066,-0.003866050775141702
1.451000000000000956,-0.003778389158710125
1.452000000000001068,-0.003691106965755599
1.453000000000001180,-0.003604203287596380
1.454000000000001069,-0.003517677214894114
1.455000000000000959,-0.003431527837684882
1.456000000000001071,-0.003345754245399966
1.457000000000001183,-0.003260355526894843
1.458000000000001073,-0.003175330770472623
1.459000000000000963,-0.003090679063908699
1.460000000000001075,-0.003006399494476745
1.461000000000001187,-0.002922491148973483
1.462000000000001076,-0.002838953113743059
1.463000000000000966,-0.002755784474699442
1.464000000000001078,-0.002672984317353971
1.465000000000001190,-0.002590551726836350
1.466000000000001080,-0.002508485787919379
1.467000000000000970,-0.002426785585042845
1.468000000000001082,-0.002345450202337466
1.469000000000001194,-0.002264478723644525
1.470000000000001084,-0.002183870232543821
1.471000000000000973,-0.002103623812372423
1.472000000000001085,-0.002023738546251787
1.473000000000001197,-0.001944213517103083
1.474000000000001087,-0.001865047807678179
1.475000000000000977,-0.001786240500573198
1.476000000000001089,-0.001707790678256500
1.477000000000001201,-0.001629697423088397
1.478000000000001091,-0.001551959817342030
1.479000000000000981,-0.001474576943224770
1.480000000000001092,-0.001397547882900158
1.481000000000001204,-0.001320871718508206
1.482000000000001094,-0.001244547532187346
1.483000000000000984,-0.001168574406094663
1.484000000000001096,-0.001092951422423516
1.485000000000001208,-0.001017677663428236
1.486000000000001098,-0.000942752211442400
1.487000000000000988,-0.000868174148896939
1.488000000000001100,-0.000793942558342500
1.489000000000001211,-0.000720056522467820
1.490000000000001101,-0.000646515124120521
1.491000000000000991,-0.000573317446323914
1.492000000000001103,-0.000500462572296899
1.493000000000001215,-0.000427949585476381
1.494000000000001105,-0.000355777569529654
1.495000000000000995,-0.000283945608377374
1.496000000000001107,-0.000212452786211959
1.497000000000001219,-0.000141298187514577
1.498000000000001108,-0.000070480897073017
1.499000000000000998,0.000000000000000000
