# TricalciumAluminate-Wet-010_CS-12814-AC
# h[nm],U(h)[kJ/mol]
0.149999999999999994,116.797211704405782484
0.150999999999999995,115.038106942205288874
0.151999999999999996,112.722234760154421451
0.152999999999999997,110.309553022867319783
0.153999999999999998,107.980091986779939361
0.154999999999999999,105.775388593749241295
0.156000000000000000,103.678323612723872316
0.157000000000000001,101.655170977734883309
0.158000000000000002,99.675300180830930685
0.159000000000000002,97.718332479146084779
0.160000000000000003,95.774801438489603811
0.161000000000000004,93.843915516562560697
0.162000000000000005,91.930448951154829729
0.163000000000000006,90.041807050816942137
0.164000000000000007,88.185722429613832674
0.165000000000000008,86.368702321992003590
0.166000000000000009,84.595170761057218556
0.167000000000000010,82.867170922167758818
0.168000000000000010,81.184471501988340947
0.169000000000000011,79.544930406791834798
0.170000000000000012,77.944992916075335643
0.171000000000000013,76.380230086950277268
0.172000000000000014,74.845850975070518984
0.173000000000000015,73.337146500828538365
0.174000000000000016,71.849842395016565888
0.175000000000000017,70.380353507645196487
0.176000000000000018,68.925942278041901545
0.177000000000000018,67.484791008268373957
0.178000000000000019,66.056001489936178928
0.179000000000000020,64.639537212061199511
0.180000000000000021,63.236123449569184629
0.181000000000000022,61.847119521689776889
0.182000000000000023,60.474375835388322287
0.183000000000000024,59.120086312351347146
0.184000000000000025,57.786644674811007860
0.185000000000000026,56.476511000398716078
0.186000000000000026,55.192093056741214241
0.187000000000000027,53.935645255656254449
0.188000000000000028,52.709186654247424997
0.189000000000000029,51.514438281594621571
0.190000000000000030,50.352779174284499675
0.191000000000000031,49.225219840396604809
0.192000000000000032,48.132391412431630329
0.193000000000000033,47.074548465079601556
0.194000000000000034,46.051583333472635218
0.195000000000000034,45.063049742813255705
0.196000000000000035,44.108193624589354442
0.197000000000000036,43.185989124530969718
0.198000000000000037,42.295177982812454331
0.199000000000000038,41.434310670777747987
0.200000000000000039,40.601787886781991688
0.201000000000000040,39.795901235562546105
0.202000000000000041,39.014872132385484349
0.203000000000000042,38.256888178784969057
0.204000000000000042,37.520136446631489946
0.205000000000000043,36.802833278716477139
0.206000000000000044,36.103250365481365236
0.207000000000000045,35.419736988425015056
0.208000000000000046,34.750738431352218072
0.209000000000000047,34.094810651815770086
0.210000000000000048,33.450631378112419156
0.211000000000000049,32.817007853547153218
0.212000000000000050,32.192881491071311473
0.213000000000000050,31.577329729590537966
0.214000000000000051,30.969565399988994159
0.215000000000000052,30.368933915937720514
0.216000000000000053,29.774908603466904822
0.217000000000000054,29.187084475586949850
0.218000000000000055,28.605170745312115343
0.219000000000000056,28.028982353503096192
0.220000000000000057,27.458430768083815110
0.221000000000000058,26.893514289352090429
0.222000000000000058,26.334308073095265001
0.223000000000000059,25.780954059727559269
0.224000000000000060,25.233650974244575593
0.225000000000000061,24.692644538899518381
0.226000000000000062,24.158218018504911129
0.227000000000000063,23.630683197427135411
0.228000000000000064,23.110371867870430407
0.229000000000000065,22.597627891076442097
0.230000000000000066,22.092799876680317084
0.231000000000000066,21.596234510697598807
0.232000000000000067,21.108270549470041999
0.233000000000000068,20.629233485338957621
0.234000000000000069,20.159430879788928337
0.235000000000000070,19.699148351237528942
0.236000000000000071,19.248646197452110584
0.237000000000000072,18.808156626656092669
0.238000000000000073,18.377881566642589206
0.239000000000000073,17.957991017539111311
0.240000000000000074,17.548621911155404263
0.241000000000000075,17.149877437997595564
0.242000000000000076,16.761826801942003584
0.243000000000000077,16.384505362136724926
0.244000000000000078,16.017915121847117632
0.245000000000000079,15.662025524597348536
0.246000000000000080,15.316774519005543098
0.247000000000000081,14.982069855091239674
0.248000000000000081,14.657790576486803502
0.249000000000000082,14.343788674846972953
0.250000000000000111,14.039890874771568718
0.251000000000000112,13.745900519686887975
0.252000000000000113,13.461599531329971668
0.253000000000000114,13.186750417711744277
0.254000000000000115,12.921098306666305433
0.255000000000000115,12.664372984300701575
0.256000000000000116,12.416290919817475569
0.257000000000000117,12.176557260274700312
0.258000000000000118,11.944867780859318884
0.259000000000000119,11.720910778167535682
0.260000000000000120,11.504368895802450368
0.261000000000000121,11.294920873307830789
0.262000000000000122,11.092243211052398522
0.263000000000000123,10.896011745161185758
0.264000000000000123,10.705903127956240439
0.265000000000000124,10.521596210621234846
0.266000000000000125,10.342773325943429796
0.267000000000000126,10.169121470016497355
0.268000000000000127,10.000333382710724806
0.269000000000000128,9.836108527539568769
0.270000000000000129,9.676153972276200221
0.271000000000000130,9.520185172306828036
0.272000000000000131,9.367926659254637300
0.273000000000000131,9.219112637873788429
0.274000000000000132,9.073487494603991621
0.275000000000000133,8.930806221496833786
0.276000000000000134,8.790834759482212490
0.277000000000000135,8.653350265141465769
0.278000000000000136,8.518141305298550847
0.279000000000000137,8.385007983837127199
0.280000000000000138,8.253762005204666963
0.281000000000000139,8.124226679078727642
0.282000000000000139,7.996236870650665018
0.283000000000000140,7.869638900931450465
0.284000000000000141,7.744290401407705637
0.285000000000000142,7.620060127276483186
0.286000000000000143,7.496827733368379043
0.287000000000000144,7.374483516733677746
0.288000000000000145,7.252928129717291839
0.289000000000000146,7.132072267189369263
0.290000000000000147,7.011836331430241209
0.291000000000000147,6.892150077994831925
0.292000000000000148,6.772952245702829721
0.293000000000000149,6.654190173720610169
0.294000000000000150,6.535819408518610096
0.295000000000000151,6.417803303306524931
0.296000000000000152,6.300112612368808485
0.297000000000000153,6.182725082545596607
0.298000000000000154,6.065625043930476856
0.299000000000000155,5.948803001687059222
0.300000000000000155,5.832255230721854034
0.301000000000000156,5.715983374792086735
0.302000000000000157,5.599994051473902168
0.303000000000000158,5.484298464269903306
0.304000000000000159,5.368912022994647870
0.305000000000000160,5.253853973443427527
0.306000000000000161,5.139147037223100511
0.307000000000000162,5.024817062504024712
0.308000000000000163,4.910892686339583868
0.309000000000000163,4.797405009093965944
0.310000000000000164,4.684387281419786220
0.311000000000000165,4.571874604134955611
0.312000000000000166,4.459903641262411789
0.313000000000000167,4.348512346416963936
0.314000000000000168,4.237739702650356932
0.315000000000000169,4.127625475798454069
0.316000000000000170,4.018209981312983459
0.317000000000000171,3.909533864504358913
0.318000000000000171,3.801637894071630885
0.319000000000000172,3.694562768749649173
0.320000000000000173,3.588348936863113181
0.321000000000000174,3.483036428540638774
0.322000000000000175,3.378664700310035407
0.323000000000000176,3.275272491768036698
0.324000000000000177,3.172897693993503410
0.325000000000000178,3.071577229352556948
0.326000000000000179,2.971346942326609675
0.327000000000000179,2.872241500980261542
0.328000000000000180,2.774294308674410292
0.329000000000000181,2.677537425621318690
0.330000000000000182,2.582001499872137451
0.331000000000000183,2.487715707323113978
0.332000000000000184,2.394707700324985034
0.333000000000000185,2.303003564479776166
0.334000000000000186,2.212627783210797894
0.335000000000000187,2.123603209694842064
0.336000000000000187,2.035951045749901489
0.337000000000000188,1.949690827277763772
0.338000000000000189,1.864840415867304646
0.339000000000000190,1.781415996172319938
0.340000000000000191,1.699432078686438086
0.341000000000000192,1.618901507546815832
0.342000000000000193,1.539835473008534628
0.343000000000000194,1.462243528241979673
0.344000000000000195,1.386133610116781822
0.345000000000000195,1.311512063646716131
0.346000000000000196,1.238383669782157970
0.347000000000000197,1.166751676248045211
0.348000000000000198,1.096617831137541854
0.349000000000000199,1.027982418983536927
0.350000000000000200,0.960844299042134198
0.351000000000000201,0.895200945534433523
0.352000000000000202,0.831048489604853557
0.353000000000000203,0.768381762766036425
0.354000000000000203,0.707194341612166766
0.355000000000000204,0.647478593594143614
0.356000000000000205,0.589225723661243483
0.357000000000000206,0.532425821585045034
0.358000000000000207,0.477067909792470268
0.359000000000000208,0.423139991545063932
0.360000000000000209,0.370629099312099197
0.361000000000000210,0.319521343195222740
0.362000000000000210,0.269801959271773861
0.363000000000000211,0.221455357733573527
0.364000000000000212,0.174465170706804867
0.365000000000000213,0.128814299647532243
0.366000000000000214,0.084484962215653520
0.367000000000000215,0.041458738538265469
0.368000000000000216,-0.000283383219030142
0.369000000000000217,-0.040760962046645144
0.370000000000000218,-0.079994060118424443
0.371000000000000218,-0.118003199711930268
0.372000000000000219,-0.154809321075425194
0.373000000000000220,-0.190433741289126768
0.374000000000000221,-0.224898114162538493
0.375000000000000222,-0.258224391204135206
0.376000000000000223,-0.290434783694669130
0.377000000000000224,-0.321551725890186435
0.378000000000000225,-0.351597839376451282
0.379000000000000226,-0.380595898591971404
0.380000000000000226,-0.408568797532942507
0.381000000000000227,-0.435539517649292496
0.382000000000000228,-0.461531096937806917
0.383000000000000229,-0.486566600234678237
0.384000000000000230,-0.510669090706858175
0.385000000000000231,-0.533861602538792557
0.386000000000000232,-0.556167114808212126
0.387000000000000233,-0.577608526542502387
0.388000000000000234,-0.598208632944603691
0.389000000000000234,-0.617990102775616612
0.390000000000000235,-0.636975456879124713
0.391000000000000236,-0.655187047830725233
0.392000000000000237,-0.672647040694575260
0.393000000000000238,-0.689377394867426774
0.394000000000000239,-0.705399846989283930
0.395000000000000240,-0.720735894898810514
0.396000000000000241,-0.735406782610515286
0.397000000000000242,-0.749433486289912354
0.398000000000000242,-0.762836701202206591
0.399000000000000243,-0.775636829609194001
0.400000000000000244,-0.787853969588793279
0.401000000000000245,-0.799507904751032950
0.402000000000000246,-0.810618094823961632
0.403000000000000247,-0.821203667082823996
0.404000000000000248,-0.831283408595533735
0.405000000000000249,-0.840875759257462163
0.406000000000000250,-0.849998805588455530
0.407000000000000250,-0.858670275265109972
0.408000000000000251,-0.866907532361345212
0.409000000000000252,-0.874727573270518755
0.410000000000000253,-0.882147023282491061
0.411000000000000254,-0.889182133789318874
0.412000000000000255,-0.895848780093491115
0.413000000000000256,-0.902162459793056648
0.414000000000000257,-0.908138291718162405
0.415000000000000258,-0.913791015394177508
0.416000000000000258,-0.919134991006706370
0.417000000000000259,-0.924184199844496179
0.418000000000000260,-0.928952245196536852
0.419000000000000261,-0.933452353680239044
0.420000000000000262,-0.937697376978022357
0.421000000000000263,-0.941699793960250275
0.422000000000000264,-0.945471713172825523
0.423000000000000265,-0.949024875668498913
0.424000000000000266,-0.952370658161381889
0.425000000000000266,-0.955520076484674741
0.426000000000000267,-0.958483789332335467
0.427000000000000268,-0.961272102265824713
0.428000000000000269,-0.963894971967729886
0.429000000000000270,-0.966362010724624243
0.430000000000000271,-0.968682491122038636
0.431000000000000272,-0.970865350935084415
0.432000000000000273,-0.972919198198709978
0.433000000000000274,-0.974852316442260780
0.434000000000000274,-0.976672670073474469
0.435000000000000275,-0.978387909897619368
0.436000000000000276,-0.980005378758073364
0.437000000000000277,-0.981532117285089933
0.438000000000000278,-0.982974869740095181
0.439000000000000279,-0.984340089943385954
0.440000000000000280,-0.985633947273527156
0.441000000000000281,-0.986862332727320157
0.442000000000000282,-0.988030865029745242
0.443000000000000282,-0.989144896783592964
0.444000000000000283,-0.990209520649195651
0.445000000000000284,-0.991229575544939179
0.446000000000000285,-0.992209652859764923
0.447000000000000286,-0.993154102669390859
0.448000000000000287,-0.994067039948173692
0.449000000000000288,-0.994952350769255589
0.450000000000000289,-0.995813698485761511
0.451000000000000290,-0.996654529886389140
0.452000000000000290,-0.997478081319068344
0.453000000000000291,-0.998287384776648912
0.454000000000000292,-0.999085273939107288
0.455000000000000293,-0.999874390166914595
0.456000000000000294,-1.000657188440702061
0.457000000000000295,-1.001435943242604321
0.458000000000000296,-1.002212754374964820
0.459000000000000297,-1.002989552712463039
0.460000000000000298,-1.003768105883924067
0.461000000000000298,-1.004550023880420806
0.462000000000000299,-1.005336764586527210
0.463000000000000300,-1.006129639231804429
0.464000000000000301,-1.006929817759932622
0.465000000000000302,-1.007738334113067014
0.466000000000000303,-1.008556091429249069
0.467000000000000304,-1.009383867150952074
0.468000000000000305,-1.010222318043008549
0.469000000000000306,-1.011071985118397354
0.470000000000000306,-1.011933298470585996
0.471000000000000307,-1.012806582011194889
0.472000000000000308,-1.013692058112112271
0.473000000000000309,-1.014589852151187799
0.474000000000000310,-1.015499996960860907
0.475000000000000311,-1.016422437179265614
0.476000000000000312,-1.017357033503432540
0.477000000000000313,-1.018303566844389607
0.478000000000000314,-1.019261742384064195
0.479000000000000314,-1.020231193534062664
0.480000000000000315,-1.021211485796441165
0.481000000000000316,-1.022202120526778391
0.482000000000000317,-1.023202538599884193
0.483000000000000318,-1.024212123978654354
0.484000000000000319,-1.025230207186598186
0.485000000000000320,-1.026256068684701761
0.486000000000000321,-1.027288942153371520
0.487000000000000322,-1.028328017680240070
0.488000000000000322,-1.029372444854698587
0.489000000000000323,-1.030421335770148827
0.490000000000000324,-1.031473767934917962
0.491000000000000325,-1.032528787092940714
0.492000000000000326,-1.033585409955264378
0.493000000000000327,-1.034642626843606861
0.494000000000000328,-1.035699404247098387
0.495000000000000329,-1.036754687293510946
0.496000000000000330,-1.037807402136179835
0.497000000000000330,-1.038856458258039073
0.498000000000000331,-1.039900750693964371
0.499000000000000332,-1.040939162172935140
0.500000000000000333,-1.041970565181322694
0.501000000000000334,-1.042993823948709320
0.502000000000000335,-1.044007796357725892
0.503000000000000336,-1.045011335779296946
0.504000000000000337,-1.046003292834774667
0.505000000000000338,-1.046982517086415543
0.506000000000000338,-1.047947858657682918
0.507000000000000339,-1.048898169784850287
0.508000000000000340,-1.049832306301367035
0.509000000000000341,-1.050749129056528952
0.510000000000000342,-1.051647505269851735
0.511000000000000343,-1.052526309822717998
0.512000000000000344,-1.053384426488696679
0.513000000000000345,-1.054220749104055832
0.514000000000000346,-1.055034182679944532
0.515000000000000346,-1.055823644457648536
0.516000000000000347,-1.056588064908406732
0.517000000000000348,-1.057326388679247220
0.518000000000000349,-1.058037575486202142
0.519000000000000350,-1.058720600956401192
0.520000000000000351,-1.059374457420350746
0.521000000000000352,-1.059998154655895641
0.522000000000000353,-1.060590720585112834
0.523000000000000353,-1.061151201925598864
0.524000000000000354,-1.061678664797427007
0.525000000000000355,-1.062172195287115928
0.526000000000000356,-1.062630899969902343
0.527000000000000357,-1.063053906391628889
0.528000000000000358,-1.063440363511476194
0.529000000000000359,-1.063789442106827909
0.530000000000000360,-1.064100335141434650
0.531000000000000361,-1.064372258098164714
0.532000000000000361,-1.064604449277454901
0.533000000000000362,-1.064796170062665803
0.534000000000000363,-1.064946705153474005
0.535000000000000364,-1.065055362768441150
0.536000000000000365,-1.065121474817821934
0.537000000000000366,-1.065144397047755875
0.538000000000000367,-1.065123509156818304
0.539000000000000368,-1.065058214886068999
0.540000000000000369,-1.064947942083519727
0.541000000000000369,-1.064792142744090286
0.542000000000000370,-1.064590293025964529
0.543000000000000371,-1.064341893244356019
0.544000000000000372,-1.064046467843568822
0.545000000000000373,-1.063703565348295133
0.546000000000000374,-1.063312758295015481
0.547000000000000375,-1.062873643144371716
0.548000000000000376,-1.062385840175386287
0.549000000000000377,-1.061848993362304094
0.550000000000000377,-1.061262770234923325
0.551000000000000378,-1.060626861723122261
0.552000000000000379,-1.059940981986443820
0.553000000000000380,-1.059204868229384644
0.554000000000000381,-1.058418280503167441
0.555000000000000382,-1.057581001494729556
0.556000000000000383,-1.056692836303504857
0.557000000000000384,-1.055753612206819181
0.558000000000000385,-1.054763178414390490
0.559000000000000385,-1.053721405812687806
0.560000000000000386,-1.052628186699689605
0.561000000000000387,-1.051483434510661841
0.562000000000000388,-1.050287083535510479
0.563000000000000389,-1.049039088628304750
0.564000000000000390,-1.047739424909465589
0.565000000000000391,-1.046388087461177729
0.566000000000000392,-1.044985091016509715
0.567000000000000393,-1.043530469642770298
0.568000000000000393,-1.042024276419512008
0.569000000000000394,-1.040466583111705479
0.570000000000000395,-1.038857479838513509
0.571000000000000396,-1.037197074738036573
0.572000000000000397,-1.035485493628558462
0.573000000000000398,-1.033722879666565175
0.574000000000000399,-1.031909393002025777
0.575000000000000400,-1.030045210431239422
0.576000000000000401,-1.028130525047633581
0.577000000000000401,-1.026165545890882935
0.578000000000000402,-1.024150497594630504
0.579000000000000403,-1.022085620033148068
0.580000000000000404,-1.019971167967295589
0.581000000000000405,-1.017807410689977043
0.582000000000000406,-1.015594631671469905
0.583000000000000407,-1.013333128204835898
0.584000000000000408,-1.011023211051710335
0.585000000000000409,-1.008665204088702971
0.586000000000000409,-1.006259443954644617
0.587000000000000410,-1.003806279698946202
0.588000000000000411,-1.001306072431212169
0.589000000000000412,-0.998759194972419606
0.590000000000000413,-0.996166031507758509
0.591000000000000414,-0.993526977241400600
0.592000000000000415,-0.990842438053343266
0.593000000000000416,-0.988112830158492939
0.594000000000000417,-0.985338579768168188
0.595000000000000417,-0.982520122754198533
0.596000000000000418,-0.979657904315684336
0.597000000000000419,-0.976752378648674813
0.598000000000000420,-0.973804008618777805
0.599000000000000421,-0.970813265436918371
0.600000000000000422,-0.967780628338309135
0.601000000000000423,-0.964706584264739653
0.602000000000000424,-0.961591627550340000
0.603000000000000425,-0.958436259610859098
0.604000000000000425,-0.955240988636556709
0.605000000000000426,-0.952006329288824005
0.606000000000000427,-0.948732802400599873
0.607000000000000428,-0.945420934680591074
0.608000000000000429,-0.942071258421501634
0.609000000000000430,-0.938684311212160671
0.610000000000000431,-0.935260635653765271
0.611000000000000432,-0.931800779080164454
0.612000000000000433,-0.928305293282305932
0.613000000000000433,-0.924774734236863849
0.614000000000000434,-0.921209661839077598
0.615000000000000435,-0.917610639639836245
0.616000000000000436,-0.913978234587033311
0.617000000000000437,-0.910313016771261529
0.618000000000000438,-0.906615559175787844
0.619000000000000439,-0.902886437430870048
0.620000000000000440,-0.899126229572460467
0.621000000000000441,-0.895335515805232296
0.622000000000000441,-0.891514878270001532
0.623000000000000442,-0.887664900815494540
0.624000000000000443,-0.883786168774505221
0.625000000000000444,-0.879879268744421572
0.626000000000000445,-0.875944788372095551
0.627000000000000446,-0.871983316143085774
0.628000000000000447,-0.867995441175239968
0.629000000000000448,-0.863981753016600074
0.630000000000000449,-0.859942841447617901
0.631000000000000449,-0.855879296287686664
0.632000000000000450,-0.851791707205922677
0.633000000000000451,-0.847680663536230838
0.634000000000000452,-0.843546754096562545
0.635000000000000453,-0.839390567012419098
0.636000000000000454,-0.835212689544489129
0.637000000000000455,-0.831013707920475908
0.638000000000000456,-0.826794207171001494
0.639000000000000457,-0.822554770969619375
0.640000000000000457,-0.818295981476881762
0.641000000000000458,-0.814018419188385800
0.642000000000000459,-0.809722662786852454
0.643000000000000460,-0.805409288998098383
0.644000000000000461,-0.801078872450939450
0.645000000000000462,-0.796731985540952925
0.646000000000000463,-0.792369198298049193
0.647000000000000464,-0.787991078257837096
0.648000000000000465,-0.783598190336735834
0.649000000000000465,-0.779191096710759035
0.650000000000000466,-0.774770356697983553
0.651000000000000467,-0.770336526644591402
0.652000000000000468,-0.765890159814508364
0.653000000000000469,-0.761431806282524937
0.654000000000000470,-0.756962012830933118
0.655000000000000471,-0.752481322849548162
0.656000000000000472,-0.747990276239128060
0.657000000000000473,-0.743489409318120797
0.658000000000000473,-0.738979254732700763
0.659000000000000474,-0.734460341370028358
0.660000000000000475,-0.729933194274720365
0.661000000000000476,-0.725398334568423175
0.662000000000000477,-0.720856279372522946
0.663000000000000478,-0.716307541733856801
0.664000000000000479,-0.711752630553465160
0.665000000000000480,-0.707192050518222759
0.666000000000000481,-0.702626302035455619
0.667000000000000481,-0.698055881170311476
0.668000000000000482,-0.693481279586023125
0.669000000000000483,-0.688902984486847503
0.670000000000000484,-0.684321478563758023
0.671000000000000485,-0.679737239942771909
0.672000000000000486,-0.675150742135879556
0.673000000000000487,-0.670562453994565599
0.674000000000000488,-0.665972839665801675
0.675000000000000488,-0.661382358550518523
0.676000000000000489,-0.656791465264529917
0.677000000000000490,-0.652200609601761516
0.678000000000000491,-0.647610236499863268
0.679000000000000492,-0.643020786008074663
0.680000000000000493,-0.638432693257313333
0.681000000000000494,-0.633846388432474428
0.682000000000000495,-0.629262296746842642
0.683000000000000496,-0.624680838418631090
0.684000000000000496,-0.620102428649544457
0.685000000000000497,-0.615527477605362749
0.686000000000000498,-0.610956390398490479
0.687000000000000499,-0.606389567072417535
0.688000000000000500,-0.601827402588055893
0.689000000000000501,-0.597270286811923734
0.690000000000000502,-0.592718604506111246
0.691000000000000503,-0.588172735320003470
0.692000000000000504,-0.583633053783689126
0.693000000000000504,-0.579099929303090177
0.694000000000000505,-0.574573726156648146
0.695000000000000506,-0.570054803493668549
0.696000000000000507,-0.565543515334167468
0.697000000000000508,-0.561040210570239450
0.698000000000000509,-0.556545232968913561
0.699000000000000510,-0.552058921176416195
0.700000000000000511,-0.547581608723852087
0.701000000000000512,-0.543113624034236464
0.702000000000000512,-0.538655290430842038
0.703000000000000513,-0.534206926146844507
0.704000000000000514,-0.529768844336219513
0.705000000000000515,-0.525341353085842178
0.706000000000000516,-0.520924755428781472
0.707000000000000517,-0.516519349358746327
0.708000000000000518,-0.512125427845613546
0.709000000000000519,-0.507743278852098578
0.710000000000000520,-0.503373185351405406
0.711000000000000520,-0.499015425345944397
0.712000000000000521,-0.494670271887016177
0.713000000000000522,-0.490337993095439129
0.714000000000000523,-0.486018852183133898
0.715000000000000524,-0.481713107475563784
0.716000000000000525,-0.477421012435068182
0.717000000000000526,-0.473142815685026641
0.718000000000000527,-0.468878761034809188
0.719000000000000528,-0.464629087505526450
0.720000000000000528,-0.460394029356551826
0.721000000000000529,-0.456173816112703967
0.722000000000000530,-0.451968672592202858
0.723000000000000531,-0.447778818935237410
0.724000000000000532,-0.443604470633222281
0.725000000000000533,-0.439445838558659152
0.726000000000000534,-0.435303128995582433
0.727000000000000535,-0.431176543670602097
0.728000000000000536,-0.427066279784481473
0.729000000000000536,-0.422972530044237849
0.730000000000000537,-0.418895482695764376
0.731000000000000538,-0.414835321556905612
0.732000000000000539,-0.410792226051018894
0.733000000000000540,-0.406766371240952218
0.734000000000000541,-0.402757927863455378
0.735000000000000542,-0.398767062363959979
0.736000000000000543,-0.394793936931780831
0.737000000000000544,-0.390838709535615947
0.738000000000000544,-0.386901533959435440
0.739000000000000545,-0.382982559838653536
0.740000000000000546,-0.379081932696609725
0.741000000000000547,-0.375199793981327301
0.742000000000000548,-0.371336281102566834
0.743000000000000549,-0.367491527469059664
0.744000000000000550,-0.363665662526030220
0.745000000000000551,-0.359858811792903799
0.746000000000000552,-0.356071096901216411
0.747000000000000552,-0.352302635632710248
0.748000000000000553,-0.348553541957573876
0.749000000000000554,-0.344823926072853726
0.750000000000000555,-0.341113894440995769
0.751000000000000556,-0.337423549828495539
0.752000000000000557,-0.333752991344684835
0.753000000000000558,-0.330102314480556158
0.754000000000000559,-0.326471611147739760
0.755000000000000560,-0.322860969717479573
0.756000000000000560,-0.319270475059720282
0.757000000000000561,-0.315700208582182396
0.758000000000000562,-0.312150248269503106
0.759000000000000563,-0.308620668722393299
0.760000000000000564,-0.305111541196788683
0.761000000000000565,-0.301622933642994417
0.762000000000000566,-0.298154910744829416
0.763000000000000567,-0.294707533958734502
0.764000000000000568,-0.291280861552836334
0.765000000000000568,-0.287874948645996553
0.766000000000000569,-0.284489847246763961
0.767000000000000570,-0.281125606292299546
0.768000000000000571,-0.277782271687190829
0.769000000000000572,-0.274459886342217740
0.770000000000000573,-0.271158490213005199
0.771000000000000574,-0.267878120338586712
0.772000000000000575,-0.264618810879856003
0.773000000000000576,-0.261380593157895524
0.774000000000000576,-0.258163495692196265
0.775000000000000577,-0.254967544238743626
0.776000000000000578,-0.251792761827948242
0.777000000000000579,-0.248639168802465893
0.778000000000000580,-0.245506782854829353
0.779000000000000581,-0.242395619064950024
0.780000000000000582,-0.239305689937437366
0.781000000000000583,-0.236237005438771241
0.782000000000000584,-0.233189573034271680
0.783000000000000584,-0.230163397724902186
0.784000000000000585,-0.227158482083896412
0.785000000000000586,-0.224174826293163487
0.786000000000000587,-0.221212428179534237
0.787000000000000588,-0.218271283250776771
0.788000000000000589,-0.215351384731410078
0.789000000000000590,-0.212452723598333698
0.790000000000000591,-0.209575288616203087
0.791000000000000592,-0.206719066372617721
0.792000000000000592,-0.203884041313070169
0.793000000000000593,-0.201070195775672950
0.794000000000000594,-0.198277510025659798
0.795000000000000595,-0.195505962289653751
0.796000000000000596,-0.192755528789681996
0.797000000000000597,-0.190026183776977747
0.798000000000000598,-0.187317899565524471
0.799000000000000599,-0.184630646565344725
0.800000000000000600,-0.181964393315573042
0.801000000000000600,-0.179319106517242421
0.802000000000000601,-0.176694751065837874
0.803000000000000602,-0.174091290083593864
0.804000000000000603,-0.171508684951529405
0.805000000000000604,-0.168946895341233499
0.806000000000000605,-0.166405879246365102
0.807000000000000606,-0.163885593013927328
0.808000000000000607,-0.161385991375244842
0.809000000000000608,-0.158907027476688750
0.810000000000000608,-0.156448652910151198
0.811000000000000609,-0.154010817743198747
0.812000000000000610,-0.151593470549033660
0.813000000000000611,-0.149196558436105658
0.814000000000000612,-0.146820027077505161
0.815000000000000613,-0.144463820740075632
0.816000000000000614,-0.142127882313225234
0.817000000000000615,-0.139812153337490475
0.818000000000000616,-0.137516574032828215
0.819000000000000616,-0.135241083326609918
0.820000000000000617,-0.132985618881353601
0.821000000000000618,-0.130750117122184623
0.822000000000000619,-0.128534513264021127
0.823000000000000620,-0.126338741338467037
0.824000000000000621,-0.124162734220437110
0.825000000000000622,-0.122006423654519719
0.826000000000000623,-0.119869740281047438
0.827000000000000624,-0.117752613661891575
0.828000000000000624,-0.115654972305994058
0.829000000000000625,-0.113576743694601578
0.830000000000000626,-0.111517854306252467
0.831000000000000627,-0.109478229641466737
0.832000000000000628,-0.107457794247177052
0.833000000000000629,-0.105456471740869223
0.834000000000000630,-0.103474184834467270
0.835000000000000631,-0.101510855357932514
0.836000000000000631,-0.099566404282598511
0.837000000000000632,-0.097640751744241722
0.838000000000000633,-0.095733817065857166
0.839000000000000634,-0.093845518780191262
0.840000000000000635,-0.091975774651999201
0.841000000000000636,-0.090124501700021412
0.842000000000000637,-0.088291616218716507
0.843000000000000638,-0.086477033799706213
0.844000000000000639,-0.084680669352973137
0.845000000000000639,-0.082902437127787887
0.846000000000000640,-0.081142250733366839
0.847000000000000641,-0.079400023159296035
0.848000000000000642,-0.077675666795657586
0.849000000000000643,-0.075969093452923964
0.850000000000000644,-0.074280214381600845
0.851000000000000645,-0.072608940291583768
0.852000000000000646,-0.070955181371290060
0.853000000000000647,-0.069318847306529083
0.854000000000000647,-0.067699847299111118
0.855000000000000648,-0.066098090085218802
0.856000000000000649,-0.064513483953530043
0.857000000000000650,-0.062945936763087060
0.858000000000000651,-0.061395355960919183
0.859000000000000652,-0.059861648599428760
0.860000000000000653,-0.058344721353541698
0.861000000000000654,-0.056844480537586797
0.862000000000000655,-0.055360832121978829
0.863000000000000655,-0.053893681749627588
0.864000000000000656,-0.052442934752136482
0.865000000000000657,-0.051008496165745966
0.866000000000000658,-0.049590270747064583
0.867000000000000659,-0.048188162988564209
0.868000000000000660,-0.046802077133828848
0.869000000000000661,-0.045431917192598738
0.870000000000000662,-0.044077586955578160
0.871000000000000663,-0.042738990009033806
0.872000000000000663,-0.041416029749135871
0.873000000000000664,-0.040108609396124845
0.874000000000000665,-0.038816632008224175
0.875000000000000666,-0.037540000495358453
0.876000000000000667,-0.036278617632643465
0.877000000000000668,-0.035032386073668306
0.878000000000000669,-0.033801208363573136
0.879000000000000670,-0.032584986951901110
0.880000000000000671,-0.031383624205264339
0.881000000000000671,-0.030197022419777703
0.882000000000000672,-0.029025083833322890
0.883000000000000673,-0.027867710637574740
0.884000000000000674,-0.026724804989856920
0.885000000000000675,-0.025596269024777484
0.886000000000000676,-0.024482004865685653
0.887000000000000677,-0.023381914635921222
0.888000000000000678,-0.022295900469873536
0.889000000000000679,-0.021223864523859014
0.890000000000000679,-0.020165708986798321
0.891000000000000680,-0.019121336090712600
0.892000000000000681,-0.018090648121033497
0.893000000000000682,-0.017073547426726413
0.894000000000000683,-0.016069936430232655
0.895000000000000684,-0.015079717637241651
0.896000000000000685,-0.014102793646273287
0.897000000000000686,-0.013139067158084295
0.898000000000000687,-0.012188440984911625
0.899000000000000687,-0.011250818059531233
0.900000000000000688,-0.010326101444153543
0.901000000000000689,-0.009414194339145036
0.902000000000000690,-0.008515000091590157
0.903000000000000691,-0.007628422203680529
0.904000000000000692,-0.006754364340942812
0.905000000000000693,-0.005892730340306279
0.906000000000000694,-0.005043424218015449
0.907000000000000695,-0.004206350177368673
0.908000000000000695,-0.003381412616322976
0.909000000000000696,-0.002568516134921858
0.910000000000000697,-0.001767565542591634
0.911000000000000698,-0.000978465865266348
0.912000000000000699,-0.000201122352378599
0.913000000000000700,0.000564559516297314
0.914000000000000701,0.001318674023968547
0.915000000000000702,0.002061315210258968
0.916000000000000703,0.002792576864812077
0.917000000000000703,0.003512552521025156
0.918000000000000704,0.004221335449918218
0.919000000000000705,0.004919018654154938
0.920000000000000706,0.005605694862177451
0.921000000000000707,0.006281456522494575
0.922000000000000708,0.006946395798098177
0.923000000000000709,0.007600604560992599
0.924000000000000710,0.008244174386884445
0.925000000000000711,0.008877196549970918
0.926000000000000711,0.009499762017870466
0.927000000000000712,0.010111961446673548
0.928000000000000713,0.010713885176117486
0.929000000000000714,0.011305623224865842
0.930000000000000715,0.011887265285943780
0.931000000000000716,0.012458900722258609
0.932000000000000717,0.013020618562240394
0.933000000000000718,0.013572507495618561
0.934000000000000719,0.014114655869287529
0.935000000000000719,0.014647151683296786
0.936000000000000720,0.015170082586952540
0.937000000000000721,0.015683535875022199
0.938000000000000722,0.016187598484044774
0.939000000000000723,0.016682356988755892
0.940000000000000724,0.017167897598614416
0.941000000000000725,0.017644306154423150
0.942000000000000726,0.018111668125060106
0.943000000000000727,0.018570068604311873
0.944000000000000727,0.019019592307797383
0.945000000000000728,0.019460323569990903
0.946000000000000729,0.019892346341355081
0.947000000000000730,0.020315744185538706
0.948000000000000731,0.020730600276704862
0.949000000000000732,0.021136997396915970
0.950000000000000733,0.021535017933639891
0.951000000000000734,0.021924743877313239
0.952000000000000735,0.022306256819023595
0.953000000000000735,0.022679637948265087
0.954000000000000736,0.023044968050770595
0.955000000000000737,0.023402327506444161
0.956000000000000738,0.023751796287361768
0.957000000000000739,0.024093453955866036
0.958000000000000740,0.024427379662731397
0.959000000000000741,0.024753652145419171
0.960000000000000742,0.025072349726391940
0.961000000000000743,0.025383550311527770
0.962000000000000743,0.025687331388596017
0.963000000000000744,0.025983770025807217
0.964000000000000745,0.026272942870436512
0.965000000000000746,0.026554926147528503
0.966000000000000747,0.026829795658661060
0.967000000000000748,0.027097626780786633
0.968000000000000749,0.027358494465133075
0.969000000000000750,0.027612473236186798
0.970000000000000751,0.027859637190720626
0.971000000000000751,0.028100059996911675
0.972000000000000752,0.028333814893513044
0.973000000000000753,0.028560974689066987
0.974000000000000754,0.028781611761224159
0.975000000000000755,0.028995798056083627
0.976000000000000756,0.029203605087615925
0.977000000000000757,0.029405103937138393
0.978000000000000758,0.029600365252845973
0.979000000000000759,0.029789459249396705
0.980000000000000759,0.029972455707569696
0.981000000000000760,0.030149423973956341
0.982000000000000761,0.030320432960714537
0.983000000000000762,0.030485551145381963
0.984000000000000763,0.030644846570738227
0.985000000000000764,0.030798386844705278
0.986000000000000765,0.030946239140321012
0.987000000000000766,0.031088470195743269
0.988000000000000766,0.031225146314313910
0.989000000000000767,0.031356333364660982
0.990000000000000768,0.031482096780850989
0.991000000000000769,0.031602501562599181
0.992000000000000770,0.031717612275506360
0.993000000000000771,0.031827493051341096
0.994000000000000772,0.031932207588388065
0.995000000000000773,0.032031819151805772
0.996000000000000774,0.032126390574054510
0.997000000000000774,0.032215984255346677
0.998000000000000775,0.032300662164146308
0.999000000000000776,0.032380485837703470
1.000000000000000666,0.032455516382633380
1.001000000000000778,0.032525814475519971
1.002000000000000668,0.032591440363573823
1.003000000000000780,0.032652453865313007
1.004000000000000670,0.032708914371286639
1.005000000000000782,0.032760880844826298
1.006000000000000671,0.032808411822836316
1.007000000000000783,0.032851565416622652
1.008000000000000673,0.032890399312740501
1.009000000000000785,0.032924970773884683
1.010000000000000675,0.032955336639810137
1.011000000000000787,0.032981553328277652
1.012000000000000677,0.033003676836032732
1.013000000000000789,0.033021762739814588
1.014000000000000679,0.033035866197396034
1.015000000000000790,0.033046041948640428
1.016000000000000680,0.033052344316597704
1.017000000000000792,0.033054827208622892
1.018000000000000682,0.033053544117520553
1.019000000000000794,0.033048548122714967
1.020000000000000684,0.033039891891437780
1.021000000000000796,0.033027627679956317
1.022000000000000686,0.033011807334812848
1.023000000000000798,0.032992482294084143
1.024000000000000687,0.032969703588680115
1.025000000000000799,0.032943521843644977
1.026000000000000689,0.032913987279490145
1.027000000000000801,0.032881149713549121
1.028000000000000691,0.032845058561347465
1.029000000000000803,0.032805762837994260
1.030000000000000693,0.032763311159600295
1.031000000000000805,0.032717751744694025
1.032000000000000695,0.032669132415686516
1.033000000000000806,0.032617500600326185
1.034000000000000696,0.032562903333182937
1.035000000000000808,0.032505387257156015
1.036000000000000698,0.032444998624986052
1.037000000000000810,0.032381783300776880
1.038000000000000700,0.032315786761561639
1.039000000000000812,0.032247054098855490
1.040000000000000702,0.032175630020227455
1.041000000000000814,0.032101558850899173
1.042000000000000703,0.032024884535351031
1.043000000000000815,0.031945650638930477
1.044000000000000705,0.031863900349486496
1.045000000000000817,0.031779676479019005
1.046000000000000707,0.031693021465321491
1.047000000000000819,0.031603977373652350
1.048000000000000709,0.031512585898414068
1.049000000000000821,0.031418888364836098
1.050000000000000711,0.031322925730679699
1.051000000000000822,0.031224738587934696
1.052000000000000712,0.031124367164547660
1.053000000000000824,0.031021851326142557
1.054000000000000714,0.030917230577757315
1.055000000000000826,0.030810544065588290
1.056000000000000716,0.030701830578739875
1.057000000000000828,0.030591128550985901
1.058000000000000718,0.030478476062538607
1.059000000000000830,0.030363910841819618
1.060000000000000719,0.030247470267240346
1.061000000000000831,0.030129191368991635
1.062000000000000721,0.030009110830839340
1.063000000000000833,0.029887264991912764
1.064000000000000723,0.029763689848524261
1.065000000000000835,0.029638421055970771
1.066000000000000725,0.029511493930343868
1.067000000000000837,0.029382943450365538
1.068000000000000727,0.029252804259190364
1.069000000000000838,0.029121110666251514
1.070000000000000728,0.028987896649083977
1.071000000000000840,0.028853195855157963
1.072000000000000730,0.028717041603721960
1.073000000000000842,0.028579466887637635
1.074000000000000732,0.028440504375236941
1.075000000000000844,0.028300186412150465
1.076000000000000734,0.028158545023166604
1.077000000000000846,0.028015611914083194
1.078000000000000735,0.027871418473552713
1.079000000000000847,0.027725995774944900
1.080000000000000737,0.027579374578188008
1.081000000000000849,0.027431585331640630
1.082000000000000739,0.027282658173939434
1.083000000000000851,0.027132622935856377
1.084000000000000741,0.026981509142155302
1.085000000000000853,0.026829346013457194
1.086000000000000743,0.026676162468091558
1.087000000000000854,0.026521987123951641
1.088000000000000744,0.026366848300355759
1.089000000000000856,0.026210774019904425
1.090000000000000746,0.026053792010334486
1.091000000000000858,0.025895929706368337
1.092000000000000748,0.025737214251576313
1.093000000000000860,0.025577672500218980
1.094000000000000750,0.025417331019107446
1.095000000000000862,0.025256216089441775
1.096000000000000751,0.025094353708661303
1.097000000000000863,0.024931769592295323
1.098000000000000753,0.024768489175794248
1.099000000000000865,0.024604537616373264
1.100000000000000755,0.024439939794856418
1.101000000000000867,0.024274720317500623
1.102000000000000757,0.024108903517832889
1.103000000000000869,0.023942513458476609
1.104000000000000759,0.023775573932981398
1.105000000000000870,0.023608108467635343
1.106000000000000760,0.023440140323298338
1.107000000000000872,0.023271692497200531
1.108000000000000762,0.023102787724765754
1.109000000000000874,0.022933448481410452
1.110000000000000764,0.022763696984354848
1.111000000000000876,0.022593555194420169
1.112000000000000766,0.022423044817817948
1.113000000000000878,0.022252187307947462
1.114000000000000767,0.022081003867177408
1.115000000000000879,0.021909515448631855
1.116000000000000769,0.021737742757965996
1.117000000000000881,0.021565706255136735
1.118000000000000771,0.021393426156171892
1.119000000000000883,0.021220922434930900
1.120000000000000773,0.021048214824862504
1.121000000000000885,0.020875322820758085
1.122000000000000774,0.020702265680501576
1.123000000000000886,0.020529062426804478
1.124000000000000776,0.020355731848941794
1.125000000000000888,0.020182292504493195
1.126000000000000778,0.020008762721057935
1.127000000000000890,0.019835160597970237
1.128000000000000780,0.019661504008029167
1.129000000000000892,0.019487810599189193
1.130000000000000782,0.019314097796270267
1.131000000000000894,0.019140382802652720
1.132000000000000783,0.018966682601967062
1.133000000000000895,0.018793013959769827
1.134000000000000785,0.018619393425236868
1.135000000000000897,0.018445837332813519
1.136000000000000787,0.018272361803896700
1.137000000000000899,0.018098982748482179
1.138000000000000789,0.017925715866823892
1.139000000000000901,0.017752576651066804
1.140000000000000790,0.017579580386898039
1.141000000000000902,0.017406742155175636
1.142000000000000792,0.017234076833547163
1.143000000000000904,0.017061599098074420
1.144000000000000794,0.016889323424838128
1.145000000000000906,0.016717264091555700
1.146000000000000796,0.016545435179160479
1.147000000000000908,0.016373850573406422
1.148000000000000798,0.016202523966447679
1.149000000000000909,0.016031468858411113
1.150000000000000799,0.015860698558974651
1.151000000000000689,0.015690226188921987
1.152000000000000801,0.015520064681700025
1.153000000000000913,0.015350226784965412
1.154000000000000803,0.015180725062131519
1.155000000000000693,0.015011571893896947
1.156000000000000805,0.014842779479768134
1.157000000000000917,0.014674359839591361
1.158000000000000806,0.014506324815047891
1.159000000000000696,0.014338686071170623
1.160000000000000808,0.014171455097837649
1.161000000000000920,0.014004643211259545
1.162000000000000810,0.013838261555461060
1.163000000000000700,0.013672321103760205
1.164000000000000812,0.013506832660230450
1.165000000000000924,0.013341806861166100
1.166000000000000814,0.013177254176524955
1.167000000000000703,0.013013184911384562
1.168000000000000815,0.012849609207367007
1.169000000000000927,0.012686537044080261
1.170000000000000817,0.012523978240529667
1.171000000000000707,0.012361942456541881
1.172000000000000819,0.012200439194158922
1.173000000000000931,0.012039477799050182
1.174000000000000821,0.011879067461897288
1.175000000000000711,0.011719217219777230
1.176000000000000822,0.011559935957538705
1.177000000000000934,0.011401232409174445
1.178000000000000824,0.011243115159176278
1.179000000000000714,0.011085592643894807
1.180000000000000826,0.010928673152875322
1.181000000000000938,0.010772364830207794
1.182000000000000828,0.010616675675846173
1.183000000000000718,0.010461613546935455
1.184000000000000830,0.010307186159125748
1.185000000000000941,0.010153401087882942
1.186000000000000831,0.010000265769780459
1.187000000000000721,0.009847787503798706
1.188000000000000833,0.009695973452604176
1.189000000000000945,0.009544830643826980
1.190000000000000835,0.009394365971329163
1.191000000000000725,0.009244586196471878
1.192000000000000837,0.009095497949354403
1.193000000000000949,0.008947107730078997
1.194000000000000838,0.008799421909972526
1.195000000000000728,0.008652446732826809
1.196000000000000840,0.008506188316119373
1.197000000000000952,0.008360652652222796
1.198000000000000842,0.008215845609625419
1.199000000000000732,0.008071772934112520
1.200000000000000844,0.007928440249984270
1.201000000000000956,0.007785853061214947
1.202000000000000846,0.007644016752646641
1.203000000000000735,0.007502936591154146
1.204000000000000847,0.007362617726810486
1.205000000000000959,0.007223065194033265
1.206000000000000849,0.007084283912741671
1.207000000000000739,0.006946278689495022
1.208000000000000851,0.006809054218617992
1.209000000000000963,0.006672615083335239
1.210000000000000853,0.006536965756879778
1.211000000000000743,0.006402110603613108
1.212000000000000854,0.006268053880117905
1.213000000000000966,0.006134799736304947
1.214000000000000856,0.006002352216486502
1.215000000000000746,0.005870715260472151
1.216000000000000858,0.005739892704629395
1.217000000000000970,0.005609888282960937
1.218000000000000860,0.005480705628156545
1.219000000000000750,0.005352348272645982
1.220000000000000862,0.005224819649642535
1.221000000000000973,0.005098123094185497
1.222000000000000863,0.004972261844161038
1.223000000000000753,0.004847239041335276
1.224000000000000865,0.004723057732360934
1.225000000000000977,0.004599720869791553
1.226000000000000867,0.004477231313079068
1.227000000000000757,0.004355591829572954
1.228000000000000869,0.004234805095505177
1.229000000000000981,0.004114873696963971
1.230000000000000870,0.003995800130881952
1.231000000000000760,0.003877586805989018
1.232000000000000872,0.003760236043771495
1.233000000000000984,0.003643750079441192
1.234000000000000874,0.003528131062857040
1.235000000000000764,0.003413381059483811
1.236000000000000876,0.003299502051311235
1.237000000000000988,0.003186495937787374
1.238000000000000878,0.003074364536728273
1.239000000000000767,0.002963109585238326
1.240000000000000879,0.002852732740607255
1.241000000000000991,0.002743235581213374
1.242000000000000881,0.002634619607412154
1.243000000000000771,0.002526886242420788
1.244000000000000883,0.002420036833198314
1.245000000000000995,0.002314072651313827
1.246000000000000885,0.002208994893811278
1.247000000000000774,0.002104804684072770
1.248000000000000886,0.002001503072663514
1.249000000000000998,0.001899091038182435
1.250000000000000888,0.001797569488094597
1.251000000000000778,0.001696939259571721
1.252000000000000890,0.001597201120308798
1.253000000000001002,0.001498355769354246
1.254000000000000892,0.001400403837911411
1.255000000000000782,0.001303345890153833
1.256000000000000894,0.001207182424024165
1.257000000000001005,0.001111913872024726
1.258000000000000895,0.001017540602008270
1.259000000000000785,0.000924062917961918
1.260000000000000897,0.000831481060778848
1.261000000000001009,0.000739795209027620
1.262000000000000899,0.000649005479721006
1.263000000000000789,0.000559111929068487
1.264000000000000901,0.000470114553225691
1.265000000000001013,0.000382013289046879
1.266000000000000902,0.000294808014817176
1.267000000000000792,0.000208498550990784
1.268000000000000904,0.000123084660914316
1.269000000000001016,0.000038566051550527
1.270000000000000906,-0.000045057625806832
1.271000000000000796,-0.000127786774822390
1.272000000000000908,-0.000209621853414534
1.273000000000001020,-0.000290563373061926
1.274000000000000909,-0.000370611898104786
1.275000000000000799,-0.000449768045059061
1.276000000000000911,-0.000528032481944513
1.277000000000001023,-0.000605405927594857
1.278000000000000913,-0.000681889150997716
1.279000000000000803,-0.000757482970629157
1.280000000000000915,-0.000832188253796874
1.281000000000001027,-0.000906005915976388
1.282000000000000917,-0.000978936920178179
1.283000000000000806,-0.001050982276294990
1.284000000000000918,-0.001122143040473207
1.285000000000001030,-0.001192420314472055
1.286000000000000920,-0.001261815245047231
1.287000000000000810,-0.001330329023323411
1.288000000000000922,-0.001397962884185347
1.289000000000001034,-0.001464718105661156
1.290000000000000924,-0.001530596008319513
1.291000000000000814,-0.001595597954678303
1.292000000000000925,-0.001659725348593223
1.293000000000001037,-0.001722979634689835
1.294000000000000927,-0.001785362297763211
1.295000000000000817,-0.001846874862203939
1.296000000000000929,-0.001907518891427418
1.297000000000001041,-0.001967295987300935
1.298000000000000931,-0.002026207789582682
1.299000000000000821,-0.002084255975363511
1.300000000000000933,-0.002141442258506879
1.301000000000001044,-0.002197768389109431
1.302000000000000934,-0.002253236152948364
1.303000000000000824,-0.002307847370950634
1.304000000000000936,-0.002361603898647789
1.305000000000001048,-0.002414507625657694
1.306000000000000938,-0.002466560475152633
1.307000000000000828,-0.002517764403341934
1.308000000000000940,-0.002568121398952552
1.309000000000001052,-0.002617633482728437
1.310000000000000941,-0.002666302706912008
1.311000000000000831,-0.002714131154752447
1.312000000000000943,-0.002761120939999125
1.313000000000001055,-0.002807274206423974
1.314000000000000945,-0.002852593127318159
1.315000000000000835,-0.002897079905017287
1.316000000000000947,-0.002940736770422404
1.317000000000001059,-0.002983565982524858
1.318000000000000949,-0.003025569827929997
1.319000000000000838,-0.003066750620406812
1.320000000000000950,-0.003107110700411047
1.321000000000001062,-0.003146652434634421
1.322000000000000952,-0.003185378215556867
1.323000000000000842,-0.003223290460988946
1.324000000000000954,-0.003260391613635645
1.325000000000001066,-0.003296684140650381
1.326000000000000956,-0.003332170533206187
1.327000000000000846,-0.003366853306058365
1.328000000000000957,-0.003400734997119505
1.329000000000001069,-0.003433818167033044
1.330000000000000959,-0.003466105398763088
1.331000000000000849,-0.003497599297169268
1.332000000000000961,-0.003528302488597678
1.333000000000001073,-0.003558217620475262
1.334000000000000963,-0.003587347360911225
1.335000000000000853,-0.003615694398288397
1.336000000000000965,-0.003643261440874370
1.337000000000001076,-0.003670051216428732
1.338000000000000966,-0.003696066471812688
1.339000000000000856,-0.003721309972610820
1.340000000000000968,-0.003745784502744506
1.341000000000001080,-0.003769492864098315
1.342000000000000970,-0.003792437876149393
1.343000000000000860,-0.003814622375597534
1.344000000000000972,-0.003836049215996518
1.345000000000001084,-0.003856721267400137
1.346000000000000973,-0.003876641415995765
1.347000000000000863,-0.003895812563757141
1.348000000000000975,-0.003914237628086637
1.349000000000001087,-0.003931919541475240
1.350000000000000977,-0.003948861251155756
1.351000000000000867,-0.003965065718765334
1.352000000000000979,-0.003980535919997952
1.353000000000001091,-0.003995274844288845
1.354000000000000981,-0.004009285494471883
1.355000000000000870,-0.004022570886455789
1.356000000000000982,-0.004035134048903871
1.357000000000001094,-0.004046978022914763
1.358000000000000984,-0.004058105861700472
1.359000000000000874,-0.004068520630280886
1.360000000000000986,-0.004078225405164899
1.361000000000001098,-0.004087223274059139
1.362000000000000988,-0.004095517335545334
1.363000000000000878,-0.004103110698794021
1.364000000000000989,-0.004110006483269013
1.365000000000001101,-0.004116207818417783
1.366000000000000991,-0.004121717843399642
1.367000000000000881,-0.004126539706787960
1.368000000000000993,-0.004130676566289206
1.369000000000001105,-0.004134131588459053
1.370000000000000995,-0.004136907948426244
1.371000000000000885,-0.004139008829617583
1.372000000000000997,-0.004140437423482498
1.373000000000001108,-0.004141196929232049
1.374000000000000998,-0.004141290553557234
1.375000000000000888,-0.004140721510382662
1.376000000000001000,-0.004139493020597802
1.377000000000001112,-0.004137608311795197
1.378000000000001002,-0.004135070618024979
1.379000000000000892,-0.004131883179536335
1.380000000000001004,-0.004128049242528218
1.381000000000001116,-0.004123572058911193
1.382000000000001005,-0.004118454886051615
1.383000000000000895,-0.004112700986538489
1.384000000000001007,-0.004106313627944784
1.385000000000001119,-0.004099296082589522
1.386000000000001009,-0.004091651627309599
1.387000000000000899,-0.004083383543217463
1.388000000000001011,-0.004074495115496188
1.389000000000001123,-0.004064989633148886
1.390000000000001013,-0.004054870388794348
1.391000000000000902,-0.004044140678439332
1.392000000000001014,-0.004032803801264246
1.393000000000001126,-0.004020863059407193
1.394000000000001016,-0.004008321757754054
1.395000000000000906,-0.003995183203726625
1.396000000000001018,-0.003981450707073056
1.397000000000001130,-0.003967127579669286
1.398000000000001020,-0.003952217135313145
1.399000000000000909,-0.003936722689524096
1.400000000000001021,-0.003920647559345439
1.401000000000001133,-0.003903995063153235
1.402000000000001023,-0.003886768520457604
1.403000000000000913,-0.003868971251714163
1.404000000000001025,-0.003850606578140804
1.405000000000001137,-0.003831677821524589
1.406000000000001027,-0.003812188304040057
1.407000000000000917,-0.003792141348076427
1.408000000000001029,-0.003771540276041460
1.409000000000001140,-0.003750388410200370
1.410000000000001030,-0.003728689072494602
1.411000000000000920,-0.003706445584367974
1.412000000000001032,-0.003683661266597652
1.413000000000001144,-0.003660339439129558
1.414000000000001034,-0.003636483420905983
1.415000000000000924,-0.003612096529702563
1.416000000000001036,-0.003587182081974622
1.417000000000001148,-0.003561743392687881
1.418000000000001037,-0.003535783775161282
1.419000000000000927,-0.003509306540916705
1.420000000000001039,-0.003482314999520030
1.421000000000001151,-0.003454812458435678
1.422000000000001041,-0.003426802222866505
1.423000000000000931,-0.003398287595616814
1.424000000000001043,-0.003369271876940334
1.425000000000001155,-0.003339758364395685
1.426000000000001044,-0.003309750352708694
1.427000000000000934,-0.003279251133630005
1.428000000000001046,-0.003248263995795506
1.429000000000001158,-0.003216792224589688
1.430000000000001048,-0.003184839102015197
1.431000000000000938,-0.003152407906553455
1.432000000000001050,-0.003119501913041183
1.433000000000001162,-0.003086124392536545
1.434000000000001052,-0.003052278612189756
1.435000000000000941,-0.003017967835126060
1.436000000000001053,-0.002983195320310669
1.437000000000001165,-0.002947964322433848
1.438000000000001055,-0.002912278091791618
1.439000000000000945,-0.002876139874161699
1.440000000000001057,-0.002839552910690331
1.441000000000001169,-0.002802520437773119
1.442000000000001059,-0.002765045686945743
1.443000000000000949,-0.002727131884771222
1.444000000000001060,-0.002688782252725873
1.445000000000001172,-0.002650000007092453
1.446000000000001062,-0.002610788358857512
1.447000000000000952,-0.002571150513596045
1.448000000000001064,-0.002531089671375961
1.449000000000001176,-0.002490609026654152
1.450000000000001066,-0.002449711768169381
1.451000000000000956,-0.002408401078850093
1.452000000000001068,-0.002366680135712412
1.453000000000001180,-0.002324552109767117
1.454000000000001069,-0.002282020165917149
1.455000000000000959,-0.002239087462875616
1.456000000000001071,-0.002195757153061864
1.457000000000001183,-0.002152032382520962
1.458000000000001073,-0.002107916290827524
1.459000000000000963,-0.002063412010999141
1.460000000000001075,-0.002018522669412769
1.461000000000001187,-0.001973251385717418
1.462000000000001076,-0.001927601272752151
1.463000000000000966,-0.001881575436461177
1.464000000000001078,-0.001835176975815264
1.465000000000001190,-0.001788408982732193
1.466000000000001080,-0.001741274541995693
1.467000000000000970,-0.001693776731181969
1.468000000000001082,-0.001645918620583881
1.469000000000001194,-0.001597703273130582
1.470000000000001084,-0.001549133744322599
1.471000000000000973,-0.001500213082154695
1.472000000000001085,-0.001450944327050448
1.473000000000001197,-0.001401330511783289
1.474000000000001087,-0.001351374661420590
1.475000000000000977,-0.001301079793244451
1.476000000000001089,-0.001250448916696214
1.477000000000001201,-0.001199485033307720
1.478000000000001091,-0.001148191136635570
1.479000000000000981,-0.001096570212201935
1.480000000000001092,-0.001044625237432524
1.481000000000001204,-0.000992359181597457
1.482000000000001094,-0.000939775005751678
1.483000000000000984,-0.000886875662679155
1.484000000000001096,-0.000833664096830596
1.485000000000001208,-0.000780143244274435
1.486000000000001098,-0.000726316032640701
1.487000000000000988,-0.000672185381064985
1.488000000000001100,-0.000617754200137756
1.489000000000001211,-0.000563025391855645
1.490000000000001101,-0.000508001849568617
1.491000000000000991,-0.000452686457929667
1.492000000000001103,-0.000397082092849277
1.493000000000001215,-0.000341191621449634
1.494000000000001105,-0.000285017902011340
1.495000000000000995,-0.000228563783936707
1.496000000000001107,-0.000171832107701490
1.497000000000001219,-0.000114825704812633
1.498000000000001108,-0.000057547397764998
1.499000000000000998,0.000000000000000000
