# C-amorph-1_OXIDOLAMBDA4SULFANE-AC
# h[nm],U(h)[kJ/mol]
0.149999999999999994,88.538739895419809045
0.150999999999999995,86.056106301727183450
0.151999999999999996,84.277689332299942748
0.152999999999999997,82.649674594789857451
0.153999999999999998,80.977136488854029039
0.154999999999999999,79.230772602316932307
0.156000000000000000,77.443616494754863311
0.157000000000000001,75.660358611007012541
0.158000000000000002,73.916092840774240358
0.159000000000000002,72.230475255796918077
0.160000000000000003,70.609111026769596720
0.161000000000000004,69.047616855984884410
0.162000000000000005,67.536009514397534303
0.163000000000000006,66.062361231451845356
0.164000000000000007,64.615380605045842799
0.165000000000000008,63.185946180622124757
0.166000000000000009,61.767782324946935546
0.167000000000000010,60.357514076363443678
0.168000000000000010,58.954325095626685993
0.169000000000000011,57.559403914333856278
0.170000000000000012,56.175317248871600384
0.171000000000000013,54.805405131854342926
0.172000000000000014,53.453255521491527702
0.173000000000000015,52.122287272792142687
0.174000000000000016,50.815449601532833412
0.175000000000000017,49.535032350389606393
0.176000000000000018,48.282573103116874336
0.177000000000000018,47.058843120680208472
0.178000000000000019,45.863892977837274145
0.179000000000000020,44.697139654418734267
0.180000000000000021,43.557478895256124929
0.181000000000000022,42.443409309687197606
0.182000000000000023,41.353157520490256616
0.183000000000000024,40.284796416229404770
0.184000000000000025,39.236351040978156846
0.185000000000000026,38.205888781626740069
0.186000000000000026,37.191592252575077282
0.187000000000000027,36.191814635931407906
0.188000000000000028,35.205118241768019516
0.189000000000000029,34.230297750362097986
0.190000000000000030,33.266390035355946964
0.191000000000000031,32.312672692736313707
0.192000000000000032,31.368653462081276473
0.193000000000000033,30.434052665579912400
0.194000000000000034,29.508780643146373279
0.195000000000000034,28.592911958799238192
0.196000000000000035,27.686657918835472003
0.197000000000000036,26.790338695321878504
0.198000000000000037,25.904356103443909376
0.199000000000000038,25.029167848622730475
0.200000000000000039,24.165263845985940350
0.201000000000000040,23.313145024971039021
0.202000000000000041,22.473304867619440017
0.203000000000000042,21.646213790913549246
0.204000000000000042,20.832306370550664809
0.205000000000000043,20.031971314237274839
0.206000000000000044,19.245544024783761472
0.207000000000000045,18.473301544545158492
0.208000000000000046,17.715459640521906692
0.209000000000000047,16.972171771155100117
0.210000000000000048,16.243529669078771605
0.211000000000000049,15.529565276559262443
0.212000000000000050,14.830253779998898267
0.213000000000000050,14.145517504892135108
0.214000000000000051,13.475230451411690069
0.215000000000000052,12.819223272031397443
0.216000000000000053,12.177288515141814429
0.217000000000000054,11.549185981574778381
0.218000000000000055,10.934648063602299572
0.219000000000000056,10.333384957760461731
0.220000000000000057,9.745089663356079512
0.221000000000000058,9.169442697464754488
0.222000000000000058,8.606116474432754515
0.223000000000000059,8.054779313265193252
0.224000000000000060,7.515099049786499563
0.225000000000000061,6.986746242126945283
0.226000000000000062,6.469396967990652669
0.227000000000000063,5.962735220394998592
0.228000000000000064,5.466454915261947711
0.229000000000000065,4.980261529520833008
0.230000000000000066,4.503873392394607933
0.231000000000000066,4.037022655427930928
0.232000000000000067,3.579455968720353987
0.233000000000000068,3.130934891885522209
0.234000000000000069,2.691236068598614750
0.235000000000000070,2.260151193338022502
0.236000000000000071,1.837486798185609782
0.237000000000000072,1.423063886419866808
0.238000000000000073,1.016717438210290592
0.239000000000000073,0.618295812076522622
0.240000000000000074,0.227660063979356397
0.241000000000000075,-0.155316795974525773
0.242000000000000076,-0.530750591159950380
0.243000000000000077,-0.898746794265260496
0.244000000000000078,-1.259401357092799323
0.245000000000000079,-1.612801541921331294
0.246000000000000080,-1.959026743768675471
0.247000000000000081,-2.298149294539506560
0.248000000000000081,-2.630235241577263849
0.249000000000000082,-2.955345094555258179
0.250000000000000111,-3.273534535935766598
0.251000000000000112,-3.584855091395103610
0.252000000000000113,-3.889354757660652417
0.253000000000000114,-4.187078586131822711
0.254000000000000115,-4.478069221470756034
0.255000000000000115,-4.762367395050366881
0.256000000000000116,-5.040012373747972063
0.257000000000000117,-5.311042365076959371
0.258000000000000118,-5.575494880064292502
0.259000000000000119,-5.833407055616999237
0.260000000000000120,-6.084815938382813982
0.261000000000000121,-6.329758732305712954
0.262000000000000122,-6.568273012215468221
0.263000000000000123,-6.800396905876068487
0.264000000000000123,-7.026169246959872439
0.265000000000000124,-7.245629701416829604
0.266000000000000125,-7.458818869678589536
0.267000000000000126,-7.665778367079589373
0.268000000000000127,-7.866550884797850252
0.269000000000000128,-8.061180233519637639
0.270000000000000129,-8.249711371920371406
0.271000000000000130,-8.432190421931565538
0.272000000000000131,-8.608664672633375758
0.273000000000000131,-8.779182574477902179
0.274000000000000132,-8.943793725411577356
0.275000000000000133,-9.102548850328116004
0.276000000000000134,-9.255499775148539499
0.277000000000000135,-9.402699396692328904
0.278000000000000136,-9.544201649376500285
0.279000000000000137,-9.680061469656994433
0.280000000000000138,-9.810334759010178374
0.281000000000000139,-9.935078346143185968
0.282000000000000139,-10.054349949018888566
0.283000000000000140,-10.168208137186306672
0.284000000000000141,-10.276712294819457583
0.285000000000000142,-10.379922584787392381
0.286000000000000143,-10.477899914005371684
0.287000000000000144,-10.570705900251134324
0.288000000000000145,-10.658402840572401615
0.289000000000000146,-10.741053681358888383
0.290000000000000147,-10.818721990107611930
0.291000000000000147,-10.891471928870439356
0.292000000000000148,-10.959368229339503387
0.293000000000000149,-11.022476169497911869
0.294000000000000150,-11.080861551739801030
0.295000000000000151,-11.134590682345407942
0.296000000000000152,-11.183730352182134737
0.297000000000000153,-11.228347818492107280
0.298000000000000154,-11.268510787619396396
0.299000000000000155,-11.304287398526067676
0.300000000000000155,-11.335746206944657288
0.301000000000000156,-11.362956170015737101
0.302000000000000157,-11.385986631262342783
0.303000000000000158,-11.404907305757683744
0.304000000000000159,-11.419788265349279044
0.305000000000000160,-11.430699923809751084
0.306000000000000161,-11.437713021793729951
0.307000000000000162,-11.440898611489334513
0.308000000000000163,-11.440328040862912218
0.309000000000000163,-11.436072937406214223
0.310000000000000164,-11.428205191305938371
0.311000000000000165,-11.416796937966219971
0.312000000000000166,-11.401920539825976419
0.313000000000000167,-11.383648567423204412
0.314000000000000168,-11.362053779669258446
0.315000000000000169,-11.337209103306193470
0.316000000000000170,-11.309187611530147066
0.317000000000000171,-11.278062501773128190
0.318000000000000171,-11.243907072644500289
0.319000000000000172,-11.206794700041973201
0.320000000000000173,-11.166798812449661327
0.321000000000000174,-11.123992865447961620
0.322000000000000175,-11.078450315467057052
0.323000000000000176,-11.030244592821532024
0.324000000000000177,-10.979449074069373538
0.325000000000000178,-10.926137053743349981
0.326000000000000179,-10.870381715507354770
0.327000000000000179,-10.812256102793654122
0.328000000000000180,-10.751833088980461639
0.329000000000000181,-10.689185347171983764
0.330000000000000182,-10.624385319644705561
0.331000000000000183,-10.557505187026029247
0.332000000000000184,-10.488616837271862892
0.333000000000000185,-10.417791834510971682
0.334000000000000186,-10.345101387823858019
0.335000000000000187,-10.270616320024014811
0.336000000000000187,-10.194407036508916775
0.337000000000000188,-10.116543494247121515
0.338000000000000189,-10.037095170967045732
0.339000000000000190,-9.956131034611329866
0.340000000000000191,-9.873719513119070257
0.341000000000000192,-9.789928464596533431
0.342000000000000193,-9.704825147934483809
0.343000000000000194,-9.618476193928483298
0.344000000000000195,-9.530947576955492551
0.345000000000000195,-9.442304587258186999
0.346000000000000196,-9.352611803885125141
0.347000000000000197,-9.261933068332542263
0.348000000000000198,-9.170331458930579771
0.349000000000000199,-9.077869266013697924
0.350000000000000200,-8.984607967912413784
0.351000000000000201,-8.890608207800198670
0.352000000000000202,-8.795929771426633792
0.353000000000000203,-8.700631565764897601
0.354000000000000203,-8.604771598598688342
0.355000000000000204,-8.508406959070757836
0.356000000000000205,-8.411593799212477407
0.357000000000000206,-8.314387316470945422
0.358000000000000207,-8.216841737247310817
0.359000000000000208,-8.119010301457535661
0.360000000000000209,-8.020945248123961591
0.361000000000000210,-7.922697802003608736
0.362000000000000210,-7.824318161256732296
0.363000000000000211,-7.725855486156675056
0.364000000000000212,-7.627357888839918942
0.365000000000000213,-7.528872424092957871
0.366000000000000214,-7.430445081170626409
0.367000000000000215,-7.332120776638450188
0.368000000000000216,-7.233943348229833425
0.369000000000000217,-7.135955549706990197
0.370000000000000218,-7.038199046713032203
0.371000000000000218,-6.940714413600832522
0.372000000000000219,-6.843541131223088492
0.373000000000000220,-6.746717585666384132
0.374000000000000221,-6.650281067911073762
0.375000000000000222,-6.554267774397321666
0.376000000000000223,-6.458712808476873235
0.377000000000000224,-6.363650182728973093
0.378000000000000225,-6.269112822118026784
0.379000000000000226,-6.175132567969805919
0.380000000000000226,-6.081740182742359835
0.381000000000000227,-5.988965355567009041
0.382000000000000228,-5.896836708534497262
0.383000000000000229,-5.805381803700750964
0.384000000000000230,-5.714627150786293797
0.385000000000000231,-5.624598215543303859
0.386000000000000232,-5.535319428763721739
0.387000000000000233,-5.446814195901924727
0.388000000000000234,-5.359104907285186847
0.389000000000000234,-5.272212948885291794
0.390000000000000235,-5.186158713624431371
0.391000000000000236,-5.100961613188866650
0.392000000000000237,-5.016640090323662982
0.393000000000000238,-4.933211631582242518
0.394000000000000239,-4.850692780504469503
0.395000000000000240,-4.769099151197423225
0.396000000000000241,-4.688445442293216026
0.397000000000000242,-4.608745451258488224
0.398000000000000242,-4.530012089030764244
0.399000000000000243,-4.452257394957015890
0.400000000000000244,-4.375492552010312508
0.401000000000000245,-4.299727902260991996
0.402000000000000246,-4.224972962579035318
0.403000000000000247,-4.151236440544945339
0.404000000000000248,-4.078526250547005461
0.405000000000000249,-4.006849530043183449
0.406000000000000250,-3.936212655966574658
0.407000000000000250,-3.866621261253852193
0.408000000000000251,-3.798080251476645852
0.409000000000000252,-3.730593821556553280
0.410000000000000253,-3.664165472544818503
0.411000000000000254,-3.598798028448558117
0.412000000000000255,-3.534493653085794218
0.413000000000000256,-3.471253866952347611
0.414000000000000257,-3.409079564084025460
0.415000000000000258,-3.347971028898411028
0.416000000000000258,-3.287927953000877146
0.417000000000000259,-3.228949451940283044
0.418000000000000260,-3.171034081900264923
0.419000000000000261,-3.114179856312659034
0.420000000000000262,-3.058384262380223984
0.421000000000000263,-3.003644277496363646
0.422000000000000264,-2.949956385550143168
0.423000000000000265,-2.897316593105385696
0.424000000000000266,-2.845720445443449709
0.425000000000000266,-2.795163042459416491
0.426000000000000267,-2.745639054402372992
0.427000000000000268,-2.697142737450755057
0.428000000000000269,-2.649667949114300480
0.429000000000000270,-2.603208163454739932
0.430000000000000271,-2.557756486117724215
0.431000000000000272,-2.513305669169104473
0.432000000000000273,-2.469848125729058541
0.433000000000000274,-2.427375944398111329
0.434000000000000274,-2.385880903469431047
0.435000000000000275,-2.345354484922376859
0.436000000000000276,-2.305787888192578627
0.437000000000000277,-2.267172043714260177
0.438000000000000278,-2.229497626231016660
0.439000000000000279,-2.192755067871544394
0.440000000000000280,-2.156934570987222521
0.441000000000000281,-2.122026120748841116
0.442000000000000282,-2.088019497500156696
0.443000000000000282,-2.054904288866143514
0.444000000000000283,-2.022669901614370769
0.445000000000000284,-1.991305573268063567
0.446000000000000285,-1.960800383469719632
0.447000000000000286,-1.931143265094676709
0.448000000000000287,-1.902323015113930094
0.449000000000000288,-1.874328305206134804
0.450000000000000289,-1.847147692118728868
0.451000000000000290,-1.820769627778500155
0.452000000000000290,-1.795182469152109217
0.453000000000000291,-1.770374487857280910
0.454000000000000292,-1.746333879525674204
0.455000000000000293,-1.723048772918527316
0.456000000000000294,-1.700507238796480580
0.457000000000000295,-1.678697298545090089
0.458000000000000296,-1.657606932557755597
0.459000000000000297,-1.637224088377921216
0.460000000000000298,-1.617536688602611461
0.461000000000000298,-1.598532638549436502
0.462000000000000299,-1.580199833689440059
0.463000000000000300,-1.562526166848162035
0.464000000000000301,-1.545499535177543571
0.465000000000000302,-1.529107846901326395
0.466000000000000303,-1.513339027836715811
0.467000000000000304,-1.498181027695186129
0.468000000000000305,-1.483621826165434587
0.469000000000000306,-1.469649438781476469
0.470000000000000306,-1.456251922579057556
0.471000000000000307,-1.443417381543528943
0.472000000000000308,-1.431133971852494469
0.473000000000000309,-1.419389906916493249
0.474000000000000310,-1.408173462221108174
0.475000000000000311,-1.397472979973901630
0.476000000000000312,-1.387276873559641910
0.477000000000000313,-1.377573631807253562
0.478000000000000314,-1.368351823072038398
0.479000000000000314,-1.359600099136719864
0.480000000000000315,-1.351307198934781351
0.481000000000000316,-1.343461952099773926
0.482000000000000317,-1.336053282344065840
0.483000000000000318,-1.329070210670690866
0.484000000000000319,-1.322501858421833543
0.485000000000000320,-1.316337450167577305
0.486000000000000321,-1.310566316438450674
0.487000000000000322,-1.305177896305375507
0.488000000000000322,-1.300161739810547390
0.489000000000000323,-1.295507510252827954
0.490000000000000324,-1.291204986331143445
0.491000000000000325,-1.287244064149421829
0.492000000000000326,-1.283614759086526558
0.493000000000000327,-1.280307207534671310
0.494000000000000328,-1.277311668509744758
0.495000000000000329,-1.274618525136927527
0.496000000000000330,-1.272218286014998423
0.497000000000000330,-1.270101586462662357
0.498000000000000331,-1.268259189650186025
0.499000000000000332,-1.266681987619625804
0.500000000000000333,-1.265361002196891516
0.501000000000000334,-1.264287385798786634
0.502000000000000335,-1.263452422138227949
0.503000000000000336,-1.262847526830717548
0.504000000000000337,-1.262464247905147108
0.505000000000000338,-1.262294266221940964
0.506000000000000338,-1.262329395801533138
0.507000000000000339,-1.262561584066086873
0.508000000000000340,-1.262982911997348134
0.509000000000000341,-1.263585594213485708
0.510000000000000342,-1.264361978967674105
0.511000000000000343,-1.265304548071189750
0.512000000000000344,-1.266405916743693627
0.513000000000000345,-1.267658833393350504
0.514000000000000346,-1.269056179329402401
0.515000000000000346,-1.270590968409690324
0.516000000000000347,-1.272256346625661561
0.517000000000000348,-1.274045591627318785
0.518000000000000349,-1.275952112190462895
0.519000000000000350,-1.277969447628608757
0.520000000000000351,-1.280091267151883150
0.521000000000000352,-1.282311369175125559
0.522000000000000353,-1.284623680577409388
0.523000000000000353,-1.287022255915127866
0.524000000000000354,-1.289501276590761636
0.525000000000000355,-1.292055049979372594
0.526000000000000356,-1.294678008514808187
0.527000000000000357,-1.297364708737634320
0.528000000000000358,-1.300109830306643399
0.529000000000000359,-1.302908174975847988
0.530000000000000360,-1.305754665538744197
0.531000000000000361,-1.308644344741655141
0.532000000000000361,-1.311572374167837340
0.533000000000000362,-1.314534033094076459
0.534000000000000363,-1.317524717321368222
0.535000000000000364,-1.320539937981302314
0.536000000000000365,-1.323575320319698267
0.537000000000000366,-1.326626602458984561
0.538000000000000367,-1.329689634140789778
0.539000000000000368,-1.332760375450198209
0.540000000000000369,-1.335834895522985066
0.541000000000000369,-1.338909371237251289
0.542000000000000370,-1.341980085890693397
0.543000000000000371,-1.345043427864802021
0.544000000000000372,-1.348095889277219239
0.545000000000000373,-1.351134064623404019
0.546000000000000374,-1.354154649408793265
0.547000000000000375,-1.357154438772536498
0.548000000000000376,-1.360130326103913490
0.549000000000000377,-1.363079301652436515
0.550000000000000377,-1.365998451132663272
0.551000000000000378,-1.368884954324699921
0.552000000000000379,-1.371736083671297957
0.553000000000000380,-1.374549202872497267
0.554000000000000381,-1.377321765478633608
0.555000000000000382,-1.380051313482603792
0.556000000000000383,-1.382735475912154177
0.557000000000000384,-1.385371967423008055
0.558000000000000385,-1.387958586893553337
0.559000000000000385,-1.390493216021848166
0.560000000000000386,-1.392973817925582170
0.561000000000000387,-1.395398435745730747
0.562000000000000388,-1.397765191254473516
0.563000000000000389,-1.400072283468048795
0.564000000000000390,-1.402317987265075505
0.565000000000000391,-1.404500652010957307
0.566000000000000392,-1.406618700188869031
0.567000000000000393,-1.408670626037854756
0.568000000000000393,-1.410654994198528911
0.569000000000000394,-1.412570438366848036
0.570000000000000395,-1.414415659956389515
0.571000000000000396,-1.416189426769574045
0.572000000000000397,-1.417890571678240397
0.573000000000000398,-1.419517991313926419
0.574000000000000399,-1.421070644768259505
0.575000000000000400,-1.422547552303770058
0.576000000000000401,-1.423947794075459683
0.577000000000000401,-1.425270508863451635
0.578000000000000402,-1.426514892816987068
0.579000000000000403,-1.427680198210039553
0.580000000000000404,-1.428765732208833850
0.581000000000000405,-1.429770855651473216
0.582000000000000406,-1.430694981839915503
0.583000000000000407,-1.431537575344504987
0.584000000000000408,-1.432298150821253779
0.585000000000000409,-1.432976271842039129
0.586000000000000409,-1.433571549737913342
0.587000000000000410,-1.434083642455639351
0.588000000000000411,-1.434512253427610684
0.589000000000000412,-1.434857130455297725
0.590000000000000413,-1.435118064606290877
0.591000000000000414,-1.435294889125080964
0.592000000000000415,-1.435387478357663671
0.593000000000000416,-1.435395746690019347
0.594000000000000417,-1.435319647500569396
0.595000000000000417,-1.435159172126655447
0.596000000000000418,-1.434914348845080401
0.597000000000000419,-1.434585241866772831
0.598000000000000420,-1.434171950345582980
0.599000000000000421,-1.433674607401239642
0.600000000000000422,-1.433093379156490599
0.601000000000000423,-1.432428463788413486
0.602000000000000424,-1.431680090593902888
0.603000000000000425,-1.430848519069331859
0.604000000000000425,-1.429934038004347041
0.605000000000000426,-1.428936964589784697
0.606000000000000427,-1.427857643539700794
0.607000000000000428,-1.426696446227397441
0.608000000000000429,-1.425453769835533402
0.609000000000000430,-1.424130036520097287
0.610000000000000431,-1.422725692588369117
0.611000000000000432,-1.421241207690661312
0.612000000000000433,-1.419677074025835983
0.613000000000000433,-1.418033805560557470
0.614000000000000434,-1.416311937262130005
0.615000000000000435,-1.414512024344885210
0.616000000000000436,-1.412634641530041479
0.617000000000000437,-1.410680382318923343
0.618000000000000438,-1.408649858279447331
0.619000000000000439,-1.406543698345795068
0.620000000000000440,-1.404362548131167232
0.621000000000000441,-1.402107069253507143
0.622000000000000441,-1.399777938674103384
0.623000000000000442,-1.397375848048927338
0.624000000000000443,-1.394901503092652373
0.625000000000000444,-1.392355622955194105
0.626000000000000445,-1.389738939610648094
0.627000000000000446,-1.387052197258558106
0.628000000000000447,-1.384296151737343106
0.629000000000000448,-1.381471569949782374
0.630000000000000449,-1.378579229300428199
0.631000000000000449,-1.375619917144824456
0.632000000000000450,-1.372594430250390962
0.633000000000000451,-1.369503574268881252
0.634000000000000452,-1.366348163220219014
0.635000000000000453,-1.363129018987641050
0.636000000000000454,-1.359846970823989087
0.637000000000000455,-1.356502854869010788
0.638000000000000456,-1.353097513677549157
0.639000000000000457,-1.349631795758476915
0.640000000000000457,-1.346106555124253035
0.641000000000000458,-1.342522650850931587
0.642000000000000459,-1.338880946648538295
0.643000000000000460,-1.335182310441621611
0.644000000000000461,-1.331427613959893508
0.645000000000000462,-1.327617732338781220
0.646000000000000463,-1.323753543729768944
0.647000000000000464,-1.319835928920398249
0.648000000000000465,-1.315865770963786430
0.649000000000000465,-1.311843954817507596
0.650000000000000466,-1.307771366991736572
0.651000000000000467,-1.303648895206471758
0.652000000000000468,-1.299477428057751016
0.653000000000000469,-1.295257854692668076
0.654000000000000470,-1.290991064493125062
0.655000000000000471,-1.286677946768107095
0.656000000000000472,-1.282319390454409680
0.657000000000000473,-1.277916283825639265
0.658000000000000473,-1.273469514209391029
0.659000000000000474,-1.268979967712445145
0.660000000000000475,-1.264448528953857842
0.661000000000000476,-1.259876080805810705
0.662000000000000477,-1.255263504142112518
0.663000000000000478,-1.250611677594178239
0.664000000000000479,-1.245921477314423376
0.665000000000000480,-1.241193776746854383
0.666000000000000481,-1.236429446404843535
0.667000000000000481,-1.231629353655835590
0.668000000000000482,-1.226794362512988013
0.669000000000000483,-1.221925333433517391
0.670000000000000484,-1.217023123123690764
0.671000000000000485,-1.212088584350322407
0.672000000000000486,-1.207122565758639521
0.673000000000000487,-1.202125911696454441
0.674000000000000488,-1.197099462044431517
0.675000000000000488,-1.192044052052424252
0.676000000000000489,-1.186960512181724159
0.677000000000000490,-1.181849667953089877
0.678000000000000491,-1.176712339800493945
0.679000000000000492,-1.171549342930431781
0.680000000000000493,-1.166361487186683643
0.681000000000000494,-1.161149576920474269
0.682000000000000495,-1.155914410865828357
0.683000000000000496,-1.150656782020117230
0.684000000000000496,-1.145377477529608834
0.685000000000000497,-1.140077278579965547
0.686000000000000498,-1.134756960291567696
0.687000000000000499,-1.129417291619563724
0.688000000000000500,-1.124059035258544448
0.689000000000000501,-1.118682947551749018
0.690000000000000502,-1.113289778404706887
0.691000000000000503,-1.107880271203196987
0.692000000000000504,-1.102455162735454630
0.693000000000000504,-1.097015183118534853
0.694000000000000505,-1.091561055728689222
0.695000000000000506,-1.086093497135755204
0.696000000000000507,-1.080613217041366703
0.697000000000000508,-1.075120918220971999
0.698000000000000509,-1.069617296469543621
0.699000000000000510,-1.064103040550881563
0.700000000000000511,-1.058578832150456561
0.701000000000000512,-1.053045345831673529
0.702000000000000512,-1.047503248995500957
0.703000000000000513,-1.041953201843378585
0.704000000000000514,-1.036395857343306082
0.705000000000000515,-1.030831861199059896
0.706000000000000516,-1.025261851822438341
0.707000000000000517,-1.019686460308481202
0.708000000000000518,-1.014106310413553702
0.709000000000000519,-1.008522018536277987
0.710000000000000520,-1.002934193701161325
0.711000000000000520,-0.997343437544935485
0.712000000000000521,-0.991750344305464160
0.713000000000000522,-0.986155500813188923
0.714000000000000523,-0.980559486485048759
0.715000000000000524,-0.974962873320764922
0.716000000000000525,-0.969366225901494460
0.717000000000000526,-0.963770101390709732
0.718000000000000527,-0.958175049537304035
0.719000000000000528,-0.952581612680817313
0.720000000000000528,-0.946990325758771179
0.721000000000000529,-0.941401716315964365
0.722000000000000530,-0.935816304515799224
0.723000000000000531,-0.930234603153442530
0.724000000000000532,-0.924657117670871664
0.725000000000000533,-0.919084346173696831
0.726000000000000534,-0.913516779449706107
0.727000000000000535,-0.907954900989106028
0.728000000000000536,-0.902399187006372783
0.729000000000000536,-0.896850106463691565
0.730000000000000537,-0.891308121095919725
0.731000000000000538,-0.885773685437001967
0.732000000000000539,-0.880247246847848830
0.733000000000000540,-0.874729245545555090
0.734000000000000541,-0.869220114633977081
0.735000000000000542,-0.863720280135570895
0.736000000000000543,-0.858230161024496896
0.737000000000000544,-0.852750169260888535
0.738000000000000544,-0.847280709826309986
0.739000000000000545,-0.841822180760283367
0.740000000000000546,-0.836374973197919758
0.741000000000000547,-0.830939471408544073
0.742000000000000548,-0.825516052835358449
0.743000000000000549,-0.820105088135992033
0.744000000000000550,-0.814706941223999559
0.745000000000000551,-0.809321969311238454
0.746000000000000552,-0.803950522951053181
0.747000000000000552,-0.798592946082298138
0.748000000000000553,-0.793249576074089413
0.749000000000000554,-0.787920743771311827
0.750000000000000555,-0.782606773540828193
0.751000000000000556,-0.777307983318328732
0.752000000000000557,-0.772024684655855054
0.753000000000000558,-0.766757182769878143
0.754000000000000559,-0.761505776589994965
0.755000000000000560,-0.756270758808135213
0.756000000000000560,-0.751052415928306627
0.757000000000000561,-0.745851028316799169
0.758000000000000562,-0.740666870252862930
0.759000000000000563,-0.735500209979820796
0.760000000000000564,-0.730351309756570144
0.761000000000000565,-0.725220425909474442
0.762000000000000566,-0.720107808884599576
0.763000000000000567,-0.715013703300285131
0.764000000000000568,-0.709938348000010100
0.765000000000000568,-0.704881976105555030
0.766000000000000569,-0.699844815070405746
0.767000000000000570,-0.694827086733408317
0.768000000000000571,-0.689829007372613767
0.769000000000000572,-0.684850787759349711
0.770000000000000573,-0.679892633212433761
0.771000000000000574,-0.674954743652562805
0.772000000000000575,-0.670037313656815292
0.773000000000000576,-0.665140532513279092
0.774000000000000576,-0.660264584275771282
0.775000000000000577,-0.655409647818645302
0.776000000000000578,-0.650575896891629646
0.777000000000000579,-0.645763500174752925
0.778000000000000580,-0.640972621333248727
0.779000000000000581,-0.636203419072511211
0.780000000000000582,-0.631456047193008407
0.781000000000000583,-0.626730654645215934
0.782000000000000584,-0.622027385584476677
0.783000000000000584,-0.617346379425830483
0.784000000000000585,-0.612687770898785899
0.785000000000000586,-0.608051690101994780
0.786000000000000587,-0.603438262557857819
0.787000000000000588,-0.598847609267015968
0.788000000000000589,-0.594279846762719832
0.789000000000000590,-0.589735087165098704
0.790000000000000591,-0.585213438235257177
0.791000000000000592,-0.580715003429249976
0.792000000000000592,-0.576239881951878807
0.793000000000000593,-0.571788168810327235
0.794000000000000594,-0.567359954867606375
0.795000000000000595,-0.562955326895832386
0.796000000000000596,-0.558574367629257940
0.797000000000000597,-0.554217155817151363
0.798000000000000598,-0.549883766276411778
0.799000000000000599,-0.545574269943979173
0.800000000000000600,-0.541288733929011556
0.801000000000000600,-0.537027221564802648
0.802000000000000601,-0.532789792460469536
0.803000000000000602,-0.528576502552362215
0.804000000000000603,-0.524387404155230552
0.805000000000000604,-0.520222546013105580
0.806000000000000605,-0.516081973349891587
0.807000000000000606,-0.511965727919711400
0.808000000000000607,-0.507873848056916155
0.809000000000000608,-0.503806368725828735
0.810000000000000608,-0.499763321570190489
0.811000000000000609,-0.495744734962262457
0.812000000000000610,-0.491750634051664970
0.813000000000000611,-0.487781040813858868
0.814000000000000612,-0.483835974098331512
0.815000000000000613,-0.479915449676456329
0.816000000000000614,-0.476019480288996211
0.817000000000000615,-0.472148075693308744
0.818000000000000616,-0.468301242710195353
0.819000000000000616,-0.464478985270406208
0.820000000000000617,-0.460681304460807461
0.821000000000000618,-0.456908198570203816
0.822000000000000619,-0.453159663134810764
0.823000000000000620,-0.449435690983364888
0.824000000000000621,-0.445736272281882784
0.825000000000000622,-0.442061394578064870
0.826000000000000623,-0.438411042845340826
0.827000000000000624,-0.434785199526540933
0.828000000000000624,-0.431183844577220365
0.829000000000000625,-0.427606955508592068
0.830000000000000626,-0.424054507430119798
0.831000000000000627,-0.420526473091717867
0.832000000000000628,-0.417022822925607273
0.833000000000000629,-0.413543525087758046
0.834000000000000630,-0.410088545499002255
0.835000000000000631,-0.406657847885747603
0.836000000000000631,-0.403251393820317161
0.837000000000000632,-0.399869142760928442
0.838000000000000633,-0.396511052091271576
0.839000000000000634,-0.393177077159733712
0.840000000000000635,-0.389867171318241224
0.841000000000000636,-0.386581285960701571
0.842000000000000637,-0.383319370561110095
0.843000000000000638,-0.380081372711236765
0.844000000000000639,-0.376867238157962026
0.845000000000000639,-0.373676910840225029
0.846000000000000640,-0.370510332925589048
0.847000000000000641,-0.367367444846453672
0.848000000000000642,-0.364248185335859731
0.849000000000000643,-0.361152491462929603
0.850000000000000644,-0.358080298667959540
0.851000000000000645,-0.355031540797077050
0.852000000000000646,-0.352006150136593754
0.853000000000000647,-0.349004057446930527
0.854000000000000647,-0.346025191996199855
0.855000000000000648,-0.343069481593405778
0.856000000000000649,-0.340136852621283514
0.857000000000000650,-0.337227230068760264
0.858000000000000651,-0.334340537563046492
0.859000000000000652,-0.331476697401372422
0.860000000000000653,-0.328635630582355120
0.861000000000000654,-0.325817256836989921
0.862000000000000655,-0.323021494659305131
0.863000000000000655,-0.320248261336621654
0.864000000000000656,-0.317497472979490380
0.865000000000000657,-0.314769044551237998
0.866000000000000658,-0.312062889897180340
0.867000000000000659,-0.309378921773479143
0.868000000000000660,-0.306717051875628255
0.869000000000000661,-0.304077190866605229
0.870000000000000662,-0.301459248404675417
0.871000000000000663,-0.298863133170842177
0.872000000000000663,-0.296288752895947360
0.873000000000000664,-0.293736014387442235
0.874000000000000665,-0.291204823555802017
0.875000000000000666,-0.288695085440619503
0.876000000000000667,-0.286206704236336651
0.877000000000000668,-0.283739583317665356
0.878000000000000669,-0.281293625264665281
0.879000000000000670,-0.278868731887478849
0.880000000000000671,-0.276464804250766749
0.881000000000000671,-0.274081742697779351
0.882000000000000672,-0.271719446874140513
0.883000000000000673,-0.269377815751282168
0.884000000000000674,-0.267056747649574211
0.885000000000000675,-0.264756140261127482
0.886000000000000676,-0.262475890672289713
0.887000000000000677,-0.260215895385824791
0.888000000000000678,-0.257976050342771934
0.889000000000000679,-0.255756250944018881
0.890000000000000679,-0.253556392071545400
0.891000000000000680,-0.251376368109381243
0.892000000000000681,-0.249216072964250079
0.893000000000000682,-0.247075400085922936
0.894000000000000683,-0.244954242487265550
0.895000000000000684,-0.242852492764009220
0.896000000000000685,-0.240770043114209076
0.897000000000000686,-0.238706785357425039
0.898000000000000687,-0.236662610953625979
0.899000000000000687,-0.234637411021777126
0.900000000000000688,-0.232631076358183864
0.901000000000000689,-0.230643497454526669
0.902000000000000690,-0.228674564515643025
0.903000000000000691,-0.226724167477013294
0.904000000000000692,-0.224792196021988661
0.905000000000000693,-0.222878539598742542
0.906000000000000694,-0.220983087436964321
0.907000000000000695,-0.219105728564269187
0.908000000000000695,-0.217246351822376893
0.909000000000000696,-0.215404845882991941
0.910000000000000697,-0.213581099263465857
0.911000000000000698,-0.211775000342172337
0.912000000000000699,-0.209986437373650497
0.913000000000000700,-0.208215298503497376
0.914000000000000701,-0.206461471782988459
0.915000000000000702,-0.204724845183497012
0.916000000000000703,-0.203005306610625935
0.917000000000000703,-0.201302743918136073
0.918000000000000704,-0.199617044921607367
0.919000000000000705,-0.197948097411885904
0.920000000000000706,-0.196295789168294210
0.921000000000000707,-0.194660007971597382
0.922000000000000708,-0.193040641616758296
0.923000000000000709,-0.191437577925467672
0.924000000000000710,-0.189850704758427274
0.925000000000000711,-0.188279910027446651
0.926000000000000711,-0.186725081707293100
0.927000000000000712,-0.185186107847341019
0.928000000000000713,-0.183662876583004647
0.929000000000000714,-0.182155276146957423
0.930000000000000715,-0.180663194880140987
0.931000000000000716,-0.179186521242570479
0.932000000000000717,-0.177725143823942167
0.933000000000000718,-0.176278951354018082
0.934000000000000719,-0.174847832712839074
0.935000000000000719,-0.173431676940717344
0.936000000000000720,-0.172030373248045598
0.937000000000000721,-0.170643811024908221
0.938000000000000722,-0.169271879850509455
0.939000000000000723,-0.167914469502397579
0.940000000000000724,-0.166571469965524660
0.941000000000000725,-0.165242771441098751
0.942000000000000726,-0.163928264355277575
0.943000000000000727,-0.162627839367658122
0.944000000000000727,-0.161341387379612622
0.945000000000000728,-0.160068799542437606
0.946000000000000729,-0.158809967265317487
0.947000000000000730,-0.157564782223146821
0.948000000000000731,-0.156333136364152192
0.949000000000000732,-0.155114921917372778
0.950000000000000733,-0.153910031399954350
0.951000000000000734,-0.152718357624305606
0.952000000000000735,-0.151539793705064374
0.953000000000000735,-0.150374233065925900
0.954000000000000736,-0.149221569446309904
0.955000000000000737,-0.148081696907871790
0.956000000000000738,-0.146954509840860004
0.957000000000000739,-0.145839902970323620
0.958000000000000740,-0.144737771362171308
0.959000000000000741,-0.143648010429084289
0.960000000000000742,-0.142570515936286280
0.961000000000000743,-0.141505184007163581
0.962000000000000743,-0.140451911128751161
0.963000000000000744,-0.139410594157074602
0.964000000000000745,-0.138381130322364349
0.965000000000000746,-0.137363417234118185
0.966000000000000747,-0.136357352886046057
0.967000000000000748,-0.135362835660869069
0.968000000000000749,-0.134379764335009422
0.969000000000000750,-0.133408038083120434
0.970000000000000751,-0.132447556482528844
0.971000000000000751,-0.131498219517512061
0.972000000000000752,-0.130559927583481089
0.973000000000000753,-0.129632581491043147
0.974000000000000754,-0.128716082469917004
0.975000000000000755,-0.127810332172763441
0.976000000000000756,-0.126915232678878581
0.977000000000000757,-0.126030686497780986
0.978000000000000758,-0.125156596572678691
0.979000000000000759,-0.124292866283847767
0.980000000000000759,-0.123439399451861137
0.981000000000000760,-0.122596100340745751
0.982000000000000761,-0.121762873661025159
0.983000000000000762,-0.120939624572642040
0.984000000000000763,-0.120126258687789006
0.985000000000000764,-0.119322682073646907
0.986000000000000765,-0.118528801255001787
0.987000000000000766,-0.117744523216778016
0.988000000000000766,-0.116969755406471212
0.989000000000000767,-0.116204405736487978
0.990000000000000768,-0.115448382586387205
0.991000000000000769,-0.114701594805021706
0.992000000000000770,-0.113963951712606648
0.993000000000000771,-0.113235363102689474
0.994000000000000772,-0.112515739244018517
0.995000000000000773,-0.111804990882351546
0.996000000000000774,-0.111103029242151097
0.997000000000000774,-0.110409766028213646
0.998000000000000775,-0.109725113427209392
0.999000000000000776,-0.109048984109140351
1.000000000000000666,-0.108381291228717563
1.001000000000000778,-0.107721948426664743
1.002000000000000668,-0.107070869830935542
1.003000000000000780,-0.106427970057860380
1.004000000000000670,-0.105793164213216093
1.005000000000000782,-0.105166367893225837
1.006000000000000671,-0.104547497185480370
1.007000000000000783,-0.103936468669785079
1.008000000000000673,-0.103333199418951319
1.009000000000000785,-0.102737606999502712
1.010000000000000675,-0.102149609472323183
1.011000000000000787,-0.101569125393229667
1.012000000000000677,-0.100996073813495554
1.013000000000000789,-0.100430374280290335
1.014000000000000679,-0.099871946837063699
1.015000000000000790,-0.099320712023875365
1.016000000000000680,-0.098776590877654072
1.017000000000000792,-0.098239504932396138
1.018000000000000682,-0.097709376219313457
1.019000000000000794,-0.097186127266913266
1.020000000000000684,-0.096669681101031996
1.021000000000000796,-0.096159961244805331
1.022000000000000686,-0.095656891718584186
1.023000000000000798,-0.095160397039804057
1.024000000000000687,-0.094670402222788330
1.025000000000000799,-0.094186832778518054
1.026000000000000689,-0.093709614714332340
1.027000000000000801,-0.093238674533591984
1.028000000000000691,-0.092773939235290800
1.029000000000000803,-0.092315336313614882
1.030000000000000693,-0.091862793757457109
1.031000000000000805,-0.091416240049895903
1.032000000000000695,-0.090975604167602919
1.033000000000000806,-0.090540815580243378
1.034000000000000696,-0.090111804249798005
1.035000000000000808,-0.089688500629859891
1.036000000000000698,-0.089270835664889525
1.037000000000000810,-0.088858740789434523
1.038000000000000700,-0.088452147927282718
1.039000000000000812,-0.088050989490610118
1.040000000000000702,-0.087655198379071625
1.041000000000000814,-0.087264707978861031
1.042000000000000703,-0.086879452161718926
1.043000000000000815,-0.086499365283933871
1.044000000000000705,-0.086124382185283288
1.045000000000000817,-0.085754438187944509
1.046000000000000707,-0.085389469095384835
1.047000000000000819,-0.085029411191208201
1.048000000000000709,-0.084674201237961960
1.049000000000000821,-0.084323776475939277
1.050000000000000711,-0.083978074621911647
1.051000000000000822,-0.083637033867874494
1.052000000000000712,-0.083300592879729865
1.053000000000000824,-0.082968690795951858
1.054000000000000714,-0.082641267226232967
1.055000000000000826,-0.082318262250087412
1.056000000000000716,-0.081999616415441998
1.057000000000000828,-0.081685270737189911
1.058000000000000718,-0.081375166695726003
1.059000000000000830,-0.081069246235453293
1.060000000000000719,-0.080767451763274434
1.061000000000000831,-0.080469726147039969
1.062000000000000721,-0.080176012713998407
1.063000000000000833,-0.079886255249209226
1.064000000000000723,-0.079600397993929844
1.065000000000000835,-0.079318385643997319
1.066000000000000725,-0.079040163348181203
1.067000000000000837,-0.078765676706504070
1.068000000000000727,-0.078494871768572699
1.069000000000000838,-0.078227695031854144
1.070000000000000728,-0.077964093439966520
1.071000000000000840,-0.077704014380927985
1.072000000000000730,-0.077447405685402398
1.073000000000000842,-0.077194215624921236
1.074000000000000732,-0.076944392910089768
1.075000000000000844,-0.076697886688782344
1.076000000000000734,-0.076454646544318688
1.077000000000000846,-0.076214622493621417
1.078000000000000735,-0.075977764985371996
1.079000000000000847,-0.075744024898134268
1.080000000000000737,-0.075513353538486871
1.081000000000000849,-0.075285702639116048
1.082000000000000739,-0.075061024356924771
1.083000000000000851,-0.074839271271104527
1.084000000000000741,-0.074620396381215745
1.085000000000000853,-0.074404353105239712
1.086000000000000743,-0.074191095277632985
1.087000000000000854,-0.073980577147362850
1.088000000000000744,-0.073772753375945771
1.089000000000000856,-0.073567579035447875
1.090000000000000746,-0.073365009606513612
1.091000000000000858,-0.073165000976360042
1.092000000000000748,-0.072967509436767553
1.093000000000000860,-0.072772491682069299
1.094000000000000750,-0.072579904807125228
1.095000000000000862,-0.072389706305292206
1.096000000000000751,-0.072201854066394164
1.097000000000000863,-0.072016306374665121
1.098000000000000753,-0.071833021906712174
1.099000000000000865,-0.071651959729457329
1.100000000000000755,-0.071473079298068176
1.101000000000000867,-0.071296340453900459
1.102000000000000757,-0.071121703422423702
1.103000000000000869,-0.070949128811147316
1.104000000000000759,-0.070778577607532853
1.105000000000000870,-0.070610011176923032
1.106000000000000760,-0.070443391260437777
1.107000000000000872,-0.070278679972896246
1.108000000000000762,-0.070115839800719559
1.109000000000000874,-0.069954833599827043
1.110000000000000764,-0.069795624593543992
1.111000000000000876,-0.069638176370494437
1.112000000000000766,-0.069482452882501961
1.113000000000000878,-0.069328418442477988
1.114000000000000767,-0.069176037722323794
1.115000000000000879,-0.069025275750810175
1.116000000000000769,-0.068876097911477502
1.117000000000000881,-0.068728469940522036
1.118000000000000771,-0.068582357924684700
1.119000000000000883,-0.068437728299141881
1.120000000000000773,-0.068294547845396986
1.121000000000000885,-0.068152783689161292
1.122000000000000774,-0.068012403298253338
1.123000000000000886,-0.067873374480483986
1.124000000000000776,-0.067735665381552637
1.125000000000000888,-0.067599244482930615
1.126000000000000778,-0.067464080599762916
1.127000000000000890,-0.067330142878767291
1.128000000000000780,-0.067197400796116719
1.129000000000000892,-0.067065824155352366
1.130000000000000782,-0.066935383085277439
1.131000000000000894,-0.066806048037862401
1.132000000000000783,-0.066677789786149674
1.133000000000000895,-0.066550579422165884
1.134000000000000785,-0.066424388354823796
1.135000000000000897,-0.066299188307850532
1.136000000000000787,-0.066174951317689704
1.137000000000000899,-0.066051649731436304
1.138000000000000789,-0.065929256204743672
1.139000000000000901,-0.065807743699774698
1.140000000000000790,-0.065687085483112542
1.141000000000000902,-0.065567255123700263
1.142000000000000792,-0.065448226490790906
1.143000000000000904,-0.065329973751881654
1.144000000000000794,-0.065212471370666852
1.145000000000000906,-0.065095694104981949
1.146000000000000796,-0.064979617004776238
1.147000000000000908,-0.064864215410061515
1.148000000000000798,-0.064749464948885824
1.149000000000000909,-0.064635341535305105
1.150000000000000799,-0.064521821367355528
1.151000000000000689,-0.064408880925043988
1.152000000000000801,-0.064296496968332145
1.153000000000000913,-0.064184646535128134
1.154000000000000803,-0.064073306939290448
1.155000000000000693,-0.063962455768625512
1.156000000000000805,-0.063852070882912032
1.157000000000000917,-0.063742130411901354
1.158000000000000806,-0.063632612753350831
1.159000000000000696,-0.063523496571051524
1.160000000000000808,-0.063414760792860000
1.161000000000000920,-0.063306384608743216
1.162000000000000810,-0.063198347468826771
1.163000000000000700,-0.063090629081444735
1.164000000000000812,-0.062983209411209842
1.165000000000000924,-0.062876068677071045
1.166000000000000814,-0.062769187350395605
1.167000000000000703,-0.062662546153048670
1.168000000000000815,-0.062556126055481345
1.169000000000000927,-0.062449908274825182
1.170000000000000817,-0.062343874272999478
1.171000000000000707,-0.062238005754811997
1.172000000000000819,-0.062132284666088652
1.173000000000000931,-0.062026693191788253
1.174000000000000821,-0.061921213754133578
1.175000000000000711,-0.061815829010759028
1.176000000000000822,-0.061710521852850433
1.177000000000000934,-0.061605275403301032
1.178000000000000824,-0.061500073014874104
1.179000000000000714,-0.061394898268368157
1.180000000000000826,-0.061289734970803991
1.181000000000000938,-0.061184567153598393
1.182000000000000828,-0.061079379070762961
1.183000000000000718,-0.060974155197104071
1.184000000000000830,-0.060868880226434253
1.185000000000000941,-0.060763539069775899
1.186000000000000831,-0.060658116853606191
1.187000000000000721,-0.060552598918071278
1.188000000000000833,-0.060446970815237769
1.189000000000000945,-0.060341218307337276
1.190000000000000835,-0.060235327365025737
1.191000000000000725,-0.060129284165638772
1.192000000000000837,-0.060023075091487202
1.193000000000000949,-0.059916686728108758
1.194000000000000838,-0.059810105862586338
1.195000000000000728,-0.059703319481823905
1.196000000000000840,-0.059596314770865480
1.197000000000000952,-0.059489079111209840
1.198000000000000842,-0.059381600079125671
1.199000000000000732,-0.059273865443993712
1.200000000000000844,-0.059165863166633047
1.201000000000000956,-0.059057581397665926
1.202000000000000846,-0.058949008475860799
1.203000000000000735,-0.058840132926509178
1.204000000000000847,-0.058730943459786224
1.205000000000000959,-0.058621428969149195
1.206000000000000849,-0.058511578529715239
1.207000000000000739,-0.058401381396666049
1.208000000000000851,-0.058290827003657605
1.209000000000000963,-0.058179904961235838
1.210000000000000853,-0.058068605055258640
1.211000000000000743,-0.057956917245334916
1.212000000000000854,-0.057844831663262118
1.213000000000000966,-0.057732338611481492
1.214000000000000856,-0.057619428561536776
1.215000000000000746,-0.057506092152537699
1.216000000000000858,-0.057392320189647371
1.217000000000000970,-0.057278103642555367
1.218000000000000860,-0.057163433643980056
1.219000000000000750,-0.057048301488171173
1.220000000000000862,-0.056932698629417675
1.221000000000000973,-0.056816616680567436
1.222000000000000863,-0.056700047411562718
1.223000000000000753,-0.056582982747967879
1.224000000000000865,-0.056465414769521140
1.225000000000000977,-0.056347335708691826
1.226000000000000867,-0.056228737949234553
1.227000000000000757,-0.056109614024769640
1.228000000000000869,-0.055989956617352579
1.229000000000000981,-0.055869758556083185
1.230000000000000870,-0.055749012815676305
1.231000000000000760,-0.055627712515087510
1.232000000000000872,-0.055505850916124824
1.233000000000000984,-0.055383421422059431
1.234000000000000874,-0.055260417576275943
1.235000000000000764,-0.055136833060896229
1.236000000000000876,-0.055012661695437393
1.237000000000000988,-0.054887897435464850
1.238000000000000878,-0.054762534371261953
1.239000000000000767,-0.054636566726498748
1.240000000000000879,-0.054509988856919447
1.241000000000000991,-0.054382795249029760
1.242000000000000881,-0.054254980518797437
1.243000000000000771,-0.054126539410363037
1.244000000000000883,-0.053997466794747415
1.245000000000000995,-0.053867757668588021
1.246000000000000885,-0.053737407152864361
1.247000000000000774,-0.053606410491639236
1.248000000000000886,-0.053474763050809372
1.249000000000000998,-0.053342460316866902
1.250000000000000888,-0.053209497895659721
1.251000000000000778,-0.053075871511167237
1.252000000000000890,-0.052941577004286165
1.253000000000001002,-0.052806610331613969
1.254000000000000892,-0.052670967564259819
1.255000000000000782,-0.052534644886637796
1.256000000000000894,-0.052397638595292749
1.257000000000001005,-0.052259945097716434
1.258000000000000895,-0.052121560911185069
1.259000000000000785,-0.051982482661592756
1.260000000000000897,-0.051842707082302396
1.261000000000001009,-0.051702231013003017
1.262000000000000899,-0.051561051398565247
1.263000000000000789,-0.051419165287922078
1.264000000000000901,-0.051276569832944666
1.265000000000001013,-0.051133262287326765
1.266000000000000902,-0.050989240005481794
1.267000000000000792,-0.050844500441449156
1.268000000000000904,-0.050699041147798128
1.269000000000001016,-0.050552859774551727
1.270000000000000906,-0.050405954068113289
1.271000000000000796,-0.050258321870196999
1.272000000000000908,-0.050109961116769963
1.273000000000001020,-0.049960869837004970
1.274000000000000909,-0.049811046152236693
1.275000000000000799,-0.049660488274920048
1.276000000000000911,-0.049509194507614727
1.277000000000001023,-0.049357163241952773
1.278000000000000913,-0.049204392957633222
1.279000000000000803,-0.049050882221414446
1.280000000000000915,-0.048896629686120574
1.281000000000001027,-0.048741634089639219
1.282000000000000917,-0.048585894253955861
1.283000000000000806,-0.048429409084164682
1.284000000000000918,-0.048272177567507062
1.285000000000001030,-0.048114198772407975
1.286000000000000920,-0.047955471847526424
1.287000000000000810,-0.047795996020801840
1.288000000000000922,-0.047635770598525029
1.289000000000001034,-0.047474794964397507
1.290000000000000924,-0.047313068578607856
1.291000000000000814,-0.047150590976922556
1.292000000000000925,-0.046987361769762419
1.293000000000001037,-0.046823380641311460
1.294000000000000927,-0.046658647348612400
1.295000000000000817,-0.046493161720679764
1.296000000000000929,-0.046326923657619021
1.297000000000001041,-0.046159933129744743
1.298000000000000931,-0.045992190176722583
1.299000000000000821,-0.045823694906699186
1.300000000000000933,-0.045654447495446462
1.301000000000001044,-0.045484448185519576
1.302000000000000934,-0.045313697285409266
1.303000000000000824,-0.045142195168715128
1.304000000000000936,-0.044969942273304517
1.305000000000001048,-0.044796939100505251
1.306000000000000938,-0.044623186214284051
1.307000000000000828,-0.044448684240434203
1.308000000000000940,-0.044273433865780185
1.309000000000001052,-0.044097435837384284
1.310000000000000941,-0.043920690961752641
1.311000000000000831,-0.043743200104052214
1.312000000000000943,-0.043564964187335513
1.313000000000001055,-0.043385984191782384
1.314000000000000945,-0.043206261153920650
1.315000000000000835,-0.043025796165875027
1.316000000000000947,-0.042844590374622162
1.317000000000001059,-0.042662644981241178
1.318000000000000949,-0.042479961240173440
1.319000000000000838,-0.042296540458498559
1.320000000000000950,-0.042112383995202424
1.321000000000001062,-0.041927493260456188
1.322000000000000952,-0.041741869714908938
1.323000000000000842,-0.041555514868974970
1.324000000000000954,-0.041368430282136368
1.325000000000001066,-0.041180617562241131
1.326000000000000956,-0.040992078364823811
1.327000000000000846,-0.040802814392408585
1.328000000000000957,-0.040612827393845231
1.329000000000001069,-0.040422119163624329
1.330000000000000959,-0.040230691541222850
1.331000000000000849,-0.040038546410435485
1.332000000000000961,-0.039845685698720851
1.333000000000001073,-0.039652111376555318
1.334000000000000963,-0.039457825456791502
1.335000000000000853,-0.039262829994010498
1.336000000000000965,-0.039067127083904814
1.337000000000001076,-0.038870718862638688
1.338000000000000966,-0.038673607506233748
1.339000000000000856,-0.038475795229952196
1.340000000000000968,-0.038277284287686453
1.341000000000001080,-0.038078076971352549
1.342000000000000970,-0.037878175610296265
1.343000000000000860,-0.037677582570692598
1.344000000000000972,-0.037476300254961528
1.345000000000001084,-0.037274331101187483
1.346000000000000973,-0.037071677582531791
1.347000000000000863,-0.036868342206670554
1.348000000000000975,-0.036664327515217240
1.349000000000001087,-0.036459636083169780
1.350000000000000977,-0.036254270518347669
1.351000000000000867,-0.036048233460841933
1.352000000000000979,-0.035841527582462118
1.353000000000001091,-0.035634155586205175
1.354000000000000981,-0.035426120205712841
1.355000000000000870,-0.035217424204732839
1.356000000000000982,-0.035008070376602488
1.357000000000001094,-0.034798061543723766
1.358000000000000984,-0.034587400557039925
1.359000000000000874,-0.034376090295528253
1.360000000000000986,-0.034164133665693389
1.361000000000001098,-0.033951533601062109
1.362000000000000988,-0.033738293061682002
1.363000000000000878,-0.033524415033633889
1.364000000000000989,-0.033309902528542233
1.365000000000001101,-0.033094758583085658
1.366000000000000991,-0.032878986258521162
1.367000000000000881,-0.032662588640211473
1.368000000000000993,-0.032445568837150808
1.369000000000001105,-0.032227929981499301
1.370000000000000995,-0.032009675228124326
1.371000000000000885,-0.031790807754140268
1.372000000000000997,-0.031571330758458957
1.373000000000001108,-0.031351247461343351
1.374000000000000998,-0.031130561103950405
1.375000000000000888,-0.030909274947915337
1.376000000000001000,-0.030687392274894969
1.377000000000001112,-0.030464916386148587
1.378000000000001002,-0.030241850602107261
1.379000000000000892,-0.030018198261952862
1.380000000000001004,-0.029793962723199209
1.381000000000001116,-0.029569147361281124
1.382000000000001005,-0.029343755569139006
1.383000000000000895,-0.029117790756817204
1.384000000000001007,-0.028891256351063193
1.385000000000001119,-0.028664155794926316
1.386000000000001009,-0.028436492547369040
1.387000000000000899,-0.028208270082869007
1.388000000000001011,-0.027979491891049257
1.389000000000001123,-0.027750161476276108
1.390000000000001013,-0.027520282357298122
1.391000000000000902,-0.027289858066862537
1.392000000000001014,-0.027058892151350478
1.393000000000001126,-0.026827388170407494
1.394000000000001016,-0.026595349696585280
1.395000000000000906,-0.026362780314978684
1.396000000000001018,-0.026129683622869614
1.397000000000001130,-0.025896063229382611
1.398000000000001020,-0.025661922755133577
1.399000000000000909,-0.025427265831883129
1.400000000000001021,-0.025192096102198268
1.401000000000001133,-0.024956417219121473
1.402000000000001023,-0.024720232845827007
1.403000000000000913,-0.024483546655299192
1.404000000000001025,-0.024246362330005513
1.405000000000001137,-0.024008683561569991
1.406000000000001027,-0.023770514050456687
1.407000000000000917,-0.023531857505660714
1.408000000000001029,-0.023292717644380199
1.409000000000001140,-0.023053098191724044
1.410000000000001030,-0.022813002880396390
1.411000000000000920,-0.022572435450399199
1.412000000000001032,-0.022331399648728493
1.413000000000001144,-0.022089899229086656
1.414000000000001034,-0.021847937951582488
1.415000000000000924,-0.021605519582445203
1.416000000000001036,-0.021362647893740365
1.417000000000001148,-0.021119326663086697
1.418000000000001037,-0.020875559673373529
1.419000000000000927,-0.020631350712487152
1.420000000000001039,-0.020386703573035531
1.421000000000001151,-0.020141622052083166
1.422000000000001041,-0.019896109950879450
1.423000000000000931,-0.019650171074593516
1.424000000000001043,-0.019403809232056840
1.425000000000001155,-0.019157028235505146
1.426000000000001044,-0.018909831900320286
1.427000000000000934,-0.018662224044782214
1.428000000000001046,-0.018414208489815020
1.429000000000001158,-0.018165789058742672
1.430000000000001048,-0.017916969577050537
1.431000000000000938,-0.017667753872135004
1.432000000000001050,-0.017418145773074052
1.433000000000001162,-0.017168149110390295
1.434000000000001052,-0.016917767715813291
1.435000000000000941,-0.016667005422061110
1.436000000000001053,-0.016415866062602636
1.437000000000001165,-0.016164353471438055
1.438000000000001055,-0.015912471482882017
1.439000000000000945,-0.015660223931337230
1.440000000000001057,-0.015407614651084964
1.441000000000001169,-0.015154647476065408
1.442000000000001059,-0.014901326239669974
1.443000000000000949,-0.014647654774541167
1.444000000000001060,-0.014393636912353295
1.445000000000001172,-0.014139276483613239
1.446000000000001062,-0.013884577317471622
1.447000000000000952,-0.013629543241505971
1.448000000000001064,-0.013374178081540875
1.449000000000001176,-0.013118485661448442
1.450000000000001066,-0.012862469802955533
1.451000000000000956,-0.012606134325459581
1.452000000000001068,-0.012349483045842182
1.453000000000001180,-0.012092519778282938
1.454000000000001069,-0.011835248334082405
1.455000000000000959,-0.011577672521479860
1.456000000000001071,-0.011319796145476740
1.457000000000001183,-0.011061623007668029
1.458000000000001073,-0.010803156906063935
1.459000000000000963,-0.010544401634921392
1.460000000000001075,-0.010285360984581026
1.461000000000001187,-0.010026038741293564
1.462000000000001076,-0.009766438687071399
1.463000000000000966,-0.009506564599509926
1.464000000000001078,-0.009246420251640514
1.465000000000001190,-0.008986009411775395
1.466000000000001080,-0.008725335843341642
1.467000000000000970,-0.008464403304742161
1.468000000000001082,-0.008203215549198044
1.469000000000001194,-0.007941776324601314
1.470000000000001084,-0.007680089373371696
1.471000000000000973,-0.007418158432306981
1.472000000000001085,-0.007155987232449956
1.473000000000001197,-0.006893579498940384
1.474000000000001087,-0.006630938950879600
1.475000000000000977,-0.006368069301193905
1.476000000000001089,-0.006104974256504252
1.477000000000001201,-0.005841657516989366
1.478000000000001091,-0.005578122776255587
1.479000000000000981,-0.005314373721213185
1.480000000000001092,-0.005050414031942155
1.481000000000001204,-0.004786247381578001
1.482000000000001094,-0.004521877436176707
1.483000000000000984,-0.004257307854606151
1.484000000000001096,-0.003992542288418758
1.485000000000001208,-0.003727584381731510
1.486000000000001098,-0.003462437771122278
1.487000000000000988,-0.003197106085505181
1.488000000000001100,-0.002931592946019693
1.489000000000001211,-0.002665901965927346
1.490000000000001101,-0.002400036750496029
1.491000000000000991,-0.002134000896892884
1.492000000000001103,-0.001867797994087427
1.493000000000001215,-0.001601431622737046
1.494000000000001105,-0.001334905355089994
1.495000000000000995,-0.001068222754887468
1.496000000000001107,-0.000801387377261325
1.497000000000001219,-0.000534402768636824
1.498000000000001108,-0.000267272466640024
1.499000000000000998,0.000000000000000000
