# CNT15-OH-14_CS-8897-AC
# h[nm],U(h)[kJ/mol]
0.200000000000000011,68.260466970501880724
0.201000000000000012,66.718196058582691421
0.202000000000000013,65.473066843638633827
0.203000000000000014,64.357566077579292596
0.204000000000000015,63.278199703217943295
0.205000000000000016,62.188624508197882790
0.206000000000000016,61.071215313117832579
0.207000000000000017,59.924695309191221781
0.208000000000000018,58.756070446901659921
0.209000000000000019,57.575573436467223587
0.210000000000000020,56.393673240283433756
0.211000000000000021,55.219468583570417763
0.212000000000000022,54.059979675868817139
0.213000000000000023,52.919997041656969827
0.214000000000000024,51.802252469421617320
0.215000000000000024,50.707754122567429533
0.216000000000000025,49.636183113001415279
0.217000000000000026,48.586287897747183706
0.218000000000000027,47.556239965457073993
0.219000000000000028,46.543932647828981430
0.220000000000000029,45.547216941845576343
0.221000000000000030,44.564075774586086709
0.222000000000000031,43.592742529646294258
0.223000000000000032,42.631771875014038642
0.224000000000000032,41.680071710154017239
0.225000000000000033,40.736904906358752498
0.226000000000000034,39.801868819054789128
0.227000000000000035,38.874859561212403491
0.228000000000000036,37.956026918021983363
0.229000000000000037,37.045724669020934527
0.230000000000000038,36.144460036003223991
0.231000000000000039,35.252845033804064201
0.232000000000000040,34.371551685703124690
0.233000000000000040,33.501272380744566703
0.234000000000000041,32.642686092533693909
0.235000000000000042,31.796430738258010251
0.236000000000000043,30.963081619994518690
0.237000000000000044,30.143135643750298414
0.238000000000000045,29.337000841009562180
0.239000000000000046,28.544990609385603619
0.240000000000000047,27.767322030980274405
0.241000000000000048,27.004117608292467878
0.242000000000000048,26.255409768484650357
0.243000000000000049,25.521147519442859419
0.244000000000000050,24.801204688640801521
0.245000000000000051,24.095389232856369688
0.246000000000000052,23.403453168924876593
0.247000000000000053,22.725102739528534102
0.248000000000000054,22.060008490932389691
0.249000000000000055,21.407814999688874025
0.250000000000000056,20.768150041325114330
0.251000000000000056,20.140633045046108407
0.252000000000000057,19.524882724051657590
0.253000000000000058,18.920523810986864532
0.254000000000000059,18.327192862355911274
0.255000000000000060,17.744543124626840580
0.256000000000000061,17.172248478553072459
0.257000000000000062,16.610006497329557362
0.258000000000000063,16.057540669025652136
0.259000000000000064,15.514601844754992044
0.260000000000000064,14.980968981719659183
0.261000000000000065,14.456449255056565306
0.262000000000000066,13.940877614749444646
0.263000000000000067,13.434115864158462372
0.264000000000000068,12.936051335331189449
0.265000000000000069,12.446595233531720481
0.266000000000000070,11.965680719662035614
0.267000000000000071,11.493260794714267092
0.268000000000000071,11.029306045318428176
0.269000000000000072,10.573802304033575794
0.270000000000000073,10.126748272439836995
0.271000000000000074,9.688153149464838521
0.272000000000000075,9.258034301832845259
0.273000000000000076,8.836415008152595618
0.274000000000000077,8.423322303028818681
0.275000000000000078,8.018784942748419908
0.276000000000000079,7.622831509592591814
0.277000000000000079,7.235488667684734310
0.278000000000000080,6.856779579518028633
0.279000000000000081,6.486722488916340623
0.280000000000000082,6.125329473169148109
0.281000000000000083,5.772605364433266217
0.282000000000000084,5.428546838199672209
0.283000000000000085,5.093141664664369905
0.284000000000000086,4.766368117197465892
0.285000000000000087,4.448194530754347120
0.286000000000000087,4.138579001991771200
0.287000000000000088,3.837469222017934278
0.288000000000000089,3.544802432094936506
0.289000000000000090,3.260505492201013489
0.290000000000000091,2.984495052126888925
0.291000000000000092,2.716677814702350702
0.292000000000000093,2.456950880806917592
0.293000000000000094,2.205202165991624774
0.294000000000000095,1.961310878810255121
0.295000000000000095,1.725148051310401387
0.296000000000000096,1.496577112553614697
0.297000000000000097,1.275454496504138113
0.298000000000000098,1.061630276136332984
0.299000000000000099,0.854948816149455837
0.300000000000000100,0.655249437236240850
0.301000000000000101,0.462367085418664892
0.302000000000000102,0.276133000534496686
0.303000000000000103,0.096375378522909075
0.304000000000000103,-0.077079977286244494
0.305000000000000104,-0.244409020134324695
0.306000000000000105,-0.405788842778928793
0.307000000000000106,-0.561397082652694834
0.308000000000000107,-0.711411351989516105
0.309000000000000108,-0.856008695220094373
0.310000000000000109,-0.995365075514874853
0.311000000000000110,-1.129654891955574447
0.312000000000000111,-1.259050528449449313
0.313000000000000111,-1.383721935160580729
0.314000000000000112,-1.503836242922041544
0.315000000000000113,-1.619557410809633113
0.316000000000000114,-1.731045906802336942
0.317000000000000115,-1.838458421225057648
0.318000000000000116,-1.941947612465413142
0.319000000000000117,-2.041661884276415151
0.320000000000000118,-2.137745193820148160
0.321000000000000119,-2.230336889472693152
0.322000000000000119,-2.319571577295858056
0.323000000000000120,-2.405579014985830710
0.324000000000000121,-2.488484032031458959
0.325000000000000122,-2.568406474753476054
0.326000000000000123,-2.645461174850013641
0.327000000000000124,-2.719757940041531263
0.328000000000000125,-2.791401565388903716
0.329000000000000126,-2.860491863849998762
0.330000000000000127,-2.927123714642397623
0.331000000000000127,-2.991387127991115946
0.332000000000000128,-3.053367324859564302
0.333000000000000129,-3.113144830288607334
0.334000000000000130,-3.170795579001135067
0.335000000000000131,-3.226391031967943857
0.336000000000000132,-3.279998302672959110
0.337000000000000133,-3.331680291862464394
0.338000000000000134,-3.381495829612483739
0.339000000000000135,-3.429499823600069330
0.340000000000000135,-3.475743412518471409
0.341000000000000136,-3.520274123630842134
0.342000000000000137,-3.563136033513367273
0.343000000000000138,-3.604369931094859147
0.344000000000000139,-3.644013482156419403
0.345000000000000140,-3.682101394510696846
0.346000000000000141,-3.718665583135729147
0.347000000000000142,-3.753735334592864348
0.348000000000000143,-3.787337470111678872
0.349000000000000143,-3.819496506776791644
0.350000000000000144,-3.850234816302059215
0.351000000000000145,-3.879572780926427100
0.352000000000000146,-3.907528946012929882
0.353000000000000147,-3.934120168977435661
0.354000000000000148,-3.959361764217124602
0.355000000000000149,-3.983267643749896170
0.356000000000000150,-4.005850453315234816
0.357000000000000151,-4.027121703724183099
0.358000000000000151,-4.047091897281307027
0.359000000000000152,-4.065770649134504922
0.360000000000000153,-4.083166803439771009
0.361000000000000154,-4.099288544256780575
0.362000000000000155,-4.114143501118549651
0.363000000000000156,-4.127738849243316466
0.364000000000000157,-4.140081404380144825
0.365000000000000158,-4.151177712301328704
0.366000000000000159,-4.161034132974041455
0.367000000000000159,-4.169656919461957045
0.368000000000000160,-4.177052291623729374
0.369000000000000161,-4.183226504690011005
0.370000000000000162,-4.188185912814000211
0.371000000000000163,-4.191937027702316243
0.372000000000000164,-4.194486572443475225
0.373000000000000165,-4.195841530660423757
0.374000000000000166,-4.196009191121678583
0.375000000000000167,-4.194997187952194118
0.376000000000000167,-4.192813536591147638
0.377000000000000168,-4.189466665648343024
0.378000000000000169,-4.184965444814777058
0.379000000000000170,-4.179319208985945444
0.380000000000000171,-4.172537778758377058
0.381000000000000172,-4.164631477461392173
0.382000000000000173,-4.155611144886567132
0.383000000000000174,-4.145488147877568252
0.384000000000000175,-4.134274387942209472
0.385000000000000175,-4.121982306047612177
0.386000000000000176,-4.108624884757708706
0.387000000000000177,-4.094215647870103503
0.388000000000000178,-4.078768657707148471
0.389000000000000179,-4.062298510212897895
0.390000000000000180,-4.044820328004808729
0.391000000000000181,-4.026349751525398979
0.392000000000000182,-4.006902928435570388
0.393000000000000183,-3.986496501387317259
0.394000000000000183,-3.965147594309615275
0.395000000000000184,-3.942873797336982733
0.396000000000000185,-3.919693150505970003
0.397000000000000186,-3.895624126340355708
0.398000000000000187,-3.870685611441408103
0.399000000000000188,-3.844896887194964474
0.400000000000000189,-3.818277609702565911
0.401000000000000190,-3.790847789039248905
0.402000000000000191,-3.762627767936120193
0.403000000000000191,-3.733638199981097472
0.404000000000000192,-3.703900027426905606
0.405000000000000193,-3.673434458690708393
0.406000000000000194,-3.642262945625502901
0.407000000000000195,-3.610407160638999358
0.408000000000000196,-3.577888973731349953
0.409000000000000197,-3.544730429519006520
0.410000000000000198,-3.510953724307884549
0.411000000000000199,-3.476581183274853437
0.412000000000000199,-3.441635237812892711
0.413000000000000200,-3.406138403091284239
0.414000000000000201,-3.370113255878654179
0.415000000000000202,-3.333582412672979611
0.416000000000000203,-3.296568508179405832
0.417000000000000204,-3.259094174173177372
0.418000000000000205,-3.221182018781971745
0.419000000000000206,-3.182854606218743942
0.420000000000000207,-3.144134436993132553
0.421000000000000207,-3.105043928626920913
0.422000000000000208,-3.065605396895897616
0.423000000000000209,-3.025841037618296703
0.424000000000000210,-2.985772909007185838
0.425000000000000211,-2.945422914601925068
0.426000000000000212,-2.904812786791638235
0.427000000000000213,-2.863964070941281914
0.428000000000000214,-2.822898110129169247
0.429000000000000214,-2.781636030502569135
0.430000000000000215,-2.740198727256404787
0.431000000000000216,-2.698606851238351645
0.432000000000000217,-2.656880796181860571
0.433000000000000218,-2.615040686567298156
0.434000000000000219,-2.573106366109921606
0.435000000000000220,-2.531097386872070754
0.436000000000000221,-2.489032998995715396
0.437000000000000222,-2.446932141050373932
0.438000000000000222,-2.404813430990372147
0.439000000000000223,-2.362695157714394423
0.440000000000000224,-2.320595273219384858
0.441000000000000225,-2.278531385339982673
0.442000000000000226,-2.236520751064098089
0.443000000000000227,-2.194580270414209000
0.444000000000000228,-2.152726480883708327
0.445000000000000229,-2.110975552416790801
0.446000000000000230,-2.069343282919962945
0.447000000000000230,-2.027845094292886952
0.448000000000000231,-1.986496028965729410
0.449000000000000232,-1.945310746929916679
0.450000000000000233,-1.904303523248986441
0.451000000000000234,-1.863488246035794660
0.452000000000000235,-1.822878414882325826
0.453000000000000236,-1.782487139728009762
0.454000000000000237,-1.742327140152543974
0.455000000000000238,-1.702410745078870802
0.456000000000000238,-1.662749892872164015
0.457000000000000239,-1.623356131820441250
0.458000000000000240,-1.584240620982639625
0.459000000000000241,-1.545414131389766021
0.460000000000000242,-1.506887047585131034
0.461000000000000243,-1.468669369489406407
0.462000000000000244,-1.430770714576717229
0.463000000000000245,-1.393200320347713683
0.464000000000000246,-1.355967047086157562
0.465000000000000246,-1.319079380885359587
0.466000000000000247,-1.282545436931182836
0.467000000000000248,-1.246372963028469671
0.468000000000000249,-1.210569343358015582
0.469000000000000250,-1.175141602451334588
0.470000000000000251,-1.140096409370829011
0.471000000000000252,-1.105440082083067432
0.472000000000000253,-1.071178592013352304
0.473000000000000254,-1.037317568769741571
0.474000000000000254,-1.003862305025215784
0.475000000000000255,-0.970817761546787894
0.476000000000000256,-0.938188572360701301
0.477000000000000257,-0.905979050043172029
0.478000000000000258,-0.874193191126308222
0.479000000000000259,-0.842834681609278769
0.480000000000000260,-0.811906902564976329
0.481000000000000261,-0.781412935832726641
0.482000000000000262,-0.751355569787983013
0.483000000000000262,-0.721737305180113808
0.484000000000000263,-0.692560361029731286
0.485000000000000264,-0.663826680577341621
0.486000000000000265,-0.635537937275319376
0.487000000000000266,-0.607695540815514135
0.488000000000000267,-0.580300643185097886
0.489000000000000268,-0.553354144743564591
0.490000000000000269,-0.526856700313947934
0.491000000000000270,-0.500808725281810085
0.492000000000000270,-0.475210401695571272
0.493000000000000271,-0.450061684362256353
0.494000000000000272,-0.425362306932813017
0.495000000000000273,-0.401111787971490052
0.496000000000000274,-0.377309437004073822
0.497000000000000275,-0.353954360539858459
0.498000000000000276,-0.331045468062675208
0.499000000000000277,-0.308581477986386299
0.500000000000000222,-0.286560923570530812
0.501000000000000334,-0.264982158792077094
0.502000000000000224,-0.243843364169414434
0.503000000000000336,-0.223142552534882743
0.504000000000000226,-0.202877574752520939
0.505000000000000338,-0.183046125377651470
0.506000000000000227,-0.163645748255453055
0.507000000000000339,-0.144673842055492691
0.508000000000000229,-0.126127665739734995
0.509000000000000341,-0.108004343961421528
0.510000000000000231,-0.090300872392685444
0.511000000000000343,-0.073014122978603629
0.512000000000000233,-0.056140849115894800
0.513000000000000345,-0.039677690754344012
0.514000000000000234,-0.023621179419463113
0.515000000000000346,-0.007967743154699308
0.516000000000000236,0.007286288617935816
0.517000000000000348,0.022144680320184525
0.518000000000000238,0.036611285523768598
0.519000000000000350,0.050690042341544783
0.520000000000000240,0.064384968904339451
0.521000000000000352,0.077700158924181972
0.522000000000000242,0.090639777344533864
0.523000000000000353,0.103208056077950763
0.524000000000000243,0.115409289831573017
0.525000000000000355,0.127247832020686791
0.526000000000000245,0.138728090770515067
0.527000000000000357,0.149854525006361705
0.528000000000000247,0.160631640632013351
0.529000000000000359,0.171063986796391149
0.530000000000000249,0.181156152248195756
0.531000000000000361,0.190912761778348344
0.532000000000000250,0.200338472749851393
0.533000000000000362,0.209437971714724336
0.534000000000000252,0.218215971117522001
0.535000000000000364,0.226677206084900801
0.536000000000000254,0.234826431300681454
0.537000000000000366,0.242668417965778038
0.538000000000000256,0.250207950842244398
0.539000000000000368,0.257449825380794861
0.540000000000000258,0.264398844930915089
0.541000000000000369,0.271059818032837074
0.542000000000000259,0.277437555790426227
0.543000000000000371,0.283536869324143903
0.544000000000000261,0.289362567303105778
0.545000000000000373,0.294919453555287814
0.546000000000000263,0.300212324754870974
0.547000000000000375,0.305245968185720973
0.548000000000000265,0.310025159579897902
0.549000000000000377,0.314554661030193583
0.550000000000000266,0.318839218975546068
0.551000000000000378,0.322883562258234891
0.552000000000000268,0.326692400251743509
0.553000000000000380,0.330270421058115771
0.554000000000000270,0.333622289773660485
0.555000000000000382,0.336752646821852741
0.556000000000000272,0.339666106352199126
0.557000000000000384,0.342367254703965063
0.558000000000000274,0.344860648933463854
0.559000000000000385,0.347150815403813318
0.560000000000000275,0.349242248435870761
0.561000000000000387,0.351139409019192161
0.562000000000000277,0.352846723581802135
0.563000000000000389,0.354368582817537026
0.564000000000000279,0.355709340569797416
0.565000000000000391,0.356873312770463524
0.566000000000000281,0.357864776432825715
0.567000000000000393,0.358687968697274207
0.568000000000000282,0.359347085928596321
0.569000000000000394,0.359846282863686306
0.570000000000000284,0.360189671808495482
0.571000000000000396,0.360381321883028405
0.572000000000000286,0.360425258313236629
0.573000000000000398,0.360325461768681021
0.574000000000000288,0.360085867744782850
0.575000000000000400,0.359710365988518521
0.576000000000000290,0.359202799966507891
0.577000000000000401,0.358566966374287088
0.578000000000000291,0.357806614685741764
0.579000000000000403,0.356925446741577335
0.580000000000000293,0.355927116375765129
0.581000000000000405,0.354815229078879413
0.582000000000000295,0.353593341697317931
0.583000000000000407,0.352264962167322393
0.584000000000000297,0.350833549282834334
0.585000000000000409,0.349302512496108997
0.586000000000000298,0.347675211750180735
0.587000000000000410,0.345954957342110903
0.588000000000000300,0.344145009816142711
0.589000000000000412,0.342248579885752469
0.590000000000000302,0.340268828383711530
0.591000000000000414,0.338208866239182449
0.592000000000000304,0.336071754481034879
0.593000000000000416,0.333860504266420832
0.594000000000000306,0.331578076933770061
0.595000000000000417,0.329227384079349983
0.596000000000000307,0.326811287656575022
0.597000000000000419,0.324332600097186730
0.598000000000000309,0.321794084453545237
0.599000000000000421,0.319198454561251066
0.600000000000000311,0.316548375221265998
0.601000000000000423,0.313846462400829029
0.602000000000000313,0.311095283452399063
0.603000000000000425,0.308297357349906043
0.604000000000000314,0.305455154941579821
0.605000000000000426,0.302571099218686745
0.606000000000000316,0.299647565599473142
0.607000000000000428,0.296686882227659654
0.608000000000000318,0.293691330284822583
0.609000000000000430,0.290663144316038735
0.610000000000000320,0.287604512568174708
0.611000000000000432,0.284517577340186456
0.612000000000000322,0.281404435344888570
0.613000000000000433,0.278267138081553622
0.614000000000000323,0.275107692218830857
0.615000000000000435,0.271928059987391557
0.616000000000000325,0.268730159581816175
0.617000000000000437,0.265515865571142373
0.618000000000000327,0.262287009317610953
0.619000000000000439,0.259045379403102904
0.620000000000000329,0.255792722062772815
0.621000000000000441,0.252530741625422883
0.622000000000000330,0.249261100960168541
0.623000000000000442,0.245985421928921477
0.624000000000000332,0.242705285844317359
0.625000000000000444,0.239422233932588824
0.626000000000000334,0.236137767801067794
0.627000000000000446,0.232853349909841884
0.628000000000000336,0.229570404047245630
0.629000000000000448,0.226290315808766213
0.630000000000000338,0.223014433079051277
0.631000000000000449,0.219744066516611547
0.632000000000000339,0.216480490040951767
0.633000000000000451,0.213224941321732725
0.634000000000000341,0.209978622269710258
0.635000000000000453,0.206742699529072815
0.636000000000000343,0.203518304970983943
0.637000000000000455,0.200306536187916967
0.638000000000000345,0.197108456988623032
0.639000000000000457,0.193925097893385467
0.640000000000000346,0.190757456629344235
0.641000000000000458,0.187606498625617846
0.642000000000000348,0.184473157508008356
0.643000000000000460,0.181358335593025111
0.644000000000000350,0.178262904381047416
0.645000000000000462,0.175187705048359871
0.646000000000000352,0.172133548937915382
0.647000000000000464,0.169101218048565621
0.648000000000000353,0.166091465522621523
0.649000000000000465,0.163105016131522312
0.650000000000000355,0.160142566759468308
0.651000000000000467,0.157204786884830278
0.652000000000000357,0.154292319059175037
0.653000000000000469,0.151405779383772449
0.654000000000000359,0.148545757983407856
0.655000000000000471,0.145712819477392536
0.656000000000000361,0.142907503447609302
0.657000000000000473,0.140130324903481818
0.658000000000000362,0.137381774743740859
0.659000000000000474,0.134662320214879005
0.660000000000000364,0.131972405366170414
0.661000000000000476,0.129312451501160469
0.662000000000000366,0.126682857625536743
0.663000000000000478,0.124084000891257151
0.664000000000000368,0.121516237036892960
0.665000000000000480,0.118979900824045942
0.666000000000000369,0.116475306469828732
0.667000000000000481,0.114002748075265642
0.668000000000000371,0.111562500049610186
0.669000000000000483,0.109154817530460038
0.670000000000000373,0.106779936799643788
0.671000000000000485,0.104438075694823745
0.672000000000000375,0.102129434016729762
0.673000000000000487,0.099854193932022606
0.674000000000000377,0.097612520371714029
0.675000000000000488,0.095404561425101939
0.676000000000000378,0.093230448729210574
0.677000000000000490,0.091090297853663516
0.678000000000000380,0.088984208681006358
0.679000000000000492,0.086912265782412235
0.680000000000000382,0.084874538788768369
0.681000000000000494,0.082871082757120268
0.682000000000000384,0.080901938532460860
0.683000000000000496,0.078967133104835149
0.684000000000000385,0.077066679961773604
0.685000000000000497,0.075200579436019016
0.686000000000000387,0.073368819048568915
0.687000000000000499,0.071571373847002129
0.688000000000000389,0.069808206739107898
0.689000000000000501,0.068079268821818806
0.690000000000000391,0.066384499705435029
0.691000000000000503,0.064723827833165548
0.692000000000000393,0.063097170795978250
0.693000000000000504,0.061504435642778091
0.694000000000000394,0.059945519185923238
0.695000000000000506,0.058420308302092328
0.696000000000000396,0.056928680228514286
0.697000000000000508,0.055470502854583638
0.698000000000000398,0.054045635008877005
0.699000000000000510,0.052653926741594470
0.700000000000000400,0.051295219602436590
0.701000000000000512,0.049969346913955645
0.702000000000000401,0.048676134040398680
0.703000000000000513,0.047415398652055199
0.704000000000000403,0.046186950985167986
0.705000000000000515,0.044990594097394164
0.706000000000000405,0.043826124118887158
0.707000000000000517,0.042693330498994840
0.708000000000000407,0.041591996248630643
0.709000000000000519,0.040521898178330837
0.710000000000000409,0.039482807132050921
0.711000000000000520,0.038474488216708444
0.712000000000000410,0.037496701027538569
0.713000000000000522,0.036549199869274726
0.714000000000000412,0.035631733973196356
0.715000000000000524,0.034744047710082979
0.716000000000000414,0.033885880799118064
0.717000000000000526,0.033056968512759174
0.718000000000000416,0.032257041877651257
0.719000000000000528,0.031485827871575590
0.720000000000000417,0.030743049616513484
0.721000000000000529,0.030028426567840362
0.722000000000000419,0.029341674699701521
0.723000000000000531,0.028682506686615466
0.724000000000000421,0.028050632081329834
0.725000000000000533,0.027445757488979296
0.726000000000000423,0.026867586737596327
0.727000000000000535,0.026315821045006439
0.728000000000000425,0.025790159182148147
0.729000000000000536,0.025290297632868369
0.730000000000000426,0.024815930750230784
0.731000000000000538,0.024366750909378745
0.732000000000000428,0.023942448657004761
0.733000000000000540,0.023542712857449737
0.734000000000000430,0.023167230835503545
0.735000000000000542,0.022815688515917480
0.736000000000000432,0.022487770559698011
0.737000000000000544,0.022183160497212303
0.738000000000000433,0.021901540858150607
0.739000000000000545,0.021642593298385530
0.740000000000000435,0.021405998723780732
0.741000000000000547,0.021191437410971618
0.742000000000000437,0.020998589125191199
0.743000000000000549,0.020827133235155035
0.744000000000000439,0.020676748825058038
0.745000000000000551,0.020547114803734362
0.746000000000000441,0.020437910011003708
0.747000000000000552,0.020348813321266531
0.748000000000000442,0.020279503744375749
0.749000000000000554,0.020229660523819155
0.750000000000000444,0.020198963232290999
0.751000000000000556,0.020187091864638788
0.752000000000000446,0.020193726928272576
0.753000000000000558,0.020218549531054453
0.754000000000000448,0.020261241466721140
0.755000000000000560,0.020321485297847046
0.756000000000000449,0.020398964436452630
0.757000000000000561,0.020493363222223053
0.758000000000000451,0.020604366998423957
0.759000000000000563,0.020731662185541868
0.760000000000000453,0.020874936352690460
0.761000000000000565,0.021033878286792308
0.762000000000000455,0.021208178059636110
0.763000000000000567,0.021397527092772088
0.764000000000000457,0.021601618220341585
0.765000000000000568,0.021820145749852349
0.766000000000000458,0.022052805520937573
0.767000000000000570,0.022299294962127174
0.768000000000000460,0.022559313145700081
0.769000000000000572,0.022832560840602732
0.770000000000000462,0.023118740563520403
0.771000000000000574,0.023417556628095235
0.772000000000000464,0.023728715192345942
0.773000000000000576,0.024051924304326670
0.774000000000000465,0.024386893946038039
0.775000000000000577,0.024733336075652472
0.776000000000000467,0.025090964668056770
0.777000000000000579,0.025459495753771388
0.778000000000000469,0.025838647456252011
0.779000000000000581,0.026228140027635655
0.780000000000000471,0.026627695882935211
0.781000000000000583,0.027037039632730908
0.782000000000000473,0.027455898114376098
0.783000000000000584,0.027884000421763699
0.784000000000000474,0.028321077933667234
0.785000000000000586,0.028766864340697647
0.786000000000000476,0.029221095670902381
0.787000000000000588,0.029683510314022110
0.788000000000000478,0.030153849044462409
0.789000000000000590,0.030631855042978884
0.790000000000000480,0.031117273917115367
0.791000000000000592,0.031609853720433900
0.792000000000000481,0.032109344970539057
0.793000000000000593,0.032615500665942987
0.794000000000000483,0.033128076301795595
0.795000000000000595,0.033646829884486050
0.796000000000000485,0.034171521945173353
0.797000000000000597,0.034701915552241350
0.798000000000000487,0.035237776322715762
0.799000000000000599,0.035778872432675947
0.800000000000000488,0.036324974626667200
0.801000000000000600,0.036875856226146232
0.802000000000000490,0.037431293136992054
0.803000000000000602,0.037991063856083362
0.804000000000000492,0.038554949476989495
0.805000000000000604,0.039122733694779019
0.806000000000000494,0.039694202809973399
0.807000000000000606,0.040269145731670918
0.808000000000000496,0.040847353979862576
0.809000000000000608,0.041428621686947019
0.810000000000000497,0.042012745598487437
0.811000000000000609,0.042599525073209334
0.812000000000000499,0.043188762082273451
0.813000000000000611,0.043780261207832863
0.814000000000000501,0.044373829640909399
0.815000000000000613,0.044969277178579133
0.816000000000000503,0.045566416220526998
0.817000000000000615,0.046165061764941603
0.818000000000000504,0.046765031403815285
0.819000000000000616,0.047366145317620532
0.820000000000000506,0.047968226269425401
0.821000000000000618,0.048571099598426926
0.822000000000000508,0.049174593212941473
0.823000000000000620,0.049778537582864088
0.824000000000000510,0.050382765731606896
0.825000000000000622,0.050987113227531022
0.826000000000000512,0.051591418174916123
0.827000000000000624,0.052195521204425901
0.828000000000000513,0.052799265463146158
0.829000000000000625,0.053402496604165614
0.830000000000000515,0.054005062775739000
0.831000000000000627,0.054606814610034915
0.832000000000000517,0.055207605211488223
0.833000000000000629,0.055807290144757785
0.834000000000000519,0.056405727422326545
0.835000000000000631,0.057002777491736399
0.836000000000000520,0.057598303222472988
0.837000000000000632,0.058192169892528942
0.838000000000000522,0.058784245174635721
0.839000000000000634,0.059374399122195110
0.840000000000000524,0.059962504154904381
0.841000000000000636,0.060548435044108520
0.842000000000000526,0.061132068897870220
0.843000000000000638,0.061713285145775162
0.844000000000000528,0.062291965523500380
0.845000000000000639,0.062867994057118085
0.846000000000000529,0.063441257047194138
0.847000000000000641,0.064011643052644313
0.848000000000000531,0.064579042874397266
0.849000000000000643,0.065143349538847289
0.850000000000000533,0.065704458281112044
0.851000000000000645,0.066262266528131802
0.852000000000000535,0.066816673881559943
0.853000000000000647,0.067367582100526804
0.854000000000000536,0.067914895084218857
0.855000000000000648,0.068458518854335668
0.856000000000000538,0.068998361537392736
0.857000000000000650,0.069534333346904828
0.858000000000000540,0.070066346565439183
0.859000000000000652,0.070594315526567100
0.860000000000000542,0.071118156596696708
0.861000000000000654,0.071637788156817289
0.862000000000000544,0.072153130584142910
0.863000000000000655,0.072664106233688325
0.864000000000000545,0.073170639419747080
0.865000000000000657,0.073672656397314837
0.866000000000000547,0.074170085343442119
0.867000000000000659,0.074662856338536754
0.868000000000000549,0.075150901347601246
0.869000000000000661,0.075634154201445078
0.870000000000000551,0.076112550577840804
0.871000000000000663,0.076586027982662480
0.872000000000000552,0.077054525730978637
0.873000000000000664,0.077517984928148098
0.874000000000000554,0.077976348450872937
0.875000000000000666,0.078429560928264613
0.876000000000000556,0.078877568722885733
0.877000000000000668,0.079320319911804951
0.878000000000000558,0.079757764267646650
0.879000000000000670,0.080189853239652734
0.880000000000000560,0.080616539934765322
0.881000000000000671,0.081037779098706880
0.882000000000000561,0.081453527097111927
0.883000000000000673,0.081863741896658432
0.884000000000000563,0.082268383046243204
0.885000000000000675,0.082667411658194218
0.886000000000000565,0.083060790389515193
0.887000000000000677,0.083448483423171599
0.888000000000000567,0.083830456449428839
0.889000000000000679,0.084206676647234371
0.890000000000000568,0.084577112665661230
0.891000000000000680,0.084941734605391922
0.892000000000000570,0.085300514000278965
0.893000000000000682,0.085653423798960210
0.894000000000000572,0.086000438346536145
0.895000000000000684,0.086341533366327647
0.896000000000000574,0.086676685941687676
0.897000000000000686,0.087005874497908017
0.898000000000000576,0.087329078784184555
0.899000000000000687,0.087646279855671708
0.900000000000000577,0.087957460055615846
0.901000000000000689,0.088262602997578279
0.902000000000000579,0.088561693547731343
0.903000000000000691,0.088854717807261965
0.904000000000000581,0.089141663094849208
0.905000000000000693,0.089422517929244119
0.906000000000000583,0.089697272011940693
0.907000000000000695,0.089965916209952160
0.908000000000000584,0.090228442538670892
0.909000000000000696,0.090484844144840482
0.910000000000000586,0.090735115289629520
0.911000000000000698,0.090979251331799627
0.912000000000000588,0.091217248710988866
0.913000000000000700,0.091449104931099021
0.914000000000000590,0.091674818543790823
0.915000000000000702,0.091894389132087223
0.916000000000000592,0.092107817294085390
0.917000000000000703,0.092315104626790989
0.918000000000000593,0.092516253710051205
0.919000000000000705,0.092711268090616250
0.920000000000000595,0.092900152266301592
0.921000000000000707,0.093082911670284138
0.922000000000000597,0.093259552655496833
0.923000000000000709,0.093430082479158363
0.924000000000000599,0.093594509287407618
0.925000000000000711,0.093752842100066042
0.926000000000000600,0.093905090795524643
0.927000000000000712,0.094051266095737884
0.928000000000000602,0.094191379551354787
0.929000000000000714,0.094325443526962191
0.930000000000000604,0.094453471186451129
0.931000000000000716,0.094575476478521797
0.932000000000000606,0.094691474122288011
0.933000000000000718,0.094801479593021570
0.934000000000000608,0.094905509108026642
0.935000000000000719,0.095003579612620154
0.936000000000000609,0.095095708766253173
0.937000000000000721,0.095181914928753775
0.938000000000000611,0.095262217146692280
0.939000000000000723,0.095336635139876669
0.940000000000000613,0.095405189287974743
0.941000000000000725,0.095467900617254561
0.942000000000000615,0.095524790787463384
0.943000000000000727,0.095575882078821256
0.944000000000000616,0.095621197379148398
0.945000000000000728,0.095660760171119644
0.946000000000000618,0.095694594519634829
0.947000000000000730,0.095722725059333380
0.948000000000000620,0.095745176982214270
0.949000000000000732,0.095761976025399737
0.950000000000000622,0.095773148459014856
0.951000000000000734,0.095778721074190123
0.952000000000000624,0.095778721171206588
0.953000000000000735,0.095773176547743061
0.954000000000000625,0.095762115487265029
0.955000000000000737,0.095745566747531263
0.956000000000000627,0.095723559549225581
0.957000000000000739,0.095696123564715310
0.958000000000000629,0.095663288906929420
0.959000000000000741,0.095625086118364039
0.960000000000000631,0.095581546160206685
0.961000000000000743,0.095532700401586582
0.962000000000000632,0.095478580608946054
0.963000000000000744,0.095419218935531472
0.964000000000000634,0.095354647911008547
0.965000000000000746,0.095284900431200678
0.966000000000000636,0.095210009747935212
0.967000000000000748,0.095130009459025333
0.968000000000000638,0.095044933498364986
0.969000000000000750,0.094954816126132741
0.970000000000000639,0.094859691919131323
0.971000000000000751,0.094759595761233079
0.972000000000000641,0.094654562833944425
0.973000000000000753,0.094544628607089440
0.974000000000000643,0.094429828829603643
0.975000000000000755,0.094310199520450250
0.976000000000000645,0.094185776959646694
0.977000000000000757,0.094056597679405232
0.978000000000000647,0.093922698455386464
0.979000000000000759,0.093784116298068848
0.980000000000000648,0.093640888444223719
0.981000000000000760,0.093493052348509756
0.982000000000000650,0.093340645675172834
0.983000000000000762,0.093183706289852813
0.984000000000000652,0.093022272251510968
0.985000000000000764,0.092856381804449661
0.986000000000000654,0.092686073370457006
0.987000000000000766,0.092511385541042782
0.988000000000000655,0.092332357069793231
0.989000000000000767,0.092149026864823069
0.990000000000000657,0.091961433981338964
0.991000000000000769,0.091769617614301441
0.992000000000000659,0.091573617091191689
0.993000000000000771,0.091373471864882289
0.994000000000000661,0.091169221506612663
0.995000000000000773,0.090960905699057501
0.996000000000000663,0.090748564229501366
0.997000000000000774,0.090532236983114758
0.998000000000000664,0.090311963936322057
0.999000000000000776,0.090087785150275226
1.000000000000000666,0.089859740764418411
1.001000000000000778,0.089627870990150418
1.002000000000000668,0.089392216104585781
1.003000000000000780,0.089152816444409935
1.004000000000000670,0.088909712399826285
1.005000000000000782,0.088662944408597802
1.006000000000000671,0.088412552950177095
1.007000000000000783,0.088158578539942384
1.008000000000000673,0.087901061723503357
1.009000000000000785,0.087640043071114435
1.010000000000000675,0.087375563172168436
1.011000000000000787,0.087107662629782992
1.012000000000000677,0.086836382055470993
1.013000000000000789,0.086561762063903952
1.014000000000000679,0.086283843267751306
1.015000000000000790,0.086002666272619349
1.016000000000000680,0.085718271672059629
1.017000000000000792,0.085430700042675153
1.018000000000000682,0.085139991939297527
1.019000000000000794,0.084846187890252958
1.020000000000000684,0.084549328392711329
1.021000000000000796,0.084249453908110672
1.022000000000000686,0.083946604857661769
1.023000000000000798,0.083640821617938427
1.024000000000000687,0.083332144516541737
1.025000000000000799,0.083020613827832823
1.026000000000000689,0.082706269768764301
1.027000000000000801,0.082389152494762502
1.028000000000000691,0.082069302095707536
1.029000000000000803,0.081746758591969879
1.030000000000000693,0.081421561930526937
1.031000000000000805,0.081093751981161449
1.032000000000000695,0.080763368532719967
1.033000000000000806,0.080430451289440125
1.034000000000000696,0.080095039867366741
1.035000000000000808,0.079757173790818037
1.036000000000000698,0.079416892488934659
1.037000000000000810,0.079074235292286563
1.038000000000000700,0.078729241429553218
1.039000000000000812,0.078381950024275060
1.040000000000000702,0.078032400091659931
1.041000000000000814,0.077680630535462397
1.042000000000000703,0.077326680144930715
1.043000000000000815,0.076970587591807652
1.044000000000000705,0.076612391427398618
1.045000000000000817,0.076252130079717387
1.046000000000000707,0.075889841850660361
1.047000000000000819,0.075525564913277526
1.048000000000000709,0.075159337309078950
1.049000000000000821,0.074791196945413918
1.050000000000000711,0.074421181592904923
1.051000000000000822,0.074049328882937832
1.052000000000000712,0.073675676305213017
1.053000000000000824,0.073300261205351713
1.054000000000000714,0.072923120782560441
1.055000000000000826,0.072544292087346862
1.056000000000000716,0.072163812019297419
1.057000000000000828,0.071781717324898645
1.058000000000000718,0.071398044595425272
1.059000000000000830,0.071012830264868182
1.060000000000000719,0.070626110607922815
1.061000000000000831,0.070237921738031589
1.062000000000000721,0.069848299605460823
1.063000000000000833,0.069457279995455506
1.064000000000000723,0.069064898526408375
1.065000000000000835,0.068671190648119287
1.066000000000000725,0.068276191640062878
1.067000000000000837,0.067879936609732294
1.068000000000000727,0.067482460491014945
1.069000000000000838,0.067083798042621295
1.070000000000000728,0.066683983846562184
1.071000000000000840,0.066283052306658902
1.072000000000000730,0.065881037647112436
1.073000000000000842,0.065477973911111209
1.074000000000000732,0.065073894959477602
1.075000000000000844,0.064668834469360975
1.076000000000000734,0.064262825932980563
1.077000000000000846,0.063855902656397637
1.078000000000000735,0.063448097758335639
1.079000000000000847,0.063039444169038436
1.080000000000000737,0.062629974629173163
1.081000000000000849,0.062219721688765203
1.082000000000000739,0.061808717706181418
1.083000000000000851,0.061396994847142485
1.084000000000000741,0.060984585083775592
1.085000000000000853,0.060571520193714291
1.086000000000000743,0.060157831759215442
1.087000000000000854,0.059743551166335895
1.088000000000000744,0.059328709604121489
1.089000000000000856,0.058913338063853606
1.090000000000000746,0.058497467338310759
1.091000000000000858,0.058081128021075366
1.092000000000000748,0.057664350505877371
1.093000000000000860,0.057247164985956479
1.094000000000000750,0.056829601453473044
1.095000000000000862,0.056411689698944598
1.096000000000000751,0.055993459310708205
1.097000000000000863,0.055574939674424936
1.098000000000000753,0.055156159972608365
1.099000000000000865,0.054737149184181599
1.100000000000000755,0.054317936084072815
1.101000000000000867,0.053898549242834347
1.102000000000000757,0.053479017026281050
1.103000000000000869,0.053059367595180859
1.104000000000000759,0.052639628904954480
1.105000000000000870,0.052219828705399388
1.106000000000000760,0.051799994540463537
1.107000000000000872,0.051380153748019033
1.108000000000000762,0.050960333459683801
1.109000000000000874,0.050540560600649084
1.110000000000000764,0.050120861889555023
1.111000000000000876,0.049701263838369938
1.112000000000000766,0.049281792752305542
1.113000000000000878,0.048862474729759083
1.114000000000000767,0.048443335662263401
1.115000000000000879,0.048024401234482948
1.116000000000000769,0.047605696924212765
1.117000000000000881,0.047187248002411294
1.118000000000000771,0.046769079533249450
1.119000000000000883,0.046351216374189770
1.120000000000000773,0.045933683176075338
1.121000000000000885,0.045516504383248065
1.122000000000000774,0.045099704233686345
1.123000000000000886,0.044683306759159790
1.124000000000000776,0.044267335785407300
1.125000000000000888,0.043851814932332020
1.126000000000000778,0.043436767614219093
1.127000000000000890,0.043022217039968037
1.128000000000000780,0.042608186213345570
1.129000000000000892,0.042194697933257322
1.130000000000000782,0.041781774794038065
1.131000000000000894,0.041369439185752560
1.132000000000000783,0.040957713294526264
1.133000000000000895,0.040546619102879142
1.134000000000000785,0.040136178390087471
1.135000000000000897,0.039726412732552077
1.136000000000000787,0.039317343504191568
1.137000000000000899,0.038908991876842949
1.138000000000000789,0.038501378820681262
1.139000000000000901,0.038094525104657509
1.140000000000000790,0.037688451296943842
1.141000000000000902,0.037283177765399786
1.142000000000000792,0.036878724678046260
1.143000000000000904,0.036475112003560455
1.144000000000000794,0.036072359511780207
1.145000000000000906,0.035670486774215297
1.146000000000000796,0.035269513164588241
1.147000000000000908,0.034869457859369818
1.148000000000000798,0.034470339838338013
1.149000000000000909,0.034072177885145119
1.150000000000000799,0.033674990587895456
1.151000000000000911,0.033278796339741790
1.152000000000000801,0.032883613339478535
1.153000000000000913,0.032489459592164413
1.154000000000000803,0.032096352909742332
1.155000000000000915,0.031704310911674430
1.156000000000000805,0.031313351025582074
1.157000000000000917,0.030923490487913631
1.158000000000000806,0.030534746344594032
1.159000000000000918,0.030147135451707375
1.160000000000000808,0.029760674476183670
1.161000000000000920,0.029375379896482277
1.162000000000000810,0.028991268003299864
1.163000000000000922,0.028608354900278556
1.164000000000000812,0.028226656504727055
1.165000000000000924,0.027846188548341432
1.166000000000000814,0.027466966577945971
1.167000000000000925,0.027089005956234136
1.168000000000000815,0.026712321862517215
1.169000000000000927,0.026336929293479493
1.170000000000000817,0.025962843063950570
1.171000000000000929,0.025590077807669150
1.172000000000000819,0.025218647978066267
1.173000000000000931,0.024848567849044802
1.174000000000000821,0.024479851515776252
1.175000000000000933,0.024112512895495028
1.176000000000000822,0.023746565728298613
1.177000000000000934,0.023382023577968338
1.178000000000000824,0.023018899832769928
1.179000000000000936,0.022657207706278874
1.180000000000000826,0.022296960238209682
1.181000000000000938,0.021938170295241286
1.182000000000000828,0.021580850571853924
1.183000000000000940,0.021225013591169753
1.184000000000000830,0.020870671705797410
1.185000000000000941,0.020517837098680738
1.186000000000000831,0.020166521783950238
1.187000000000000943,0.019816737607782499
1.188000000000000833,0.019468496249261467
1.189000000000000945,0.019121809221242451
1.190000000000000835,0.018776687871220010
1.191000000000000947,0.018433143382202626
1.192000000000000837,0.018091186773583370
1.193000000000000949,0.017750828902024951
1.194000000000000838,0.017412080462334702
1.195000000000000950,0.017074951988352009
1.196000000000000840,0.016739453853836371
1.197000000000000952,0.016405596273356183
1.198000000000000842,0.016073389303177515
1.199000000000000954,0.015742842842165254
1.200000000000000844,0.015413966632673434
1.201000000000000734,0.015086770261449157
1.202000000000000846,0.014761263160527147
1.203000000000000957,0.014437454608141239
1.204000000000000847,0.014115353729616028
1.205000000000000737,0.013794969498286316
1.206000000000000849,0.013476310736394204
1.207000000000000961,0.013159386116003169
1.208000000000000851,0.012844204159902766
1.209000000000000741,0.012530773242526994
1.210000000000000853,0.012219101590856523
1.211000000000000965,0.011909197285341008
1.212000000000000854,0.011601068260805838
1.213000000000000744,0.011294722307369576
1.214000000000000856,0.010990167071355635
1.215000000000000968,0.010687410056213386
1.216000000000000858,0.010386458623427127
1.217000000000000748,0.010087319993434245
1.218000000000000860,0.009790001246545235
1.219000000000000972,0.009494509323850129
1.220000000000000862,0.009200851028147083
1.221000000000000751,0.008909033024847921
1.222000000000000863,0.008619061842898628
1.223000000000000975,0.008330943875693993
1.224000000000000865,0.008044685381991806
1.225000000000000755,0.007760292486830131
1.226000000000000867,0.007477771182437101
1.227000000000000979,0.007197127329147371
1.228000000000000869,0.006918366656314121
1.229000000000000759,0.006641494763218958
1.230000000000000870,0.006366517119986477
1.231000000000000982,0.006093439068493328
1.232000000000000872,0.005822265823272674
1.233000000000000762,0.005553002472429078
1.234000000000000874,0.005285653978541286
1.235000000000000986,0.005020225179564813
1.236000000000000876,0.004756720789746260
1.237000000000000766,0.004495145400512475
1.238000000000000878,0.004235503481380949
1.239000000000000989,0.003977799380862656
1.240000000000000879,0.003722037327344510
1.241000000000000769,0.003468221430006563
1.242000000000000881,0.003216355679700848
1.243000000000000993,0.002966443949853477
1.244000000000000883,0.002718489997348984
1.245000000000000773,0.002472497463428053
1.246000000000000885,0.002228469874568047
1.247000000000000997,0.001986410643370819
1.248000000000000886,0.001746323069446239
1.249000000000000776,0.001508210340294641
1.250000000000000888,0.001272075532182168
1.251000000000001000,0.001037921611021625
1.252000000000000890,0.000805751433246320
1.253000000000000780,0.000575567746681804
1.254000000000000892,0.000347373191412423
1.255000000000001004,0.000121170300656523
1.256000000000000894,-0.000103038498373276
1.257000000000000783,-0.000325250883608764
1.258000000000000895,-0.000545464637263726
1.259000000000001007,-0.000763677644975211
1.260000000000000897,-0.000979887894952802
1.261000000000000787,-0.001194093477121094
1.262000000000000899,-0.001406292582273809
1.263000000000001011,-0.001616483501227925
1.264000000000000901,-0.001824664623974606
1.265000000000000790,-0.002030834438843890
1.266000000000000902,-0.002234991531662229
1.267000000000001014,-0.002437134584919647
1.268000000000000904,-0.002637262376934194
1.269000000000000794,-0.002835373781026679
1.270000000000000906,-0.003031467764688894
1.271000000000001018,-0.003225543388764818
1.272000000000000908,-0.003417599806629046
1.273000000000000798,-0.003607636263364600
1.274000000000000909,-0.003795652094954645
1.275000000000001021,-0.003981646727470286
1.276000000000000911,-0.004165619676258707
1.277000000000000801,-0.004347570545142928
1.278000000000000913,-0.004527499025613765
1.279000000000001025,-0.004705404896042474
1.280000000000000915,-0.004881288020874198
1.281000000000000805,-0.005055148349841714
1.282000000000000917,-0.005226985917176704
1.283000000000001029,-0.005396800840822261
1.284000000000000918,-0.005564593321654964
1.285000000000000808,-0.005730363642702588
1.286000000000000920,-0.005894112168368652
1.287000000000001032,-0.006055839343668090
1.288000000000000922,-0.006215545693448008
1.289000000000000812,-0.006373231821629646
1.290000000000000924,-0.006528898410449032
1.291000000000001036,-0.006682546219691617
1.292000000000000925,-0.006834176085945620
1.293000000000000815,-0.006983788921845433
1.294000000000000927,-0.007131385715329031
1.295000000000001039,-0.007276967528889544
1.296000000000000929,-0.007420535498839885
1.297000000000000819,-0.007562090834572472
1.298000000000000931,-0.007701634817827148
1.299000000000001043,-0.007839168801964979
1.300000000000000933,-0.007974694211233521
1.301000000000000822,-0.008108212540057872
1.302000000000000934,-0.008239725352308325
1.303000000000001046,-0.008369234280599401
1.304000000000000936,-0.008496741025562887
1.305000000000000826,-0.008622247355154536
1.306000000000000938,-0.008745755103940975
1.307000000000001050,-0.008867266172402723
1.308000000000000940,-0.008986782526239070
1.309000000000000830,-0.009104306195672124
1.310000000000000941,-0.009219839274758074
1.311000000000001053,-0.009333383920703358
1.312000000000000943,-0.009444942353180176
1.313000000000000833,-0.009554516853653511
1.314000000000000945,-0.009662109764698574
1.315000000000001057,-0.009767723489337471
1.316000000000000947,-0.009871360490368266
1.317000000000000837,-0.009973023289703800
1.318000000000000949,-0.010072714467710350
1.319000000000001060,-0.010170436662552849
1.320000000000000950,-0.010266192569541411
1.321000000000000840,-0.010359984940484439
1.322000000000000952,-0.010451816583044886
1.323000000000001064,-0.010541690360098542
1.324000000000000954,-0.010629609189092287
1.325000000000000844,-0.010715576041418817
1.326000000000000956,-0.010799593941781529
1.327000000000001068,-0.010881665967569619
1.328000000000000957,-0.010961795248233975
1.329000000000000847,-0.011039984964674746
1.330000000000000959,-0.011116238348620116
1.331000000000001071,-0.011190558682016056
1.332000000000000961,-0.011262949296423684
1.333000000000000851,-0.011333413572411776
1.334000000000000963,-0.011401954938954423
1.335000000000001075,-0.011468576872841783
1.336000000000000965,-0.011533282898082047
1.337000000000000854,-0.011596076585312073
1.338000000000000966,-0.011656961551218970
1.339000000000001078,-0.011715941457950258
1.340000000000000968,-0.011773020012542625
1.341000000000000858,-0.011828200966343877
1.342000000000000970,-0.011881488114443431
1.343000000000001082,-0.011932885295110102
1.344000000000000972,-0.011982396389219030
1.345000000000000862,-0.012030025319706771
1.346000000000000973,-0.012075776050998613
1.347000000000001085,-0.012119652588472715
1.348000000000000975,-0.012161658977900423
1.349000000000000865,-0.012201799304906061
1.350000000000000977,-0.012240077694425287
1.351000000000001089,-0.012276498310170053
1.352000000000000979,-0.012311065354088144
1.353000000000000869,-0.012343783065840188
1.354000000000000981,-0.012374655722267865
1.355000000000001092,-0.012403687636875146
1.356000000000000982,-0.012430883159302944
1.357000000000000872,-0.012456246674819529
1.358000000000000984,-0.012479782603804505
1.359000000000001096,-0.012501495401241588
1.360000000000000986,-0.012521389556207596
1.361000000000000876,-0.012539469591384236
1.362000000000000988,-0.012555740062541790
1.363000000000001100,-0.012570205558062894
1.364000000000000989,-0.012582870698436782
1.365000000000000879,-0.012593740135776733
1.366000000000000991,-0.012602818553340741
1.367000000000001103,-0.012610110665043518
1.368000000000000993,-0.012615621214980947
1.369000000000000883,-0.012619354976961292
1.370000000000000995,-0.012621316754026876
1.371000000000001107,-0.012621511377995378
1.372000000000000997,-0.012619943708987053
1.373000000000000886,-0.012616618634977058
1.374000000000000998,-0.012611541071322183
1.375000000000001110,-0.012604715960326607
1.376000000000001000,-0.012596148270775145
1.377000000000000890,-0.012585842997497848
1.378000000000001002,-0.012573805160919715
1.379000000000001114,-0.012560039806627076
1.380000000000001004,-0.012544552004925663
1.381000000000000894,-0.012527346850407928
1.382000000000001005,-0.012508429461530333
1.383000000000001117,-0.012487804980175385
1.384000000000001007,-0.012465478571237119
1.385000000000000897,-0.012441455422196591
1.386000000000001009,-0.012415740742706603
1.387000000000001121,-0.012388339764179265
1.388000000000001011,-0.012359257739372884
1.389000000000000901,-0.012328499941984856
1.390000000000001013,-0.012296071666252706
1.391000000000001124,-0.012261978226545747
1.392000000000001014,-0.012226224956974426
1.393000000000000904,-0.012188817210991269
1.394000000000001016,-0.012149760361001965
1.395000000000001128,-0.012109059797975366
1.396000000000001018,-0.012066720931062239
1.397000000000000908,-0.012022749187207049
1.398000000000001020,-0.011977150010776590
1.399000000000001132,-0.011929928863178525
1.400000000000001021,-0.011881091222488701
1.401000000000000911,-0.011830642583088882
1.402000000000001023,-0.011778588455291573
1.403000000000001135,-0.011724934364978528
1.404000000000001025,-0.011669685853243777
1.405000000000000915,-0.011612848476034967
1.406000000000001027,-0.011554427803792872
1.407000000000001139,-0.011494429421111405
1.408000000000001029,-0.011432858926375444
1.409000000000000918,-0.011369721931428428
1.410000000000001030,-0.011305024061219211
1.411000000000001142,-0.011238770953465588
1.412000000000001032,-0.011170968258319935
1.413000000000000922,-0.011101621638034340
1.414000000000001034,-0.011030736766627367
1.415000000000001146,-0.010958319329553462
1.416000000000001036,-0.010884375023387278
1.417000000000000925,-0.010808909555490484
1.418000000000001037,-0.010731928643695210
1.419000000000001149,-0.010653438015990510
1.420000000000001039,-0.010573443410203309
1.421000000000000929,-0.010491950573692541
1.422000000000001041,-0.010408965263034097
1.423000000000001153,-0.010324493243717026
1.424000000000001043,-0.010238540289846042
1.425000000000000933,-0.010151112183830628
1.426000000000001044,-0.010062214716096165
1.427000000000001156,-0.009971853684782166
1.428000000000001046,-0.009880034895458753
1.429000000000000936,-0.009786764160827044
1.430000000000001048,-0.009692047300435828
1.431000000000001160,-0.009595890140397911
1.432000000000001050,-0.009498298513110317
1.433000000000000940,-0.009399278256969304
1.434000000000001052,-0.009298835216098450
1.435000000000001164,-0.009196975240071284
1.436000000000001053,-0.009093704183641787
1.437000000000000943,-0.008989027906475442
1.438000000000001055,-0.008882952272882444
1.439000000000001167,-0.008775483151552141
1.440000000000001057,-0.008666626415292190
1.441000000000000947,-0.008556387940771066
1.442000000000001059,-0.008444773608260823
1.443000000000001171,-0.008331789301382970
1.444000000000001060,-0.008217440906853543
1.445000000000000950,-0.008101734314240553
1.446000000000001062,-0.007984675415709751
1.447000000000001174,-0.007866270105788029
1.448000000000001064,-0.007746524281115556
1.449000000000000954,-0.007625443840205146
1.450000000000001066,-0.007503034683212023
1.451000000000001178,-0.007379302711693425
1.452000000000001068,-0.007254253828374328
1.453000000000000957,-0.007127893936922994
1.454000000000001069,-0.007000228941717682
1.455000000000001181,-0.006871264747624920
1.456000000000001071,-0.006741007259772444
1.457000000000000961,-0.006609462383332085
1.458000000000001073,-0.006476636023295862
1.459000000000001185,-0.006342534084263189
1.460000000000001075,-0.006207162470225654
1.461000000000000965,-0.006070527084353165
1.462000000000001076,-0.005932633828784688
1.463000000000001188,-0.005793488604420112
1.464000000000001078,-0.005653097310716977
1.465000000000000968,-0.005511465845483191
1.466000000000001080,-0.005368600104676163
1.467000000000001192,-0.005224505982204398
1.468000000000001082,-0.005079189369731623
1.469000000000000972,-0.004932656156477863
1.470000000000001084,-0.004784912229031121
1.471000000000001195,-0.004635963471151997
1.472000000000001085,-0.004485815763585920
1.473000000000000975,-0.004334474983878994
1.474000000000001087,-0.004181947006186470
1.475000000000001199,-0.004028237701100369
1.476000000000001089,-0.003873352935456981
1.477000000000000979,-0.003717298572167058
1.478000000000001091,-0.003560080470032689
1.479000000000001203,-0.003401704483573739
1.480000000000001092,-0.003242176462859880
1.481000000000000982,-0.003081502253332561
1.482000000000001094,-0.002919687695639535
1.483000000000001206,-0.002756738625465380
1.484000000000001096,-0.002592660873369406
1.485000000000000986,-0.002427460264617292
1.486000000000001098,-0.002261142619026044
1.487000000000001210,-0.002093713750797652
1.488000000000001100,-0.001925179468365300
1.489000000000000989,-0.001755545574232977
1.490000000000001101,-0.001584817864828842
1.491000000000001213,-0.001413002130344402
1.492000000000001103,-0.001240104154587585
1.493000000000000993,-0.001066129714835762
1.494000000000001105,-0.000891084581683916
1.495000000000001217,-0.000714974518901302
1.496000000000001107,-0.000537805283291147
1.497000000000000997,-0.000359582624542845
1.498000000000001108,-0.000180312285096306
1.499000000000001220,0.000000000000000000
