# CNT15-OH-14_CHLORANE-AC
# h[nm],U(h)[kJ/mol]
0.149999999999999994,93.746192260703494981
0.150999999999999995,92.513868352659315519
0.151999999999999996,91.241541696494024904
0.152999999999999997,89.928729730000029008
0.153999999999999998,88.596807742223788296
0.154999999999999999,87.267460463543031324
0.156000000000000000,85.955180562280375511
0.157000000000000001,84.666477364483199608
0.158000000000000002,83.401763223706709027
0.159000000000000002,82.157853049903962983
0.160000000000000003,80.930142560359072945
0.161000000000000004,79.714146485847109602
0.162000000000000005,78.506386686980945910
0.163000000000000006,77.304752609115865880
0.164000000000000007,76.108493320231886514
0.165000000000000008,74.917989840770786714
0.166000000000000009,73.734426434351561852
0.167000000000000010,72.559445135420077122
0.168000000000000010,71.394836533154901304
0.169000000000000011,70.242294746961448482
0.170000000000000012,69.103246209632800401
0.171000000000000013,67.978749690143985163
0.172000000000000014,66.869457806545270273
0.173000000000000015,65.775626865447719638
0.174000000000000016,64.697161085009497583
0.175000000000000017,63.633678169651410883
0.176000000000000018,62.584585074629693224
0.177000000000000018,61.549155092570345005
0.178000000000000019,60.526599746309990735
0.179000000000000020,59.516131151834159141
0.180000000000000021,58.517012392727977499
0.181000000000000022,57.528594967677804561
0.182000000000000023,56.550343529318674030
0.183000000000000024,55.581848951648865409
0.184000000000000025,54.622831287502073394
0.185000000000000026,53.673134458156575022
0.186000000000000026,52.732714606144057257
0.187000000000000027,51.801623988636286811
0.188000000000000028,50.879992135780703677
0.189000000000000029,49.968005782648162949
0.190000000000000030,49.065888834686987252
0.191000000000000031,48.173883367720115700
0.192000000000000032,47.292232411549818494
0.193000000000000033,46.421165032929103234
0.194000000000000034,45.560884026515324763
0.195000000000000034,44.711556345478378205
0.196000000000000035,43.873306258086323339
0.197000000000000036,43.046211102259952952
0.198000000000000037,42.230299424828913857
0.199000000000000038,41.425551233197111856
0.200000000000000039,40.631900050995973572
0.201000000000000040,39.849236452521594742
0.202000000000000041,39.077412749786773816
0.203000000000000042,38.316248517510743454
0.204000000000000042,37.565536662236667098
0.205000000000000043,36.825049769267117483
0.206000000000000044,36.094546492864125753
0.207000000000000045,35.373777789176315878
0.208000000000000046,34.662492825990419476
0.209000000000000047,33.960444437361893222
0.210000000000000048,33.267394023462884434
0.211000000000000049,32.583115825878579130
0.212000000000000050,31.907400535591097679
0.213000000000000050,31.240058214728868791
0.214000000000000051,30.580920533694534669
0.215000000000000052,29.929842342520327492
0.216000000000000053,29.286702609337602610
0.217000000000000054,28.651404769864164734
0.218000000000000055,28.023876540039612593
0.219000000000000056,27.404069249642880379
0.220000000000000057,26.791956758188245402
0.221000000000000058,26.187534015914376795
0.222000000000000058,25.590815332537054871
0.223000000000000059,25.001832414915547531
0.224000000000000060,24.420632232141763041
0.225000000000000061,23.847274763046407031
0.226000000000000062,23.281830676945354242
0.227000000000000063,22.724378993819364325
0.228000000000000064,22.175004765204157309
0.229000000000000065,21.633796812012295874
0.230000000000000066,21.100845550442226539
0.231000000000000066,20.576240932154895802
0.232000000000000067,20.060070520101845659
0.233000000000000068,19.552417716835030603
0.234000000000000069,19.053360157870077529
0.235000000000000070,18.562968278746303952
0.236000000000000071,18.081304060852964710
0.237000000000000072,17.608419957883381102
0.238000000000000073,17.144358001942055836
0.239000000000000073,16.689149085860329080
0.240000000000000074,16.242812416162042410
0.241000000000000075,15.805355129349479171
0.242000000000000076,15.376772062731433266
0.243000000000000077,14.957045669868231030
0.244000000000000078,14.546146069839995363
0.245000000000000079,14.144031218929924876
0.246000000000000080,13.750647192928955320
0.247000000000000081,13.365928568086221873
0.248000000000000081,12.989798888727984050
0.249000000000000082,12.622171209721821938
0.250000000000000111,12.262948702249966360
0.251000000000000112,11.912025311755339629
0.252000000000000113,11.569286457414843738
0.253000000000000114,11.234609763060570131
0.254000000000000115,10.907865810091047720
0.255000000000000115,10.588918903579157771
0.256000000000000116,10.277627843474970604
0.257000000000000117,9.973846693509646144
0.258000000000000118,9.677425541119820451
0.259000000000000119,9.388211242420783975
0.260000000000000120,9.106048146953579447
0.261000000000000121,8.830778797609855957
0.262000000000000122,8.562244601792039944
0.263000000000000123,8.300286470492007851
0.264000000000000123,8.044745422564258064
0.265000000000000124,7.795463152027724441
0.266000000000000125,7.552282556751554132
0.267000000000000126,7.315048227363258881
0.268000000000000127,7.083606895661716862
0.269000000000000128,6.857807842223320627
0.270000000000000129,6.637503263256360420
0.271000000000000130,6.422548597087905264
0.272000000000000131,6.212802810960131872
0.273000000000000131,6.008128649070096472
0.274000000000000132,5.808392843010271811
0.275000000000000133,5.613466285958268465
0.276000000000000134,5.423224172124814224
0.277000000000000135,5.237546103101644590
0.278000000000000136,5.056316162856333563
0.279000000000000137,4.879422963202567409
0.280000000000000138,4.706759661633015845
0.281000000000000139,4.538223953439820768
0.282000000000000139,4.373718040067179125
0.283000000000000140,4.213148575642884808
0.284000000000000141,4.056426593623094767
0.285000000000000142,3.903467415458661716
0.286000000000000143,3.754190543153582471
0.287000000000000144,3.608519537538543265
0.288000000000000145,3.466381884025548032
0.289000000000000146,3.327708847546276161
0.290000000000000147,3.192435318306265035
0.291000000000000147,3.060499649912604259
0.292000000000000148,2.931843491353618436
0.293000000000000149,2.806411614227894979
0.294000000000000150,2.684151736536096511
0.295000000000000151,2.565014344264521462
0.296000000000000152,2.448952511904222806
0.297000000000000153,2.335921722964662273
0.298000000000000154,2.225879691456806864
0.299000000000000155,2.118786185237927722
0.300000000000000155,2.014602852029305780
0.301000000000000156,1.913293048839423305
0.302000000000000157,1.814821675448596183
0.303000000000000158,1.719155012537687099
0.304000000000000159,1.626260564972572542
0.305000000000000160,1.536106910688756599
0.306000000000000161,1.448663555555994353
0.307000000000000162,1.363900794541933026
0.308000000000000163,1.281789579436283244
0.309000000000000163,1.202301393342846580
0.310000000000000164,1.125408132096077596
0.311000000000000165,1.051081992711753399
0.312000000000000166,0.979295368937306399
0.313000000000000167,0.910020753927030968
0.314000000000000168,0.843230650030084350
0.315000000000000169,0.778897485645120957
0.316000000000000170,0.716993539064376129
0.317000000000000171,0.657490869202083661
0.318000000000000171,0.600361253076875268
0.319000000000000172,0.545576129895317119
0.320000000000000173,0.493106551563993356
0.321000000000000174,0.442923139440176805
0.322000000000000175,0.394996047116011662
0.323000000000000176,0.349294929018453104
0.324000000000000177,0.305788914596403338
0.325000000000000178,0.264446587857852466
0.326000000000000179,0.225235972012657909
0.327000000000000179,0.188124518971630988
0.328000000000000180,0.153079103448803988
0.329000000000000181,0.120066021411439475
0.330000000000000182,0.089050992621766065
0.331000000000000183,0.059999167014431046
0.332000000000000184,0.032875134655427310
0.333000000000000185,0.007642939030575269
0.334000000000000186,-0.015733906584922176
0.335000000000000187,-0.037292399920065722
0.336000000000000187,-0.057070027904170685
0.337000000000000188,-0.075104742499080390
0.338000000000000189,-0.091434934395165743
0.339000000000000190,-0.106099404791982876
0.340000000000000191,-0.119137335477366241
0.341000000000000192,-0.130588257411516778
0.342000000000000193,-0.140492018014720499
0.343000000000000194,-0.148888747349651324
0.344000000000000195,-0.155818823380773963
0.345000000000000195,-0.161322836485579685
0.346000000000000196,-0.165441553383640916
0.347000000000000197,-0.168215880641414378
0.348000000000000198,-0.169686827902277265
0.349000000000000199,-0.169895470982919350
0.350000000000000200,-0.168882914969112258
0.351000000000000201,-0.166690257435527428
0.352000000000000202,-0.163358551906410521
0.353000000000000203,-0.158928771665954621
0.354000000000000203,-0.153441774019504928
0.355000000000000204,-0.146938265099117754
0.356000000000000205,-0.139458765299758508
0.357000000000000206,-0.131043575425240338
0.358000000000000207,-0.121732743615945396
0.359000000000000208,-0.111566033123900080
0.360000000000000209,-0.100582890994175250
0.361000000000000210,-0.088822417705350598
0.362000000000000210,-0.076323337815904987
0.363000000000000211,-0.063123971657571137
0.364000000000000212,-0.049262208111320538
0.365000000000000213,-0.034775478496315813
0.366000000000000214,-0.019700731597296794
0.367000000000000215,-0.004074409851051408
0.368000000000000216,0.012067573291726719
0.369000000000000217,0.028689854817287898
0.370000000000000218,0.045757642404278508
0.371000000000000218,0.063236733479644910
0.372000000000000219,0.081093533074159119
0.373000000000000220,0.099295070480197131
0.374000000000000221,0.117809014717342952
0.375000000000000222,0.136603688814429747
0.376000000000000223,0.155648082919025904
0.377000000000000224,0.174911866248093184
0.378000000000000225,0.194365397895616465
0.379000000000000226,0.213979736515190366
0.380000000000000226,0.233726648897301936
0.381000000000000227,0.253578617462976053
0.382000000000000228,0.273508846696754293
0.383000000000000229,0.293491268543550010
0.384000000000000230,0.313500546795129786
0.385000000000000231,0.333512080492928242
0.386000000000000232,0.353502006375087219
0.387000000000000233,0.373447200396201218
0.388000000000000234,0.393325278349162311
0.389000000000000234,0.413114595618861657
0.390000000000000235,0.432794246098192226
0.391000000000000236,0.452344060296959671
0.392000000000000237,0.471744602674754987
0.393000000000000238,0.490977168228846850
0.394000000000000239,0.510023778368385639
0.395000000000000240,0.528867176106101788
0.396000000000000241,0.547490820598658834
0.397000000000000242,0.565878881066714690
0.398000000000000242,0.584016230125419478
0.399000000000000243,0.601888436555952699
0.400000000000000244,0.619481757548314915
0.401000000000000245,0.636783130445114365
0.402000000000000246,0.653780164015897669
0.403000000000000247,0.670461129290882196
0.404000000000000248,0.686814949982568868
0.405000000000000249,0.702831192523124870
0.406000000000000250,0.718500055744928590
0.407000000000000250,0.733812360230942984
0.408000000000000251,0.748759537361119554
0.409000000000000252,0.763333618080247578
0.410000000000000253,0.777527221412120051
0.411000000000000254,0.791333542744121265
0.412000000000000255,0.804746341905732132
0.413000000000000256,0.817759931063654077
0.414000000000000257,0.830369162455676602
0.415000000000000258,0.842569415984527614
0.416000000000000258,0.854356586692427866
0.417000000000000259,0.865727072136154296
0.418000000000000260,0.876677759681852464
0.419000000000000261,0.887206013738029098
0.420000000000000262,0.897309662944481223
0.421000000000000263,0.906986987334170713
0.422000000000000264,0.916236705484402614
0.423000000000000265,0.925057961672937745
0.424000000000000266,0.933450313053903580
0.425000000000000266,0.941413716867880113
0.426000000000000267,0.948948517699621519
0.427000000000000268,0.956055434796421189
0.428000000000000269,0.962735549459351803
0.429000000000000270,0.968990292519000596
0.430000000000000271,0.974821431906755409
0.431000000000000272,0.980231060331975157
0.432000000000000273,0.985221583074893936
0.433000000000000274,0.989795705904430334
0.434000000000000274,0.993956423129565669
0.435000000000000275,0.997707005792367596
0.436000000000000276,1.001050990010200259
0.437000000000000277,1.003992165474147935
0.438000000000000278,1.006534564110154184
0.439000000000000279,1.008682448908883700
0.440000000000000280,1.010440302929845213
0.441000000000000281,1.011812818484866705
0.442000000000000282,1.012804886505459523
0.443000000000000282,1.013421586098392613
0.444000000000000283,1.013668174293085089
0.445000000000000284,1.013550075984297916
0.446000000000000285,1.013072874073070340
0.447000000000000286,1.012242299808430390
0.448000000000000287,1.011064223332232226
0.449000000000000288,1.009544644428908233
0.450000000000000289,1.007689683481778342
0.451000000000000290,1.005505572637119815
0.452000000000000290,1.002998647176938762
0.453000000000000291,1.000175337101142148
0.454000000000000292,0.997042158919427046
0.455000000000000293,0.993605707653049341
0.456000000000000294,0.989872649046313002
0.457000000000000295,0.985849711987410005
0.458000000000000296,0.981543681138013491
0.459000000000000297,0.976961389770808153
0.460000000000000298,0.972109712813932547
0.461000000000000298,0.966995560101145069
0.462000000000000299,0.961625869826285951
0.463000000000000300,0.956007602200533491
0.464000000000000301,0.950147733310666376
0.465000000000000302,0.944053249176512788
0.466000000000000303,0.937731140005559238
0.467000000000000304,0.931188394642579076
0.468000000000000305,0.924431995212007585
0.469000000000000306,0.917468911950718002
0.470000000000000306,0.910306098228667260
0.471000000000000307,0.902950485754902443
0.472000000000000308,0.895408979966191287
0.473000000000000309,0.887688455595582959
0.474000000000000310,0.879795752418058852
0.475000000000000311,0.871737671170376927
0.476000000000000312,0.863520969642179281
0.477000000000000313,0.855152358935347578
0.478000000000000314,0.846638499888584084
0.479000000000000314,0.837985999664075387
0.480000000000000315,0.829201408493186021
0.481000000000000316,0.820291216577949234
0.482000000000000317,0.811261851145241963
0.483000000000000318,0.802119673650387610
0.484000000000000319,0.792870977127011933
0.485000000000000320,0.783521983679891232
0.486000000000000321,0.774078842117572830
0.487000000000000322,0.764547625721531898
0.488000000000000322,0.754934330148630650
0.489000000000000323,0.745244871463626390
0.490000000000000324,0.735485084298529213
0.491000000000000325,0.725660720135586579
0.492000000000000326,0.715777445710700344
0.493000000000000327,0.705840841534089103
0.494000000000000328,0.695856400525038943
0.495000000000000329,0.685829526757615326
0.496000000000000330,0.675765534314212379
0.497000000000000330,0.665669646243839619
0.498000000000000331,0.655546993622144858
0.499000000000000332,0.645402614710087308
0.500000000000000333,0.635241454208291478
0.501000000000000334,0.625068362604160876
0.502000000000000335,0.614888095608771890
0.503000000000000336,0.604705313680720224
0.504000000000000337,0.594524581634043647
0.505000000000000338,0.584350368327437364
0.506000000000000338,0.574187046431996029
0.507000000000000339,0.564038892274760117
0.508000000000000340,0.553910085755415227
0.509000000000000341,0.543804710333472108
0.510000000000000342,0.533726753083394789
0.511000000000000343,0.523680104815089975
0.512000000000000344,0.513668560257298346
0.513000000000000345,0.503695818301433063
0.514000000000000346,0.493765482303431369
0.515000000000000346,0.483881060441332334
0.516000000000000347,0.474045966126220741
0.517000000000000348,0.464263518464288427
0.518000000000000349,0.454536942767824637
0.519000000000000350,0.444869371112956269
0.520000000000000351,0.435263842942021306
0.521000000000000352,0.425723305708507138
0.522000000000000353,0.416250615562551662
0.523000000000000353,0.406848538075009813
0.524000000000000354,0.397519748998173439
0.525000000000000355,0.388266835061257254
0.526000000000000356,0.379092294798840768
0.527000000000000357,0.369998539410438532
0.528000000000000358,0.360987893649500957
0.529000000000000359,0.352062596740117195
0.530000000000000360,0.343224803319803984
0.531000000000000361,0.334476584406734057
0.532000000000000361,0.325819928389879665
0.533000000000000362,0.317256742040527340
0.534000000000000363,0.308788851543714105
0.535000000000000364,0.300418003548117762
0.536000000000000365,0.292145866233054829
0.537000000000000366,0.283974030391191845
0.538000000000000367,0.275904010525713950
0.539000000000000368,0.267937245960614578
0.540000000000000369,0.260075101962958022
0.541000000000000369,0.252318870875846646
0.542000000000000370,0.244669773261012080
0.543000000000000371,0.237128959049866805
0.544000000000000372,0.229697508701958431
0.545000000000000373,0.222376434369791459
0.546000000000000374,0.215166681069008353
0.547000000000000375,0.208069127852955754
0.548000000000000376,0.201084588990700031
0.549000000000000377,0.194213815147612129
0.550000000000000377,0.187457494567614930
0.551000000000000378,0.180816254256302822
0.552000000000000379,0.174290661164088617
0.553000000000000380,0.167881223368630206
0.554000000000000381,0.161588391255793856
0.555000000000000382,0.155412558698411057
0.556000000000000383,0.149354064232199907
0.557000000000000384,0.143413192228128372
0.558000000000000385,0.137590174060656933
0.559000000000000385,0.131885189271206293
0.560000000000000386,0.126298366726306677
0.561000000000000387,0.120829785769868442
0.562000000000000388,0.115479477369062278
0.563000000000000389,0.110247425253274425
0.564000000000000390,0.105133567045715234
0.565000000000000391,0.100137795387178485
0.566000000000000392,0.095259959051557180
0.567000000000000393,0.090499864052679027
0.568000000000000393,0.085857274742105180
0.569000000000000394,0.081331914897498747
0.570000000000000395,0.076923468801233755
0.571000000000000396,0.072631582308926454
0.572000000000000397,0.068455863907544795
0.573000000000000398,0.064395885762863453
0.574000000000000399,0.060451184755941190
0.575000000000000400,0.056621263508408813
0.576000000000000401,0.052905591396314441
0.577000000000000401,0.049303605552286842
0.578000000000000402,0.045814711855856172
0.579000000000000403,0.042438285911725347
0.580000000000000404,0.039173674015786850
0.581000000000000405,0.036020194108792515
0.582000000000000406,0.032977136717463232
0.583000000000000407,0.030043765882962627
0.584000000000000408,0.027219320076576421
0.585000000000000409,0.024503013102521717
0.586000000000000409,0.021894034987775639
0.587000000000000410,0.019391552858833726
0.588000000000000411,0.016994711805375162
0.589000000000000412,0.014702635730691393
0.590000000000000413,0.012514428188928162
0.591000000000000414,0.010429173209027415
0.592000000000000415,0.008445936105363649
0.593000000000000416,0.006563764275076716
0.594000000000000417,0.004781687982064386
0.595000000000000417,0.003098721127623122
0.596000000000000418,0.001513862007803179
0.597000000000000419,0.000026094057401366
0.598000000000000420,-0.001365613419290551
0.599000000000000421,-0.002662304531029730
0.600000000000000422,-0.003865036095376850
0.601000000000000423,-0.004974876947622780
0.602000000000000424,-0.005992907262860369
0.603000000000000425,-0.006920217891130937
0.604000000000000425,-0.007757909705561844
0.605000000000000426,-0.008507092963466707
0.606000000000000427,-0.009168886680331351
0.607000000000000428,-0.009744418016537132
0.608000000000000429,-0.010234821676884720
0.609000000000000430,-0.010641239322641060
0.610000000000000431,-0.010964818996207871
0.611000000000000432,-0.011206714558172303
0.612000000000000433,-0.011368085136704276
0.613000000000000433,-0.011450094589209203
0.614000000000000434,-0.011453910976091424
0.615000000000000435,-0.011380706046525657
0.616000000000000436,-0.011231654736149444
0.617000000000000437,-0.011007934676548431
0.618000000000000438,-0.010710725716397562
0.619000000000000439,-0.010341209454148487
0.620000000000000440,-0.009900568782161955
0.621000000000000441,-0.009389987442125741
0.622000000000000441,-0.008810649591657938
0.623000000000000442,-0.008163739381930013
0.624000000000000443,-0.007450440546229143
0.625000000000000444,-0.006671935999298118
0.626000000000000445,-0.005829407447297907
0.627000000000000446,-0.004924035008309835
0.628000000000000447,-0.003956996843200672
0.629000000000000448,-0.002929468796726825
0.630000000000000449,-0.001842624048731817
0.631000000000000449,-0.000697632775318019
0.632000000000000450,0.000504338180171698
0.633000000000000451,0.001762125626476535
0.634000000000000452,0.003074570334220356
0.635000000000000453,0.004440517336292388
0.636000000000000454,0.005858816218986163
0.637000000000000455,0.007328321404000559
0.638000000000000456,0.008847892421489468
0.639000000000000457,0.010416394174254601
0.640000000000000457,0.012032697193241803
0.641000000000000458,0.013695677884511408
0.642000000000000459,0.015404218767751266
0.643000000000000460,0.017157208706562066
0.644000000000000461,0.018953543130569524
0.645000000000000462,0.020792124249565020
0.646000000000000463,0.022671861259790742
0.647000000000000464,0.024591670542495205
0.648000000000000465,0.026550475854911000
0.649000000000000465,0.028547208513802224
0.650000000000000466,0.030580807571680350
0.651000000000000467,0.032650219985874127
0.652000000000000468,0.034754400780536022
0.653000000000000469,0.036892313201772081
0.654000000000000470,0.039062928865964033
0.655000000000000471,0.041265227901477908
0.656000000000000472,0.043498199083850053
0.657000000000000473,0.045760839964599523
0.658000000000000473,0.048052156993771009
0.659000000000000474,0.050371165636365012
0.660000000000000475,0.052716890482759335
0.661000000000000476,0.055088365353267034
0.662000000000000477,0.057484633396918838
0.663000000000000478,0.059904747184643670
0.664000000000000479,0.062347768796901702
0.665000000000000480,0.064812769905981671
0.666000000000000481,0.067298831852957305
0.667000000000000481,0.069805045719565653
0.668000000000000482,0.072330512394971833
0.669000000000000483,0.074874342637668082
0.670000000000000484,0.077435657132527508
0.671000000000000485,0.080013586543168452
0.672000000000000486,0.082607271559740195
0.673000000000000487,0.085215862942192050
0.674000000000000488,0.087838521559216648
0.675000000000000488,0.090474418422896469
0.676000000000000489,0.093122734719178188
0.677000000000000490,0.095782661834325294
0.678000000000000491,0.098453401377371547
0.679000000000000492,0.101134165198741480
0.680000000000000493,0.103824175405112615
0.681000000000000494,0.106522664370594405
0.682000000000000495,0.109228874744376814
0.683000000000000496,0.111942059454872095
0.684000000000000496,0.114661481710505650
0.685000000000000497,0.117386414997211391
0.686000000000000498,0.120116143072728221
0.687000000000000499,0.122849959957799765
0.688000000000000500,0.125587169924352871
0.689000000000000501,0.128327087480739982
0.690000000000000502,0.131069037354131501
0.691000000000000503,0.133812354470152189
0.692000000000000504,0.136556383929839181
0.693000000000000504,0.139300480983971797
0.694000000000000505,0.142044011004923504
0.695000000000000506,0.144786349456019148
0.696000000000000507,0.147526881858563164
0.697000000000000508,0.150265003756561072
0.698000000000000509,0.153000120679214091
0.699000000000000510,0.155731648101278625
0.700000000000000511,0.158459011401349603
0.701000000000000512,0.161181645818130270
0.702000000000000512,0.163898996404774344
0.703000000000000513,0.166610517981353679
0.704000000000000514,0.169315675085521755
0.705000000000000515,0.172013941921444535
0.706000000000000516,0.174704802307049462
0.707000000000000517,0.177387749619660612
0.708000000000000518,0.180062286740101801
0.709000000000000519,0.182727925995267826
0.710000000000000520,0.185384189099311397
0.711000000000000520,0.188030607093411267
0.712000000000000521,0.190666720284251967
0.713000000000000522,0.193292078181226595
0.714000000000000523,0.195906239432421303
0.715000000000000524,0.198508771759468849
0.716000000000000525,0.201099251891261377
0.717000000000000526,0.203677265496639143
0.718000000000000527,0.206242407116061482
0.719000000000000528,0.208794280092325035
0.720000000000000528,0.211332496500352379
0.721000000000000529,0.213856677076168122
0.722000000000000530,0.216366451144992145
0.723000000000000531,0.218861456548621630
0.724000000000000532,0.221341339572037554
0.725000000000000533,0.223805754869345230
0.726000000000000534,0.226254365389074952
0.727000000000000535,0.228686842298858467
0.728000000000000536,0.231102864909557393
0.729000000000000536,0.233502120598856250
0.730000000000000537,0.235884304734356010
0.731000000000000538,0.238249120596243591
0.732000000000000539,0.240596279299508442
0.733000000000000540,0.242925499715806070
0.734000000000000541,0.245236508394952202
0.735000000000000542,0.247529039486127006
0.736000000000000543,0.249802834658761214
0.737000000000000544,0.252057643023214317
0.738000000000000544,0.254293221051185403
0.739000000000000545,0.256509332495981124
0.740000000000000546,0.258705748312583250
0.741000000000000547,0.260882246577618437
0.742000000000000548,0.263038612409171924
0.743000000000000549,0.265174637886590070
0.744000000000000550,0.267290121970179206
0.745000000000000551,0.269384870420896538
0.746000000000000552,0.271458695720036114
0.747000000000000552,0.273511416988935774
0.748000000000000553,0.275542859908735616
0.749000000000000554,0.277552856640202239
0.750000000000000555,0.279541245743627209
0.751000000000000556,0.281507872098869683
0.752000000000000557,0.283452586825484354
0.753000000000000558,0.285375247203060234
0.754000000000000559,0.287275716591670838
0.755000000000000560,0.289153864352558521
0.756000000000000560,0.291009565768998113
0.757000000000000561,0.292842701967411190
0.758000000000000562,0.294653159838711709
0.759000000000000563,0.296440831959902562
0.760000000000000564,0.298205616515961724
0.761000000000000565,0.299947417222017010
0.762000000000000566,0.301666143245821194
0.763000000000000567,0.303361709130553492
0.764000000000000568,0.305034034717958480
0.765000000000000568,0.306683045071813931
0.766000000000000569,0.308308670401791107
0.767000000000000570,0.309910845987653394
0.768000000000000571,0.311489512103876653
0.769000000000000572,0.313044613944633843
0.770000000000000573,0.314576101549208342
0.771000000000000574,0.316083929727813850
0.772000000000000575,0.317568057987853813
0.773000000000000576,0.319028450460613178
0.774000000000000576,0.320465075828401613
0.775000000000000577,0.321877907252144990
0.776000000000000578,0.323266922299462356
0.777000000000000579,0.324632102873187944
0.778000000000000580,0.325973435140408552
0.779000000000000581,0.327290909461960211
0.780000000000000582,0.328584520322447893
0.781000000000000583,0.329854266260743156
0.782000000000000584,0.331100149801009436
0.783000000000000584,0.332322177384245576
0.784000000000000585,0.333520359300329139
0.785000000000000586,0.334694709620617259
0.786000000000000587,0.335845246131053987
0.787000000000000588,0.336971990265829191
0.788000000000000589,0.338074967041584018
0.789000000000000590,0.339154204992138997
0.790000000000000591,0.340209736103804450
0.791000000000000592,0.341241595751218652
0.792000000000000592,0.342249822633760081
0.793000000000000593,0.343234458712510460
0.794000000000000594,0.344195549147791213
0.795000000000000595,0.345133142237248891
0.796000000000000596,0.346047289354541210
0.797000000000000597,0.346938044888555897
0.798000000000000598,0.347805466183230938
0.799000000000000599,0.348649613477943765
0.800000000000000600,0.349470549848461487
0.801000000000000600,0.350268341148496920
0.802000000000000601,0.351043055951817340
0.803000000000000602,0.351794765494954753
0.804000000000000603,0.352523543620475999
0.805000000000000604,0.353229466720849261
0.806000000000000605,0.353912613682900279
0.807000000000000606,0.354573065832818834
0.808000000000000607,0.355210906881783584
0.809000000000000608,0.355826222872153486
0.810000000000000608,0.356419102124221399
0.811000000000000609,0.356989635183599774
0.812000000000000610,0.357537914769125720
0.813000000000000611,0.358064035721399276
0.814000000000000612,0.358568094951867145
0.815000000000000613,0.359050191392491502
0.816000000000000614,0.359510425946011014
0.817000000000000615,0.359948901436761282
0.818000000000000616,0.360365722562071222
0.819000000000000616,0.360760995844239540
0.820000000000000617,0.361134829583083239
0.821000000000000618,0.361487333809043743
0.822000000000000619,0.361818620236867727
0.823000000000000620,0.362128802219856383
0.824000000000000621,0.362417994704679836
0.825000000000000622,0.362686314186739189
0.826000000000000623,0.362933878666100274
0.827000000000000624,0.363160807603983782
0.828000000000000624,0.363367221879796365
0.829000000000000625,0.363553243748739707
0.830000000000000626,0.363718996799933747
0.831000000000000627,0.363864605915116823
0.832000000000000628,0.363990197227866463
0.833000000000000629,0.364095898083380443
0.834000000000000630,0.364181836998781649
0.835000000000000631,0.364248143623958909
0.836000000000000631,0.364294948702948929
0.837000000000000632,0.364322384035829894
0.838000000000000633,0.364330582441163231
0.839000000000000634,0.364319677718936419
0.840000000000000635,0.364289804614028656
0.841000000000000636,0.364241098780208383
0.842000000000000637,0.364173696744617081
0.843000000000000638,0.364087735872781537
0.844000000000000639,0.363983354334121878
0.845000000000000639,0.363860691067964093
0.846000000000000640,0.363719885750053318
0.847000000000000641,0.363561078759544132
0.848000000000000642,0.363384411146509989
0.849000000000000643,0.363190024599923389
0.850000000000000644,0.362978061416101394
0.851000000000000645,0.362748664467675730
0.852000000000000646,0.362501977172993539
0.853000000000000647,0.362238143466015239
0.854000000000000647,0.361957307766675895
0.855000000000000648,0.361659614951706010
0.856000000000000649,0.361345210325913657
0.857000000000000650,0.361014239593925201
0.858000000000000651,0.360666848832383091
0.859000000000000652,0.360303184462584081
0.860000000000000653,0.359923393223559596
0.861000000000000654,0.359527622145615289
0.862000000000000655,0.359116018524277714
0.863000000000000655,0.358688729894708958
0.864000000000000656,0.358245904006515015
0.865000000000000657,0.357787688799009573
0.866000000000000658,0.357314232376877317
0.867000000000000659,0.356825682986257220
0.868000000000000660,0.356322188991253841
0.869000000000000661,0.355803898850842237
0.870000000000000662,0.355270961096181392
0.871000000000000663,0.354723524308323546
0.872000000000000663,0.354161737096337970
0.873000000000000664,0.353585748075806505
0.874000000000000665,0.352995705847722274
0.875000000000000666,0.352391758977762370
0.876000000000000667,0.351774055975953792
0.877000000000000668,0.351142745276707413
0.878000000000000669,0.350497975219221047
0.879000000000000670,0.349839894028270482
0.880000000000000671,0.349168649795336794
0.881000000000000671,0.348484390460127302
0.882000000000000672,0.347787263792423029
0.883000000000000673,0.347077417374300479
0.884000000000000674,0.346354998582693641
0.885000000000000675,0.345620154572302829
0.886000000000000676,0.344873032258847800
0.887000000000000677,0.344113778302651219
0.888000000000000678,0.343342539092570398
0.889000000000000679,0.342559460730239518
0.890000000000000679,0.341764689014655176
0.891000000000000680,0.340958369427070196
0.892000000000000681,0.340140647116219330
0.893000000000000682,0.339311666883850727
0.894000000000000683,0.338471573170574747
0.895000000000000684,0.337620510042008160
0.896000000000000685,0.336758621175238970
0.897000000000000686,0.335886049845578682
0.898000000000000687,0.335002938913609716
0.899000000000000687,0.334109430812541408
0.900000000000000688,0.333205667535832029
0.901000000000000689,0.332291790625116601
0.902000000000000690,0.331367941158400792
0.903000000000000691,0.330434259738544345
0.904000000000000692,0.329490886482011580
0.905000000000000693,0.328537961007899892
0.906000000000000694,0.327575622427223379
0.907000000000000695,0.326604009332482126
0.908000000000000695,0.325623259787465702
0.909000000000000696,0.324633511317337420
0.910000000000000697,0.323634900898954914
0.911000000000000698,0.322627564951454116
0.912000000000000699,0.321611639327072263
0.913000000000000700,0.320587259302210159
0.914000000000000701,0.319554559568760943
0.915000000000000702,0.318513674225632759
0.916000000000000703,0.317464736770548039
0.917000000000000703,0.316407880092043736
0.918000000000000704,0.315343236461716692
0.919000000000000705,0.314270937526684002
0.920000000000000706,0.313191114302264428
0.921000000000000707,0.312103897164886235
0.922000000000000708,0.311009415845202475
0.923000000000000709,0.309907799421413777
0.924000000000000710,0.308799176312814783
0.925000000000000711,0.307683674273533381
0.926000000000000711,0.306561420386476380
0.927000000000000712,0.305432541057474471
0.928000000000000713,0.304297162009630473
0.929000000000000714,0.303155408277845706
0.930000000000000715,0.302007404203557817
0.931000000000000716,0.300853273429655121
0.932000000000000717,0.299693138895565703
0.933000000000000718,0.298527122832560388
0.934000000000000719,0.297355346759199057
0.935000000000000719,0.296177931476977463
0.936000000000000720,0.294994997066144682
0.937000000000000721,0.293806662881683778
0.938000000000000722,0.292613047549466210
0.939000000000000723,0.291414268962577494
0.940000000000000724,0.290210444277797186
0.941000000000000725,0.289001689912247450
0.942000000000000726,0.287788121540190012
0.943000000000000727,0.286569854089996912
0.944000000000000727,0.285347001741251938
0.945000000000000728,0.284119677922015701
0.946000000000000729,0.282887995306247975
0.947000000000000730,0.281652065811349772
0.948000000000000731,0.280412000595878397
0.949000000000000732,0.279167910057376345
0.950000000000000733,0.277919903830368464
0.951000000000000734,0.276668090784455534
0.952000000000000735,0.275412579022587922
0.953000000000000735,0.274153475879438890
0.954000000000000736,0.272890887919913061
0.955000000000000737,0.271624920937794001
0.956000000000000738,0.270355679954500661
0.957000000000000739,0.269083269217978094
0.958000000000000740,0.267807792201707584
0.959000000000000741,0.266529351603827624
0.960000000000000742,0.265248049346379355
0.961000000000000743,0.263963986574663134
0.962000000000000743,0.262677263656707238
0.963000000000000744,0.261387980182848478
0.964000000000000745,0.260096234965413842
0.965000000000000746,0.258802126038520985
0.966000000000000747,0.257505750657968435
0.967000000000000748,0.256207205301245466
0.968000000000000749,0.254906585667617480
0.969000000000000750,0.253603986678338778
0.970000000000000751,0.252299502476932669
0.971000000000000751,0.250993226429593652
0.972000000000000752,0.249685251125667529
0.973000000000000753,0.248375668378209402
0.974000000000000754,0.247064569224667713
0.975000000000000755,0.245752043927616098
0.976000000000000756,0.244438181975597635
0.977000000000000757,0.243123072084040270
0.978000000000000758,0.241806802196263104
0.979000000000000759,0.240489459484543922
0.980000000000000759,0.239171130351299416
0.981000000000000760,0.237851900430310348
0.982000000000000761,0.236531854588031942
0.983000000000000762,0.235211076924991019
0.984000000000000763,0.233889650777242469
0.985000000000000764,0.232567658717892922
0.986000000000000765,0.231245182558709628
0.987000000000000766,0.229922303351785123
0.988000000000000766,0.228599101391269099
0.989000000000000767,0.227275656215167793
0.990000000000000768,0.225952046607204388
0.991000000000000769,0.224628350598750609
0.992000000000000770,0.223304645470804225
0.993000000000000771,0.221981007756031190
0.994000000000000772,0.220657513240875736
0.995000000000000773,0.219334236967706708
0.996000000000000774,0.218011253237041236
0.997000000000000774,0.216688635609803532
0.998000000000000775,0.215366456909649007
0.999000000000000776,0.214044789225329934
1.000000000000000666,0.212723703913118373
1.001000000000000778,0.211403271599273385
1.002000000000000668,0.210083562182558248
1.003000000000000780,0.208764644836799407
1.004000000000000670,0.207446588013500521
1.005000000000000782,0.206129459444481355
1.006000000000000671,0.204813326144580948
1.007000000000000783,0.203498254414391733
1.008000000000000673,0.202184309843029097
1.009000000000000785,0.200871557310950605
1.010000000000000675,0.199560060992807570
1.011000000000000787,0.198249884360335554
1.012000000000000677,0.196941090185274253
1.013000000000000789,0.195633740542333845
1.014000000000000679,0.194327896812192480
1.015000000000000790,0.193023619684512454
1.016000000000000680,0.191720969161008503
1.017000000000000792,0.190420004558533640
1.018000000000000682,0.189120784512203516
1.019000000000000794,0.187823366978540907
1.020000000000000684,0.186527809238652587
1.021000000000000796,0.185234167901435598
1.022000000000000686,0.183942498906809165
1.023000000000000798,0.182652857528962903
1.024000000000000687,0.181365298379648932
1.025000000000000799,0.180079875411471357
1.026000000000000689,0.178796641921222549
1.027000000000000801,0.177515650553227905
1.028000000000000691,0.176236953302712440
1.029000000000000803,0.174960601519193376
1.030000000000000693,0.173686645909890386
1.031000000000000805,0.172415136543142278
1.032000000000000695,0.171146122851869337
1.033000000000000806,0.169879653637017347
1.034000000000000696,0.168615777071046968
1.035000000000000808,0.167354540701425997
1.036000000000000698,0.166095991454138503
1.037000000000000810,0.164840175637197356
1.038000000000000700,0.163587138944198907
1.039000000000000812,0.162336926457858993
1.040000000000000702,0.161089582653576147
1.041000000000000814,0.159845151403002733
1.042000000000000703,0.158603675977637859
1.043000000000000815,0.157365199052408450
1.044000000000000705,0.156129762709275643
1.045000000000000817,0.154897408440852619
1.046000000000000707,0.153668177154016150
1.047000000000000819,0.152442109173536761
1.048000000000000709,0.151219244245716922
1.049000000000000821,0.149999621542024036
1.050000000000000711,0.148783279662749346
1.051000000000000822,0.147570256640644715
1.052000000000000712,0.146360589944593361
1.053000000000000824,0.145154316483263990
1.054000000000000714,0.143951472608775694
1.055000000000000826,0.142752094120369682
1.056000000000000716,0.141556216268075630
1.057000000000000828,0.140363873756387647
1.058000000000000718,0.139175100747939179
1.059000000000000830,0.137989930867178395
1.060000000000000719,0.136808397204041088
1.061000000000000831,0.135630532317635055
1.062000000000000721,0.134456368239913387
1.063000000000000833,0.133285936479343642
1.064000000000000723,0.132119268024597558
1.065000000000000835,0.130956393348213129
1.066000000000000725,0.129797342410266553
1.067000000000000837,0.128642144662055147
1.068000000000000727,0.127490829049742960
1.069000000000000838,0.126343424018044770
1.070000000000000728,0.125199957513872806
1.071000000000000840,0.124060456990000637
1.072000000000000730,0.122924949408709391
1.073000000000000842,0.121793461245439300
1.074000000000000732,0.120666018492434995
1.075000000000000844,0.119542646662376573
1.076000000000000734,0.118423370792014551
1.077000000000000846,0.117308215445797351
1.078000000000000735,0.116197204719485872
1.079000000000000847,0.115090362243774336
1.080000000000000737,0.113987711187884824
1.081000000000000849,0.112889274263178491
1.082000000000000739,0.111795073726739386
1.083000000000000851,0.110705131384959812
1.084000000000000741,0.109619468597112579
1.085000000000000853,0.108538106278925392
1.086000000000000743,0.107461064906134426
1.087000000000000854,0.106388364518032047
1.088000000000000744,0.105320024721008057
1.089000000000000856,0.104256064692086550
1.090000000000000746,0.103196503182441113
1.091000000000000858,0.102141358520904599
1.092000000000000748,0.101090648617477546
1.093000000000000860,0.100044390966810767
1.094000000000000750,0.099002602651694901
1.095000000000000862,0.097965300346520484
1.096000000000000751,0.096932500320740619
1.097000000000000863,0.095904218442323358
1.098000000000000753,0.094880470181177873
1.099000000000000865,0.093861270612581843
1.100000000000000755,0.092846634420600815
1.101000000000000867,0.091836575901478937
1.102000000000000757,0.090831108967034099
1.103000000000000869,0.089830247148026149
1.104000000000000759,0.088834003597532532
1.105000000000000870,0.087842391094282907
1.106000000000000760,0.086855422046015512
1.107000000000000872,0.085873108492785025
1.108000000000000762,0.084895462110281678
1.109000000000000874,0.083922494213131804
1.110000000000000764,0.082954215758178157
1.111000000000000876,0.081990637347756662
1.112000000000000766,0.081031769232946832
1.113000000000000878,0.080077621316821182
1.114000000000000767,0.079128203157671800
1.115000000000000879,0.078183523972229954
1.116000000000000769,0.077243592638863337
1.117000000000000881,0.076308417700765352
1.118000000000000771,0.075378007369128364
1.119000000000000883,0.074452369526300022
1.120000000000000773,0.073531511728926385
1.121000000000000885,0.072615441211084347
1.122000000000000774,0.071704164887393257
1.123000000000000886,0.070797689356114440
1.124000000000000776,0.069896020902230599
1.125000000000000888,0.068999165500525622
1.126000000000000778,0.068107128818629709
1.127000000000000890,0.067219916220054271
1.128000000000000780,0.066337532767229132
1.129000000000000892,0.065459983224495782
1.130000000000000782,0.064587272061109036
1.131000000000000894,0.063719403454208831
1.132000000000000783,0.062856381291785529
1.133000000000000895,0.061998209175618400
1.134000000000000785,0.061144890424217072
1.135000000000000897,0.060296428075721012
1.136000000000000787,0.059452824890812161
1.137000000000000899,0.058614083355584254
1.138000000000000789,0.057780205684425136
1.139000000000000901,0.056951193822844824
1.140000000000000790,0.056127049450332311
1.141000000000000902,0.055307773983164596
1.142000000000000792,0.054493368577207303
1.143000000000000904,0.053683834130703822
1.144000000000000794,0.052879171287043572
1.145000000000000906,0.052079380437524206
1.146000000000000796,0.051284461724076191
1.147000000000000908,0.050494415041995658
1.148000000000000798,0.049709240042646416
1.149000000000000909,0.048928936136147252
1.150000000000000799,0.048153502494051502
1.151000000000000689,0.047382938051997510
1.152000000000000801,0.046617241512351547
1.153000000000000913,0.045856411346834144
1.154000000000000803,0.045100445799125151
1.155000000000000693,0.044349342887462596
1.156000000000000805,0.043603100407204901
1.157000000000000917,0.042861715933408609
1.158000000000000806,0.042125186823355698
1.159000000000000696,0.041393510219088672
1.160000000000000808,0.040666683049921069
1.161000000000000920,0.039944702034929745
1.162000000000000810,0.039227563685431802
1.163000000000000700,0.038515264307452370
1.164000000000000812,0.037807800004162416
1.165000000000000924,0.037105166678318299
1.166000000000000814,0.036407360034665402
1.167000000000000703,0.035714375582341980
1.168000000000000815,0.035026208637255710
1.169000000000000927,0.034342854324454671
1.170000000000000817,0.033664307580469767
1.171000000000000707,0.032990563155654365
1.172000000000000819,0.032321615616491918
1.173000000000000931,0.031657459347905204
1.174000000000000821,0.030998088555540638
1.175000000000000711,0.030343497268031823
1.176000000000000822,0.029693679339254465
1.177000000000000934,0.029048628450566254
1.178000000000000824,0.028408338113024144
1.179000000000000714,0.027772801669594914
1.180000000000000826,0.027142012297335628
1.181000000000000938,0.026515963009577946
1.182000000000000828,0.025894646658079258
1.183000000000000718,0.025278055935166060
1.184000000000000830,0.024666183375859851
1.185000000000000941,0.024059021359996050
1.186000000000000831,0.023456562114305510
1.187000000000000721,0.022858797714507703
1.188000000000000833,0.022265720087366145
1.189000000000000945,0.021677321012742785
1.190000000000000835,0.021093592125626694
1.191000000000000725,0.020514524918163302
1.192000000000000837,0.019940110741636076
1.193000000000000949,0.019370340808482614
1.194000000000000838,0.018805206194240330
1.195000000000000728,0.018244697839524152
1.196000000000000840,0.017688806551957013
1.197000000000000952,0.017137523008098458
1.198000000000000842,0.016590837755364261
1.199000000000000732,0.016048741213911526
1.200000000000000844,0.015511223678537852
1.201000000000000956,0.014978275320530185
1.202000000000000846,0.014449886189531099
1.203000000000000735,0.013926046215371083
1.204000000000000847,0.013406745209897378
1.205000000000000959,0.012891972868771681
1.206000000000000849,0.012381718773276967
1.207000000000000739,0.011875972392091243
1.208000000000000851,0.011374723083051671
1.209000000000000963,0.010877960094908892
1.210000000000000853,0.010385672569060971
1.211000000000000743,0.009897849541278179
1.212000000000000854,0.009414479943409628
1.213000000000000966,0.008935552605077873
1.214000000000000856,0.008461056255356435
1.215000000000000746,0.007990979524442277
1.216000000000000858,0.007525310945298699
1.217000000000000970,0.007064038955301574
1.218000000000000860,0.006607151897861097
1.219000000000000750,0.006154638024028464
1.220000000000000862,0.005706485494096828
1.221000000000000973,0.005262682379185500
1.222000000000000863,0.004823216662805045
1.223000000000000753,0.004388076242417683
1.224000000000000865,0.003957248930978753
1.225000000000000977,0.003530722458461907
1.226000000000000867,0.003108484473382678
1.227000000000000757,0.002690522544295290
1.228000000000000869,0.002276824161287698
1.229000000000000981,0.001867376737446572
1.230000000000000870,0.001462167610339003
1.231000000000000760,0.001061184043447099
1.232000000000000872,0.000664413227607412
1.233000000000000984,0.000271842282450406
1.234000000000000874,-0.000116541742210161
1.235000000000000764,-0.000500751864958685
1.236000000000000876,-0.000880801171402826
1.237000000000000988,-0.001256702812793222
1.238000000000000878,-0.001628470004666374
1.239000000000000767,-0.001996116025491594
1.240000000000000879,-0.002359654215338568
1.241000000000000991,-0.002719097974548433
1.242000000000000881,-0.003074460762424582
1.243000000000000771,-0.003425756095932627
1.244000000000000883,-0.003772997548409830
1.245000000000000995,-0.004116198748292035
1.246000000000000885,-0.004455373377850676
1.247000000000000774,-0.004790535171935952
1.248000000000000886,-0.005121697916740406
1.249000000000000998,-0.005448875448570194
1.250000000000000888,-0.005772081652627532
1.251000000000000778,-0.006091330461805125
1.252000000000000890,-0.006406635855494137
1.253000000000001002,-0.006718011858397002
1.254000000000000892,-0.007025472539367440
1.255000000000000782,-0.007329032010237148
1.256000000000000894,-0.007628704424679183
1.257000000000001005,-0.007924503977064446
1.258000000000000895,-0.008216444901338844
1.259000000000000785,-0.008504541469907412
1.260000000000000897,-0.008788807992529284
1.261000000000001009,-0.009069258815230324
1.262000000000000899,-0.009345908319211433
1.263000000000000789,-0.009618770919787124
1.264000000000000901,-0.009887861065320814
1.265000000000001013,-0.010153193236173209
1.266000000000000902,-0.010414781943665973
1.267000000000000792,-0.010672641729052600
1.268000000000000904,-0.010926787162498564
1.269000000000001016,-0.011177232842074508
1.270000000000000906,-0.011423993392761223
1.271000000000000796,-0.011667083465457232
1.272000000000000908,-0.011906517736002976
1.273000000000001020,-0.012142310904218741
1.274000000000000909,-0.012374477692941050
1.275000000000000799,-0.012603032847078121
1.276000000000000911,-0.012827991132676098
1.277000000000001023,-0.013049367335985834
1.278000000000000913,-0.013267176262548780
1.279000000000000803,-0.013481432736290161
1.280000000000000915,-0.013692151598621184
1.281000000000001027,-0.013899347707542243
1.282000000000000917,-0.014103035936777331
1.283000000000000806,-0.014303231174893497
1.284000000000000918,-0.014499948324446926
1.285000000000001030,-0.014693202301127828
1.286000000000000920,-0.014883008032922324
1.287000000000000810,-0.015069380459276336
1.288000000000000922,-0.015252334530278416
1.289000000000001034,-0.015431885205837995
1.290000000000000924,-0.015608047454881488
1.291000000000000814,-0.015780836254564390
1.292000000000000925,-0.015950266589468822
1.293000000000001037,-0.016116353450841579
1.294000000000000927,-0.016279111835811322
1.295000000000000817,-0.016438556746631368
1.296000000000000929,-0.016594703189930473
1.297000000000001041,-0.016747566175961546
1.298000000000000931,-0.016897160717873647
1.299000000000000821,-0.017043501830982126
1.300000000000000933,-0.017186604532043952
1.301000000000001044,-0.017326483838556797
1.302000000000000934,-0.017463154768047738
1.303000000000000824,-0.017596632337390151
1.304000000000000936,-0.017726931562102557
1.305000000000001048,-0.017854067455684401
1.306000000000000938,-0.017978055028940357
1.307000000000000828,-0.018098909289316185
1.308000000000000940,-0.018216645240246382
1.309000000000001052,-0.018331277880512566
1.310000000000000941,-0.018442822203597699
1.311000000000000831,-0.018551293197058057
1.312000000000000943,-0.018656705841896888
1.313000000000001055,-0.018759075111960202
1.314000000000000945,-0.018858415973312320
1.315000000000000835,-0.018954743383644116
1.316000000000000947,-0.019048072291680842
1.317000000000001059,-0.019138417636594282
1.318000000000000949,-0.019225794347416843
1.319000000000000838,-0.019310217342485416
1.320000000000000950,-0.019391701528864366
1.321000000000001062,-0.019470261801790300
1.322000000000000952,-0.019545913044126874
1.323000000000000842,-0.019618670125816324
1.324000000000000954,-0.019688547903348095
1.325000000000001066,-0.019755561219223353
1.326000000000000956,-0.019819724901439732
1.327000000000000846,-0.019881053762968344
1.328000000000000957,-0.019939562601253208
1.329000000000001069,-0.019995266197697488
1.330000000000000959,-0.020048179317180871
1.331000000000000849,-0.020098316707561313
1.332000000000000961,-0.020145693099193195
1.333000000000001073,-0.020190323204454377
1.334000000000000963,-0.020232221717276237
1.335000000000000853,-0.020271403312675733
1.336000000000000965,-0.020307882646304891
1.337000000000001076,-0.020341674353994595
1.338000000000000966,-0.020372793051311264
1.339000000000000856,-0.020401253333120217
1.340000000000000968,-0.020427069773150959
1.341000000000001080,-0.020450256923569398
1.342000000000000970,-0.020470829314562209
1.343000000000000860,-0.020488801453917661
1.344000000000000972,-0.020504187826617989
1.345000000000001084,-0.020517002894440826
1.346000000000000973,-0.020527261095553768
1.347000000000000863,-0.020534976844132434
1.348000000000000975,-0.020540164529964492
1.349000000000001087,-0.020542838518079320
1.350000000000000977,-0.020543013148370474
1.351000000000000867,-0.020540702735223987
1.352000000000000979,-0.020535921567153625
1.353000000000001091,-0.020528683906452089
1.354000000000000981,-0.020519003988830858
1.355000000000000870,-0.020506896023071482
1.356000000000000982,-0.020492374190689285
1.357000000000001094,-0.020475452645595141
1.358000000000000984,-0.020456145513760831
1.359000000000000874,-0.020434466892895117
1.360000000000000986,-0.020410430852122068
1.361000000000001098,-0.020384051431669076
1.362000000000000988,-0.020355342642546632
1.363000000000000878,-0.020324318466249131
1.364000000000000989,-0.020290992854455420
1.365000000000001101,-0.020255379728723672
1.366000000000000991,-0.020217492980207516
1.367000000000000881,-0.020177346469368328
1.368000000000000993,-0.020134954025691112
1.369000000000001105,-0.020090329447407608
1.370000000000000995,-0.020043486501225796
1.371000000000000885,-0.019994438922059436
1.372000000000000997,-0.019943200412765854
1.373000000000001108,-0.019889784643891205
1.374000000000000998,-0.019834205253402924
1.375000000000000888,-0.019776475846459536
1.376000000000001000,-0.019716609995150063
1.377000000000001112,-0.019654621238256544
1.378000000000001002,-0.019590523081021955
1.379000000000000892,-0.019524328994911772
1.380000000000001004,-0.019456052417389364
1.381000000000001116,-0.019385706751693058
1.382000000000001005,-0.019313305366611560
1.383000000000000895,-0.019238861596272458
1.384000000000001007,-0.019162388739930310
1.385000000000001119,-0.019083900061756427
1.386000000000001009,-0.019003408790639973
1.387000000000000899,-0.018920928119980800
1.388000000000001011,-0.018836471207507862
1.389000000000001123,-0.018750051175069019
1.390000000000001013,-0.018661681108458415
1.391000000000000902,-0.018571374057224511
1.392000000000001014,-0.018479143034492461
1.393000000000001126,-0.018385001016788131
1.394000000000001016,-0.018288960943865753
1.395000000000000906,-0.018191035718536655
1.396000000000001018,-0.018091238206503466
1.397000000000001130,-0.017989581236202836
1.398000000000001020,-0.017886077598643711
1.399000000000000909,-0.017780740047251938
1.400000000000001021,-0.017673581297720110
1.401000000000001133,-0.017564614027863780
1.402000000000001023,-0.017453850877469049
1.403000000000000913,-0.017341304448157072
1.404000000000001025,-0.017226987303248457
1.405000000000001137,-0.017110911967622929
1.406000000000001027,-0.016993090927590677
1.407000000000000917,-0.016873536630772772
1.408000000000001029,-0.016752261485960328
1.409000000000001140,-0.016629277863008621
1.410000000000001030,-0.016504598092710918
1.411000000000000920,-0.016378234466686511
1.412000000000001032,-0.016250199237265138
1.413000000000001144,-0.016120504617385630
1.414000000000001034,-0.015989162780481091
1.415000000000000924,-0.015856185860381400
1.416000000000001036,-0.015721585951214690
1.417000000000001148,-0.015585375107308111
1.418000000000001037,-0.015447565343091782
1.419000000000000927,-0.015308168633010908
1.420000000000001039,-0.015167196911436578
1.421000000000001151,-0.015024662072582068
1.422000000000001041,-0.014880575970417207
1.423000000000000931,-0.014734950418589720
1.424000000000001043,-0.014587797190348814
1.425000000000001155,-0.014439128018469406
1.426000000000001044,-0.014288954595182493
1.427000000000000934,-0.014137288572104476
1.428000000000001046,-0.013984141560169694
1.429000000000001158,-0.013829525129567343
1.430000000000001048,-0.013673450809682842
1.431000000000000938,-0.013515930089032752
1.432000000000001050,-0.013356974415215106
1.433000000000001162,-0.013196595194852756
1.434000000000001052,-0.013034803793537724
1.435000000000000941,-0.012871611535791694
1.436000000000001053,-0.012707029705009166
1.437000000000001165,-0.012541069543419308
1.438000000000001055,-0.012373742252044143
1.439000000000000945,-0.012205058990655011
1.440000000000001057,-0.012035030877740077
1.441000000000001169,-0.011863668990463020
1.442000000000001059,-0.011690984364634524
1.443000000000000949,-0.011516987994685358
1.444000000000001060,-0.011341690833628949
1.445000000000001172,-0.011165103793037834
1.446000000000001062,-0.010987237743028715
1.447000000000000952,-0.010808103512224450
1.448000000000001064,-0.010627711887747483
1.449000000000001176,-0.010446073615196857
1.450000000000001066,-0.010263199398630282
1.451000000000000956,-0.010079099900552642
1.452000000000001068,-0.009893785741905128
1.453000000000001180,-0.009707267502052716
1.454000000000001069,-0.009519555718777427
1.455000000000000959,-0.009330660888273596
1.456000000000001071,-0.009140593465139473
1.457000000000001183,-0.008949363862381873
1.458000000000001073,-0.008756982451408747
1.459000000000000963,-0.008563459562033146
1.460000000000001075,-0.008368805482478387
1.461000000000001187,-0.008173030459378190
1.462000000000001076,-0.007976144697792275
1.463000000000000966,-0.007778158361202941
1.464000000000001078,-0.007579081571533636
1.465000000000001190,-0.007378924409160876
1.466000000000001080,-0.007177696912921372
1.467000000000000970,-0.006975409080133506
1.468000000000001082,-0.006772070866612962
1.469000000000001194,-0.006567692186687113
1.470000000000001084,-0.006362282913221098
1.471000000000000973,-0.006155852877633461
1.472000000000001085,-0.005948411869927528
1.473000000000001197,-0.005739969638705275
1.474000000000001087,-0.005530535891202951
1.475000000000000977,-0.005320120293312290
1.476000000000001089,-0.005108732469615164
1.477000000000001201,-0.004896382003411066
1.478000000000001091,-0.004683078436748412
1.479000000000000981,-0.004468831270460293
1.480000000000001092,-0.004253649964197362
1.481000000000001204,-0.004037543936467375
1.482000000000001094,-0.003820522564668410
1.483000000000000984,-0.003602595185133024
1.484000000000001096,-0.003383771093163763
1.485000000000001208,-0.003164059543074764
1.486000000000001098,-0.002943469748241593
1.487000000000000988,-0.002722010881137217
1.488000000000001100,-0.002499692073380386
1.489000000000001211,-0.002276522415784952
1.490000000000001101,-0.002052510958404862
1.491000000000000991,-0.001827666710582689
1.492000000000001103,-0.001601998641003909
1.493000000000001215,-0.001375515677744150
1.494000000000001105,-0.001148226708322812
1.495000000000000995,-0.000920140579759041
1.496000000000001107,-0.000691266098624963
1.497000000000001219,-0.000461612031101641
1.498000000000001108,-0.000231187103036366
1.499000000000000998,0.000000000000000000
