# CaO001_BSAIV8
# h[nm],U(h)[kJ/mol]
0.149999999999999994,127.794100252698513032
0.150999999999999995,125.475328217397049002
0.151999999999999996,122.560539677748550957
0.152999999999999997,119.578006793390656526
0.153999999999999998,116.709464297390852039
0.154999999999999999,113.980017312595848011
0.156000000000000000,111.357797238426769582
0.157000000000000001,108.801629149011631625
0.158000000000000002,106.280171492725415305
0.159000000000000002,103.776507979858095609
0.160000000000000003,101.286207824290983126
0.161000000000000004,98.813203571835998673
0.162000000000000005,96.365647060870102791
0.163000000000000006,93.952649914251693986
0.164000000000000007,91.582138358110512399
0.165000000000000008,89.259721958862357383
0.166000000000000009,86.988344977326079288
0.167000000000000010,84.768465900499109011
0.168000000000000010,82.598539970733966697
0.169000000000000011,80.475629048426824852
0.170000000000000012,78.396015359654398935
0.171000000000000013,76.355741947323764407
0.172000000000000014,74.351039558779007166
0.173000000000000015,72.378626774511658937
0.174000000000000016,70.435888395828229136
0.175000000000000017,68.520948061073951862
0.176000000000000018,66.632656470584365138
0.177000000000000018,64.770518057012253621
0.178000000000000019,62.934577779296319022
0.179000000000000020,61.125287004677645086
0.180000000000000021,59.343363966355482830
0.181000000000000022,57.589660604850145376
0.182000000000000023,55.865044089253537152
0.183000000000000024,54.170298192896289891
0.184000000000000025,52.506047079416632073
0.185000000000000026,50.872701974989219309
0.186000000000000026,49.270429643924650520
0.187000000000000027,47.699140499448823505
0.188000000000000028,46.158493503577872730
0.189000000000000029,44.647914667461783722
0.190000000000000030,43.166625884826899551
0.191000000000000031,41.713680949823114474
0.192000000000000032,40.288005868021357969
0.193000000000000033,38.888440915766715023
0.194000000000000034,37.513782297940416299
0.195000000000000034,36.162821665454785602
0.196000000000000035,34.834382157399645052
0.197000000000000036,33.527350011423948217
0.198000000000000037,32.240701128184340973
0.199000000000000038,30.973522274745583616
0.200000000000000039,29.725026864619451317
0.201000000000000040,28.494565458456101226
0.202000000000000041,27.281631291111672510
0.203000000000000042,26.085861251198330990
0.204000000000000042,24.907032822473034628
0.205000000000000043,23.745057547233578532
0.206000000000000044,22.599971595119178858
0.207000000000000045,21.471924021150027073
0.208000000000000046,20.361163279025507933
0.209000000000000047,19.268022523820938829
0.210000000000000048,18.192904196029992647
0.211000000000000049,17.136264329687982411
0.212000000000000050,16.098596973893062767
0.213000000000000050,15.080419061784173351
0.214000000000000051,14.082256005852746839
0.215000000000000052,13.104628244892314370
0.216000000000000053,12.148038917090643096
0.217000000000000054,11.212962786596220255
0.218000000000000055,10.299836507925185458
0.219000000000000056,9.409050274167931605
0.220000000000000057,8.540940861260253314
0.221000000000000058,7.695786051616380519
0.222000000000000058,6.873800396048930672
0.223000000000000059,6.075132252925794951
0.224000000000000060,5.299862027645941609
0.225000000000000061,4.548001523432647630
0.226000000000000062,3.819494305786727661
0.227000000000000063,3.114216977341725201
0.228000000000000064,2.431981256947293168
0.229000000000000065,1.772536756206260167
0.230000000000000066,1.135574348059171568
0.231000000000000066,0.520730025009693565
0.232000000000000067,-0.072410851087346018
0.233000000000000068,-0.644309000382809804
0.234000000000000069,-1.195466464081702762
0.235000000000000070,-1.726421711007518622
0.236000000000000071,-2.237744684421719921
0.237000000000000072,-2.730031854565678540
0.238000000000000073,-3.203901335079236024
0.239000000000000073,-3.659988114221492506
0.240000000000000074,-4.098939444781557029
0.241000000000000075,-4.521410429797692032
0.242000000000000076,-4.928059834772431813
0.243000000000000077,-5.319546151026800729
0.244000000000000078,-5.696523929213147319
0.245000000000000079,-6.059640396827333575
0.246000000000000080,-6.409532368838846139
0.247000000000000081,-6.746823456296006327
0.248000000000000081,-7.072121573957018015
0.249000000000000082,-7.386016744637193376
0.250000000000000111,-7.689079195032273439
0.251000000000000112,-7.981857735257293029
0.252000000000000113,-8.264878412209593961
0.253000000000000114,-8.538643425094786465
0.254000000000000115,-8.803630290025402871
0.255000000000000115,-9.060291239480886105
0.256000000000000116,-9.309052841582440507
0.257000000000000117,-9.550315823556847050
0.258000000000000118,-9.784455083414375309
0.259000000000000119,-10.011819873722531682
0.260000000000000120,-10.232734141394207228
0.261000000000000121,-10.447497007601874941
0.262000000000000122,-10.656383372259174536
0.263000000000000123,-10.859644627953738194
0.264000000000000123,-11.057509468754972204
0.265000000000000124,-11.250184779936670765
0.266000000000000125,-11.437856595333801835
0.267000000000000126,-11.620691109778640282
0.268000000000000127,-11.798835734822363364
0.269000000000000128,-11.972420186731074665
0.270000000000000129,-12.141557596540360819
0.271000000000000130,-12.306345632751082064
0.272000000000000131,-12.466867628042002991
0.273000000000000131,-12.623193702156468632
0.274000000000000132,-12.775381873883938866
0.275000000000000133,-12.923479155798503371
0.276000000000000134,-13.067522626131090391
0.277000000000000135,-13.207540472836379664
0.278000000000000136,-13.343553005568235648
0.279000000000000137,-13.475573631895150228
0.280000000000000138,-13.603609794669392130
0.281000000000000139,-13.727663868009694070
0.282000000000000139,-13.847734009865934723
0.283000000000000140,-13.963814969606620053
0.284000000000000141,-14.075898849505284360
0.285000000000000142,-14.183975819401618779
0.286000000000000143,-14.288034784177758851
0.287000000000000144,-14.388064004020279185
0.288000000000000145,-14.484051667736844493
0.289000000000000146,-14.575986419661820293
0.290000000000000147,-14.663857840922293718
0.291000000000000147,-14.747656886042918245
0.292000000000000148,-14.827376276049722748
0.293000000000000149,-14.903010849387678505
0.294000000000000150,-14.974557872099557798
0.295000000000000151,-15.042017308822895671
0.296000000000000152,-15.105392056251421451
0.297000000000000153,-15.164688140777816017
0.298000000000000154,-15.219914882087484997
0.299000000000000155,-15.271085024510503203
0.300000000000000155,-15.318214837961267705
0.301000000000000156,-15.361324190305001736
0.302000000000000157,-15.400436592988256734
0.303000000000000158,-15.435579221757361523
0.304000000000000159,-15.466782914266985927
0.305000000000000160,-15.494082146350120155
0.306000000000000161,-15.517514988683519306
0.307000000000000162,-15.537123045538375976
0.308000000000000163,-15.552951377256906795
0.309000000000000163,-15.565048408041615602
0.310000000000000164,-15.573465820586765318
0.311000000000000165,-15.578258439020553183
0.312000000000000166,-15.579484101564364806
0.313000000000000167,-15.577203524250283095
0.314000000000000168,-15.571480156972437925
0.315000000000000169,-15.562380033081419484
0.316000000000000170,-15.549971613664220982
0.317000000000000171,-15.534325627585300111
0.318000000000000171,-15.515514908298651875
0.319000000000000172,-15.493614228375287567
0.320000000000000173,-15.468700132626352683
0.321000000000000174,-15.440850770639361400
0.322000000000000175,-15.410145729483556210
0.323000000000000176,-15.376665867281019473
0.324000000000000177,-15.340493148282311253
0.325000000000000178,-15.301710480029489858
0.326000000000000179,-15.260401553136228259
0.327000000000000179,-15.216650684162601692
0.328000000000000180,-15.170542662013199120
0.329000000000000181,-15.122162598240290521
0.330000000000000182,-15.071595781588479568
0.331000000000000183,-15.018927537075487777
0.332000000000000184,-14.964243089862851122
0.333000000000000185,-14.907627434132837863
0.334000000000000186,-14.849165207151864720
0.335000000000000187,-14.788940568667323205
0.336000000000000187,-14.727037085753348578
0.337000000000000188,-14.663537623191469805
0.338000000000000189,-14.598524239445424655
0.339000000000000190,-14.532078088263594040
0.340000000000000191,-14.464279325919310537
0.341000000000000192,-14.395207024078198188
0.342000000000000193,-14.324939088261260167
0.343000000000000194,-14.253552181855102532
0.344000000000000195,-14.181121655603764253
0.345000000000000195,-14.107721482502245891
0.346000000000000196,-14.033424197998130012
0.347000000000000197,-13.958300845395925194
0.348000000000000198,-13.882420926348174817
0.349000000000000199,-13.805852356307989126
0.350000000000000200,-13.728661424809596170
0.351000000000000201,-13.650912760436304083
0.352000000000000202,-13.572669300329625486
0.353000000000000203,-13.493992264088012334
0.354000000000000203,-13.414941131899885463
0.355000000000000204,-13.335573626752145415
0.356000000000000205,-13.255945700553283473
0.357000000000000206,-13.176111524008444320
0.358000000000000207,-13.096123480082567880
0.359000000000000208,-13.016032160887922586
0.360000000000000209,-12.935886367832134525
0.361000000000000210,-12.855733114863820532
0.362000000000000210,-12.775617634654171439
0.363000000000000211,-12.695583387554382426
0.364000000000000212,-12.615672073171278811
0.365000000000000213,-12.535923644405425392
0.366000000000000214,-12.456376323799313255
0.367000000000000215,-12.377066622045841626
0.368000000000000216,-12.298029358510895293
0.369000000000000217,-12.219297683627210915
0.370000000000000218,-12.140903103020454168
0.371000000000000218,-12.062875503232334040
0.372000000000000219,-11.985243178909463779
0.373000000000000220,-11.908032861331040664
0.374000000000000221,-11.831269748152324794
0.375000000000000222,-11.754977534245295345
0.376000000000000223,-11.679178443522248543
0.377000000000000224,-11.603893261632325817
0.378000000000000225,-11.529141369425342845
0.379000000000000226,-11.454940777081629832
0.380000000000000226,-11.381308158811091147
0.381000000000000227,-11.308258888028648315
0.382000000000000228,-11.235807072917930682
0.383000000000000229,-11.163965592298978891
0.384000000000000230,-11.092746131719930958
0.385000000000000231,-11.022159219697035937
0.386000000000000232,-10.952214264030876834
0.387000000000000233,-10.882919588131114708
0.388000000000000234,-10.814282467285490696
0.389000000000000234,-10.746309164813037995
0.390000000000000235,-10.679004968044591095
0.391000000000000236,-10.612374224077800733
0.392000000000000237,-10.546420375256799318
0.393000000000000238,-10.481145994330566040
0.394000000000000239,-10.416552819246728490
0.395000000000000240,-10.352641787541211116
0.396000000000000241,-10.289413070286807184
0.397000000000000242,-10.226866105566859488
0.398000000000000242,-10.164999631443077277
0.399000000000000243,-10.103811718389074770
0.400000000000000244,-10.043299801164005558
0.401000000000000245,-9.983460710103106095
0.402000000000000246,-9.924290701804292070
0.403000000000000247,-9.865785489192258950
0.404000000000000248,-9.807940270943927175
0.405000000000000249,-9.750749760260774224
0.406000000000000250,-9.694208212975956585
0.407000000000000250,-9.638309454985828140
0.408000000000000251,-9.583046908997195246
0.409000000000000252,-9.528413620583597421
0.410000000000000253,-9.474402283545185099
0.411000000000000254,-9.421005264568593773
0.412000000000000255,-9.368214627184416443
0.413000000000000256,-9.316022155021423501
0.414000000000000257,-9.264419374357695247
0.415000000000000258,-9.213397575970363462
0.416000000000000258,-9.162947836286452485
0.417000000000000259,-9.113061037838537715
0.418000000000000260,-9.063727889029902229
0.419000000000000261,-9.014938943214660938
0.420000000000000262,-8.966684617099286214
0.421000000000000263,-8.918955208472775453
0.422000000000000264,-8.871740913273121976
0.423000000000000265,-8.825031841998843163
0.424000000000000266,-8.778818035474635906
0.425000000000000266,-8.733089479980771230
0.426000000000000267,-8.687836121756479457
0.427000000000000268,-8.643047880887973378
0.428000000000000269,-8.598714664592064238
0.429000000000000270,-8.554826379906868894
0.430000000000000271,-8.511372945801184642
0.431000000000000272,-8.468344304714655379
0.432000000000000273,-8.425730433540840281
0.433000000000000274,-8.383521354065706532
0.434000000000000274,-8.341707142874028591
0.435000000000000275,-8.300277940736542348
0.436000000000000276,-8.259223961490656407
0.437000000000000277,-8.218535500427549323
0.438000000000000278,-8.178202942198776526
0.439000000000000279,-8.138216768255285061
0.440000000000000280,-8.098567563831824856
0.441000000000000281,-8.059246024489773674
0.442000000000000282,-8.020242962231362682
0.443000000000000282,-7.981549311198025798
0.444000000000000283,-7.943156132965877525
0.445000000000000284,-7.905054621450855912
0.446000000000000285,-7.867236107436184511
0.447000000000000286,-7.829692062734759261
0.448000000000000287,-7.792414103998512864
0.449000000000000288,-7.755393996187281758
0.450000000000000289,-7.718623655708928943
0.451000000000000290,-7.682095153242731733
0.452000000000000290,-7.645800716257719287
0.453000000000000291,-7.609732731237352610
0.454000000000000292,-7.573883745621984076
0.455000000000000293,-7.538246469480055723
0.456000000000000294,-7.502813776919067479
0.457000000000000295,-7.467578707246890879
0.458000000000000296,-7.432534465893951392
0.459000000000000297,-7.397674425106513851
0.460000000000000298,-7.362992124421085194
0.461000000000000298,-7.328481270929740887
0.462000000000000299,-7.294135739345970038
0.463000000000000300,-7.259949571880300212
0.464000000000000301,-7.225916977934946139
0.465000000000000302,-7.192032333626231733
0.466000000000000303,-7.158290181143525110
0.467000000000000304,-7.124685227953075461
0.468000000000000305,-7.091212345854931876
0.469000000000000306,-7.057866569900928866
0.470000000000000306,-7.024643097181504814
0.471000000000000307,-6.991537285488718112
0.472000000000000308,-6.958544651862990982
0.473000000000000309,-6.925660871030392407
0.474000000000000310,-6.892881773737474127
0.475000000000000311,-6.860203344990177143
0.476000000000000312,-6.827621722203343957
0.477000000000000313,-6.795133193266892135
0.478000000000000314,-6.762734194534706589
0.479000000000000314,-6.730421308742117859
0.480000000000000315,-6.698191262857349670
0.481000000000000316,-6.666040925872549039
0.482000000000000317,-6.633967306539413578
0.483000000000000318,-6.601967551054483963
0.484000000000000319,-6.570038940698911922
0.485000000000000320,-6.538178889437332941
0.486000000000000321,-6.506384941480260586
0.487000000000000322,-6.474654768814292360
0.488000000000000322,-6.442986168704200267
0.489000000000000323,-6.411377061170855818
0.490000000000000324,-6.379825486448774008
0.491000000000000325,-6.348329602426813878
0.492000000000000326,-6.316887682075492449
0.493000000000000327,-6.285498110864299548
0.494000000000000328,-6.254159384171975589
0.495000000000000329,-6.222870104692971971
0.496000000000000330,-6.191628979842707103
0.497000000000000330,-6.160434819164590792
0.498000000000000331,-6.129286531741125366
0.499000000000000332,-6.098183123611826240
0.500000000000000333,-6.067123695200077549
0.501000000000000334,-6.036107438751194820
0.502000000000000335,-6.005133635783814761
0.503000000000000336,-5.974201654556584806
0.504000000000000337,-5.943310947551949219
0.505000000000000338,-5.912461048978864042
0.506000000000000338,-5.881651572296048514
0.507000000000000339,-5.850882207757342357
0.508000000000000340,-5.820152719980584699
0.509000000000000341,-5.789462945541466787
0.510000000000000342,-5.758812790593506925
0.511000000000000343,-5.728202228515405281
0.512000000000000344,-5.697631297586856824
0.513000000000000345,-5.667100098693814481
0.514000000000000346,-5.636608793064211476
0.515000000000000346,-5.606157600034888944
0.516000000000000347,-5.575746794850600097
0.517000000000000348,-5.545376706495839692
0.518000000000000349,-5.515047715559999730
0.519000000000000350,-5.484760252136629433
0.520000000000000351,-5.454514793757177848
0.521000000000000352,-5.424311863359777774
0.522000000000000353,-5.394152027293414697
0.523000000000000353,-5.364035893357844920
0.524000000000000354,-5.333964108879659882
0.525000000000000355,-5.303937358824588166
0.526000000000000356,-5.273956363946351367
0.527000000000000357,-5.244021878972257689
0.528000000000000358,-5.214134690825515506
0.529000000000000359,-5.184295616884496027
0.530000000000000360,-5.154505503278867806
0.531000000000000361,-5.124765223222683908
0.532000000000000361,-5.095075675384299174
0.533000000000000362,-5.065437782293139790
0.534000000000000363,-5.035852488783153724
0.535000000000000364,-5.006320760472835474
0.536000000000000365,-4.976843582281661682
0.537000000000000366,-4.947421956982763547
0.538000000000000367,-4.918056903791553580
0.539000000000000368,-4.888749456990220565
0.540000000000000369,-4.859500664587602436
0.541000000000000369,-4.830311587014415764
0.542000000000000370,-4.801183295853314270
0.543000000000000371,-4.772116872603589854
0.544000000000000372,-4.743113407480137766
0.545000000000000373,-4.714173998246330655
0.546000000000000374,-4.685299749080423126
0.547000000000000375,-4.656491769475101350
0.548000000000000376,-4.627751173169840193
0.549000000000000377,-4.599079077115577618
0.550000000000000377,-4.570476600471303996
0.551000000000000378,-4.541944863632185303
0.552000000000000379,-4.513484987288746808
0.553000000000000380,-4.485098091516659835
0.554000000000000381,-4.456785294896674188
0.555000000000000382,-4.428547713664320540
0.556000000000000383,-4.400386460888736195
0.557000000000000384,-4.372302645680371747
0.558000000000000385,-4.344297372426874304
0.559000000000000385,-4.316371740056865747
0.560000000000000386,-4.288526841330969397
0.561000000000000387,-4.260763762159720969
0.562000000000000388,-4.233083580947798907
0.563000000000000389,-4.205487367964120260
0.564000000000000390,-4.177976184737298482
0.565000000000000391,-4.150551083475984449
0.566000000000000392,-4.123213106513569315
0.567000000000000393,-4.095963285776825558
0.568000000000000393,-4.068802642277898229
0.569000000000000394,-4.041732185629234309
0.570000000000000395,-4.014752913580980298
0.571000000000000396,-3.987865811580236564
0.572000000000000397,-3.961071852351873979
0.573000000000000398,-3.934371995500255625
0.574000000000000399,-3.907767187131527375
0.575000000000000400,-3.881258359495883603
0.576000000000000401,-3.854846430649443878
0.577000000000000401,-3.828532304135223718
0.578000000000000402,-3.802316868682725559
0.579000000000000403,-3.776200997925712954
0.580000000000000404,-3.750185550137740798
0.581000000000000405,-3.724271367984941072
0.582000000000000406,-3.698459278295656905
0.583000000000000407,-3.672750091846465725
0.584000000000000408,-3.647144603164191867
0.585000000000000409,-3.621643590343443631
0.586000000000000409,-3.596247814879257820
0.587000000000000410,-3.570958021514484493
0.588000000000000411,-3.545774938101410534
0.589000000000000412,-3.520699275477320533
0.590000000000000413,-3.495731727353498908
0.591000000000000414,-3.470872970217348641
0.592000000000000415,-3.446123663247231406
0.593000000000000416,-3.421484448239587639
0.594000000000000417,-3.396955949548016829
0.595000000000000417,-3.372538774034013365
0.596000000000000418,-3.348233511028767317
0.597000000000000419,-3.324040732305994172
0.598000000000000420,-3.299960992065129606
0.599000000000000421,-3.275994826924794268
0.600000000000000422,-3.252142755926008100
0.601000000000000423,-3.228405280544953460
0.602000000000000424,-3.204782884714872271
0.603000000000000425,-3.181276034856824086
0.604000000000000425,-3.157885179918977769
0.605000000000000426,-3.134610751424118824
0.606000000000000427,-3.111453163525133014
0.607000000000000428,-3.088412813068009299
0.608000000000000429,-3.065490079662332334
0.609000000000000430,-3.042685325758690329
0.610000000000000431,-3.019998896732980942
0.611000000000000432,-2.997431120977148922
0.612000000000000433,-2.974982309996194729
0.613000000000000433,-2.952652758511182807
0.614000000000000434,-2.930442744567973712
0.615000000000000435,-2.908352529651411889
0.616000000000000436,-2.886382358804784776
0.617000000000000437,-2.864532460754299681
0.618000000000000438,-2.842803048038311076
0.619000000000000439,-2.821194317141074492
0.620000000000000440,-2.799706448630886246
0.621000000000000441,-2.778339607302295455
0.622000000000000441,-2.757093942322236924
0.623000000000000442,-2.735969587379855295
0.624000000000000443,-2.714966660839833956
0.625000000000000444,-2.694085265899048398
0.626000000000000445,-2.673325490746297550
0.627000000000000446,-2.652687408725022955
0.628000000000000447,-2.632171078498743544
0.629000000000000448,-2.611776544219094998
0.630000000000000449,-2.591503835696266300
0.631000000000000449,-2.571352968571685604
0.632000000000000450,-2.551323944492814189
0.633000000000000451,-2.531416751289850886
0.634000000000000452,-2.511631363154221308
0.635000000000000453,-2.491967740818707977
0.636000000000000454,-2.472425831739060609
0.637000000000000455,-2.453005570276977299
0.638000000000000456,-2.433706877884278530
0.639000000000000457,-2.414529663288194516
0.640000000000000457,-2.395473822677606446
0.641000000000000458,-2.376539239890104405
0.642000000000000459,-2.357725786599824680
0.643000000000000460,-2.339033322505818191
0.644000000000000461,-2.320461695520978473
0.645000000000000462,-2.302010741961329821
0.646000000000000463,-2.283680286735588094
0.647000000000000464,-2.265470143534932923
0.648000000000000465,-2.247380115022857172
0.649000000000000465,-2.229409993024991099
0.650000000000000466,-2.211559558718868779
0.651000000000000467,-2.193828582823461382
0.652000000000000468,-2.176216825788491072
0.653000000000000469,-2.158724037983343447
0.654000000000000470,-2.141349959885613607
0.655000000000000471,-2.124094322269093560
0.656000000000000472,-2.106956846391217830
0.657000000000000473,-2.089937244179844278
0.658000000000000473,-2.073035218419348791
0.659000000000000474,-2.056250462935913959
0.660000000000000475,-2.039582662782016165
0.661000000000000476,-2.023031494419970766
0.662000000000000477,-2.006596625904574438
0.663000000000000478,-1.990277717064698582
0.664000000000000479,-1.974074419683866877
0.665000000000000480,-1.957986377679664214
0.666000000000000481,-1.942013227282074039
0.667000000000000481,-1.926154597210511854
0.668000000000000482,-1.910410108849730948
0.669000000000000483,-1.894779376424342798
0.670000000000000484,-1.879262007172074034
0.671000000000000485,-1.863857601515647389
0.672000000000000486,-1.848565753233251341
0.673000000000000487,-1.833386049627628411
0.674000000000000488,-1.818318071693644011
0.675000000000000488,-1.803361394284398234
0.676000000000000489,-1.788515586275842839
0.677000000000000490,-1.773780210729803741
0.678000000000000491,-1.759154825055478044
0.679000000000000492,-1.744638981169329028
0.680000000000000493,-1.730232225653352440
0.681000000000000494,-1.715934099911742949
0.682000000000000495,-1.701744140325873733
0.683000000000000496,-1.687661878407646920
0.684000000000000496,-1.673686840951127852
0.685000000000000497,-1.659818550182500019
0.686000000000000498,-1.646056523908307812
0.687000000000000499,-1.632400275661972433
0.688000000000000500,-1.618849314848563425
0.689000000000000501,-1.605403146887849575
0.690000000000000502,-1.592061273355592332
0.691000000000000503,-1.578823192123061103
0.692000000000000504,-1.565688397494795492
0.693000000000000504,-1.552656380344622056
0.694000000000000505,-1.539726628249833640
0.695000000000000506,-1.526898625623664518
0.696000000000000507,-1.514171853845927229
0.697000000000000508,-1.501545791391885487
0.698000000000000509,-1.489019913959365393
0.699000000000000510,-1.476593694594037220
0.700000000000000511,-1.464266603812962586
0.701000000000000512,-1.452038109726327741
0.702000000000000512,-1.439907678157410276
0.703000000000000513,-1.427874772760771904
0.704000000000000514,-1.415938855138678676
0.705000000000000515,-1.404099384955747043
0.706000000000000516,-1.392355820051836890
0.707000000000000517,-1.380707616553188410
0.708000000000000518,-1.369154228981784627
0.709000000000000519,-1.357695110363023705
0.710000000000000520,-1.346329712331583828
0.711000000000000520,-1.335057485235626284
0.712000000000000521,-1.323877878239235972
0.713000000000000522,-1.312790339423157260
0.714000000000000523,-1.301794315883858522
0.715000000000000524,-1.290889253830843408
0.716000000000000525,-1.280074598682357401
0.717000000000000526,-1.269349795159356864
0.718000000000000527,-1.258714287377843855
0.719000000000000528,-1.248167518939552023
0.720000000000000528,-1.237708933021010038
0.721000000000000529,-1.227337972460922799
0.722000000000000530,-1.217054079846020098
0.723000000000000531,-1.206856697595223737
0.724000000000000532,-1.196745268042281207
0.725000000000000533,-1.186719233516813077
0.726000000000000534,-1.176778036423763663
0.727000000000000535,-1.166921119321352673
0.728000000000000536,-1.157147924997448785
0.729000000000000536,-1.147457896544447298
0.730000000000000537,-1.137850477432642560
0.731000000000000538,-1.128325111582074713
0.732000000000000539,-1.118881243432938710
0.733000000000000540,-1.109518318014506733
0.734000000000000541,-1.100235781012597558
0.735000000000000542,-1.091033078835613068
0.736000000000000543,-1.081909658679182984
0.737000000000000544,-1.072864968589346102
0.738000000000000544,-1.063898457524412589
0.739000000000000545,-1.055009575415383649
0.740000000000000546,-1.046197773225066241
0.741000000000000547,-1.037462503005794234
0.742000000000000548,-1.028803217955888361
0.743000000000000549,-1.020219372474723940
0.744000000000000550,-1.011710422216546945
0.745000000000000551,-1.003275824143014194
0.746000000000000552,-0.994915036574434586
0.747000000000000552,-0.986627519239791750
0.748000000000000553,-0.978412733325506045
0.749000000000000554,-0.970270141522981078
0.750000000000000555,-0.962199208074967949
0.751000000000000556,-0.954199398820701816
0.752000000000000557,-0.946270181239913244
0.753000000000000558,-0.938411024495620305
0.754000000000000559,-0.930621399475844435
0.755000000000000560,-0.922900778834145230
0.756000000000000560,-0.915248637029087320
0.757000000000000561,-0.907664450362567488
0.758000000000000562,-0.900147697017085635
0.759000000000000563,-0.892697857091961922
0.760000000000000564,-0.885314412638475323
0.761000000000000565,-0.877996847693981786
0.762000000000000566,-0.870744648315011416
0.763000000000000567,-0.863557302609359367
0.764000000000000568,-0.856434300767171974
0.765000000000000568,-0.849375135091095523
0.766000000000000569,-0.842379300025413613
0.767000000000000570,-0.835446292184287342
0.768000000000000571,-0.828575610379006400
0.769000000000000572,-0.821766755644391500
0.770000000000000573,-0.815019231264234256
0.771000000000000574,-0.808332542795885289
0.772000000000000575,-0.801706198093950384
0.773000000000000576,-0.795139707333127665
0.774000000000000576,-0.788632583030201006
0.775000000000000577,-0.782184340065217754
0.776000000000000578,-0.775794495701799702
0.777000000000000579,-0.769462569606715330
0.778000000000000580,-0.763188083868596379
0.779000000000000581,-0.756970563015922360
0.780000000000000582,-0.750809534034210246
0.781000000000000583,-0.744704526382477749
0.782000000000000584,-0.738655072008945535
0.783000000000000584,-0.732660705366020570
0.784000000000000585,-0.726720963424581923
0.785000000000000586,-0.720835385687532137
0.786000000000000587,-0.715003514202701695
0.787000000000000588,-0.709224893575051474
0.788000000000000589,-0.703499070978202634
0.789000000000000590,-0.697825596165360551
0.790000000000000591,-0.692204021479546627
0.791000000000000592,-0.686633901863241136
0.792000000000000592,-0.681114794867392126
0.793000000000000593,-0.675646260659824582
0.794000000000000594,-0.670227862033064281
0.795000000000000595,-0.664859164411582215
0.796000000000000596,-0.659539735858439502
0.797000000000000597,-0.654269147081431912
0.798000000000000598,-0.649046971438631548
0.799000000000000599,-0.643872784943419374
0.800000000000000600,-0.638746166268999271
0.801000000000000600,-0.633666696752376191
0.802000000000000601,-0.628633960397841252
0.803000000000000602,-0.623647543879965460
0.804000000000000603,-0.618707036546109146
0.805000000000000604,-0.613812030418460775
0.806000000000000605,-0.608962120195584711
0.807000000000000606,-0.604156903253570077
0.808000000000000607,-0.599395979646681676
0.809000000000000608,-0.594678952107602354
0.810000000000000608,-0.590005426047270243
0.811000000000000609,-0.585375009554237713
0.812000000000000610,-0.580787313393708704
0.813000000000000611,-0.576241951006099762
0.814000000000000612,-0.571738538505264460
0.815000000000000613,-0.567276694676336457
0.816000000000000614,-0.562856040973158334
0.817000000000000615,-0.558476201515399118
0.818000000000000616,-0.554136803085303109
0.819000000000000616,-0.549837475124076547
0.820000000000000617,-0.545577849727949871
0.821000000000000618,-0.541357561643919571
0.822000000000000619,-0.537176248265168743
0.823000000000000620,-0.533033549626154235
0.824000000000000621,-0.528929108397404368
0.825000000000000622,-0.524862569880030438
0.826000000000000623,-0.520833581999927242
0.827000000000000624,-0.516841795301703932
0.828000000000000624,-0.512886862942339428
0.829000000000000625,-0.508968440684559931
0.830000000000000626,-0.505086186889970645
0.831000000000000627,-0.501239762511924591
0.832000000000000628,-0.497428831088157053
0.833000000000000629,-0.493653058733153571
0.834000000000000630,-0.489912114130311604
0.835000000000000631,-0.486205668523867984
0.836000000000000631,-0.482533395710594337
0.837000000000000632,-0.478894972031303379
0.838000000000000633,-0.475290076362112845
0.839000000000000634,-0.471718390105539787
0.840000000000000635,-0.468179597181391682
0.841000000000000636,-0.464673384017441737
0.842000000000000637,-0.461199439539972111
0.843000000000000638,-0.457757455164081783
0.844000000000000639,-0.454347124783865408
0.845000000000000639,-0.450968144762405931
0.846000000000000640,-0.447620213921597898
0.847000000000000641,-0.444303033531850744
0.848000000000000642,-0.441016307301592025
0.849000000000000643,-0.437759741366656296
0.850000000000000644,-0.434533044279543978
0.851000000000000645,-0.431335926998496155
0.852000000000000646,-0.428168102876499368
0.853000000000000647,-0.425029287650121546
0.854000000000000647,-0.421919199428237301
0.855000000000000648,-0.418837558680644151
0.856000000000000649,-0.415784088226570259
0.857000000000000650,-0.412758513223056789
0.858000000000000651,-0.409760561153246883
0.859000000000000652,-0.406789961814580991
0.860000000000000653,-0.403846447306898060
0.861000000000000654,-0.400929752020423025
0.862000000000000655,-0.398039612623709904
0.863000000000000655,-0.395175768051455378
0.864000000000000656,-0.392337959492277177
0.865000000000000657,-0.389525930376378948
0.866000000000000658,-0.386739426363173600
0.867000000000000659,-0.383978195328834038
0.868000000000000660,-0.381241987353760081
0.869000000000000661,-0.378530554710004297
0.870000000000000662,-0.375843651848641491
0.871000000000000663,-0.373181035387082194
0.872000000000000663,-0.370542464096321356
0.873000000000000664,-0.367927698888165899
0.874000000000000665,-0.365336502802396268
0.875000000000000666,-0.362768640993905267
0.876000000000000667,-0.360223880719783451
0.877000000000000668,-0.357701991326381086
0.878000000000000669,-0.355202744236342682
0.879000000000000670,-0.352725912935588082
0.880000000000000671,-0.350271272960307356
0.881000000000000671,-0.347838601883888321
0.882000000000000672,-0.345427679303865642
0.883000000000000673,-0.343038286828818206
0.884000000000000674,-0.340670208065277702
0.885000000000000675,-0.338323228604598514
0.886000000000000676,-0.335997136009846820
0.887000000000000677,-0.333691719802655939
0.888000000000000678,-0.331406771450083903
0.889000000000000679,-0.329142084351481401
0.890000000000000679,-0.326897453825340190
0.891000000000000680,-0.324672677096153606
0.892000000000000681,-0.322467553281277075
0.893000000000000682,-0.320281883377791787
0.894000000000000683,-0.318115470249376531
0.895000000000000684,-0.315968118613198068
0.896000000000000685,-0.313839635026799124
0.897000000000000686,-0.311729827875004140
0.898000000000000687,-0.309638507356854276
0.899000000000000687,-0.307565485472530153
0.900000000000000688,-0.305510576010319501
0.901000000000000689,-0.303473594533592017
0.902000000000000690,-0.301454358367806097
0.903000000000000691,-0.299452686587526107
0.904000000000000692,-0.297468400003472522
0.905000000000000693,-0.295501321149598317
0.906000000000000694,-0.293551274270200557
0.907000000000000695,-0.291618085307036146
0.908000000000000695,-0.289701581886508963
0.909000000000000696,-0.287801593306846681
0.910000000000000697,-0.285917950525348130
0.911000000000000698,-0.284050486145638659
0.912000000000000699,-0.282199034404975235
0.913000000000000700,-0.280363431161596510
0.914000000000000701,-0.278543513882078708
0.915000000000000702,-0.276739121628780393
0.916000000000000703,-0.274950095047283294
0.917000000000000703,-0.273176276353904957
0.918000000000000704,-0.271417509323240214
0.919000000000000705,-0.269673639275744725
0.920000000000000706,-0.267944513065383527
0.921000000000000707,-0.266229979067296729
0.922000000000000708,-0.264529887165531608
0.923000000000000709,-0.262844088740830317
0.924000000000000710,-0.261172436658433593
0.925000000000000711,-0.259514785255972713
0.926000000000000711,-0.257870990331382777
0.927000000000000712,-0.256240909130885153
0.928000000000000713,-0.254624400337011336
0.929000000000000714,-0.253021324056692254
0.930000000000000715,-0.251431541809379766
0.931000000000000716,-0.249854916515240999
0.932000000000000717,-0.248291312483408383
0.933000000000000718,-0.246740595400264884
0.934000000000000719,-0.245202632317808478
0.935000000000000719,-0.243677291642064281
0.936000000000000720,-0.242164443121544698
0.937000000000000721,-0.240663957835781067
0.938000000000000722,-0.239175708183910485
0.939000000000000723,-0.237699567873312784
0.940000000000000724,-0.236235411908316234
0.941000000000000725,-0.234783116578957618
0.942000000000000726,-0.233342559449809028
0.943000000000000727,-0.231913619348850381
0.944000000000000727,-0.230496176356423194
0.945000000000000728,-0.229090111794231222
0.946000000000000729,-0.227695308214400288
0.947000000000000730,-0.226311649388614727
0.948000000000000731,-0.224939020297298869
0.949000000000000732,-0.223577307118879409
0.950000000000000733,-0.222226397219085603
0.951000000000000734,-0.220886179140347444
0.952000000000000735,-0.219556542591221537
0.953000000000000735,-0.218237378435894330
0.954000000000000736,-0.216928578683761059
0.955000000000000737,-0.215630036479049825
0.956000000000000738,-0.214341646090523863
0.957000000000000739,-0.213063302901234014
0.958000000000000740,-0.211794903398351775
0.959000000000000741,-0.210536345163048477
0.960000000000000742,-0.209287526860461842
0.961000000000000743,-0.208048348229702640
0.962000000000000743,-0.206818710073940787
0.963000000000000744,-0.205598514250552922
0.964000000000000745,-0.204387663661343616
0.965000000000000746,-0.203186062242810772
0.966000000000000747,-0.201993614956493289
0.967000000000000748,-0.200810227779376904
0.968000000000000749,-0.199635807694376000
0.969000000000000750,-0.198470262680855214
0.970000000000000751,-0.197313501705251498
0.971000000000000751,-0.196165434711724457
0.972000000000000752,-0.195025972612890730
0.973000000000000753,-0.193895027280642507
0.974000000000000754,-0.192772511536981411
0.975000000000000755,-0.191658339144965439
0.976000000000000756,-0.190552424799695169
0.977000000000000757,-0.189454684119369887
0.978000000000000758,-0.188365033636403612
0.979000000000000759,-0.187283390788629822
0.980000000000000759,-0.186209673910528534
0.981000000000000760,-0.185143802224552678
0.982000000000000761,-0.184085695832515106
0.983000000000000762,-0.183035275707014528
0.984000000000000763,-0.181992463682948968
0.985000000000000764,-0.180957182449096143
0.986000000000000765,-0.179929355539734714
0.987000000000000766,-0.178908907326344679
0.988000000000000766,-0.177895763009371183
0.989000000000000767,-0.176889848610052997
0.990000000000000768,-0.175891090962302654
0.991000000000000769,-0.174899417704656390
0.992000000000000770,-0.173914757272286613
0.993000000000000771,-0.172937038889087041
0.994000000000000772,-0.171966192559791675
0.995000000000000773,-0.171002149062193576
0.996000000000000774,-0.170044839939388126
0.997000000000000774,-0.169094197492108383
0.998000000000000775,-0.168150154771100457
0.999000000000000776,-0.167212645569573326
1.000000000000000666,-0.166281604415700307
1.001000000000000778,-0.165356966565192331
1.002000000000000668,-0.164438667993916099
1.003000000000000780,-0.163526645390583647
1.004000000000000670,-0.162620836149503400
1.005000000000000782,-0.161721178363382234
1.006000000000000671,-0.160827610816196453
1.007000000000000783,-0.159940072976105851
1.008000000000000673,-0.159058504988449589
1.009000000000000785,-0.158182847668782045
1.010000000000000675,-0.157313042495975525
1.011000000000000787,-0.156449031605375211
1.012000000000000677,-0.155590757782023720
1.013000000000000789,-0.154738164453929489
1.014000000000000679,-0.153891195685393833
1.015000000000000790,-0.153049796170408425
1.016000000000000680,-0.152213911226099008
1.017000000000000792,-0.151383486786216437
1.018000000000000682,-0.150558469394705879
1.019000000000000794,-0.149738806199310820
1.020000000000000684,-0.148924444945250339
1.021000000000000796,-0.148115333968934976
1.022000000000000686,-0.147311422191747560
1.023000000000000798,-0.146512659113879090
1.024000000000000687,-0.145718994808209490
1.025000000000000799,-0.144930379914258056
1.026000000000000689,-0.144146765632169993
1.027000000000000801,-0.143368103716768391
1.028000000000000691,-0.142594346471656641
1.029000000000000803,-0.141825446743369277
1.030000000000000693,-0.141061357915577973
1.031000000000000805,-0.140302033903356604
1.032000000000000695,-0.139547429147479141
1.033000000000000806,-0.138797498608794700
1.034000000000000696,-0.138052197762634693
1.035000000000000808,-0.137311482593269946
1.036000000000000698,-0.136575309588430588
1.037000000000000810,-0.135843635733880780
1.038000000000000700,-0.135116418508012093
1.039000000000000812,-0.134393615876517686
1.040000000000000702,-0.133675186287109449
1.041000000000000814,-0.132961088664276306
1.042000000000000703,-0.132251282404084680
1.043000000000000815,-0.131545727369051291
1.044000000000000705,-0.130844383883047533
1.045000000000000817,-0.130147212726239636
1.046000000000000707,-0.129454175130108873
1.047000000000000819,-0.128765232772491106
1.048000000000000709,-0.128080347772664555
1.049000000000000821,-0.127399482686507831
1.050000000000000711,-0.126722600501667337
1.051000000000000822,-0.126049664632810254
1.052000000000000712,-0.125380638916888942
1.053000000000000824,-0.124715487608465625
1.054000000000000714,-0.124054175375087408
1.055000000000000826,-0.123396667292691317
1.056000000000000716,-0.122742928841067633
1.057000000000000828,-0.122092925899353055
1.058000000000000718,-0.121446624741578274
1.059000000000000830,-0.120803992032253338
1.060000000000000719,-0.120164994822001242
1.061000000000000831,-0.119529600543221509
1.062000000000000721,-0.118897777005810695
1.063000000000000833,-0.118269492392922920
1.064000000000000723,-0.117644715256754046
1.065000000000000835,-0.117023414514388996
1.066000000000000725,-0.116405559443689244
1.067000000000000837,-0.115791119679189286
1.068000000000000727,-0.115180065208086546
1.069000000000000838,-0.114572366366216705
1.070000000000000728,-0.113967993834110423
1.071000000000000840,-0.113366918633063626
1.072000000000000730,-0.112769112121263254
1.073000000000000842,-0.112174545989939339
1.074000000000000732,-0.111583192259557776
1.075000000000000844,-0.110995023276062726
1.076000000000000734,-0.110410011707143346
1.077000000000000846,-0.109828130538540014
1.078000000000000735,-0.109249353070400040
1.079000000000000847,-0.108673652913646321
1.080000000000000737,-0.108101003986417019
1.081000000000000849,-0.107531380510500235
1.082000000000000739,-0.106964757007841874
1.083000000000000851,-0.106401108297065811
1.084000000000000741,-0.105840409490043669
1.085000000000000853,-0.105282635988484669
1.086000000000000743,-0.104727763480575845
1.087000000000000854,-0.104175767937646491
1.088000000000000744,-0.103626625610877585
1.089000000000000856,-0.103080313028023340
1.090000000000000746,-0.102536806990193186
1.091000000000000858,-0.101996084568655790
1.092000000000000748,-0.101458123101664827
1.093000000000000860,-0.100922900191341425
1.094000000000000750,-0.100390393700562158
1.095000000000000862,-0.099860581749905170
1.096000000000000751,-0.099333442714613460
1.097000000000000863,-0.098808955221582367
1.098000000000000753,-0.098287098146405669
1.099000000000000865,-0.097767850610427004
1.100000000000000755,-0.097251191977827361
1.101000000000000867,-0.096737101852753235
1.102000000000000757,-0.096225560076471164
1.103000000000000869,-0.095716546724547297
1.104000000000000759,-0.095210042104052109
1.105000000000000870,-0.094706026750818878
1.106000000000000760,-0.094204481426698128
1.107000000000000872,-0.093705387116869487
1.108000000000000762,-0.093208725027169967
1.109000000000000874,-0.092714476581444979
1.110000000000000764,-0.092222623418940691
1.111000000000000876,-0.091733147391713246
1.112000000000000766,-0.091246030562074115
1.113000000000000878,-0.090761255200059482
1.114000000000000767,-0.090278803780927938
1.115000000000000879,-0.089798658982678164
1.116000000000000769,-0.089320803683604802
1.117000000000000881,-0.088845220959874585
1.118000000000000771,-0.088371894083128996
1.119000000000000883,-0.087900806518114050
1.120000000000000773,-0.087431941920338679
1.121000000000000885,-0.086965284133746448
1.122000000000000774,-0.086500817188430126
1.123000000000000886,-0.086038525298359786
1.124000000000000776,-0.085578392859143745
1.125000000000000888,-0.085120404445797451
1.126000000000000778,-0.084664544810558698
1.127000000000000890,-0.084210798880721666
1.128000000000000780,-0.083759151756471445
1.129000000000000892,-0.083309588708779664
1.130000000000000782,-0.082862095177297632
1.131000000000000894,-0.082416656768278695
1.132000000000000783,-0.081973259252525341
1.133000000000000895,-0.081531888563368862
1.134000000000000785,-0.081092530794639503
1.135000000000000897,-0.080655172198708547
1.136000000000000787,-0.080219799184502852
1.137000000000000899,-0.079786398315577198
1.138000000000000789,-0.079354956308184385
1.139000000000000901,-0.078925460029393740
1.140000000000000790,-0.078497896495199421
1.141000000000000902,-0.078072252868663566
1.142000000000000792,-0.077648516458097269
1.143000000000000904,-0.077226674715234964
1.144000000000000794,-0.076806715233449840
1.145000000000000906,-0.076388625745962876
1.146000000000000796,-0.075972394124118547
1.147000000000000908,-0.075558008375627483
1.148000000000000798,-0.075145456642866815
1.149000000000000909,-0.074734727201183626
1.150000000000000799,-0.074325808457215120
1.151000000000000689,-0.073918688947243766
1.152000000000000801,-0.073513357335555848
1.153000000000000913,-0.073109802412824457
1.154000000000000803,-0.072708013094511886
1.155000000000000693,-0.072307978419285268
1.156000000000000805,-0.071909687547467807
1.157000000000000917,-0.071513129759474242
1.158000000000000806,-0.071118294454306202
1.159000000000000696,-0.070725171148027816
1.160000000000000808,-0.070333749472282756
1.161000000000000920,-0.069944019172817742
1.162000000000000810,-0.069555970108032425
1.163000000000000700,-0.069169592247528638
1.164000000000000812,-0.068784875670700546
1.165000000000000924,-0.068401810565315108
1.166000000000000814,-0.068020387226137527
1.167000000000000703,-0.067640596053544028
1.168000000000000815,-0.067262427552177845
1.169000000000000927,-0.066885872329595517
1.170000000000000817,-0.066510921094953643
1.171000000000000707,-0.066137564657686304
1.172000000000000819,-0.065765793926224753
1.173000000000000931,-0.065395599906709678
1.174000000000000821,-0.065026973701726540
1.175000000000000711,-0.064659906509063253
1.176000000000000822,-0.064294389620473846
1.177000000000000934,-0.063930414420455370
1.178000000000000824,-0.063567972385050076
1.179000000000000714,-0.063207055080646349
1.180000000000000826,-0.062847654162816000
1.181000000000000938,-0.062489761375136385
1.182000000000000828,-0.062133368548054332
1.183000000000000718,-0.061778467597749444
1.184000000000000830,-0.061425050525010613
1.185000000000000941,-0.061073109414127760
1.186000000000000831,-0.060722636431807107
1.187000000000000721,-0.060373623826078360
1.188000000000000833,-0.060026063925238814
1.189000000000000945,-0.059679949136791199
1.190000000000000835,-0.059335271946408752
1.191000000000000725,-0.058992024916890963
1.192000000000000837,-0.058650200687176857
1.193000000000000949,-0.058309791971303669
1.194000000000000838,-0.057970791557448165
1.195000000000000728,-0.057633192306923667
1.196000000000000840,-0.057296987153225176
1.197000000000000952,-0.056962169101073969
1.198000000000000842,-0.056628731225461505
1.199000000000000732,-0.056296666670736940
1.200000000000000844,-0.055965968649660122
1.201000000000000956,-0.055636630442519430
1.202000000000000846,-0.055308645396212920
1.203000000000000735,-0.054982006923374849
1.204000000000000847,-0.054656708501485407
1.205000000000000959,-0.054332743672024786
1.206000000000000849,-0.054010106039599638
1.207000000000000739,-0.053688789271109184
1.208000000000000851,-0.053368787094909997
1.209000000000000963,-0.053050093299995126
1.210000000000000853,-0.052732701735179001
1.211000000000000743,-0.052416606308292049
1.212000000000000854,-0.052101800985397198
1.213000000000000966,-0.051788279789995985
1.214000000000000856,-0.051476036802271460
1.215000000000000746,-0.051165066158304316
1.216000000000000858,-0.050855362049343725
1.217000000000000970,-0.050546918721044130
1.218000000000000860,-0.050239730472738664
1.219000000000000750,-0.049933791656719587
1.220000000000000862,-0.049629096677512967
1.221000000000000973,-0.049325639991175937
1.222000000000000863,-0.049023416104605498
1.223000000000000753,-0.048722419574836001
1.224000000000000865,-0.048422645008373413
1.225000000000000977,-0.048124087060518496
1.226000000000000867,-0.047826740434701365
1.227000000000000757,-0.047530599881833044
1.228000000000000869,-0.047235660199650184
1.229000000000000981,-0.046941916232098937
1.230000000000000870,-0.046649362868677699
1.231000000000000760,-0.046357995043836774
1.232000000000000872,-0.046067807736363313
1.233000000000000984,-0.045778795968761041
1.234000000000000874,-0.045490954806678023
1.235000000000000764,-0.045204279358293756
1.236000000000000876,-0.044918764773753540
1.237000000000000988,-0.044634406244584396
1.238000000000000878,-0.044351199003139240
1.239000000000000767,-0.044069138322026573
1.240000000000000879,-0.043788219513566783
1.241000000000000991,-0.043508437929243700
1.242000000000000881,-0.043229788959168125
1.243000000000000771,-0.042952268031550930
1.244000000000000883,-0.042675870612170728
1.245000000000000995,-0.042400592203871247
1.246000000000000885,-0.042126428346040759
1.247000000000000774,-0.041853374614113939
1.248000000000000886,-0.041581426619073804
1.249000000000000998,-0.041310580006965324
1.250000000000000888,-0.041040830458412794
1.251000000000000778,-0.040772173688138055
1.252000000000000890,-0.040504605444497951
1.253000000000001002,-0.040238121509009919
1.254000000000000892,-0.039972717695910487
1.255000000000000782,-0.039708389851688786
1.256000000000000894,-0.039445133854648054
1.257000000000001005,-0.039182945614467543
1.258000000000000895,-0.038921821071768212
1.259000000000000785,-0.038661756197680294
1.260000000000000897,-0.038402746993430180
1.261000000000001009,-0.038144789489919381
1.262000000000000899,-0.037887879747313259
1.263000000000000789,-0.037632013854638532
1.264000000000000901,-0.037377187929387948
1.265000000000001013,-0.037123398117117838
1.266000000000000902,-0.036870640591067094
1.267000000000000792,-0.036618911551771147
1.268000000000000904,-0.036368207226685739
1.269000000000001016,-0.036118523869811930
1.270000000000000906,-0.035869857761335042
1.271000000000000796,-0.035622205207255023
1.272000000000000908,-0.035375562539030729
1.273000000000001020,-0.035129926113232832
1.274000000000000909,-0.034885292311192320
1.275000000000000799,-0.034641657538654162
1.276000000000000911,-0.034399018225452202
1.277000000000001023,-0.034157370825160856
1.278000000000000913,-0.033916711814777872
1.279000000000000803,-0.033677037694393584
1.280000000000000915,-0.033438344986883403
1.281000000000001027,-0.033200630237571367
1.282000000000000917,-0.032963890013943800
1.283000000000000806,-0.032728120905328242
1.284000000000000918,-0.032493319522599290
1.285000000000001030,-0.032259482497874956
1.286000000000000920,-0.032026606484232618
1.287000000000000810,-0.031794688155408556
1.288000000000000922,-0.031563724205527839
1.289000000000001034,-0.031333711348809537
1.290000000000000924,-0.031104646319294792
1.291000000000000814,-0.030876525870583881
1.292000000000000925,-0.030649346775546836
1.293000000000001037,-0.030423105826084606
1.294000000000000927,-0.030197799832845096
1.295000000000000817,-0.029973425624978695
1.296000000000000929,-0.029749980049880921
1.297000000000001041,-0.029527459972939540
1.298000000000000931,-0.029305862277298634
1.299000000000000821,-0.029085183863606041
1.300000000000000933,-0.028865421649775132
1.301000000000001044,-0.028646572570754897
1.302000000000000934,-0.028428633578292097
1.303000000000000824,-0.028211601640710005
1.304000000000000936,-0.027995473742670040
1.305000000000001048,-0.027780246884964277
1.306000000000000938,-0.027565918084292412
1.307000000000000828,-0.027352484373037118
1.308000000000000940,-0.027139942799060939
1.309000000000001052,-0.026928290425501766
1.310000000000000941,-0.026717524330554555
1.311000000000000831,-0.026507641607276238
1.312000000000000943,-0.026298639363376453
1.313000000000001055,-0.026090514721043196
1.314000000000000945,-0.025883264816723806
1.315000000000000835,-0.025676886800944071
1.316000000000000947,-0.025471377838121957
1.317000000000001059,-0.025266735106384174
1.318000000000000949,-0.025062955797372177
1.319000000000000838,-0.024860037116079325
1.320000000000000950,-0.024657976280661908
1.321000000000001062,-0.024456770522265098
1.322000000000000952,-0.024256417084859306
1.323000000000000842,-0.024056913225063103
1.324000000000000954,-0.023858256211985538
1.325000000000001066,-0.023660443327049707
1.326000000000000956,-0.023463471863847344
1.327000000000000846,-0.023267339127965053
1.328000000000000957,-0.023072042436841838
1.329000000000001069,-0.022877579119599933
1.330000000000000959,-0.022683946516911940
1.331000000000000849,-0.022491141980836619
1.332000000000000961,-0.022299162874675277
1.333000000000001073,-0.022108006572832274
1.334000000000000963,-0.021917670460671994
1.335000000000000853,-0.021728151934372397
1.336000000000000965,-0.021539448400796191
1.337000000000001076,-0.021351557277350140
1.338000000000000966,-0.021164475991851145
1.339000000000000856,-0.020978201982402106
1.340000000000000968,-0.020792732697251227
1.341000000000001080,-0.020608065594673534
1.342000000000000970,-0.020424198142845434
1.343000000000000860,-0.020241127819717909
1.344000000000000972,-0.020058852112896413
1.345000000000001084,-0.019877368519529291
1.346000000000000973,-0.019696674546178405
1.347000000000000863,-0.019516767708712891
1.348000000000000975,-0.019337645532189685
1.349000000000001087,-0.019159305550749246
1.350000000000000977,-0.018981745307499704
1.351000000000000867,-0.018804962354416099
1.352000000000000979,-0.018628954252219460
1.353000000000001091,-0.018453718570291940
1.354000000000000981,-0.018279252886565265
1.355000000000000870,-0.018105554787411899
1.356000000000000982,-0.017932621867559572
1.357000000000001094,-0.017760451729988455
1.358000000000000984,-0.017589041985830993
1.359000000000000874,-0.017418390254282788
1.360000000000000986,-0.017248494162508017
1.361000000000001098,-0.017079351345553440
1.362000000000000988,-0.016910959446245009
1.363000000000000878,-0.016743316115114842
1.364000000000000989,-0.016576419010311771
1.365000000000001101,-0.016410265797506339
1.366000000000000991,-0.016244854149817172
1.367000000000000881,-0.016080181747726671
1.368000000000000993,-0.015916246278999117
1.369000000000001105,-0.015753045438601225
1.370000000000000995,-0.015590576928623512
1.371000000000000885,-0.015428838458206024
1.372000000000000997,-0.015267827743461349
1.373000000000001108,-0.015107542507406802
1.374000000000000998,-0.014947980479869876
1.375000000000000888,-0.014789139397452179
1.376000000000001000,-0.014631017003428847
1.377000000000001112,-0.014473611047694856
1.378000000000001002,-0.014316919286692015
1.379000000000000892,-0.014160939483345968
1.380000000000001004,-0.014005669406994482
1.381000000000001116,-0.013851106833336202
1.382000000000001005,-0.013697249544351798
1.383000000000000895,-0.013544095328252287
1.384000000000001007,-0.013391641979417085
1.385000000000001119,-0.013239887298332375
1.386000000000001009,-0.013088829091536519
1.387000000000000899,-0.012938465171549739
1.388000000000001011,-0.012788793356845690
1.389000000000001123,-0.012639811471760621
1.390000000000001013,-0.012491517346466833
1.391000000000000902,-0.012343908816904611
1.392000000000001014,-0.012196983724737329
1.393000000000001126,-0.012050739917295534
1.394000000000001016,-0.011905175247532767
1.395000000000000906,-0.011760287573968057
1.396000000000001018,-0.011616074760639913
1.397000000000001130,-0.011472534677065058
1.398000000000001020,-0.011329665198185734
1.399000000000000909,-0.011187464204323840
1.400000000000001021,-0.011045929581136892
1.401000000000001133,-0.010905059219579506
1.402000000000001023,-0.010764851015850743
1.403000000000000913,-0.010625302871356695
1.404000000000001025,-0.010486412692672510
1.405000000000001137,-0.010348178391495095
1.406000000000001027,-0.010210597884604725
1.407000000000000917,-0.010073669093835903
1.408000000000001029,-0.009937389946019148
1.409000000000001140,-0.009801758372965010
1.410000000000001030,-0.009666772311411352
1.411000000000000920,-0.009532429702995889
1.412000000000001032,-0.009398728494216618
1.413000000000001144,-0.009265666636401580
1.414000000000001034,-0.009133242085670764
1.415000000000000924,-0.009001452802900423
1.416000000000001036,-0.008870296753701653
1.417000000000001148,-0.008739771908379362
1.418000000000001037,-0.008609876241900856
1.419000000000000927,-0.008480607733868401
1.420000000000001039,-0.008351964368487775
1.421000000000001151,-0.008223944134542855
1.422000000000001041,-0.008096545025362094
1.423000000000000931,-0.007969765038790145
1.424000000000001043,-0.007843602177165336
1.425000000000001155,-0.007718054447287351
1.426000000000001044,-0.007593119860395731
1.427000000000000934,-0.007468796432142713
1.428000000000001046,-0.007345082182565502
1.429000000000001158,-0.007221975136060635
1.430000000000001048,-0.007099473321367902
1.431000000000000938,-0.006977574771538052
1.432000000000001050,-0.006856277523915063
1.433000000000001162,-0.006735579620111900
1.434000000000001052,-0.006615479105985173
1.435000000000000941,-0.006495974031621885
1.436000000000001053,-0.006377062451310124
1.437000000000001165,-0.006258742423518361
1.438000000000001055,-0.006141012010887500
1.439000000000000945,-0.006023869280195474
1.440000000000001057,-0.005907312302348977
1.441000000000001169,-0.005791339152354901
1.442000000000001059,-0.005675947909312895
1.443000000000000949,-0.005561136656393217
1.444000000000001060,-0.005446903480815455
1.445000000000001172,-0.005333246473833765
1.446000000000001062,-0.005220163730726802
1.447000000000000952,-0.005107653350768096
1.448000000000001064,-0.004995713437222651
1.449000000000001176,-0.004884342097329479
1.450000000000001066,-0.004773537442275253
1.451000000000000956,-0.004663297587193705
1.452000000000001068,-0.004553620651145782
1.453000000000001180,-0.004444504757103688
1.454000000000001069,-0.004335948031939238
1.455000000000000959,-0.004227948606411500
1.456000000000001071,-0.004120504615148648
1.457000000000001183,-0.004013614196646741
1.458000000000001073,-0.003907275493245686
1.459000000000000963,-0.003801486651118465
1.460000000000001075,-0.003696245820268851
1.461000000000001187,-0.003591551154506861
1.462000000000001076,-0.003487400811453760
1.463000000000000966,-0.003383792952514032
1.464000000000001078,-0.003280725742873895
1.465000000000001190,-0.003178197351497281
1.466000000000001080,-0.003076205951098756
1.467000000000000970,-0.002974749718149941
1.468000000000001082,-0.002873826832864633
1.469000000000001194,-0.002773435479184920
1.470000000000001084,-0.002673573844780045
1.471000000000000973,-0.002574240121030475
1.472000000000001085,-0.002475432503027789
1.473000000000001197,-0.002377149189559665
1.474000000000001087,-0.002279388383105369
1.475000000000000977,-0.002182148289822507
1.476000000000001089,-0.002085427119550473
1.477000000000001201,-0.001989223085794430
1.478000000000001091,-0.001893534405717779
1.479000000000000981,-0.001798359300143225
1.480000000000001092,-0.001703695993535195
1.481000000000001204,-0.001609542714004418
1.482000000000001094,-0.001515897693293151
1.483000000000000984,-0.001422759166776768
1.484000000000001096,-0.001330125373452899
1.485000000000001208,-0.001237994555930033
1.486000000000001098,-0.001146364960438839
1.487000000000000988,-0.001055234836811048
1.488000000000001100,-0.000964602438479276
1.489000000000001211,-0.000874466022476163
1.490000000000001101,-0.000784823849426511
1.491000000000000991,-0.000695674183536602
1.492000000000001103,-0.000607015292604269
1.493000000000001215,-0.000518845448001141
1.494000000000001105,-0.000431162924672219
1.495000000000000995,-0.000343966001134653
1.496000000000001107,-0.000257252959473560
1.497000000000001219,-0.000171022085334073
1.498000000000001108,-0.000085271667923754
1.499000000000000998,0.000000000000000000
