# AlFCC111UCD_THYMINE
# h[nm],U(h)[kJ/mol]
0.149999999999999994,93.618461578226302322
0.150999999999999995,87.867177426843198873
0.151999999999999996,83.651589443707877081
0.152999999999999997,79.822289572012635972
0.153999999999999998,75.980399237679463909
0.154999999999999999,72.064935850376016901
0.156000000000000000,68.136902050274784415
0.157000000000000001,64.276484191130137447
0.158000000000000002,60.542169115592699313
0.159000000000000002,56.961324249810957099
0.160000000000000003,53.534810383545199386
0.161000000000000004,50.246192833456689186
0.162000000000000005,47.070881919849078656
0.163000000000000006,43.983259383765293649
0.164000000000000007,40.961314599494123456
0.165000000000000008,37.989028067792290244
0.166000000000000009,35.057020442761590573
0.167000000000000010,32.162032563542410912
0.168000000000000010,29.305735931606484712
0.169000000000000011,26.493263517884326319
0.170000000000000012,23.731735715132195708
0.171000000000000013,21.028954343937208193
0.172000000000000014,18.392356194704333916
0.173000000000000015,15.828257663115754994
0.174000000000000016,13.341381456174435272
0.175000000000000017,10.934631638333291548
0.176000000000000018,8.609070721327082509
0.177000000000000018,6.364048638006200243
0.178000000000000019,4.197435377484431740
0.179000000000000020,2.105914498260024637
0.180000000000000021,0.085301954884451719
0.181000000000000022,-1.869137550475101106
0.182000000000000023,-3.762396961554011376
0.183000000000000024,-5.599469510907126413
0.184000000000000025,-7.385135363315998625
0.185000000000000026,-9.123795361580247842
0.186000000000000026,-10.819351410424793869
0.187000000000000027,-12.475130460168482927
0.188000000000000028,-14.093847340534443546
0.189000000000000029,-15.677600701560248098
0.190000000000000030,-17.227895897645645107
0.191000000000000031,-18.745688666421763457
0.192000000000000032,-20.231443785442515093
0.193000000000000033,-21.685203433473770218
0.194000000000000034,-23.106660654432747748
0.195000000000000034,-24.495234053371305549
0.196000000000000035,-25.850140593777496179
0.197000000000000036,-27.170464076304654100
0.198000000000000037,-28.455217535010159935
0.199000000000000038,-29.703398372130159544
0.200000000000000039,-30.914035557826558431
0.201000000000000040,-32.086228644610635286
0.202000000000000041,-33.219178689007932803
0.203000000000000042,-34.312211440283853392
0.204000000000000042,-35.364793354497358280
0.205000000000000043,-36.376541129744722980
0.206000000000000044,-37.347225543658645108
0.207000000000000045,-38.276770415503463596
0.208000000000000046,-39.165247520689852934
0.209000000000000047,-40.012868262764968108
0.210000000000000048,-40.819972863740233038
0.211000000000000049,-41.587017774002482895
0.212000000000000050,-42.314561933200252497
0.213000000000000050,-43.003252437751342541
0.214000000000000051,-43.653810092574360624
0.215000000000000052,-44.267015247159761770
0.216000000000000053,-44.843694241392178412
0.217000000000000054,-45.384706716265284854
0.218000000000000055,-45.890933979957047484
0.219000000000000056,-46.363268561401092427
0.220000000000000057,-46.802605031909173761
0.221000000000000058,-47.209832130683196283
0.222000000000000058,-47.585826192119661471
0.223000000000000059,-47.931445841376230987
0.224000000000000060,-48.247527899357820047
0.225000000000000061,-48.534884418608811529
0.226000000000000062,-48.794300757036239702
0.227000000000000063,-49.026534586380492442
0.228000000000000064,-49.232315726325538208
0.229000000000000065,-49.412346692546364579
0.230000000000000066,-49.567303847288606278
0.231000000000000066,-49.697839043764652445
0.232000000000000067,-49.804581660261192155
0.233000000000000068,-49.888140925964407302
0.234000000000000069,-49.949108447736961125
0.235000000000000070,-49.988060855088804146
0.236000000000000071,-50.005562489078769772
0.237000000000000072,-50.002168069612579870
0.238000000000000073,-49.978425284353541258
0.239000000000000073,-49.934877251056583702
0.240000000000000074,-49.872064813435272868
0.241000000000000075,-49.790528638559990782
0.242000000000000076,-49.690811091178360925
0.243000000000000077,-49.573457867187670445
0.244000000000000078,-49.439019374731643097
0.245000000000000079,-49.288051857015275914
0.246000000000000080,-49.121118255930241503
0.247000000000000081,-48.938788819958666920
0.248000000000000081,-48.741641463593808226
0.249000000000000082,-48.530261888704849582
0.250000000000000111,-48.305243480910768028
0.251000000000000112,-48.067186996146212152
0.252000000000000113,-47.816700054244947182
0.253000000000000114,-47.554396457565246692
0.254000000000000115,-47.280895353486435795
0.255000000000000115,-46.996820260050519380
0.256000000000000116,-46.702797974152453264
0.257000000000000117,-46.399457381535810896
0.258000000000000118,-46.087428187463380880
0.259000000000000119,-45.767339586342892233
0.260000000000000120,-45.439818887830043082
0.261000000000000121,-45.105490116032797232
0.262000000000000122,-44.764972597436752721
0.263000000000000123,-44.418879552081435236
0.264000000000000123,-44.067816701371192778
0.265000000000000124,-43.712380904718408203
0.266000000000000125,-43.353158836014515032
0.267000000000000126,-42.990725709717530378
0.268000000000000127,-42.625644065152485496
0.269000000000000128,-42.258462616452916905
0.270000000000000129,-41.889715174437448297
0.271000000000000130,-41.519919645627069826
0.272000000000000131,-41.149577112569090787
0.273000000000000131,-40.779170998651245839
0.274000000000000132,-40.409166319667185974
0.275000000000000133,-40.040009023535269250
0.276000000000000134,-39.672125418777824279
0.277000000000000135,-39.305921691640776316
0.278000000000000136,-38.941783511069914425
0.279000000000000137,-38.580075720163762298
0.280000000000000138,-38.221142112189731677
0.281000000000000139,-37.865305288779246951
0.282000000000000139,-37.512866597507233735
0.283000000000000140,-37.164106145707691553
0.284000000000000141,-36.819282887078756517
0.285000000000000142,-36.478634777384456811
0.286000000000000143,-36.142378995361426064
0.287000000000000144,-35.810712224786456659
0.288000000000000145,-35.483810993550562785
0.289000000000000146,-35.161832065512200529
0.290000000000000147,-34.844912880866957039
0.291000000000000147,-34.533172040766189070
0.292000000000000148,-34.226709831942542905
0.293000000000000149,-33.925608787151219303
0.294000000000000150,-33.629934277310226776
0.295000000000000151,-33.339735131318242622
0.296000000000000152,-33.055044279640128480
0.297000000000000153,-32.775879417879636435
0.298000000000000154,-32.502243686698193414
0.299000000000000155,-32.234126364591062952
0.300000000000000155,-31.971503570192254529
0.301000000000000156,-31.714338970946368335
0.302000000000000157,-31.462584495157720710
0.303000000000000158,-31.216181044602798522
0.304000000000000159,-30.975059205069243262
0.305000000000000160,-30.739139952362982910
0.306000000000000161,-30.508335351502761768
0.307000000000000162,-30.282549246997245262
0.308000000000000163,-30.061677942273735908
0.309000000000000163,-29.845610866497587210
0.310000000000000164,-29.634231227187761704
0.311000000000000165,-29.427416647195418165
0.312000000000000166,-29.225039784769034412
0.313000000000000167,-29.026968935580036657
0.314000000000000168,-28.833068615727960093
0.315000000000000169,-28.643200124882561397
0.316000000000000170,-28.457222088852365260
0.317000000000000171,-28.274990980994836320
0.318000000000000171,-28.096361622001506220
0.319000000000000172,-27.921187657704081175
0.320000000000000173,-27.749322014652040735
0.321000000000000174,-27.580617333311227668
0.322000000000000175,-27.414926378824230113
0.323000000000000176,-27.252102429359137403
0.324000000000000177,-27.091999642151431971
0.325000000000000178,-26.934473397416791585
0.326000000000000179,-26.779380620378958611
0.327000000000000179,-26.626580081717019510
0.328000000000000180,-26.475932676791831710
0.329000000000000181,-26.327301684060405051
0.330000000000000182,-26.180553003131091572
0.331000000000000183,-26.035555372952011055
0.332000000000000184,-25.892180570658911876
0.333000000000000185,-25.750303591639028156
0.334000000000000186,-25.609802811392814448
0.335000000000000187,-25.470560129796602666
0.336000000000000187,-25.332461098387597076
0.337000000000000188,-25.195395031305924505
0.338000000000000189,-25.059255100539935768
0.339000000000000190,-24.923938416127974449
0.340000000000000191,-24.789346091974643116
0.341000000000000192,-24.655383297942371712
0.342000000000000193,-24.521959298877298750
0.343000000000000194,-24.388987481227133003
0.344000000000000195,-24.256385367902840500
0.345000000000000195,-24.124074622029947790
0.346000000000000196,-23.991981040226537658
0.347000000000000197,-23.860034536034998354
0.348000000000000198,-23.728169114123542016
0.349000000000000199,-23.596322835860505052
0.350000000000000200,-23.464437776851145401
0.351000000000000201,-23.332459977011772878
0.352000000000000202,-23.200339383740569588
0.353000000000000203,-23.068029788728587448
0.354000000000000203,-22.935488758937307097
0.355000000000000204,-22.802677562252060994
0.356000000000000205,-22.669561088303055385
0.357000000000000206,-22.536107764927859165
0.358000000000000207,-22.402289470730742948
0.359000000000000208,-22.268081444176576866
0.360000000000000209,-22.133462189638283490
0.361000000000000210,-21.998413380798737649
0.362000000000000210,-21.862919761789612494
0.363000000000000211,-21.726969046431982235
0.364000000000000212,-21.590551815925088874
0.365000000000000213,-21.453661415312449634
0.366000000000000214,-21.316293849036771491
0.367000000000000215,-21.178447675878135925
0.368000000000000216,-21.040123903553364926
0.369000000000000217,-20.901325883237554137
0.370000000000000218,-20.762059204253358047
0.371000000000000218,-20.622331589157571585
0.372000000000000219,-20.482152789439417973
0.373000000000000220,-20.341534482030631636
0.374000000000000221,-20.200490166812400616
0.375000000000000222,-20.059035065291300981
0.376000000000000223,-19.917186020602066776
0.377000000000000224,-19.774961398983194272
0.378000000000000225,-19.632380992857999757
0.379000000000000226,-19.489465925642576849
0.380000000000000226,-19.346238558390428608
0.381000000000000227,-19.202722398372369383
0.382000000000000228,-19.058942009680386320
0.383000000000000229,-18.914922925933552733
0.384000000000000230,-18.770691565154862701
0.385000000000000231,-18.626275146879031297
0.386000000000000232,-18.481701611541996755
0.387000000000000233,-18.336999542195403734
0.388000000000000234,-18.192198088581125859
0.389000000000000234,-18.047326893593957919
0.390000000000000235,-17.902416022153111896
0.391000000000000236,-17.757495892497452417
0.392000000000000237,-17.612597209912447482
0.393000000000000238,-17.467750902891857834
0.394000000000000239,-17.322988061731059872
0.395000000000000240,-17.178339879544601843
0.396000000000000241,-17.033837595695413114
0.397000000000000242,-16.889512441618879990
0.398000000000000242,-16.745395589021207172
0.399000000000000243,-16.601518100427398394
0.400000000000000244,-16.457910882051010049
0.401000000000000245,-16.314604638954726568
0.402000000000000246,-16.171629832467822041
0.403000000000000247,-16.029016639823758794
0.404000000000000248,-15.886794915979541187
0.405000000000000249,-15.744994157575343152
0.406000000000000250,-15.603643468991828414
0.407000000000000250,-15.462771530460475589
0.408000000000000251,-15.322406568180786834
0.409000000000000252,-15.182576326397233757
0.410000000000000253,-15.043308041387211560
0.411000000000000254,-14.904628417310849642
0.412000000000000255,-14.766563603872389976
0.413000000000000256,-14.629139175742418288
0.414000000000000257,-14.492380113689614873
0.415000000000000258,-14.356310787370512472
0.416000000000000258,-14.220954939725455546
0.417000000000000259,-14.086335672928830931
0.418000000000000260,-13.952475435841762419
0.419000000000000261,-13.819396012915394323
0.420000000000000262,-13.687118514493448629
0.421000000000000263,-13.555663368462694152
0.422000000000000264,-13.425050313200491914
0.423000000000000265,-13.295298391769197366
0.424000000000000266,-13.166425947307478950
0.425000000000000266,-13.038450619569502464
0.426000000000000267,-12.911389342563230898
0.427000000000000268,-12.785258343240233359
0.428000000000000269,-12.660073141189815971
0.429000000000000270,-12.535848549291300102
0.430000000000000271,-12.412598675278990967
0.431000000000000272,-12.290336924175393918
0.432000000000000273,-12.169076001548985388
0.433000000000000274,-12.048827917554058686
0.434000000000000274,-11.929603991710681754
0.435000000000000275,-11.811414858384329918
0.436000000000000276,-11.694270472925378357
0.437000000000000277,-11.578180118429614254
0.438000000000000278,-11.463152413082374537
0.439000000000000279,-11.349195318049495995
0.440000000000000280,-11.236316145879431616
0.441000000000000281,-11.124521569382132213
0.442000000000000282,-11.013817630951015403
0.443000000000000282,-10.904209752295638935
0.444000000000000283,-10.795702744553551611
0.445000000000000284,-10.688300818750978038
0.446000000000000285,-10.582007596582753806
0.447000000000000286,-10.476826121483490795
0.448000000000000287,-10.372758869962090955
0.449000000000000288,-10.269807763173702142
0.450000000000000289,-10.167974178703337529
0.451000000000000290,-10.067258962536953959
0.452000000000000290,-9.967662441196363687
0.453000000000000291,-9.869184434015490837
0.454000000000000292,-9.771824265536348975
0.455000000000000293,-9.675580778003958216
0.456000000000000294,-9.580452343940439874
0.457000000000000295,-9.486436878779262116
0.458000000000000296,-9.393531853541563947
0.459000000000000297,-9.301734307537284252
0.460000000000000298,-9.211040861074568653
0.461000000000000298,-9.121447728161863111
0.462000000000000299,-9.032950729187774641
0.463000000000000300,-8.945545303564538031
0.464000000000000301,-8.859226522321684172
0.465000000000000302,-8.773989100637326288
0.466000000000000303,-8.689827410294958199
0.467000000000000304,-8.606735492054449210
0.468000000000000305,-8.524707067926733828
0.469000000000000306,-8.443735553342021305
0.470000000000000306,-8.363814069202245349
0.471000000000000307,-8.284935453808797590
0.472000000000000308,-8.207092274657608044
0.473000000000000309,-8.130276840093575430
0.474000000000000310,-8.054481210817522552
0.475000000000000311,-7.979697211238840460
0.476000000000000312,-7.905916440668022460
0.477000000000000313,-7.833130284343151395
0.478000000000000314,-7.761329924285450765
0.479000000000000314,-7.690506349979171929
0.480000000000000315,-7.620650368871451974
0.481000000000000316,-7.551752616688476749
0.482000000000000317,-7.483803567564379478
0.483000000000000318,-7.416793543979935066
0.484000000000000319,-7.350712726508244366
0.485000000000000320,-7.285551163365267868
0.486000000000000321,-7.221298779763017706
0.487000000000000322,-7.157945387063878506
0.488000000000000322,-7.095480691734633361
0.489000000000000323,-7.033894304099177930
0.490000000000000324,-6.973175746889097582
0.491000000000000325,-6.913314463591646586
0.492000000000000326,-6.854299826594747458
0.493000000000000327,-6.796121145129177421
0.494000000000000328,-6.738767673007958869
0.495000000000000329,-6.682228616163525814
0.496000000000000330,-6.626493139983222314
0.497000000000000330,-6.571550376443953567
0.498000000000000331,-6.517389431047059034
0.499000000000000332,-6.463999389554547115
0.500000000000000333,-6.411369324528021885
0.501000000000000334,-6.359488301671862409
0.502000000000000335,-6.308345385982213394
0.503000000000000336,-6.257929647703681653
0.504000000000000337,-6.208230168095495216
0.505000000000000338,-6.159236045009281568
0.506000000000000338,-6.110936398280516713
0.507000000000000339,-6.063320374935869950
0.508000000000000340,-6.016377154218839785
0.509000000000000341,-5.970095952436003550
0.510000000000000342,-5.924466027626440479
0.511000000000000343,-5.879476684056828439
0.512000000000000344,-5.835117276544892206
0.513000000000000345,-5.791377214613857127
0.514000000000000346,-5.748245966480656222
0.515000000000000346,-5.705713062880700903
0.516000000000000347,-5.663768100731958910
0.517000000000000348,-5.622400746641389446
0.518000000000000349,-5.581600740256359217
0.519000000000000350,-5.541357897464241233
0.520000000000000351,-5.501662113442973734
0.521000000000000352,-5.462503365565594571
0.522000000000000353,-5.423871716161740686
0.523000000000000353,-5.385757315139061419
0.524000000000000354,-5.348150402467640951
0.525000000000000355,-5.311041310530281834
0.526000000000000356,-5.274420466341785740
0.527000000000000357,-5.238278393640157127
0.528000000000000358,-5.202605714852731822
0.529000000000000359,-5.167393152940187306
0.530000000000000360,-5.132631533121474021
0.531000000000000361,-5.098311784482533859
0.532000000000000361,-5.064424941471783015
0.533000000000000362,-5.030962145285277742
0.534000000000000363,-4.997914645144469148
0.535000000000000364,-4.965273799469344773
0.536000000000000365,-4.933031076949909277
0.537000000000000366,-4.901178057518742470
0.538000000000000367,-4.869706433227452891
0.539000000000000368,-4.838608009029792711
0.540000000000000369,-4.807874703474136702
0.541000000000000369,-4.777498549308036857
0.542000000000000370,-4.747471693997551867
0.543000000000000371,-4.717786400163856086
0.544000000000000372,-4.688435045939892909
0.545000000000000373,-4.659410125249467072
0.546000000000000374,-4.630704248011371149
0.547000000000000375,-4.602310140271002936
0.548000000000000376,-4.574220644261940194
0.549000000000000377,-4.546428718399829982
0.550000000000000377,-4.518927437210925824
0.551000000000000378,-4.491709991197700091
0.552000000000000379,-4.464769686643684565
0.553000000000000380,-4.438099945359839538
0.554000000000000381,-4.411694304374623066
0.555000000000000382,-4.385546415569960388
0.556000000000000383,-4.359650045265104801
0.557000000000000384,-4.333999073750606890
0.558000000000000385,-4.308587494774298143
0.559000000000000385,-4.283409414981361962
0.560000000000000386,-4.258459053310336806
0.561000000000000387,-4.233730740347052546
0.562000000000000388,-4.209218917638315460
0.563000000000000389,-4.184918136967104019
0.564000000000000390,-4.160823059591151285
0.565000000000000391,-4.136928455446591713
0.566000000000000392,-4.113229202318359867
0.567000000000000393,-4.089720284979018849
0.568000000000000393,-4.066396794297621575
0.569000000000000394,-4.043253926320160119
0.570000000000000395,-4.020286981323206277
0.571000000000000396,-3.997491362842114260
0.572000000000000397,-3.974862576675374015
0.573000000000000398,-3.952396229866439459
0.574000000000000399,-3.930088029664466909
0.575000000000000400,-3.907933782465270234
0.576000000000000401,-3.885929392733815657
0.577000000000000401,-3.864070861909525867
0.578000000000000402,-3.842354287295628890
0.579000000000000403,-3.820775860933731227
0.580000000000000404,-3.799331868464807194
0.581000000000000405,-3.778018687977726220
0.582000000000000406,-3.756832788846359961
0.583000000000000407,-3.735770730556446040
0.584000000000000408,-3.714829161523117929
0.585000000000000409,-3.694004817900160109
0.586000000000000409,-3.673294522381948646
0.587000000000000410,-3.652695182999009749
0.588000000000000411,-3.632203791908088952
0.589000000000000412,-3.611817424177605318
0.590000000000000413,-3.591533236569348642
0.591000000000000414,-3.571348466317239456
0.592000000000000415,-3.551260429903906335
0.593000000000000416,-3.531266521835875416
0.594000000000000417,-3.511364213418084912
0.595000000000000417,-3.491551051528460015
0.596000000000000418,-3.471824657393151714
0.597000000000000419,-3.452182725363223792
0.598000000000000420,-3.432623021693264498
0.599000000000000421,-3.413143383322665869
0.600000000000000422,-3.393741716660056085
0.601000000000000423,-3.374415996371495030
0.602000000000000424,-3.355164264172942445
0.603000000000000425,-3.335984627627534227
0.604000000000000425,-3.316875258948126515
0.605000000000000426,-3.297834393805622710
0.606000000000000427,-3.278860330143495982
0.607000000000000428,-3.259951426998926927
0.608000000000000429,-3.241106103331034660
0.609000000000000430,-3.222322836856494011
0.610000000000000431,-3.203600162893013081
0.611000000000000432,-3.184936673210933655
0.612000000000000433,-3.166331014893348783
0.613000000000000433,-3.147781889205043093
0.614000000000000434,-3.129288050470558247
0.615000000000000435,-3.110848304961629562
0.616000000000000436,-3.092461509794360186
0.617000000000000437,-3.074126571836272692
0.618000000000000438,-3.055842446623570297
0.619000000000000439,-3.037608137288763555
0.620000000000000440,-3.019422693498940102
0.621000000000000441,-3.001285210404803117
0.622000000000000441,-2.983194827600729404
0.623000000000000442,-2.965150728095974131
0.624000000000000443,-2.947152137297191832
0.625000000000000444,-2.929198322002426025
0.626000000000000445,-2.911288589406708205
0.627000000000000446,-2.893422286119360809
0.628000000000000447,-2.875598797193156475
0.629000000000000448,-2.857817545165406870
0.630000000000000449,-2.840077989111071233
0.631000000000000449,-2.822379623707980567
0.632000000000000450,-2.804721978314252073
0.633000000000000451,-2.787104616057935580
0.634000000000000452,-2.769527132938965686
0.635000000000000453,-2.751989156943445813
0.636000000000000454,-2.734490347170317470
0.637000000000000455,-2.717030392970436470
0.638000000000000456,-2.699609013098068999
0.639000000000000457,-2.682225954874835949
0.640000000000000457,-2.664880993366096629
0.641000000000000458,-2.647573930569768752
0.642000000000000459,-2.630304594617609126
0.643000000000000460,-2.613072838988878210
0.644000000000000461,-2.595878541736444056
0.645000000000000462,-2.578721604725235927
0.646000000000000463,-2.561601952883043598
0.647000000000000464,-2.544519533463626360
0.648000000000000465,-2.527474315322082887
0.649000000000000465,-2.510466288202430896
0.650000000000000466,-2.493495462037348176
0.651000000000000467,-2.476561866260025724
0.652000000000000468,-2.459665549128051687
0.653000000000000469,-2.442806577059269291
0.654000000000000470,-2.425985033979563443
0.655000000000000471,-2.409201020682456562
0.656000000000000472,-2.392454654200473207
0.657000000000000473,-2.375746067188171828
0.658000000000000473,-2.359075407316780115
0.659000000000000474,-2.342442836680329599
0.660000000000000475,-2.325848531213199788
0.661000000000000476,-2.309292680118993690
0.662000000000000477,-2.292775485310638128
0.663000000000000478,-2.276297160861623148
0.664000000000000479,-2.259857932468253061
0.665000000000000480,-2.243458036922835852
0.666000000000000481,-2.227097721597722568
0.667000000000000481,-2.210777243940010628
0.668000000000000482,-2.194496870976915925
0.669000000000000483,-2.178256878831613896
0.670000000000000484,-2.162057552249478931
0.671000000000000485,-2.145899184134607562
0.672000000000000486,-2.129782075096508631
0.673000000000000487,-2.113706533006843191
0.674000000000000488,-2.097672872566102686
0.675000000000000488,-2.081681414880087733
0.676000000000000489,-2.065732487046136434
0.677000000000000490,-2.049826421748882854
0.678000000000000491,-2.033963556865509226
0.679000000000000492,-2.018144235080356896
0.680000000000000493,-2.002368803508724593
0.681000000000000494,-1.986637613329809593
0.682000000000000495,-1.970951019428606177
0.683000000000000496,-1.955309380046703183
0.684000000000000496,-1.939713056441768613
0.685000000000000497,-1.924162412555731949
0.686000000000000498,-1.908657814691390175
0.687000000000000499,-1.893199631197453936
0.688000000000000500,-1.877788232161808235
0.689000000000000501,-1.862423989112944822
0.690000000000000502,-1.847107274729383963
0.691000000000000503,-1.831838462557010772
0.692000000000000504,-1.816617926734175104
0.693000000000000504,-1.801446041724464875
0.694000000000000505,-1.786323182056986258
0.695000000000000506,-1.771249722074092148
0.696000000000000507,-1.756226035686392795
0.697000000000000508,-1.741252496134943595
0.698000000000000509,-1.726329475760525423
0.699000000000000510,-1.711457345779817008
0.700000000000000511,-1.696636476068468014
0.701000000000000512,-1.681867234950821466
0.702000000000000512,-1.667149988996285304
0.703000000000000513,-1.652485102822164986
0.704000000000000514,-1.637872938902877662
0.705000000000000515,-1.623313857385432213
0.706000000000000516,-1.608808215911053052
0.707000000000000517,-1.594356369442839094
0.708000000000000518,-1.579958670099368634
0.709000000000000519,-1.565615466994114691
0.710000000000000520,-1.551327106080569118
0.711000000000000520,-1.537093930002987552
0.712000000000000521,-1.522916277952622854
0.713000000000000522,-1.508794485529354024
0.714000000000000523,-1.494728884608629293
0.715000000000000524,-1.480719803213557340
0.716000000000000525,-1.466767565392137485
0.717000000000000526,-1.452872491099426178
0.718000000000000527,-1.439034896084626869
0.719000000000000528,-1.425255091782949179
0.720000000000000528,-1.411533385212182523
0.721000000000000529,-1.397870078873817645
0.722000000000000530,-1.384265470658729402
0.723000000000000531,-1.370719853757218276
0.724000000000000532,-1.357233516573373766
0.725000000000000533,-1.343806742643686825
0.726000000000000534,-1.330439810559742808
0.727000000000000535,-1.317132993895003379
0.728000000000000536,-1.303886561135496613
0.729000000000000536,-1.290700775614408657
0.730000000000000537,-1.277575895450435040
0.731000000000000538,-1.264512173489811486
0.732000000000000539,-1.251509857251984048
0.733000000000000540,-1.238569188878785976
0.734000000000000541,-1.225690405087050738
0.735000000000000542,-1.212873737124612106
0.736000000000000543,-1.200119410729574509
0.737000000000000544,-1.187427646092778399
0.738000000000000544,-1.174798657823428183
0.739000000000000545,-1.162232654917725538
0.740000000000000546,-1.149729840730525865
0.741000000000000547,-1.137290412949865992
0.742000000000000548,-1.124914563574345383
0.743000000000000549,-1.112602478893253366
0.744000000000000550,-1.100354339469376885
0.745000000000000551,-1.088170320124467683
0.746000000000000552,-1.076050589927202150
0.747000000000000552,-1.063995312183680264
0.748000000000000553,-1.052004644430309721
0.749000000000000554,-1.040078738429047966
0.750000000000000555,-1.028217740164947269
0.751000000000000556,-1.016421789845909585
0.752000000000000557,-1.004691021904611459
0.753000000000000558,-0.993025565002534472
0.754000000000000559,-0.981425542036039600
0.755000000000000560,-0.969891070144424661
0.756000000000000560,-0.958422260719900221
0.757000000000000561,-0.947019219419457214
0.758000000000000562,-0.935682046178514470
0.759000000000000563,-0.924410835226371352
0.760000000000000564,-0.913205675103322845
0.761000000000000565,-0.902066648679451744
0.762000000000000566,-0.890993833175014238
0.763000000000000567,-0.879987300182386689
0.764000000000000568,-0.869047115689484229
0.765000000000000568,-0.858173340104669280
0.766000000000000569,-0.847366028283030537
0.767000000000000570,-0.836625229554038286
0.768000000000000571,-0.825950987750480925
0.769000000000000572,-0.815343341238718211
0.770000000000000573,-0.804802322950088800
0.771000000000000574,-0.794327960413543699
0.772000000000000575,-0.783920275789392940
0.773000000000000576,-0.773579285904131164
0.774000000000000576,-0.763305002286338463
0.775000000000000577,-0.753097431203584522
0.776000000000000578,-0.742956573700265133
0.777000000000000579,-0.732882425636442680
0.778000000000000580,-0.722874977727506751
0.779000000000000581,-0.712934215584738462
0.780000000000000582,-0.703060119756665158
0.781000000000000583,-0.693252665771232124
0.782000000000000584,-0.683511824178686500
0.783000000000000584,-0.673837560595204277
0.784000000000000585,-0.664229835747191411
0.785000000000000586,-0.654688605516222544
0.786000000000000587,-0.645213820984622100
0.787000000000000588,-0.635805428481615809
0.788000000000000589,-0.626463369630024913
0.789000000000000590,-0.617187581393523699
0.790000000000000591,-0.607977996124357656
0.791000000000000592,-0.598834541611556692
0.792000000000000592,-0.589757141129568896
0.793000000000000593,-0.580745713487322957
0.794000000000000594,-0.571800173077675167
0.795000000000000595,-0.562920429927207921
0.796000000000000596,-0.554106389746373384
0.797000000000000597,-0.545357953979955012
0.798000000000000598,-0.536675019857800306
0.799000000000000599,-0.528057480445827343
0.800000000000000600,-0.519505224697271228
0.801000000000000600,-0.511018137504154479
0.802000000000000601,-0.502596099748935821
0.803000000000000602,-0.494238988356361375
0.804000000000000603,-0.485946676345452300
0.805000000000000604,-0.477719032881631533
0.806000000000000605,-0.469555923328960401
0.807000000000000606,-0.461457209302496729
0.808000000000000607,-0.453422748720685942
0.809000000000000608,-0.445452395857857009
0.810000000000000608,-0.437546001396732887
0.811000000000000609,-0.429703412480974545
0.812000000000000610,-0.421924472767729264
0.813000000000000611,-0.414209022480176270
0.814000000000000612,-0.406556898460038063
0.815000000000000613,-0.398967934220080034
0.816000000000000614,-0.391441959996502942
0.817000000000000615,-0.383978802801325958
0.818000000000000616,-0.376578286474656632
0.819000000000000616,-0.369240231736861491
0.820000000000000617,-0.361964456240635279
0.821000000000000618,-0.354750774622942688
0.822000000000000619,-0.347598998556854610
0.823000000000000620,-0.340508936803181228
0.824000000000000621,-0.333480395261997131
0.825000000000000622,-0.326513177023974754
0.826000000000000623,-0.319607082421537680
0.827000000000000624,-0.312761909079835476
0.828000000000000624,-0.305977451967497982
0.829000000000000625,-0.299253503447194147
0.830000000000000626,-0.292589853325961990
0.831000000000000627,-0.285986288905313413
0.832000000000000628,-0.279442595031103302
0.833000000000000629,-0.272958554143134857
0.834000000000000630,-0.266533946324531035
0.835000000000000631,-0.260168549350825618
0.836000000000000631,-0.253862138738797039
0.837000000000000632,-0.247614487795014909
0.838000000000000633,-0.241425367664087787
0.839000000000000634,-0.235294547376657059
0.840000000000000635,-0.229221793897053105
0.841000000000000636,-0.223206872170656462
0.842000000000000637,-0.217249545170972697
0.843000000000000638,-0.211349573946341796
0.844000000000000639,-0.205506717666377930
0.845000000000000639,-0.199720733668039607
0.846000000000000640,-0.193991377501390533
0.847000000000000641,-0.188318402975013732
0.848000000000000642,-0.182701562201088741
0.849000000000000643,-0.177140605640109305
0.850000000000000644,-0.171635282145276929
0.851000000000000645,-0.166185339006500288
0.852000000000000646,-0.160790521994077423
0.853000000000000647,-0.155450575401991642
0.854000000000000647,-0.150165242090841089
0.855000000000000648,-0.144934263530413276
0.856000000000000649,-0.139757379841882357
0.857000000000000650,-0.134634329839631001
0.858000000000000651,-0.129564851072687670
0.859000000000000652,-0.124548679865809780
0.860000000000000653,-0.119585551360155445
0.861000000000000654,-0.114675199553591067
0.862000000000000655,-0.109817357340615859
0.863000000000000655,-0.105011756551878624
0.864000000000000656,-0.100258127993329005
0.865000000000000657,-0.095556201484972569
0.866000000000000658,-0.090905705899221506
0.867000000000000659,-0.086306369198874383
0.868000000000000660,-0.081757918474682292
0.869000000000000661,-0.077260079982540086
0.870000000000000662,-0.072812579180262058
0.871000000000000663,-0.068415140763982196
0.872000000000000663,-0.064067488704147815
0.873000000000000664,-0.059769346281113390
0.874000000000000665,-0.055520436120350070
0.875000000000000666,-0.051320480227239930
0.876000000000000667,-0.047169200021501635
0.877000000000000668,-0.043066316371188830
0.878000000000000669,-0.039011549626314111
0.879000000000000670,-0.035004619652062252
0.880000000000000671,-0.031045245861623466
0.881000000000000671,-0.027133147248616995
0.882000000000000672,-0.023268042419125549
0.883000000000000673,-0.019449649623338679
0.884000000000000674,-0.015677686786802796
0.885000000000000675,-0.011951871541267787
0.886000000000000676,-0.008271921255165215
0.887000000000000677,-0.004637553063675375
0.888000000000000678,-0.001048483898403650
0.889000000000000679,0.002495569483305107
0.890000000000000679,0.005994890469467743
0.891000000000000680,0.009449762564929723
0.892000000000000681,0.012860469363230053
0.893000000000000682,0.016227294518839936
0.894000000000000683,0.019550521719786496
0.895000000000000684,0.022830434660648789
0.896000000000000685,0.026067317015943298
0.897000000000000686,0.029261452413878015
0.898000000000000687,0.032413124410472748
0.899000000000000687,0.035522616464071954
0.900000000000000688,0.038590211910218886
0.901000000000000689,0.041616193936884670
0.902000000000000690,0.044600845560085950
0.903000000000000691,0.047544449599846841
0.904000000000000692,0.050447288656551348
0.905000000000000693,0.053309645087619227
0.906000000000000694,0.056131800984574820
0.907000000000000695,0.058914038150454630
0.908000000000000695,0.061656638077561554
0.909000000000000696,0.064359881925593554
0.910000000000000697,0.067024050500101559
0.911000000000000698,0.069649424231309071
0.912000000000000699,0.072236283153267231
0.913000000000000700,0.074784906883345048
0.914000000000000701,0.077295574602089315
0.915000000000000702,0.079768565033389832
0.916000000000000703,0.082204156424991376
0.917000000000000703,0.084602626529345887
0.918000000000000704,0.086964252584788460
0.919000000000000705,0.089289311297039570
0.920000000000000706,0.091578078821034373
0.921000000000000707,0.093830830743072496
0.922000000000000708,0.096047842063301039
0.923000000000000709,0.098229387178487754
0.924000000000000710,0.100375739865141783
0.925000000000000711,0.102487173262915787
0.926000000000000711,0.104563959858347502
0.927000000000000712,0.106606371468881231
0.928000000000000713,0.108614679227214045
0.929000000000000714,0.110589153565926052
0.930000000000000715,0.112530064202432029
0.931000000000000716,0.114437680124209074
0.932000000000000717,0.116312269574320032
0.933000000000000718,0.118154100037245385
0.934000000000000719,0.119963438224986299
0.935000000000000719,0.121740550063453162
0.936000000000000720,0.123485700679148408
0.937000000000000721,0.125199154386122169
0.938000000000000722,0.126881174673204422
0.939000000000000723,0.128532024191514882
0.940000000000000724,0.130151964742245274
0.941000000000000725,0.131741257264708700
0.942000000000000726,0.133300161824655650
0.943000000000000727,0.134828937602856275
0.944000000000000727,0.136327842883940953
0.945000000000000728,0.137797135045501368
0.946000000000000729,0.139237070547446024
0.947000000000000730,0.140647904921614303
0.948000000000000731,0.142029892761628668
0.949000000000000732,0.143383287713003710
0.950000000000000733,0.144708342463507972
0.951000000000000734,0.146005308733744427
0.952000000000000735,0.147274437267989999
0.953000000000000735,0.148515977825276341
0.954000000000000736,0.149730179170683930
0.955000000000000737,0.150917289066884674
0.956000000000000738,0.152077554265905218
0.957000000000000739,0.153211220501120793
0.958000000000000740,0.154318532479479964
0.959000000000000741,0.155399733873931273
0.960000000000000742,0.156455067316079388
0.961000000000000743,0.157484774389072657
0.962000000000000743,0.158489095620675535
0.963000000000000744,0.159468270476569918
0.964000000000000745,0.160422537353856282
0.965000000000000746,0.161352133574769019
0.966000000000000747,0.162257295380595579
0.967000000000000748,0.163138257925779961
0.968000000000000749,0.163995255272242568
0.969000000000000750,0.164828520383890703
0.970000000000000751,0.165638285121315287
0.971000000000000751,0.166424780236685083
0.972000000000000752,0.167188235368839672
0.973000000000000753,0.167928879038534401
0.974000000000000754,0.168646938643911753
0.975000000000000755,0.169342640456120463
0.976000000000000756,0.170016209615131059
0.977000000000000757,0.170667870125718713
0.978000000000000758,0.171297844853634806
0.979000000000000759,0.171906355521922405
0.980000000000000759,0.172493622707430017
0.981000000000000760,0.173059865837479621
0.982000000000000761,0.173605303186689763
0.983000000000000762,0.174130151873981509
0.984000000000000763,0.174634627859731800
0.985000000000000764,0.175118945943079363
0.986000000000000765,0.175583319759403333
0.987000000000000766,0.176027961777942193
0.988000000000000766,0.176453083299568686
0.989000000000000767,0.176858894454698518
0.990000000000000768,0.177245604201387297
0.991000000000000769,0.177613420323518595
0.992000000000000770,0.177962549429172945
0.993000000000000771,0.178293196949124627
0.994000000000000772,0.178605567135473070
0.995000000000000773,0.178899863060412612
0.996000000000000774,0.179176286615148533
0.997000000000000774,0.179435038508922423
0.998000000000000775,0.179676318268190388
0.999000000000000776,0.179900324235909126
1.000000000000000666,0.180107253570969544
1.001000000000000778,0.180297302247731911
1.002000000000000668,0.180470665055699142
1.003000000000000780,0.180627535599314520
1.004000000000000670,0.180768106297846565
1.005000000000000782,0.180892568385434743
1.006000000000000671,0.181001111911209683
1.007000000000000783,0.181093925739558403
1.008000000000000673,0.181171197550477281
1.009000000000000785,0.181233113840038207
1.010000000000000675,0.181279859920976810
1.011000000000000787,0.181311619923365752
1.012000000000000677,0.181328576795401319
1.013000000000000789,0.181330912304298653
1.014000000000000679,0.181318807037267410
1.015000000000000790,0.181292440402609611
1.016000000000000680,0.181251990630885901
1.017000000000000792,0.181197634776220917
1.018000000000000682,0.181129548717635591
1.019000000000000794,0.181047907160541921
1.020000000000000684,0.180952883638275719
1.021000000000000796,0.180844650513740685
1.022000000000000686,0.180723378981141658
1.023000000000000798,0.180589239067782736
1.024000000000000687,0.180442399635976025
1.025000000000000799,0.180283028385004179
1.026000000000000689,0.180111291853192690
1.027000000000000801,0.179927355420028190
1.028000000000000691,0.179731383308386117
1.029000000000000803,0.179523538586808168
1.030000000000000693,0.179303983171871961
1.031000000000000805,0.179072877830624810
1.032000000000000695,0.178830382183091247
1.033000000000000806,0.178576654704845711
1.034000000000000696,0.178311852729658465
1.035000000000000808,0.178036132452216028
1.036000000000000698,0.177749648930891485
1.037000000000000810,0.177452556090583025
1.038000000000000700,0.177145006725631632
1.039000000000000812,0.176827152502777640
1.040000000000000702,0.176499143964191946
1.041000000000000814,0.176161130530557514
1.042000000000000703,0.175813260504227575
1.043000000000000815,0.175455681072408221
1.044000000000000705,0.175088538310425423
1.045000000000000817,0.174711977185029843
1.046000000000000707,0.174326141557761355
1.047000000000000819,0.173931174188354520
1.048000000000000709,0.173527216738229961
1.049000000000000821,0.173114409773966110
1.050000000000000711,0.172692892770896167
1.051000000000000822,0.172262804116693730
1.052000000000000712,0.171824281115036837
1.053000000000000824,0.171377459989310227
1.054000000000000714,0.170922475886330916
1.055000000000000826,0.170459462880150153
1.056000000000000716,0.169988553975860990
1.057000000000000828,0.169509881113479061
1.058000000000000718,0.169023575171841495
1.059000000000000830,0.168529765972541989
1.060000000000000719,0.168028582283916678
1.061000000000000831,0.167520151825069852
1.062000000000000721,0.167004601269899799
1.063000000000000833,0.166482056251200439
1.064000000000000723,0.165952641364778997
1.065000000000000835,0.165416480173602304
1.066000000000000725,0.164873695211968097
1.067000000000000837,0.164324407989736548
1.068000000000000727,0.163768738996546370
1.069000000000000838,0.163206807706101520
1.070000000000000728,0.162638732580462103
1.071000000000000840,0.162064631074359589
1.072000000000000730,0.161484619639556237
1.073000000000000842,0.160898813729205836
1.074000000000000732,0.160307327802264504
1.075000000000000844,0.159710275327895002
1.076000000000000734,0.159107768789924053
1.077000000000000846,0.158499919691297259
1.078000000000000735,0.157886838558565584
1.079000000000000847,0.157268634946387265
1.080000000000000737,0.156645417442055845
1.081000000000000849,0.156017293670044327
1.082000000000000739,0.155384370296554802
1.083000000000000851,0.154746753034104234
1.084000000000000741,0.154104546646109009
1.085000000000000853,0.153457854951502271
1.086000000000000743,0.152806780829347039
1.087000000000000854,0.152151426223479214
1.088000000000000744,0.151491892147152363
1.089000000000000856,0.150828278687708595
1.090000000000000746,0.150160685011240080
1.091000000000000858,0.149489209367283160
1.092000000000000748,0.148813949093515613
1.093000000000000860,0.148135000620460699
1.094000000000000750,0.147452459476195813
1.095000000000000862,0.146766420291090133
1.096000000000000751,0.146076976802529040
1.097000000000000863,0.145384221859651663
1.098000000000000753,0.144688247428102934
1.099000000000000865,0.143989144594780794
1.100000000000000755,0.143287003572611260
1.101000000000000867,0.142581913705287888
1.102000000000000757,0.141873963472057857
1.103000000000000869,0.141163240492489267
1.104000000000000759,0.140449831531252151
1.105000000000000870,0.139733822502892319
1.106000000000000760,0.139015298476615812
1.107000000000000872,0.138294343681073906
1.108000000000000762,0.137571041509145564
1.109000000000000874,0.136845474522729771
1.110000000000000764,0.136117724457526956
1.111000000000000876,0.135387872227827111
1.112000000000000766,0.134655997931306032
1.113000000000000878,0.133922180853796841
1.114000000000000767,0.133186499474081566
1.115000000000000879,0.132449031468676010
1.116000000000000769,0.131709853716612063
1.117000000000000881,0.130969042304208805
1.118000000000000771,0.130226672529851401
1.119000000000000883,0.129482818908764868
1.120000000000000773,0.128737555177776575
1.121000000000000885,0.127990954300089860
1.122000000000000774,0.127243088470032989
1.123000000000000886,0.126494029117815099
1.124000000000000776,0.125743846914279644
1.125000000000000888,0.124992611775643178
1.126000000000000778,0.124240392868233185
1.127000000000000890,0.123487258613218256
1.128000000000000780,0.122733276691332688
1.129000000000000892,0.121978514047589637
1.130000000000000782,0.121223036895998823
1.131000000000000894,0.120466910724248935
1.132000000000000783,0.119710200298425357
1.133000000000000895,0.118952969667669023
1.134000000000000785,0.118195282168879243
1.135000000000000897,0.117437200431352265
1.136000000000000787,0.116678786381459038
1.137000000000000899,0.115920101247284912
1.138000000000000789,0.115161205563270322
1.139000000000000901,0.114402159174828211
1.140000000000000790,0.113643021242974124
1.141000000000000902,0.112883850248931883
1.142000000000000792,0.112124703998719391
1.143000000000000904,0.111365639627729690
1.144000000000000794,0.110606713605321705
1.145000000000000906,0.109847981739369313
1.146000000000000796,0.109089499180803864
1.147000000000000908,0.108331320428164291
1.148000000000000798,0.107573499332109912
1.149000000000000909,0.106816089099939449
1.150000000000000799,0.106059142300083023
1.151000000000000689,0.105302710866596108
1.152000000000000801,0.104546846103617044
1.153000000000000913,0.103791598689843514
1.154000000000000803,0.103037018682967177
1.155000000000000693,0.102283155524100722
1.156000000000000805,0.101530058042204524
1.157000000000000917,0.100777774458484654
1.158000000000000806,0.100026352390776480
1.159000000000000696,0.099275838857928775
1.160000000000000808,0.098526280284151418
1.161000000000000920,0.097777722503366610
1.162000000000000810,0.097030210763530939
1.163000000000000700,0.096283789730963271
1.164000000000000812,0.095538503494614582
1.165000000000000924,0.094794395570383660
1.166000000000000814,0.094051508905362485
1.167000000000000703,0.093309885882090188
1.168000000000000815,0.092569568322792437
1.169000000000000927,0.091830597493600549
1.170000000000000817,0.091093014108741405
1.171000000000000707,0.090356858334746964
1.172000000000000819,0.089622169794601497
1.173000000000000931,0.088888987571906081
1.174000000000000821,0.088157350215013447
1.175000000000000711,0.087427295741141373
1.176000000000000822,0.086698861640485403
1.177000000000000934,0.085972084880296062
1.178000000000000824,0.085247001908955483
1.179000000000000714,0.084523648660016826
1.180000000000000826,0.083802060556246588
1.181000000000000938,0.083082272513639893
1.182000000000000828,0.082364318945418444
1.183000000000000718,0.081648233766011782
1.184000000000000830,0.080934050395024701
1.185000000000000941,0.080221801761174785
1.186000000000000831,0.079511520306227851
1.187000000000000721,0.078803237988908231
1.188000000000000833,0.078096986288785586
1.189000000000000945,0.077392796210155282
1.190000000000000835,0.076690698285890521
1.191000000000000725,0.075990722581289111
1.192000000000000837,0.075292898697875421
1.193000000000000949,0.074597255777226021
1.194000000000000838,0.073903822504732583
1.195000000000000728,0.073212627113380987
1.196000000000000840,0.072523697387490607
1.197000000000000952,0.071837060666443603
1.198000000000000842,0.071152743848404074
1.199000000000000732,0.070470773393990466
1.200000000000000844,0.069791175329975211
1.201000000000000956,0.069113975252909993
1.202000000000000846,0.068439198332792953
1.203000000000000735,0.067766869316652517
1.204000000000000847,0.067097012532175773
1.205000000000000959,0.066429651891270453
1.206000000000000849,0.065764810893635534
1.207000000000000739,0.065102512630299231
1.208000000000000851,0.064442779787147339
1.209000000000000963,0.063785634648420714
1.210000000000000853,0.063131099100211641
1.211000000000000743,0.062479194633927357
1.212000000000000854,0.061829942349738175
1.213000000000000966,0.061183362960010444
1.214000000000000856,0.060539476792714229
1.215000000000000746,0.059898303794828099
1.216000000000000858,0.059259863535687150
1.217000000000000970,0.058624175210374628
1.218000000000000860,0.057991257643030800
1.219000000000000750,0.057361129290176782
1.220000000000000862,0.056733808244025165
1.221000000000000973,0.056109312235745980
1.222000000000000863,0.055487658638738967
1.223000000000000753,0.054868864471872378
1.224000000000000865,0.054252946402702305
1.225000000000000977,0.053639920750692585
1.226000000000000867,0.053029803490386204
1.227000000000000757,0.052422610254581503
1.228000000000000869,0.051818356337488346
1.229000000000000981,0.051217056697843322
1.230000000000000870,0.050618725962035704
1.231000000000000760,0.050023378427195342
1.232000000000000872,0.049431028064272679
1.233000000000000984,0.048841688521095196
1.234000000000000874,0.048255373125394352
1.235000000000000764,0.047672094887849445
1.236000000000000876,0.047091866505063550
1.237000000000000988,0.046514700362568884
1.238000000000000878,0.045940608537774000
1.239000000000000767,0.045369602802921918
1.240000000000000879,0.044801694628012499
1.241000000000000991,0.044236895183720135
1.242000000000000881,0.043675215344277554
1.243000000000000771,0.043116665690347777
1.244000000000000883,0.042561256511897815
1.245000000000000995,0.042008997811013256
1.246000000000000885,0.041459899304730895
1.247000000000000774,0.040913970427835386
1.248000000000000886,0.040371220335648508
1.249000000000000998,0.039831657906791343
1.250000000000000888,0.039295291745925595
1.251000000000000778,0.038762130186498080
1.252000000000000890,0.038232181293436508
1.253000000000001002,0.037705452865863381
1.254000000000000892,0.037181952439754494
1.255000000000000782,0.036661687290605136
1.256000000000000894,0.036144664436075710
1.257000000000001005,0.035630890638608637
1.258000000000000895,0.035120372408037247
1.259000000000000785,0.034613116004187199
1.260000000000000897,0.034109127439420447
1.261000000000001009,0.033608412481221463
1.262000000000000899,0.033110976654710599
1.263000000000000789,0.032616825245182654
1.264000000000000901,0.032125963300588221
1.265000000000001013,0.031638395634040133
1.266000000000000902,0.031154126826274685
1.267000000000000792,0.030673161228097746
1.268000000000000904,0.030195502962828212
1.269000000000001016,0.029721155928710587
1.270000000000000906,0.029250123801320381
1.271000000000000796,0.028782410035943486
1.272000000000000908,0.028318017869949409
1.273000000000001020,0.027856950325138501
1.274000000000000909,0.027399210210081570
1.275000000000000799,0.026944800122433037
1.276000000000000911,0.026493722451229933
1.277000000000001023,0.026045979379191609
1.278000000000000913,0.025601572884967332
1.279000000000000803,0.025160504745415552
1.280000000000000915,0.024722776537810041
1.281000000000001027,0.024288389642089216
1.282000000000000917,0.023857345243041971
1.283000000000000806,0.023429644332505918
1.284000000000000918,0.023005287711533588
1.285000000000001030,0.022584275992556458
1.286000000000000920,0.022166609601514210
1.287000000000000810,0.021752288779999730
1.288000000000000922,0.021341313587344628
1.289000000000001034,0.020933683902734663
1.290000000000000924,0.020529399427278015
1.291000000000000814,0.020128459686064738
1.292000000000000925,0.019730864030229861
1.293000000000001037,0.019336611638966016
1.294000000000000927,0.018945701521561525
1.295000000000000817,0.018558132519377279
1.296000000000000929,0.018173903307864909
1.297000000000001041,0.017793012398516706
1.298000000000000931,0.017415458140823431
1.299000000000000821,0.017041238724228198
1.300000000000000933,0.016670352180045610
1.301000000000001044,0.016302796383374878
1.302000000000000934,0.015938569055002044
1.303000000000000824,0.015577667763280522
1.304000000000000936,0.015220089926002090
1.305000000000001048,0.014865832812245789
1.306000000000000938,0.014514893544220342
1.307000000000000828,0.014167269099097813
1.308000000000000940,0.013822956310818525
1.309000000000001052,0.013481951871882053
1.310000000000000941,0.013144252335138796
1.311000000000000831,0.012809854115563629
1.312000000000000943,0.012478753492004915
1.313000000000001055,0.012150946608916510
1.314000000000000945,0.011826429478100557
1.315000000000000835,0.011505197980417712
1.316000000000000947,0.011187247867485161
1.317000000000001059,0.010872574763357012
1.318000000000000949,0.010561174166210201
1.319000000000000838,0.010253041449993724
1.320000000000000950,0.009948171866078163
1.321000000000001062,0.009646560544893028
1.322000000000000952,0.009348202497538361
1.323000000000000842,0.009053092617395616
1.324000000000000954,0.008761225681717701
1.325000000000001066,0.008472596353219723
1.326000000000000956,0.008187199181629499
1.327000000000000846,0.007905028605256516
1.328000000000000957,0.007626078952526252
1.329000000000001069,0.007350344443515769
1.330000000000000959,0.007077819191454128
1.331000000000000849,0.006808497204248533
1.332000000000000961,0.006542372385957972
1.333000000000001073,0.006279438538280943
1.334000000000000963,0.006019689362015098
1.335000000000000853,0.005763118458519728
1.336000000000000965,0.005509719331148034
1.337000000000001076,0.005259485386684198
1.338000000000000966,0.005012409936759753
1.339000000000000856,0.004768486199246316
1.340000000000000968,0.004527707299675508
1.341000000000001080,0.004290066272593210
1.342000000000000970,0.004055556062946429
1.343000000000000860,0.003824169527434482
1.344000000000000972,0.003595899435859432
1.345000000000001084,0.003370738472447650
1.346000000000000973,0.003148679237196288
1.347000000000000863,0.002929714247163531
1.348000000000000975,0.002713835937782036
1.349000000000001087,0.002501036664138066
1.350000000000000977,0.002291308702261581
1.351000000000000867,0.002084644250376015
1.352000000000000979,0.001881035430169719
1.353000000000001091,0.001680474288033210
1.354000000000000981,0.001482952796286954
1.355000000000000870,0.001288462854418437
1.356000000000000982,0.001096996290275948
1.357000000000001094,0.000908544861282178
1.358000000000000984,0.000723100255623019
1.359000000000000874,0.000540654093417827
1.360000000000000986,0.000361197927898965
1.361000000000001098,0.000184723246559015
1.362000000000000988,0.000011221472317789
1.363000000000000878,-0.000159316035362843
1.364000000000000989,-0.000326897979346386
1.365000000000001101,-0.000491533123686375
1.366000000000000991,-0.000653230292545837
1.367000000000000881,-0.000811998369083161
1.368000000000000993,-0.000967846294374449
1.369000000000001105,-0.001120783066330862
1.370000000000000995,-0.001270817738633263
1.371000000000000885,-0.001417959419683729
1.372000000000000997,-0.001562217271546976
1.373000000000001108,-0.001703600508925509
1.374000000000000998,-0.001842118398108127
1.375000000000000888,-0.001977780255990246
1.376000000000001000,-0.002110595449026759
1.377000000000001112,-0.002240573392262434
1.378000000000001002,-0.002367723548322089
1.379000000000000892,-0.002492055426445730
1.380000000000001004,-0.002613578581502080
1.381000000000001116,-0.002732302613046953
1.382000000000001005,-0.002848237164347989
1.383000000000000895,-0.002961391921457918
1.384000000000001007,-0.003071776612277219
1.385000000000001119,-0.003179401005623680
1.386000000000001009,-0.003284274910320057
1.387000000000000899,-0.003386408174279056
1.388000000000001011,-0.003485810683624128
1.389000000000001123,-0.003582492361771238
1.390000000000001013,-0.003676463168573172
1.391000000000000902,-0.003767733099424678
1.392000000000001014,-0.003856312184420022
1.393000000000001126,-0.003942210487480077
1.394000000000001016,-0.004025438105512802
1.395000000000000906,-0.004106005167573740
1.396000000000001018,-0.004183921834030080
1.397000000000001130,-0.004259198295747117
1.398000000000001020,-0.004331844773269691
1.399000000000000909,-0.004401871516009910
1.400000000000001021,-0.004469288801461394
1.401000000000001133,-0.004534106934398971
1.402000000000001023,-0.004596336246104227
1.403000000000000913,-0.004655987093584782
1.404000000000001025,-0.004713069858807394
1.405000000000001137,-0.004767594947954186
1.406000000000001027,-0.004819572790647366
1.407000000000000917,-0.004869013839232286
1.408000000000001029,-0.004915928568017899
1.409000000000001140,-0.004960327472569180
1.410000000000001030,-0.005002221068974107
1.411000000000000920,-0.005041619893135463
1.412000000000001032,-0.005078534500061503
1.413000000000001144,-0.005112975463174815
1.414000000000001034,-0.005144953373619763
1.415000000000000924,-0.005174478839566931
1.416000000000001036,-0.005201562485554531
1.417000000000001148,-0.005226214951810118
1.418000000000001037,-0.005248446893587159
1.419000000000000927,-0.005268268980514997
1.420000000000001039,-0.005285691895939988
1.421000000000001151,-0.005300726336303739
1.422000000000001041,-0.005313383010488264
1.423000000000000931,-0.005323672639199471
1.424000000000001043,-0.005331605954342897
1.425000000000001155,-0.005337193698413038
1.426000000000001044,-0.005340446623878911
1.427000000000000934,-0.005341375492596757
1.428000000000001046,-0.005339991075200292
1.429000000000001158,-0.005336304150519004
1.430000000000001048,-0.005330325504997345
1.431000000000000938,-0.005322065932126553
1.432000000000001050,-0.005311536231864030
1.433000000000001162,-0.005298747210077478
1.434000000000001052,-0.005283709677988919
1.435000000000000941,-0.005266434451624541
1.436000000000001053,-0.005246932351274921
1.437000000000001165,-0.005225214200943202
1.438000000000001055,-0.005201290827838760
1.439000000000000945,-0.005175173061829590
1.440000000000001057,-0.005146871734932755
1.441000000000001169,-0.005116397680795174
1.442000000000001059,-0.005083761734195594
1.443000000000000949,-0.005048974730538519
1.444000000000001060,-0.005012047505353784
1.445000000000001172,-0.004972990893811967
1.446000000000001062,-0.004931815730241181
1.447000000000000952,-0.004888532847639014
1.448000000000001064,-0.004843153077210446
1.449000000000001176,-0.004795687247900840
1.450000000000001066,-0.004746146185916973
1.451000000000000956,-0.004694540714290027
1.452000000000001068,-0.004640881652418006
1.453000000000001180,-0.004585179815616504
1.454000000000001069,-0.004527446014680537
1.455000000000000959,-0.004467691055451452
1.456000000000001071,-0.004405925738378531
1.457000000000001183,-0.004342160858114724
1.458000000000001073,-0.004276407203073615
1.459000000000000963,-0.004208675555025907
1.460000000000001075,-0.004138976688693881
1.461000000000001187,-0.004067321371338762
1.462000000000001076,-0.003993720362372185
1.463000000000000966,-0.003918184412950116
1.464000000000001078,-0.003840724265587138
1.465000000000001190,-0.003761350653789654
1.466000000000001080,-0.003680074301636926
1.467000000000000970,-0.003596905923450550
1.468000000000001082,-0.003511856223397225
1.469000000000001194,-0.003424935895130839
1.470000000000001084,-0.003336155621431965
1.471000000000000973,-0.003245526073850207
1.472000000000001085,-0.003153057912359027
1.473000000000001197,-0.003058761785003813
1.474000000000001087,-0.002962648327559657
1.475000000000000977,-0.002864728163190625
1.476000000000001089,-0.002765011902128957
1.477000000000001201,-0.002663510141333939
1.478000000000001091,-0.002560233464167792
1.479000000000000981,-0.002455192440089150
1.480000000000001092,-0.002348397624314877
1.481000000000001204,-0.002239859557530780
1.482000000000001094,-0.002129588765570126
1.483000000000000984,-0.002017595759116757
1.484000000000001096,-0.001903891033408015
1.485000000000001208,-0.001788485067926674
1.486000000000001098,-0.001671388326131823
1.487000000000000988,-0.001552611255152243
1.488000000000001100,-0.001432164285514734
1.489000000000001211,-0.001310057830860579
1.490000000000001101,-0.001186302287678974
1.491000000000000991,-0.001060908035020867
1.492000000000001103,-0.000933885434250956
1.493000000000001215,-0.000805244828768682
1.494000000000001105,-0.000674996543757105
1.495000000000000995,-0.000543150885924189
1.496000000000001107,-0.000409718143255231
1.497000000000001219,-0.000274708584759811
1.498000000000001108,-0.000138132460232440
1.499000000000000998,0.000000000000000000
