# Au-001-PEG_MAS-JS
# h[nm],U(h)[kJ/mol]
0.149999999999999994,71.631802305866557390
0.150999999999999995,69.887586548299637457
0.151999999999999996,68.324115168379307761
0.152999999999999997,66.848347356342998182
0.153999999999999998,65.410313635153016776
0.154999999999999999,63.987106109574838797
0.156000000000000000,62.571598643440758281
0.157000000000000001,61.164871562889473466
0.158000000000000002,59.771406811414486526
0.159000000000000002,58.396266587988804986
0.160000000000000003,57.043628153923307877
0.161000000000000004,55.716196856713324337
0.162000000000000005,54.415148044584569220
0.163000000000000006,53.140353221765828096
0.164000000000000007,51.890727271731385883
0.165000000000000008,50.664594544260360465
0.166000000000000009,49.460015486721516709
0.167000000000000010,48.275045775651918234
0.168000000000000010,47.107919741953026005
0.169000000000000011,45.957161992512865822
0.170000000000000012,44.821637725211743941
0.171000000000000013,43.700555052831973057
0.172000000000000014,42.593433017915565131
0.173000000000000015,41.500047870097603209
0.174000000000000016,40.420368283925618869
0.175000000000000017,39.354487993373695076
0.176000000000000018,38.302562117600892577
0.177000000000000018,37.264751437011796042
0.178000000000000019,36.241177148058667967
0.179000000000000020,35.231887218165176989
0.180000000000000021,34.236834378033520920
0.181000000000000022,33.255865002743689729
0.182000000000000023,32.288717607713678603
0.183000000000000024,31.335029377503918369
0.184000000000000025,30.394349010916251075
0.185000000000000026,29.466154163853513381
0.186000000000000026,28.549871865456736941
0.187000000000000027,27.644900441929053159
0.188000000000000028,26.750631680493249576
0.189000000000000029,25.866472182689570047
0.190000000000000030,24.991863076067396321
0.191000000000000031,24.126297464811020888
0.192000000000000032,23.269335195061238153
0.193000000000000033,22.420614684645180148
0.194000000000000034,21.579861716920088810
0.195000000000000034,20.746895223561192978
0.196000000000000035,19.921630181800367154
0.197000000000000036,19.104077829207898986
0.198000000000000037,18.294343455585863722
0.199000000000000038,17.492622069262068862
0.200000000000000039,16.699192256565943637
0.201000000000000040,15.914408561083064342
0.202000000000000041,15.138692705894721158
0.203000000000000042,14.372523969724920079
0.204000000000000042,13.616429008844793458
0.205000000000000043,12.870971392599974692
0.206000000000000044,12.136741093157283444
0.207000000000000045,11.414344140904400859
0.208000000000000046,10.704392627033701757
0.209000000000000047,10.007495205139433025
0.210000000000000048,9.324248214896744713
0.211000000000000049,8.655227523639235088
0.212000000000000050,8.000981156317338971
0.213000000000000050,7.362022761186516107
0.214000000000000051,6.738825937805072996
0.215000000000000052,6.131819435594771051
0.216000000000000053,5.541383215332129630
0.217000000000000054,4.967845352435324102
0.218000000000000055,4.411479749687257979
0.219000000000000056,3.872504617952251316
0.220000000000000057,3.351081676338786508
0.221000000000000058,2.847316017963876345
0.222000000000000058,2.361256583795618980
0.223000000000000059,1.892897184812947886
0.224000000000000060,1.442178011737817345
0.225000000000000061,1.008987571693162888
0.226000000000000062,0.593164992152866000
0.227000000000000063,0.194502634321895684
0.228000000000000064,-0.187251039526114743
0.229000000000000065,-0.552388397353608784
0.230000000000000066,-0.901239416662627080
0.231000000000000066,-1.234168357648768533
0.232000000000000067,-1.551570372379485363
0.233000000000000068,-1.853868088402040870
0.234000000000000069,-2.141508201394303423
0.235000000000000070,-2.414958107714542557
0.236000000000000071,-2.674702604031570452
0.237000000000000072,-2.921240677665008612
0.238000000000000073,-3.155082407866118821
0.239000000000000073,-3.376745995047750082
0.240000000000000074,-3.586754931945875136
0.241000000000000075,-3.785635327875149780
0.242000000000000076,-3.973913394635523844
0.243000000000000077,-4.152113100239679611
0.244000000000000078,-4.320753994460328151
0.245000000000000079,-4.480349208240232528
0.246000000000000080,-4.631403627259800260
0.247000000000000081,-4.774412238410826959
0.248000000000000081,-4.909858646569974283
0.249000000000000082,-5.038213757893197808
0.250000000000000111,-5.159934624851169715
0.251000000000000112,-5.275463447383774707
0.252000000000000113,-5.385226723859174669
0.253000000000000114,-5.489634544964849816
0.254000000000000115,-5.589080023226695282
0.255000000000000115,-5.683938850532364917
0.256000000000000116,-5.774568975818509031
0.257000000000000117,-5.861310394955860481
0.258000000000000118,-5.944485044821385067
0.259000000000000119,-6.024396793574066322
0.260000000000000120,-6.101331519240273948
0.261000000000000121,-6.175557268857721382
0.262000000000000122,-6.247324490616552595
0.263000000000000123,-6.316866331663661072
0.264000000000000123,-6.384398994496439883
0.265000000000000124,-6.450122145157470399
0.266000000000000125,-6.514219366747800777
0.267000000000000126,-6.576858652097167024
0.268000000000000127,-6.638192929761713046
0.269000000000000128,-6.698360617857967547
0.270000000000000129,-6.757486200583549873
0.271000000000000130,-6.815680822617037116
0.272000000000000131,-6.873042896928265755
0.273000000000000131,-6.929658721864647930
0.274000000000000132,-6.985603103705988026
0.275000000000000133,-7.040939981199090703
0.276000000000000134,-7.095723048891612095
0.277000000000000135,-7.149996376381868579
0.278000000000000136,-7.203795020886744283
0.279000000000000137,-7.257145630801976388
0.280000000000000138,-7.310067038188433841
0.281000000000000139,-7.362570838363557080
0.282000000000000139,-7.414661955008931216
0.283000000000000140,-7.466339189423051081
0.284000000000000141,-7.517595752752503024
0.285000000000000142,-7.568419780225565496
0.286000000000000143,-7.618794826589542879
0.287000000000000144,-7.668700342117256596
0.288000000000000145,-7.718112128700150620
0.289000000000000146,-7.767002775684257010
0.290000000000000147,-7.815342075233419727
0.291000000000000147,-7.863097417119893073
0.292000000000000148,-7.910234162948372116
0.293000000000000149,-7.956715999914196757
0.294000000000000150,-8.002505274282228243
0.295000000000000151,-8.047563304848868171
0.296000000000000152,-8.091850676717189828
0.297000000000000153,-8.135327515774537943
0.298000000000000154,-8.177953744313553486
0.299000000000000155,-8.219689318282117796
0.300000000000000155,-8.260494446685644476
0.301000000000000156,-8.300329793696857195
0.302000000000000157,-8.339156664054266699
0.303000000000000158,-8.376937172351338390
0.304000000000000159,-8.413634396834449802
0.305000000000000160,-8.449212518339169975
0.306000000000000161,-8.483636945002093199
0.307000000000000162,-8.516874423389495519
0.308000000000000163,-8.548893136684482030
0.309000000000000163,-8.579662790572262665
0.310000000000000164,-8.609154687458115518
0.311000000000000165,-8.637341789645271106
0.312000000000000166,-8.664198772090690781
0.313000000000000167,-8.689702065345402460
0.314000000000000168,-8.713829889273215556
0.315000000000000169,-8.736562278127601999
0.316000000000000170,-8.757881097551136307
0.317000000000000171,-8.777770054045495485
0.318000000000000171,-8.796214697442959363
0.319000000000000172,-8.813202416892686131
0.320000000000000173,-8.828722430856572601
0.321000000000000174,-8.842765771590983093
0.322000000000000175,-8.855325264571792587
0.323000000000000176,-8.866395503301058412
0.324000000000000177,-8.875972819914631273
0.325000000000000178,-8.884055251990940150
0.326000000000000179,-8.890642505942432550
0.327000000000000179,-8.895735917352201483
0.328000000000000180,-8.899338408600131700
0.329000000000000181,-8.901454444104647479
0.330000000000000182,-8.902089983488252756
0.331000000000000183,-8.901252432958004945
0.332000000000000184,-8.898950595174653699
0.333000000000000185,-8.895194617868110498
0.334000000000000186,-8.889995941440611560
0.335000000000000187,-8.883367245783588828
0.336000000000000187,-8.875322396519262469
0.337000000000000188,-8.865876390863352441
0.338000000000000189,-8.855045303291680270
0.339000000000000190,-8.842846231179823491
0.340000000000000191,-8.829297240572104855
0.341000000000000192,-8.814417312224298584
0.342000000000000193,-8.798226288052086730
0.343000000000000194,-8.780744818106715144
0.344000000000000195,-8.761994308188050695
0.345000000000000195,-8.741996868195549553
0.346000000000000196,-8.720775261307617043
0.347000000000000197,-8.698352854070961371
0.348000000000000198,-8.674753567472691884
0.349000000000000199,-8.650001829059799974
0.350000000000000200,-8.624122526162977920
0.351000000000000201,-8.597140960274359145
0.352000000000000202,-8.569082802621933226
0.353000000000000203,-8.539974050977033215
0.354000000000000203,-8.509840987725262096
0.355000000000000204,-8.478710139225430709
0.356000000000000205,-8.446608236476075504
0.357000000000000206,-8.413562177104132900
0.358000000000000207,-8.379598988685581062
0.359000000000000208,-8.344745793404062084
0.360000000000000209,-8.309029774049246697
0.361000000000000210,-8.272478141353170500
0.362000000000000210,-8.235118102659630068
0.363000000000000211,-8.196976831918421524
0.364000000000000212,-8.158081440993662170
0.365000000000000213,-8.118458952272687768
0.366000000000000214,-8.078136272559920172
0.367000000000000215,-8.037140168237787208
0.368000000000000216,-7.995497241675138866
0.369000000000000217,-7.953233908861752965
0.370000000000000218,-7.910376378246101403
0.371000000000000218,-7.866950630752205242
0.372000000000000219,-7.822982400950271753
0.373000000000000220,-7.778497159354827772
0.374000000000000221,-7.733520095823164908
0.375000000000000222,-7.688076104026120738
0.376000000000000223,-7.642189766962879105
0.377000000000000224,-7.595885343490671460
0.378000000000000225,-7.549186755840112895
0.379000000000000226,-7.502117578086512140
0.380000000000000226,-7.454701025547516124
0.381000000000000227,-7.406959945076982521
0.382000000000000228,-7.358916806225444418
0.383000000000000229,-7.310593693237211532
0.384000000000000230,-7.262012297854427700
0.385000000000000231,-7.213193912898711702
0.386000000000000232,-7.164159426600996028
0.387000000000000233,-7.114929317650748430
0.388000000000000234,-7.065523650935894295
0.389000000000000234,-7.015962073945355648
0.390000000000000235,-6.966263813806290450
0.391000000000000236,-6.916447674928879685
0.392000000000000237,-6.866532037231687369
0.393000000000000238,-6.816534854921438402
0.394000000000000239,-6.766473655801300779
0.395000000000000240,-6.716365541082588209
0.396000000000000241,-6.666227185675190015
0.397000000000000242,-6.616074838932645363
0.398000000000000242,-6.565924325828542685
0.399000000000000243,-6.515791048541265340
0.400000000000000244,-6.465689988424929702
0.401000000000000245,-6.415635708344977317
0.402000000000000246,-6.365642355357328697
0.403000000000000247,-6.315723663710818059
0.404000000000000248,-6.265892958153202130
0.405000000000000249,-6.216163157521603644
0.406000000000000250,-6.166546778598926082
0.407000000000000250,-6.117055940218387278
0.408000000000000251,-6.067702367598895918
0.409000000000000252,-6.018497396894671780
0.410000000000000253,-5.969451979942983932
0.411000000000000254,-5.920576689194645859
0.412000000000000255,-5.871881722812281268
0.413000000000000256,-5.823376909922177269
0.414000000000000257,-5.775071716005826694
0.415000000000000258,-5.726975248418123776
0.416000000000000258,-5.679096262019434960
0.417000000000000259,-5.631443164909472721
0.418000000000000260,-5.584024024251379892
0.419000000000000261,-5.536846572174857428
0.420000000000000262,-5.489918211747776056
0.421000000000000263,-5.443246023006151901
0.422000000000000264,-5.396836769032766767
0.423000000000000265,-5.350696902075235073
0.424000000000000266,-5.304832569694862165
0.425000000000000266,-5.259249620937787029
0.426000000000000267,-5.213953612520642267
0.427000000000000268,-5.168949815023144545
0.428000000000000269,-5.124243219080522493
0.429000000000000270,-5.079838541569075439
0.430000000000000271,-5.035740231778440545
0.431000000000000272,-4.991952477564629120
0.432000000000000273,-4.948479211478091777
0.433000000000000274,-4.905324116861580208
0.434000000000000274,-4.862490633912690541
0.435000000000000275,-4.819981965706478633
0.436000000000000276,-4.777801084173708190
0.437000000000000277,-4.735950736030595465
0.438000000000000278,-4.694433448656273988
0.439000000000000279,-4.653251535914376014
0.440000000000000280,-4.612407103915408868
0.441000000000000281,-4.571902056716870000
0.442000000000000282,-4.531738101958304732
0.443000000000000282,-4.491916756428620872
0.444000000000000283,-4.452439351563353576
0.445000000000000284,-4.413307038869666243
0.446000000000000285,-4.374520795277052621
0.447000000000000286,-4.336081428412086325
0.448000000000000287,-4.297989581795430780
0.449000000000000288,-4.260245739959822586
0.450000000000000289,-4.222850233487656979
0.451000000000000290,-4.185803243967112230
0.452000000000000290,-4.149104808865824445
0.453000000000000291,-4.112754826321300961
0.454000000000000292,-4.076753059847381344
0.455000000000000293,-4.041099142956179335
0.456000000000000294,-4.005792583695091835
0.457000000000000295,-3.970832769098534332
0.458000000000000296,-3.936218969554195812
0.459000000000000297,-3.901950343083727013
0.460000000000000298,-3.868025939537817148
0.461000000000000298,-3.834444704705787021
0.462000000000000299,-3.801205484339837959
0.463000000000000300,-3.768307028094214584
0.464000000000000301,-3.735747993379631815
0.465000000000000302,-3.703526949133364887
0.466000000000000303,-3.671642379505453135
0.467000000000000304,-3.640092687461572662
0.468000000000000305,-3.608876198303182292
0.469000000000000306,-3.577991163105558314
0.470000000000000306,-3.547435762074487631
0.471000000000000307,-3.517208107822259677
0.472000000000000308,-3.487306248563893263
0.473000000000000309,-3.457728171234303538
0.474000000000000310,-3.428471804527372768
0.475000000000000311,-3.399535021857765571
0.476000000000000312,-3.370915644246525122
0.477000000000000313,-3.342611443131287441
0.478000000000000314,-3.314620143102222194
0.479000000000000314,-3.286939424564676138
0.480000000000000315,-3.259566926329532599
0.481000000000000316,-3.232500248132415432
0.482000000000000317,-3.205736953082728657
0.483000000000000318,-3.179274570043700177
0.484000000000000319,-3.153110595944462524
0.485000000000000320,-3.127242498025357698
0.486000000000000321,-3.101667716017520782
0.487000000000000322,-3.076383664257917427
0.488000000000000322,-3.051387733740923647
0.489000000000000323,-3.026677294107660732
0.490000000000000324,-3.002249695574144006
0.491000000000000325,-2.978102270799462215
0.492000000000000326,-2.954232336695040484
0.493000000000000327,-2.930637196176242742
0.494000000000000328,-2.907314139857344770
0.495000000000000329,-2.884260447691088469
0.496000000000000330,-2.861473390553892049
0.497000000000000330,-2.838950231777900957
0.498000000000000331,-2.816688228630918722
0.499000000000000332,-2.794684633745423419
0.500000000000000333,-2.772936696497700915
0.501000000000000334,-2.751441664338206472
0.502000000000000335,-2.730196784074252037
0.503000000000000336,-2.709199303106113010
0.504000000000000337,-2.688446470617559925
0.505000000000000338,-2.667935538721925237
0.506000000000000338,-2.647663763564733319
0.507000000000000339,-2.627628406383899495
0.508000000000000340,-2.607826734528538637
0.509000000000000341,-2.588256022437405157
0.510000000000000342,-2.568913552577910320
0.511000000000000343,-2.549796616346738709
0.512000000000000344,-2.530902514932990677
0.513000000000000345,-2.512228560144845524
0.514000000000000346,-2.493772075200656690
0.515000000000000346,-2.475530395485386670
0.516000000000000347,-2.457500869273316901
0.517000000000000348,-2.439680858417948350
0.518000000000000349,-2.422067739009886367
0.519000000000000350,-2.404658902003672605
0.520000000000000351,-2.387451753814359368
0.521000000000000352,-2.370443716884672369
0.522000000000000353,-2.353632230223585253
0.523000000000000353,-2.337014749917093237
0.524000000000000354,-2.320588749612028323
0.525000000000000355,-2.304351720973619955
0.526000000000000356,-2.288301174117603143
0.527000000000000357,-2.272434638017645003
0.528000000000000358,-2.256749660888744291
0.529000000000000359,-2.241243810547400628
0.530000000000000360,-2.225914674749211564
0.531000000000000361,-2.210759861504590695
0.532000000000000361,-2.195776999373289851
0.533000000000000362,-2.180963737738380370
0.534000000000000363,-2.166317747060339638
0.535000000000000364,-2.151836719111862806
0.536000000000000365,-2.137518367194040980
0.537000000000000366,-2.123360426334490292
0.538000000000000367,-2.109360653468008717
0.539000000000000368,-2.095516827600402809
0.540000000000000369,-2.081826749955939082
0.541000000000000369,-2.068288244109091512
0.542000000000000370,-2.054899156101027469
0.543000000000000371,-2.041657354541399183
0.544000000000000372,-2.028560730695966541
0.545000000000000373,-2.015607198560513957
0.546000000000000374,-2.002794694921575136
0.547000000000000375,-1.990121179404424678
0.548000000000000376,-1.977584634508839700
0.549000000000000377,-1.965183065633026471
0.550000000000000377,-1.952914501086189247
0.551000000000000378,-1.940776992090172515
0.552000000000000379,-1.928768612770580093
0.553000000000000380,-1.916887460137793209
0.554000000000000381,-1.905131654058263679
0.555000000000000382,-1.893499337216509648
0.556000000000000383,-1.881988675068130501
0.557000000000000384,-1.870597855784279062
0.558000000000000385,-1.859325090187872620
0.559000000000000385,-1.848168611681963114
0.560000000000000386,-1.837126676170539152
0.561000000000000387,-1.826197561972133343
0.562000000000000388,-1.815379569726536912
0.563000000000000389,-1.804671022294921601
0.564000000000000390,-1.794070264653691682
0.565000000000000391,-1.783575663782343002
0.566000000000000392,-1.773185608545613245
0.567000000000000393,-1.762898509570215655
0.568000000000000393,-1.752712799116395770
0.569000000000000394,-1.742626930944597863
0.570000000000000395,-1.732639380177483535
0.571000000000000396,-1.722748643157532955
0.572000000000000397,-1.712953237300497422
0.573000000000000398,-1.703251700944894198
0.574000000000000399,-1.693642593197808299
0.575000000000000400,-1.684124493777173992
0.576000000000000401,-1.674696002850774024
0.577000000000000401,-1.665355740872165979
0.578000000000000402,-1.656102348413699188
0.579000000000000403,-1.646934485996826680
0.580000000000000404,-1.637850833919922922
0.581000000000000405,-1.628850092083743872
0.582000000000000406,-1.619930979814716565
0.583000000000000407,-1.611092235686239604
0.584000000000000408,-1.602332617338134924
0.585000000000000409,-1.593650901294408451
0.586000000000000409,-1.585045882779480220
0.587000000000000410,-1.576516375533028036
0.588000000000000411,-1.568061211623563489
0.589000000000000412,-1.559679241260909954
0.590000000000000413,-1.551369332607670515
0.591000000000000414,-1.543130371589855665
0.592000000000000415,-1.534961261706758062
0.593000000000000416,-1.526860923840201112
0.594000000000000417,-1.518828296063275296
0.595000000000000417,-1.510862333448686368
0.596000000000000418,-1.502962007876766481
0.597000000000000419,-1.495126307843331004
0.598000000000000420,-1.487354238267381001
0.599000000000000421,-1.479644820298837038
0.600000000000000422,-1.471997091126314716
0.601000000000000423,-1.464410103785086736
0.602000000000000424,-1.456882926965268110
0.603000000000000425,-1.449414644820337106
0.604000000000000425,-1.442004356776043217
0.605000000000000426,-1.434651177339782091
0.606000000000000427,-1.427354235910532898
0.607000000000000428,-1.420112676589339706
0.608000000000000429,-1.412925657990540484
0.609000000000000430,-1.405792353053639143
0.610000000000000431,-1.398711948856030896
0.611000000000000432,-1.391683646426520315
0.612000000000000433,-1.384706660559745117
0.613000000000000433,-1.377780219631549397
0.614000000000000434,-1.370903565415338310
0.615000000000000435,-1.364075952899451050
0.616000000000000436,-1.357296650105631164
0.617000000000000437,-1.350564937908608876
0.618000000000000438,-1.343880109856833815
0.619000000000000439,-1.337241471994387698
0.620000000000000440,-1.330648342684150665
0.621000000000000441,-1.324100052432198416
0.622000000000000441,-1.317595943713511186
0.623000000000000442,-1.311135370798975908
0.624000000000000443,-1.304717699583751056
0.625000000000000444,-1.298342307417003738
0.626000000000000445,-1.292008582933019456
0.627000000000000446,-1.285715925883748278
0.628000000000000447,-1.279463746972783422
0.629000000000000448,-1.273251467690788452
0.630000000000000449,-1.267078520152402410
0.631000000000000449,-1.260944346934628646
0.632000000000000450,-1.254848400916739104
0.633000000000000451,-1.248790145121690509
0.634000000000000452,-1.242769052559067777
0.635000000000000453,-1.236784606069576409
0.636000000000000454,-1.230836298171077647
0.637000000000000455,-1.224923630906198380
0.638000000000000456,-1.219046115691494014
0.639000000000000457,-1.213203273168196095
0.640000000000000457,-1.207394633054547972
0.641000000000000458,-1.201619733999704787
0.642000000000000459,-1.195878123439255036
0.643000000000000460,-1.190169357452303123
0.644000000000000461,-1.184493000620175485
0.645000000000000462,-1.178848625886711021
0.646000000000000463,-1.173235814420142464
0.647000000000000464,-1.167654155476592459
0.648000000000000465,-1.162103246265158152
0.649000000000000465,-1.156582691814586505
0.650000000000000466,-1.151092104841555663
0.651000000000000467,-1.145631105620532386
0.652000000000000468,-1.140199321855231540
0.653000000000000469,-1.134796388551639890
0.654000000000000470,-1.129421947892642830
0.655000000000000471,-1.124075649114203879
0.656000000000000472,-1.118757148383121347
0.657000000000000473,-1.113466108676342214
0.658000000000000473,-1.108202199661839193
0.659000000000000474,-1.102965097581029230
0.660000000000000475,-1.097754485132734326
0.661000000000000476,-1.092570051358670913
0.662000000000000477,-1.087411491530475338
0.663000000000000478,-1.082278507038232140
0.664000000000000479,-1.077170805280526000
0.665000000000000480,-1.072088099555960961
0.666000000000000481,-1.067030108956215306
0.667000000000000481,-1.061996558260521084
0.668000000000000482,-1.056987177831659741
0.669000000000000483,-1.052001703513382624
0.670000000000000484,-1.047039876529293423
0.671000000000000485,-1.042101443383166792
0.672000000000000486,-1.037186155760682071
0.673000000000000487,-1.032293770432592739
0.674000000000000488,-1.027424049159270325
0.675000000000000488,-1.022576758596654756
0.676000000000000489,-1.017751670203594472
0.677000000000000490,-1.012948560150524147
0.678000000000000491,-1.008167209229525962
0.679000000000000492,-1.003407402765719825
0.680000000000000493,-0.998668930529981069
0.681000000000000494,-0.993951586652986441
0.682000000000000495,-0.989255169540555146
0.683000000000000496,-0.984579481790294198
0.684000000000000496,-0.979924330109506636
0.685000000000000497,-0.975289525234385613
0.686000000000000498,-0.970674881850451476
0.687000000000000499,-0.966080218514230871
0.688000000000000500,-0.961505357576164732
0.689000000000000501,-0.956950125104735982
0.690000000000000502,-0.952414350811795485
0.691000000000000503,-0.947897867979077047
0.692000000000000504,-0.943400513385885930
0.693000000000000504,-0.938922127237966975
0.694000000000000505,-0.934462553097488047
0.695000000000000506,-0.930021637814204771
0.696000000000000507,-0.925599231457711724
0.697000000000000508,-0.921195187250821279
0.698000000000000509,-0.916809361504044240
0.699000000000000510,-0.912441613551141728
0.700000000000000511,-0.908091805685759423
0.701000000000000512,-0.903759803099117187
0.702000000000000512,-0.899445473818741070
0.703000000000000513,-0.895148688648236268
0.704000000000000514,-0.890869321108073264
0.705000000000000515,-0.886607247377382945
0.706000000000000516,-0.882362346236748585
0.707000000000000517,-0.878134499011980596
0.708000000000000518,-0.873923589518848631
0.709000000000000519,-0.869729504008797449
0.710000000000000520,-0.865552131115572165
0.711000000000000520,-0.861391361802806954
0.712000000000000521,-0.857247089312515032
0.713000000000000522,-0.853119209114484911
0.714000000000000523,-0.849007618856593482
0.715000000000000524,-0.844912218315967189
0.716000000000000525,-0.840832909351052926
0.717000000000000526,-0.836769595854518933
0.718000000000000527,-0.832722183707014230
0.719000000000000528,-0.828690580731761051
0.720000000000000528,-0.824674696649987382
0.721000000000000529,-0.820674443037133550
0.722000000000000530,-0.816689733279909014
0.723000000000000531,-0.812720482534095678
0.724000000000000532,-0.808766607683155336
0.725000000000000533,-0.804828027297602056
0.726000000000000534,-0.800904661595111533
0.727000000000000535,-0.796996432401403943
0.728000000000000536,-0.793103263111832990
0.729000000000000536,-0.789225078653720269
0.730000000000000537,-0.785361805449394490
0.731000000000000538,-0.781513371379924826
0.732000000000000539,-0.777679705749559358
0.733000000000000540,-0.773860739250837981
0.734000000000000541,-0.770056403930375666
0.735000000000000542,-0.766266633155303856
0.736000000000000543,-0.762491361580378224
0.737000000000000544,-0.758730525115701493
0.738000000000000544,-0.754984060895105280
0.739000000000000545,-0.751251907245129025
0.740000000000000546,-0.747534003654626633
0.741000000000000547,-0.743830290744961653
0.742000000000000548,-0.740140710240820954
0.743000000000000549,-0.736465204941573859
0.744000000000000550,-0.732803718693232353
0.745000000000000551,-0.729156196360974729
0.746000000000000552,-0.725522583802210241
0.747000000000000552,-0.721902827840211647
0.748000000000000553,-0.718296876238263438
0.749000000000000554,-0.714704677674356637
0.750000000000000555,-0.711126181716399630
0.751000000000000556,-0.707561338797935258
0.752000000000000557,-0.704010100194379485
0.753000000000000558,-0.700472417999725261
0.754000000000000559,-0.696948245103771402
0.755000000000000560,-0.693437535169799890
0.756000000000000560,-0.689940242612748000
0.757000000000000561,-0.686456322577824407
0.758000000000000562,-0.682985730919589806
0.759000000000000563,-0.679528424181496282
0.760000000000000564,-0.676084359575849669
0.761000000000000565,-0.672653494964215115
0.762000000000000566,-0.669235788838247747
0.763000000000000567,-0.665831200300941117
0.764000000000000568,-0.662439689048279212
0.765000000000000568,-0.659061215351314789
0.766000000000000569,-0.655695740038617303
0.767000000000000570,-0.652343224479137396
0.768000000000000571,-0.649003630565422318
0.769000000000000572,-0.645676920697252799
0.770000000000000573,-0.642363057765605761
0.771000000000000574,-0.639062005137014388
0.772000000000000575,-0.635773726638265146
0.773000000000000576,-0.632498186541452512
0.774000000000000576,-0.629235349549380429
0.775000000000000577,-0.625985180781305717
0.776000000000000578,-0.622747645758994439
0.777000000000000579,-0.619522710393138332
0.778000000000000580,-0.616310340970057990
0.779000000000000581,-0.613110504138743129
0.780000000000000582,-0.609923166898189373
0.781000000000000583,-0.606748296585051916
0.782000000000000584,-0.603585860861580947
0.783000000000000584,-0.600435827703858949
0.784000000000000585,-0.597298165390329094
0.785000000000000586,-0.594172842490589326
0.786000000000000587,-0.591059827854484077
0.787000000000000588,-0.587959090601450574
0.788000000000000589,-0.584870600110131145
0.789000000000000590,-0.581794326008266749
0.790000000000000591,-0.578730238162820654
0.791000000000000592,-0.575678306670369233
0.792000000000000592,-0.572638501847736903
0.793000000000000593,-0.569610794222866867
0.794000000000000594,-0.566595154525936007
0.795000000000000595,-0.563591553680707014
0.796000000000000596,-0.560599962796085149
0.797000000000000597,-0.557620353157931570
0.798000000000000598,-0.554652696221069719
0.799000000000000599,-0.551696963601519874
0.800000000000000600,-0.548753127068942081
0.801000000000000600,-0.545821158539285256
0.802000000000000601,-0.542901030067634238
0.803000000000000602,-0.539992713841263350
0.804000000000000603,-0.537096182172884018
0.805000000000000604,-0.534211407494076473
0.806000000000000605,-0.531338362348907411
0.807000000000000606,-0.528477019387747271
0.808000000000000607,-0.525627351361243833
0.809000000000000608,-0.522789331114485667
0.810000000000000608,-0.519962931581345322
0.811000000000000609,-0.517148125778959966
0.812000000000000610,-0.514344886802421963
0.813000000000000611,-0.511553187819586919
0.814000000000000612,-0.508773002066069235
0.815000000000000613,-0.506004302840392772
0.816000000000000614,-0.503247063499266067
0.817000000000000615,-0.500501257453036641
0.818000000000000616,-0.497766858161282411
0.819000000000000616,-0.495043839128534391
0.820000000000000617,-0.492332173900144887
0.821000000000000618,-0.489631836058300685
0.822000000000000619,-0.486942799218165523
0.823000000000000620,-0.484265037024141587
0.824000000000000621,-0.481598523146270885
0.825000000000000622,-0.478943231276761694
0.826000000000000623,-0.476299135126634354
0.827000000000000624,-0.473666208422483137
0.828000000000000624,-0.471044424903363346
0.829000000000000625,-0.468433758317781723
0.830000000000000626,-0.465834182420810705
0.831000000000000627,-0.463245670971301926
0.832000000000000628,-0.460668197729220796
0.833000000000000629,-0.458101736453061625
0.834000000000000630,-0.455546260897389588
0.835000000000000631,-0.453001744810467510
0.836000000000000631,-0.450468161931985633
0.837000000000000632,-0.447945485990889125
0.838000000000000633,-0.445433690703286811
0.839000000000000634,-0.442932749770465706
0.840000000000000635,-0.440442636876989202
0.841000000000000636,-0.437963325688869198
0.842000000000000637,-0.435494789851852304
0.843000000000000638,-0.433037002989751951
0.844000000000000639,-0.430589938702890140
0.845000000000000639,-0.428153570566606412
0.846000000000000640,-0.425727872129836427
0.847000000000000641,-0.423312816913787859
0.848000000000000642,-0.420908378410660977
0.849000000000000643,-0.418514530082457425
0.850000000000000644,-0.416131245359868618
0.851000000000000645,-0.413758497641196432
0.852000000000000646,-0.411396260291380933
0.853000000000000647,-0.409044506641067618
0.854000000000000647,-0.406703209985739000
0.855000000000000648,-0.404372343584918248
0.856000000000000649,-0.402051880661424832
0.857000000000000650,-0.399741794400690242
0.858000000000000651,-0.397442057950126326
0.859000000000000652,-0.395152644418551802
0.860000000000000653,-0.392873526875682222
0.861000000000000654,-0.390604678351644863
0.862000000000000655,-0.388346071836580320
0.863000000000000655,-0.386097680280260980
0.864000000000000656,-0.383859476591780324
0.865000000000000657,-0.381631433639272988
0.866000000000000658,-0.379413524249692602
0.867000000000000659,-0.377205721208631162
0.868000000000000660,-0.375007997260169090
0.869000000000000661,-0.372820325106783534
0.870000000000000662,-0.370642677409287247
0.871000000000000663,-0.368475026786816318
0.872000000000000663,-0.366317345816837558
0.873000000000000664,-0.364169607035216947
0.874000000000000665,-0.362031782936301894
0.875000000000000666,-0.359903845973055858
0.876000000000000667,-0.357785768557214889
0.877000000000000668,-0.355677523059480971
0.878000000000000669,-0.353579081809753670
0.879000000000000670,-0.351490417097376384
0.880000000000000671,-0.349411501171431271
0.881000000000000671,-0.347342306241046395
0.882000000000000672,-0.345282804475746052
0.883000000000000673,-0.343232968005813377
0.884000000000000674,-0.341192768922693179
0.885000000000000675,-0.339162179279403286
0.886000000000000676,-0.337141171090990954
0.887000000000000677,-0.335129716334995054
0.888000000000000678,-0.333127786951934179
0.889000000000000679,-0.331135354845829566
0.890000000000000679,-0.329152391884731332
0.891000000000000680,-0.327178869901279590
0.892000000000000681,-0.325214760693274207
0.893000000000000682,-0.323260036024271113
0.894000000000000683,-0.321314667624188477
0.895000000000000684,-0.319378627189943309
0.896000000000000685,-0.317451886386092064
0.897000000000000686,-0.315534416845491272
0.898000000000000687,-0.313626190169980557
0.899000000000000687,-0.311727177931068411
0.900000000000000688,-0.309837351670639749
0.901000000000000689,-0.307956682901674383
0.902000000000000690,-0.306085143108985380
0.903000000000000691,-0.304222703749957302
0.904000000000000692,-0.302369336255303600
0.905000000000000693,-0.300525012029836280
0.906000000000000694,-0.298689702453245887
0.907000000000000695,-0.296863378880881545
0.908000000000000695,-0.295046012644563149
0.909000000000000696,-0.293237575053373056
0.910000000000000697,-0.291438037394485094
0.911000000000000698,-0.289647370933977855
0.912000000000000699,-0.287865546917672188
0.913000000000000700,-0.286092536571973644
0.914000000000000701,-0.284328311104703690
0.915000000000000702,-0.282572841705967137
0.916000000000000703,-0.280826099549000119
0.917000000000000703,-0.279088055791038014
0.918000000000000704,-0.277358681574180532
0.919000000000000705,-0.275637948026261792
0.920000000000000706,-0.273925826261735783
0.921000000000000707,-0.272222287382546946
0.922000000000000708,-0.270527302479018628
0.923000000000000709,-0.268840842630746368
0.924000000000000710,-0.267162878907474532
0.925000000000000711,-0.265493382370002251
0.926000000000000711,-0.263832324071068824
0.927000000000000712,-0.262179675056253725
0.928000000000000713,-0.260535406364872435
0.929000000000000714,-0.258899489030881724
0.930000000000000715,-0.257271894083769992
0.931000000000000716,-0.255652592549462210
0.932000000000000717,-0.254041555451223366
0.933000000000000718,-0.252438753810551697
0.934000000000000719,-0.250844158648086957
0.935000000000000719,-0.249257740984505677
0.936000000000000720,-0.247679471841421417
0.937000000000000721,-0.246109322242280104
0.938000000000000722,-0.244547263213262978
0.939000000000000723,-0.242993265784175655
0.940000000000000724,-0.241447300989343860
0.941000000000000725,-0.239909339868505350
0.942000000000000726,-0.238379353467700922
0.943000000000000727,-0.236857312840155598
0.944000000000000727,-0.235343189047169915
0.945000000000000728,-0.233836953159001215
0.946000000000000729,-0.232338576255734619
0.947000000000000730,-0.230848029428169566
0.948000000000000731,-0.229365283778681317
0.949000000000000732,-0.227890310422100922
0.950000000000000733,-0.226423080486567729
0.951000000000000734,-0.224963565114406766
0.952000000000000735,-0.223511735462974315
0.953000000000000735,-0.222067562705510646
0.954000000000000736,-0.220631018031996889
0.955000000000000737,-0.219202072649995305
0.956000000000000738,-0.217780697785491029
0.957000000000000739,-0.216366864683726068
0.958000000000000740,-0.214960544610032139
0.959000000000000741,-0.213561708850652898
0.960000000000000742,-0.212170328713573164
0.961000000000000743,-0.210786375529325165
0.962000000000000743,-0.209409820651803580
0.963000000000000744,-0.208040635459069534
0.964000000000000745,-0.206678791354156122
0.965000000000000746,-0.205324259765853862
0.966000000000000747,-0.203977012149505754
0.967000000000000748,-0.202637019987784328
0.968000000000000749,-0.201304254791478787
0.969000000000000750,-0.199978688100254931
0.970000000000000751,-0.198660291483431062
0.971000000000000751,-0.197349036540728801
0.972000000000000752,-0.196044894903026540
0.973000000000000753,-0.194747838233117643
0.974000000000000754,-0.193457838226437528
0.975000000000000755,-0.192174866611806772
0.976000000000000756,-0.190898895152156606
0.977000000000000757,-0.189629895645251401
0.978000000000000758,-0.188367839924399705
0.979000000000000759,-0.187112699859175724
0.980000000000000759,-0.185864447356104412
0.981000000000000760,-0.184623054359368849
0.982000000000000761,-0.183388492851501189
0.983000000000000762,-0.182160734854055401
0.984000000000000763,-0.180939752428289080
0.985000000000000764,-0.179725517675833807
0.986000000000000765,-0.178518002739355253
0.987000000000000766,-0.177317179803207270
0.988000000000000766,-0.176123021094080595
0.989000000000000767,-0.174935498881650997
0.990000000000000768,-0.173754585479208801
0.991000000000000769,-0.172580253244285164
0.992000000000000770,-0.171412474579275470
0.993000000000000771,-0.170251221932059910
0.994000000000000772,-0.169096467796597788
0.995000000000000773,-0.167948184713542226
0.996000000000000774,-0.166806345270821804
0.997000000000000774,-0.165670922104235563
0.998000000000000775,-0.164541887898027095
0.999000000000000776,-0.163419215385460725
1.000000000000000666,-0.162302877349383590
1.001000000000000778,-0.161192846622790209
1.002000000000000668,-0.160089096089368221
1.003000000000000780,-0.158991598684044388
1.004000000000000670,-0.157900327393524720
1.005000000000000782,-0.156815255256824715
1.006000000000000671,-0.155736355365794943
1.007000000000000783,-0.154663600865630746
1.008000000000000673,-0.153596964955390797
1.009000000000000785,-0.152536420888496838
1.010000000000000675,-0.151481941973229728
1.011000000000000787,-0.150433501573216777
1.012000000000000677,-0.149391073107920019
1.013000000000000789,-0.148354630053107228
1.014000000000000679,-0.147324145941319429
1.015000000000000790,-0.146299594362336582
1.016000000000000680,-0.145280948963634970
1.017000000000000792,-0.144268183450826093
1.018000000000000682,-0.143261271588108002
1.019000000000000794,-0.142260187198693711
1.020000000000000684,-0.141264904165244815
1.021000000000000796,-0.140275396430289356
1.022000000000000686,-0.139291637996634909
1.023000000000000798,-0.138313602927782164
1.024000000000000687,-0.137341265348321556
1.025000000000000799,-0.136374599444330252
1.026000000000000689,-0.135413579463761591
1.027000000000000801,-0.134458179716824333
1.028000000000000691,-0.133508374576360639
1.029000000000000803,-0.132564138478213273
1.030000000000000693,-0.131625445921586565
1.031000000000000805,-0.130692271469408400
1.032000000000000695,-0.129764589748670445
1.033000000000000806,-0.128842375450782198
1.034000000000000696,-0.127925603331901033
1.035000000000000808,-0.127014248213262043
1.036000000000000698,-0.126108284981504448
1.037000000000000810,-0.125207688588998362
1.038000000000000700,-0.124312434054140192
1.039000000000000812,-0.123422496461670361
1.040000000000000702,-0.122537850962971567
1.041000000000000814,-0.121658472776362506
1.042000000000000703,-0.120784337187379645
1.043000000000000815,-0.119915419549067481
1.044000000000000705,-0.119051695282252054
1.045000000000000817,-0.118193139875805112
1.046000000000000707,-0.117339728886916989
1.047000000000000819,-0.116491437941351042
1.048000000000000709,-0.115648242733691675
1.049000000000000821,-0.114810119027600216
1.050000000000000711,-0.113977042656046135
1.051000000000000822,-0.113148989521552057
1.052000000000000712,-0.112325935596416376
1.053000000000000824,-0.111507856922938103
1.054000000000000714,-0.110694729613640103
1.055000000000000826,-0.109886529851476511
1.056000000000000716,-0.109083233890046399
1.057000000000000828,-0.108284818053790019
1.058000000000000718,-0.107491258738188183
1.059000000000000830,-0.106702532409954670
1.060000000000000719,-0.105918615607222794
1.061000000000000831,-0.105139484939721584
1.062000000000000721,-0.104365117088957168
1.063000000000000833,-0.103595488808383568
1.064000000000000723,-0.102830576923562123
1.065000000000000835,-0.102070358332325445
1.066000000000000725,-0.101314810004937444
1.067000000000000837,-0.100563908984231315
1.068000000000000727,-0.099817632385771043
1.069000000000000838,-0.099075957397976366
1.070000000000000728,-0.098338861282268902
1.071000000000000840,-0.097606321373198107
1.072000000000000730,-0.096878315078569061
1.073000000000000842,-0.096154819879563980
1.074000000000000732,-0.095435813330854394
1.075000000000000844,-0.094721273060719605
1.076000000000000734,-0.094011176771150423
1.077000000000000846,-0.093305502237949089
1.078000000000000735,-0.092604227310835202
1.079000000000000847,-0.091907329913529401
1.080000000000000737,-0.091214788043853939
1.081000000000000849,-0.090526579773805627
1.082000000000000739,-0.089842683249644895
1.083000000000000851,-0.089163076691967935
1.084000000000000741,-0.088487738395781640
1.085000000000000853,-0.087816646730566938
1.086000000000000743,-0.087149780140345509
1.087000000000000854,-0.086487117143737552
1.088000000000000744,-0.085828636334021352
1.089000000000000856,-0.085174316379175025
1.090000000000000746,-0.084524136021931456
1.091000000000000858,-0.083878074079821244
1.092000000000000748,-0.083236109445207193
1.093000000000000860,-0.082598221085324192
1.094000000000000750,-0.081964388042306990
1.095000000000000862,-0.081334589433220889
1.096000000000000751,-0.080708804450085242
1.097000000000000863,-0.080087012359888632
1.098000000000000753,-0.079469192504613734
1.099000000000000865,-0.078855324301244867
1.100000000000000755,-0.078245387241775571
1.101000000000000867,-0.077639360893216949
1.102000000000000757,-0.077037224897602008
1.103000000000000869,-0.076438958971980914
1.104000000000000759,-0.075844542908413054
1.105000000000000870,-0.075253956573967815
1.106000000000000760,-0.074667179910702278
1.107000000000000872,-0.074084192935654214
1.108000000000000762,-0.073504975740822376
1.109000000000000874,-0.072929508493141296
1.110000000000000764,-0.072357771434459997
1.111000000000000876,-0.071789744881511353
1.112000000000000766,-0.071225409225883496
1.113000000000000878,-0.070664744933984266
1.114000000000000767,-0.070107732547006252
1.115000000000000879,-0.069554352680881060
1.116000000000000769,-0.069004586026241044
1.117000000000000881,-0.068458413348371203
1.118000000000000771,-0.067915815487160192
1.119000000000000883,-0.067376773357048794
1.120000000000000773,-0.066841267946975466
1.121000000000000885,-0.066309280320315273
1.122000000000000774,-0.065780791614822892
1.123000000000000886,-0.065255783042567475
1.124000000000000776,-0.064734235889871899
1.125000000000000888,-0.064216131517233419
1.126000000000000778,-0.063701451359261099
1.127000000000000890,-0.063190176924604186
1.128000000000000780,-0.062682289795864446
1.129000000000000892,-0.062177771629528325
1.130000000000000782,-0.061676604155880374
1.131000000000000894,-0.061178769178919887
1.132000000000000783,-0.060684248576274316
1.133000000000000895,-0.060193024299115792
1.134000000000000785,-0.059705078372056651
1.135000000000000897,-0.059220392893075083
1.136000000000000787,-0.058738950033401585
1.137000000000000899,-0.058260732037433996
1.138000000000000789,-0.057785721222626152
1.139000000000000901,-0.057313899979399077
1.140000000000000790,-0.056845250771025091
1.141000000000000902,-0.056379756133521419
1.142000000000000792,-0.055917398675550435
1.143000000000000904,-0.055458161078300136
1.144000000000000794,-0.055002026095377923
1.145000000000000906,-0.054548976552685036
1.146000000000000796,-0.054098995348315096
1.147000000000000908,-0.053652065452421495
1.148000000000000798,-0.053208169907105252
1.149000000000000909,-0.052767291826288289
1.150000000000000799,-0.052329414395587734
1.151000000000000689,-0.051894520872193803
1.152000000000000801,-0.051462594584740694
1.153000000000000913,-0.051033618933174062
1.154000000000000803,-0.050607577388620796
1.155000000000000693,-0.050184453493255801
1.156000000000000805,-0.049764230860168283
1.157000000000000917,-0.049346893173220691
1.158000000000000806,-0.048932424186916811
1.159000000000000696,-0.048520807726255721
1.160000000000000808,-0.048112027686592798
1.161000000000000920,-0.047706068033497126
1.162000000000000810,-0.047302912802607816
1.163000000000000700,-0.046902546099482786
1.164000000000000812,-0.046504952099459228
1.165000000000000924,-0.046110115047494592
1.166000000000000814,-0.045718019258026148
1.167000000000000703,-0.045328649114811354
1.168000000000000815,-0.044941989070780550
1.169000000000000927,-0.044558023647875374
1.170000000000000817,-0.044176737436902799
1.171000000000000707,-0.043798115097364941
1.172000000000000819,-0.043422141357313523
1.173000000000000931,-0.043048801013181599
1.174000000000000821,-0.042678078929624962
1.175000000000000711,-0.042309960039361105
1.176000000000000822,-0.041944429343005213
1.177000000000000934,-0.041581471908903808
1.178000000000000824,-0.041221072872972428
1.179000000000000714,-0.040863217438524266
1.180000000000000826,-0.040507890876109641
1.181000000000000938,-0.040155078523338522
1.182000000000000828,-0.039804765784715063
1.183000000000000718,-0.039456938131468847
1.184000000000000830,-0.039111581101378037
1.185000000000000941,-0.038768680298597105
1.186000000000000831,-0.038428221393488352
1.187000000000000721,-0.038090190122438299
1.188000000000000833,-0.037754572287689969
1.189000000000000945,-0.037421353757161706
1.190000000000000835,-0.037090520464272657
1.191000000000000725,-0.036762058407757023
1.192000000000000837,-0.036435953651498140
1.193000000000000949,-0.036112192324332507
1.194000000000000838,-0.035790760619883982
1.195000000000000728,-0.035471644796369599
1.196000000000000840,-0.035154831176424643
1.197000000000000952,-0.034840306146920172
1.198000000000000842,-0.034528056158771234
1.199000000000000732,-0.034218067726764896
1.200000000000000844,-0.033910327429359267
1.201000000000000956,-0.033604821908513043
1.202000000000000846,-0.033301537869487474
1.203000000000000735,-0.033000462080667918
1.204000000000000847,-0.032701581373365804
1.205000000000000959,-0.032404882641643637
1.206000000000000849,-0.032110352842113610
1.207000000000000739,-0.031817978993754249
1.208000000000000851,-0.031527748177719660
1.209000000000000963,-0.031239647537148706
1.210000000000000853,-0.030953664276974425
1.211000000000000743,-0.030669785663729892
1.212000000000000854,-0.030387999025360331
1.213000000000000966,-0.030108291751024578
1.214000000000000856,-0.029830651290911964
1.215000000000000746,-0.029555065156035169
1.216000000000000858,-0.029281520918051578
1.217000000000000970,-0.029010006209056038
1.218000000000000860,-0.028740508721393370
1.219000000000000750,-0.028473016207462870
1.220000000000000862,-0.028207516479520724
1.221000000000000973,-0.027943997409484785
1.222000000000000863,-0.027682446928741333
1.223000000000000753,-0.027422853027943596
1.224000000000000865,-0.027165203756821688
1.225000000000000977,-0.026909487223980112
1.226000000000000867,-0.026655691596703519
1.227000000000000757,-0.026403805100758480
1.228000000000000869,-0.026153816020192799
1.229000000000000981,-0.025905712697147820
1.230000000000000870,-0.025659483531645710
1.231000000000000760,-0.025415116981402020
1.232000000000000872,-0.025172601561626189
1.233000000000000984,-0.024931925844813269
1.234000000000000874,-0.024693078460560902
1.235000000000000764,-0.024456048095354503
1.236000000000000876,-0.024220823492379608
1.237000000000000988,-0.023987393451314870
1.238000000000000878,-0.023755746828140089
1.239000000000000767,-0.023525872534928806
1.240000000000000879,-0.023297759539655148
1.241000000000000991,-0.023071396865990218
1.242000000000000881,-0.022846773593103532
1.243000000000000771,-0.022623878855464533
1.244000000000000883,-0.022402701842638293
1.245000000000000995,-0.022183231799093449
1.246000000000000885,-0.021965458023994196
1.247000000000000774,-0.021749369871004565
1.248000000000000886,-0.021534956748087586
1.249000000000000998,-0.021322208117304547
1.250000000000000888,-0.021111113494618961
1.251000000000000778,-0.020901662449689433
1.252000000000000890,-0.020693844605676998
1.253000000000001002,-0.020487649639037896
1.254000000000000892,-0.020283067279332566
1.255000000000000782,-0.020080087309019126
1.256000000000000894,-0.019878699563253912
1.257000000000001005,-0.019678893929697117
1.258000000000000895,-0.019480660348308913
1.259000000000000785,-0.019283988811148449
1.260000000000000897,-0.019088869362180235
1.261000000000001009,-0.018895292097070807
1.262000000000000899,-0.018703247162989517
1.263000000000000789,-0.018512724758410572
1.264000000000000901,-0.018323715132916890
1.265000000000001013,-0.018136208586995977
1.266000000000000902,-0.017950195471844850
1.267000000000000792,-0.017765666189172045
1.268000000000000904,-0.017582611190997625
1.269000000000001016,-0.017401020979455360
1.270000000000000906,-0.017220886106598159
1.271000000000000796,-0.017042197174196010
1.272000000000000908,-0.016864944833539317
1.273000000000001020,-0.016689119785244899
1.274000000000000909,-0.016514712779056057
1.275000000000000799,-0.016341714613644802
1.276000000000000911,-0.016170116136421442
1.277000000000001023,-0.015999908243329114
1.278000000000000913,-0.015831081878655333
1.279000000000000803,-0.015663628034831671
1.280000000000000915,-0.015497537752244561
1.281000000000001027,-0.015332802119027041
1.282000000000000917,-0.015169412270879729
1.283000000000000806,-0.015007359390863445
1.284000000000000918,-0.014846634709213127
1.285000000000001030,-0.014687229503136612
1.286000000000000920,-0.014529135096628310
1.287000000000000810,-0.014372342860266901
1.288000000000000922,-0.014216844211032465
1.289000000000001034,-0.014062630612103194
1.290000000000000924,-0.013909693572667187
1.291000000000000814,-0.013758024647734696
1.292000000000000925,-0.013607615437935686
1.293000000000001037,-0.013458457589339423
1.294000000000000927,-0.013310542793254975
1.295000000000000817,-0.013163862786043829
1.296000000000000929,-0.013018409348928723
1.297000000000001041,-0.012874174307800506
1.298000000000000931,-0.012731149533035613
1.299000000000000821,-0.012589326939298184
1.300000000000000933,-0.012448698485354641
1.301000000000001044,-0.012309256173886165
1.302000000000000934,-0.012170992051296242
1.303000000000000824,-0.012033898207527925
1.304000000000000936,-0.011897966775869026
1.305000000000001048,-0.011763189932772632
1.306000000000000938,-0.011629559897666591
1.307000000000000828,-0.011497068932763994
1.308000000000000940,-0.011365709342879789
1.309000000000001052,-0.011235473475249683
1.310000000000000941,-0.011106353719336950
1.311000000000000831,-0.010978342506651558
1.312000000000000943,-0.010851432310561548
1.313000000000001055,-0.010725615646120725
1.314000000000000945,-0.010600885069870378
1.315000000000000835,-0.010477233179663819
1.316000000000000947,-0.010354652614482202
1.317000000000001059,-0.010233136054254710
1.318000000000000949,-0.010112676219669643
1.319000000000000838,-0.009993265872002662
1.320000000000000950,-0.009874897812928090
1.321000000000001062,-0.009757564884339511
1.322000000000000952,-0.009641259968173530
1.323000000000000842,-0.009525975986226343
1.324000000000000954,-0.009411705899977651
1.325000000000001066,-0.009298442710405566
1.326000000000000956,-0.009186179457819044
1.327000000000000846,-0.009074909221668190
1.328000000000000957,-0.008964625120376695
1.329000000000001069,-0.008855320311157169
1.330000000000000959,-0.008746987989842508
1.331000000000000849,-0.008639621390703473
1.332000000000000961,-0.008533213786274280
1.333000000000001073,-0.008427758487180460
1.334000000000000963,-0.008323248841963638
1.335000000000000853,-0.008219678236904155
1.336000000000000965,-0.008117040095852767
1.337000000000001076,-0.008015327880053325
1.338000000000000966,-0.007914535087970633
1.339000000000000856,-0.007814655255123723
1.340000000000000968,-0.007715681953905600
1.341000000000001080,-0.007617608793418039
1.342000000000000970,-0.007520429419300617
1.343000000000000860,-0.007424137513557992
1.344000000000000972,-0.007328726794392375
1.345000000000001084,-0.007234191016036942
1.346000000000000973,-0.007140523968580587
1.347000000000000863,-0.007047719477805481
1.348000000000000975,-0.006955771405016367
1.349000000000001087,-0.006864673646876519
1.350000000000000977,-0.006774420135238250
1.351000000000000867,-0.006685004836981062
1.352000000000000979,-0.006596421753837083
1.353000000000001091,-0.006508664922238130
1.354000000000000981,-0.006421728413144720
1.355000000000000870,-0.006335606331879115
1.356000000000000982,-0.006250292817968034
1.357000000000001094,-0.006165782044978836
1.358000000000000984,-0.006082068220351987
1.359000000000000874,-0.005999145585244940
1.360000000000000986,-0.005917008414367201
1.361000000000001098,-0.005835651015824403
1.362000000000000988,-0.005755067730948862
1.363000000000000878,-0.005675252934147867
1.364000000000000989,-0.005596201032746132
1.365000000000001101,-0.005517906466815868
1.366000000000000991,-0.005440363709030194
1.367000000000000881,-0.005363567264498940
1.368000000000000993,-0.005287511670615104
1.369000000000001105,-0.005212191496895884
1.370000000000000995,-0.005137601344826078
1.371000000000000885,-0.005063735847705338
1.372000000000000997,-0.004990589670490898
1.373000000000001108,-0.004918157509647568
1.374000000000000998,-0.004846434092980507
1.375000000000000888,-0.004775414179502314
1.376000000000001000,-0.004705092559262184
1.377000000000001112,-0.004635464053204159
1.378000000000001002,-0.004566523513009384
1.379000000000000892,-0.004498265820948705
1.380000000000001004,-0.004430685889728501
1.381000000000001116,-0.004363778662346302
1.382000000000001005,-0.004297539111932953
1.383000000000000895,-0.004231962241609144
1.384000000000001007,-0.004167043084336566
1.385000000000001119,-0.004102776702767465
1.386000000000001009,-0.004039158189100692
1.387000000000000899,-0.003976182664925658
1.388000000000001011,-0.003913845281093536
1.389000000000001123,-0.003852141217550360
1.390000000000001013,-0.003791065683207660
1.391000000000000902,-0.003730613915788070
1.392000000000001014,-0.003670781181687159
1.393000000000001126,-0.003611562775825122
1.394000000000001016,-0.003552954021508144
1.395000000000000906,-0.003494950270281830
1.396000000000001018,-0.003437546901788149
1.397000000000001130,-0.003380739323628849
1.398000000000001020,-0.003324522971221537
1.399000000000000909,-0.003268893307657067
1.400000000000001021,-0.003213845823562394
1.401000000000001133,-0.003159376036961410
1.402000000000001023,-0.003105479493134410
1.403000000000000913,-0.003052151764477614
1.404000000000001025,-0.002999388450370351
1.405000000000001137,-0.002947185177034685
1.406000000000001027,-0.002895537597397044
1.407000000000000917,-0.002844441390958407
1.408000000000001029,-0.002793892263648212
1.409000000000001140,-0.002743885947699636
1.410000000000001030,-0.002694418201507788
1.411000000000000920,-0.002645484809498706
1.412000000000001032,-0.002597081581994015
1.413000000000001144,-0.002549204355080511
1.414000000000001034,-0.002501848990475007
1.415000000000000924,-0.002455011375391056
1.416000000000001036,-0.002408687422412445
1.417000000000001148,-0.002362873069359268
1.418000000000001037,-0.002317564279155150
1.419000000000000927,-0.002272757039701099
1.420000000000001039,-0.002228447363742368
1.421000000000001151,-0.002184631288745881
1.422000000000001041,-0.002141304876764103
1.423000000000000931,-0.002098464214311460
1.424000000000001043,-0.002056105412237089
1.425000000000001155,-0.002014224605596707
1.426000000000001044,-0.001972817953526138
1.427000000000000934,-0.001931881639118796
1.428000000000001046,-0.001891411869295841
1.429000000000001158,-0.001851404874682196
1.430000000000001048,-0.001811856909486648
1.431000000000000938,-0.001772764251372765
1.432000000000001050,-0.001734123201339198
1.433000000000001162,-0.001695930083595493
1.434000000000001052,-0.001658181245439312
1.435000000000000941,-0.001620873057137663
1.436000000000001053,-0.001584001911802801
1.437000000000001165,-0.001547564225269608
1.438000000000001055,-0.001511556435984530
1.439000000000000945,-0.001475975004875719
1.440000000000001057,-0.001440816415239775
1.441000000000001169,-0.001406077172617963
1.442000000000001059,-0.001371753804684682
1.443000000000000949,-0.001337842861127751
1.444000000000001060,-0.001304340913527966
1.445000000000001172,-0.001271244555244014
1.446000000000001062,-0.001238550401301625
1.447000000000000952,-0.001206255088267893
1.448000000000001064,-0.001174355274145238
1.449000000000001176,-0.001142847638254947
1.450000000000001066,-0.001111728881116959
1.451000000000000956,-0.001080995724343576
1.452000000000001068,-0.001050644910524007
1.453000000000001180,-0.001020673203110198
1.454000000000001069,-0.000991077386305655
1.455000000000000959,-0.000961854264955369
1.456000000000001071,-0.000933000664429897
1.457000000000001183,-0.000904513430523159
1.458000000000001073,-0.000876389429334654
1.459000000000000963,-0.000848625547160474
1.460000000000001075,-0.000821218690388835
1.461000000000001187,-0.000794165785384878
1.462000000000001076,-0.000767463778391639
1.463000000000000966,-0.000741109635411641
1.464000000000001078,-0.000715100342104659
1.465000000000001190,-0.000689432903686514
1.466000000000001080,-0.000664104344808677
1.467000000000000970,-0.000639111709467517
1.468000000000001082,-0.000614452060890012
1.469000000000001194,-0.000590122481430242
1.470000000000001084,-0.000566120072466496
1.471000000000000973,-0.000542441954295676
1.472000000000001085,-0.000519085266033292
1.473000000000001197,-0.000496047165505841
1.474000000000001087,-0.000473324829151287
1.475000000000000977,-0.000450915451913254
1.476000000000001089,-0.000428816247146169
1.477000000000001201,-0.000407024446508268
1.478000000000001091,-0.000385537299861602
1.479000000000000981,-0.000364352075175544
1.480000000000001092,-0.000343466058420774
1.481000000000001204,-0.000322876553476056
1.482000000000001094,-0.000302580882025819
1.483000000000000984,-0.000282576383464451
1.484000000000001096,-0.000262860414795852
1.485000000000001208,-0.000243430350533621
1.486000000000001098,-0.000224283582612437
1.487000000000000988,-0.000205417520282581
1.488000000000001100,-0.000186829590017115
1.489000000000001211,-0.000168517235418213
1.490000000000001101,-0.000150477917120022
1.491000000000000991,-0.000132709112690981
1.492000000000001103,-0.000115208316546536
1.493000000000001215,-0.000097973039848676
1.494000000000001105,-0.000081000810414290
1.495000000000000995,-0.000064289172623220
1.496000000000001107,-0.000047835687325738
1.497000000000001219,-0.000031637931748049
1.498000000000001108,-0.000015693499404631
1.499000000000000998,0.000000000000000000
