# Au-001-PEG_CS-7021-AC
# h[nm],U(h)[kJ/mol]
0.149999999999999994,81.628131356539228136
0.150999999999999995,80.185330213628034812
0.151999999999999996,78.241835034324154208
0.152999999999999997,76.232366154746927123
0.153999999999999998,74.307211187093329841
0.154999999999999999,72.487232509585624030
0.156000000000000000,70.745691427966448828
0.157000000000000001,69.047734114003006312
0.158000000000000002,67.366504844050879797
0.159000000000000002,65.687230780517509743
0.160000000000000003,64.005817897568448416
0.161000000000000004,62.325534450105507744
0.162000000000000005,60.653582252950272391
0.163000000000000006,58.998332019527694570
0.164000000000000007,57.367441223926036287
0.165000000000000008,55.766796028645615024
0.166000000000000009,54.200104562320312596
0.167000000000000010,52.668943446372850303
0.168000000000000010,51.173078153249704769
0.169000000000000011,49.710914351123150823
0.170000000000000012,48.279977397808700346
0.171000000000000013,46.877353331215566357
0.172000000000000014,45.500054063103583246
0.173000000000000015,44.145291404799095858
0.174000000000000016,42.810659655261453338
0.175000000000000017,41.494235914195016335
0.176000000000000018,40.194612330544842393
0.177000000000000018,38.910876366414925087
0.178000000000000019,37.642554878963480292
0.179000000000000020,36.389536222030002932
0.180000000000000021,35.151982268072067939
0.181000000000000022,33.930239695492680596
0.182000000000000023,32.724757376811339782
0.183000000000000024,31.536014425205060263
0.184000000000000025,30.364461510904682484
0.185000000000000026,29.210476483742830567
0.186000000000000026,28.074334131336662779
0.187000000000000027,26.956189035398381293
0.188000000000000028,25.856069918354855020
0.189000000000000029,24.773883549328196807
0.190000000000000030,23.709426152389383446
0.191000000000000031,22.662400283576811688
0.192000000000000032,21.632435274269560921
0.193000000000000033,20.619109541001446217
0.194000000000000034,19.621973305961738276
0.195000000000000034,18.640570534657342705
0.196000000000000035,17.674459159546625386
0.197000000000000036,16.723228907863973092
0.198000000000000037,15.786516279483205238
0.199000000000000038,14.864016421090116893
0.200000000000000039,13.955491813446453619
0.201000000000000040,13.060777828510817145
0.202000000000000041,12.179785323559416454
0.203000000000000042,11.312500522216101473
0.204000000000000042,10.458982490143501565
0.205000000000000043,9.619358549145994530
0.206000000000000044,8.793817990818959984
0.207000000000000045,7.982604452860911692
0.208000000000000046,7.186007310805214487
0.209000000000000047,6.404352418054908291
0.210000000000000048,5.637992500259476181
0.211000000000000049,4.887297478485768565
0.212000000000000050,4.152644961212073937
0.213000000000000050,3.434411109514346805
0.214000000000000051,2.732962044210085928
0.215000000000000052,2.048645929209135907
0.216000000000000053,1.381785832671537095
0.217000000000000054,0.732673437357999835
0.218000000000000055,0.101563644160233849
0.219000000000000056,-0.511329911556477446
0.220000000000000057,-1.105838432385815251
0.221000000000000058,-1.681840639759516476
0.222000000000000058,-2.239264597993359640
0.223000000000000059,-2.778088728374953575
0.224000000000000060,-3.298342069633366513
0.225000000000000061,-3.800103848128746797
0.226000000000000062,-4.283502425877708575
0.227000000000000063,-4.748713697341011120
0.228000000000000064,-5.195959006995392038
0.229000000000000065,-5.625502659341579559
0.230000000000000066,-6.037649091396980694
0.231000000000000066,-6.432739775110521308
0.232000000000000067,-6.811149913718989701
0.233000000000000068,-7.173284992028213125
0.234000000000000069,-7.519577236113798691
0.235000000000000070,-7.850482033143663330
0.236000000000000071,-8.166474357056781486
0.237000000000000072,-8.468045240801897577
0.238000000000000073,-8.755698330838502130
0.239000000000000073,-9.029946554709022521
0.240000000000000074,-9.291308927771316561
0.241000000000000075,-9.540307520680725517
0.242000000000000076,-9.777464604972713857
0.243000000000000077,-10.003299990147596077
0.244000000000000078,-10.218328562015665639
0.245000000000000079,-10.423058028736331693
0.246000000000000080,-10.617986877981589799
0.247000000000000081,-10.803602545971617843
0.248000000000000081,-10.980379796760935562
0.249000000000000082,-11.148779308087636508
0.250000000000000111,-11.309246458323064743
0.251000000000000112,-11.462210307558020617
0.252000000000000113,-11.608082764618963267
0.253000000000000114,-11.747257930802341264
0.254000000000000115,-11.880111610332249938
0.255000000000000115,-12.007000976962540761
0.256000000000000116,-12.128264385743642961
0.257000000000000117,-12.244221318735728943
0.258000000000000118,-12.355172453355718787
0.259000000000000119,-12.461399842079135425
0.260000000000000120,-12.563167192361641256
0.261000000000000121,-12.660720235883127671
0.262000000000000122,-12.754287176536461601
0.263000000000000123,-12.844079206967606410
0.264000000000000123,-12.930291083913425965
0.265000000000000124,-13.013101753065097199
0.266000000000000125,-13.092675014699505454
0.267000000000000126,-13.169160221857790560
0.268000000000000127,-13.242693003402635554
0.269000000000000128,-13.313396004844847198
0.270000000000000129,-13.381379640390225205
0.271000000000000130,-13.446742850213635023
0.272000000000000131,-13.509573857513379025
0.273000000000000131,-13.569950920432063413
0.274000000000000132,-13.627943074446303484
0.275000000000000133,-13.683610861324336128
0.276000000000000134,-13.737007041225648862
0.277000000000000135,-13.788177284967920500
0.278000000000000136,-13.837160843913883568
0.279000000000000137,-13.883991195331759627
0.280000000000000138,-13.928696661458307204
0.281000000000000139,-13.971301000842933249
0.282000000000000139,-14.011823970874143441
0.283000000000000140,-14.050281860687201529
0.284000000000000141,-14.086687993923785456
0.285000000000000142,-14.121053201062281346
0.286000000000000143,-14.153386261260852308
0.287000000000000144,-14.183694313856538116
0.288000000000000145,-14.211983239843132054
0.289000000000000146,-14.238258013808376745
0.290000000000000147,-14.262523026950649552
0.291000000000000147,-14.284782381914947536
0.292000000000000148,-14.305040160291593310
0.293000000000000149,-14.323300663707637881
0.294000000000000150,-14.339568629512900344
0.295000000000000151,-14.353849422120807944
0.296000000000000152,-14.366149201109177369
0.297000000000000153,-14.376475067219979920
0.298000000000000154,-14.384835187419858116
0.299000000000000155,-14.391238900196730910
0.300000000000000155,-14.395696802272293979
0.301000000000000156,-14.398220817907182223
0.302000000000000157,-14.398824251965526955
0.303000000000000158,-14.397521827889510959
0.304000000000000159,-14.394329711713059083
0.305000000000000160,-14.389265523217616760
0.306000000000000161,-14.382348335302950204
0.307000000000000162,-14.373598662612527832
0.308000000000000163,-14.363038440416726615
0.309000000000000163,-14.350690994718551252
0.310000000000000164,-14.336581004506584236
0.311000000000000165,-14.320734457037877618
0.312000000000000166,-14.303178596991230620
0.313000000000000167,-14.283941870287941711
0.314000000000000168,-14.263053863333785998
0.315000000000000169,-14.240545238392451566
0.316000000000000170,-14.216447665757575791
0.317000000000000171,-14.190793753347913153
0.318000000000000171,-14.163616974307888796
0.319000000000000172,-14.134951593155216543
0.320000000000000173,-14.104832590976613460
0.321000000000000174,-14.073295590134017985
0.322000000000000175,-14.040376778905898192
0.323000000000000176,-14.006112836451858783
0.324000000000000177,-13.970540858453736277
0.325000000000000178,-13.933698283752693925
0.326000000000000179,-13.895622822270166097
0.327000000000000179,-13.856352384469383665
0.328000000000000180,-13.815925012585484666
0.329000000000000181,-13.774378813824904810
0.330000000000000182,-13.731751895708111277
0.331000000000000183,-13.688082303706073262
0.332000000000000184,-13.643407961297160824
0.333000000000000185,-13.597766612550012510
0.334000000000000186,-13.551195767317864238
0.335000000000000187,-13.503732649110720132
0.336000000000000187,-13.455414145694897243
0.337000000000000188,-13.406276762452975504
0.338000000000000189,-13.356356578522726508
0.339000000000000190,-13.305689205719838597
0.340000000000000191,-13.254309750236803467
0.341000000000000192,-13.202252777099337422
0.342000000000000193,-13.149552277350974094
0.343000000000000194,-13.096241637927864332
0.344000000000000195,-13.042353614176874999
0.345000000000000195,-12.987920304963386897
0.346000000000000196,-12.932973130308226928
0.347000000000000197,-12.877542811487680652
0.348000000000000198,-12.821659353525651781
0.349000000000000199,-12.765352030002651063
0.350000000000000200,-12.708649370103007215
0.351000000000000201,-12.651579147818493354
0.352000000000000202,-12.594168373224439605
0.353000000000000203,-12.536443285742475240
0.354000000000000203,-12.478429349302835760
0.355000000000000204,-12.420151249318131192
0.356000000000000205,-12.361632891380246235
0.357000000000000206,-12.302897401591938120
0.358000000000000207,-12.243967128444793957
0.359000000000000208,-12.184863646156156136
0.360000000000000209,-12.125607759378306483
0.361000000000000210,-12.066219509194334947
0.362000000000000210,-12.006718180316743982
0.363000000000000211,-11.947122309406115193
0.364000000000000212,-11.887449694429241376
0.365000000000000213,-11.827717404977857285
0.366000000000000214,-11.767941793471280221
0.367000000000000215,-11.708138507168387221
0.368000000000000216,-11.648322500916783895
0.369000000000000217,-11.588508050569146235
0.370000000000000218,-11.528708766999471891
0.371000000000000218,-11.468937610654105441
0.372000000000000219,-11.409206906575262153
0.373000000000000220,-11.349528359837071534
0.374000000000000221,-11.289913071336872719
0.375000000000000222,-11.230371553886950409
0.376000000000000223,-11.170913748554550438
0.377000000000000224,-11.111549041200479593
0.378000000000000225,-11.052286279169146965
0.379000000000000226,-10.993133788085362568
0.380000000000000226,-10.934099388715726064
0.381000000000000227,-10.875190413854694427
0.382000000000000228,-10.816413725197978835
0.383000000000000229,-10.757775730168052775
0.384000000000000230,-10.699282398658857218
0.385000000000000231,-10.640939279669058948
0.386000000000000232,-10.582751517795234264
0.387000000000000233,-10.524723869558460621
0.388000000000000234,-10.466860719539798907
0.389000000000000234,-10.409166096302174154
0.390000000000000235,-10.351643688077761141
0.391000000000000236,-10.294296858202175216
0.392000000000000237,-10.237128660278067116
0.393000000000000238,-10.180141853052786516
0.394000000000000239,-10.123338914995986926
0.395000000000000240,-10.066722058564890219
0.396000000000000241,-10.010293244146204472
0.397000000000000242,-9.954054193664996220
0.398000000000000242,-9.898006403852464885
0.399000000000000243,-9.842151159165386076
0.400000000000000244,-9.786489544351502090
0.401000000000000245,-9.731022456656152286
0.402000000000000246,-9.675750617666469822
0.403000000000000247,-9.620674584790478434
0.404000000000000248,-9.565794762369435489
0.405000000000000249,-9.511111412422611266
0.406000000000000250,-9.456624665024415677
0.407000000000000250,-9.402334528314842288
0.408000000000000251,-9.348240898144519306
0.409000000000000252,-9.294343567356786906
0.410000000000000253,-9.240642234709419256
0.411000000000000254,-9.187136513439517316
0.412000000000000255,-9.133825939475393341
0.413000000000000256,-9.080709979300007006
0.414000000000000257,-9.027788037470603655
0.415000000000000258,-8.975059463800050708
0.416000000000000258,-8.922523560205380733
0.417000000000000259,-8.870179587229554130
0.418000000000000260,-8.818026770242752832
0.419000000000000261,-8.766064305329695827
0.420000000000000262,-8.714291364869813705
0.421000000000000263,-8.662707102817309490
0.422000000000000264,-8.611310659688109936
0.423000000000000265,-8.560101167261233712
0.424000000000000266,-8.509077753001935918
0.425000000000000266,-8.458239544214134042
0.426000000000000267,-8.407585671929840743
0.427000000000000268,-8.357115274543229333
0.428000000000000269,-8.306827501197082242
0.429000000000000270,-8.256721514929429517
0.430000000000000271,-8.206796495588017493
0.431000000000000272,-8.157051642520471546
0.432000000000000273,-8.107486177047800169
0.433000000000000274,-8.058099344728942626
0.434000000000000274,-8.008890417423982555
0.435000000000000275,-7.959858695163563702
0.436000000000000276,-7.911003507832019110
0.437000000000000277,-7.862324216671574106
0.438000000000000278,-7.813820215614919462
0.439000000000000279,-7.765490932453404938
0.440000000000000280,-7.717335829847814743
0.441000000000000281,-7.669354406188775286
0.442000000000000282,-7.621546196313650157
0.443000000000000282,-7.573910772086470899
0.444000000000000283,-7.526447742847672373
0.445000000000000284,-7.479156755739898799
0.446000000000000285,-7.432037495916198111
0.447000000000000286,-7.385089686636841400
0.448000000000000287,-7.338313089260552147
0.449000000000000288,-7.291707503136196422
0.450000000000000289,-7.245272765400417647
0.451000000000000290,-7.199008750686877178
0.452000000000000290,-7.152915370752404911
0.453000000000000291,-7.106992574025250420
0.454000000000000292,-7.061240345080565639
0.455000000000000293,-7.015658704047915251
0.456000000000000294,-6.970247705955650019
0.457000000000000295,-6.925007440016658578
0.458000000000000296,-6.879938028859958088
0.459000000000000297,-6.835039627712424348
0.460000000000000298,-6.790312423534722086
0.461000000000000298,-6.745756634115485539
0.462000000000000299,-6.701372507127527633
0.463000000000000300,-6.657160319149778793
0.464000000000000301,-6.613120374658487677
0.465000000000000302,-6.569253004991085554
0.466000000000000303,-6.525558567285978384
0.467000000000000304,-6.482037443401331700
0.468000000000000305,-6.438690038815932049
0.469000000000000306,-6.395516781514869464
0.470000000000000306,-6.352518120862873374
0.471000000000000307,-6.309694526467782616
0.472000000000000308,-6.267046487036744828
0.473000000000000309,-6.224574509227403851
0.474000000000000310,-6.182279116496378180
0.475000000000000311,-6.140160847947074174
0.476000000000000312,-6.098220257179001180
0.477000000000000313,-6.056457911140286754
0.478000000000000314,-6.014874388985330000
0.479000000000000314,-5.973470280939299215
0.480000000000000315,-5.932246187170936658
0.481000000000000316,-5.891202716675350892
0.482000000000000317,-5.850340486168046361
0.483000000000000318,-5.809660118991620159
0.484000000000000319,-5.769162244036260212
0.485000000000000320,-5.728847494675308738
0.486000000000000321,-5.688716507716836013
0.487000000000000322,-5.648769922372286700
0.488000000000000322,-5.609008379243057618
0.489000000000000323,-5.569432519325909325
0.490000000000000324,-5.530042983037914084
0.491000000000000325,-5.490840409261681820
0.492000000000000326,-5.451825434411441407
0.493000000000000327,-5.412998691520642502
0.494000000000000328,-5.374360809351488300
0.495000000000000329,-5.335912411526940957
0.496000000000000330,-5.297654115685508813
0.497000000000000330,-5.259586532659272784
0.498000000000000331,-5.221710265675302054
0.499000000000000332,-5.184025909580890712
0.500000000000000333,-5.146534050092640200
0.501000000000000334,-5.109235263069662025
0.502000000000000335,-5.072130113810944252
0.503000000000000336,-5.035219156377062077
0.504000000000000337,-4.998502932936127685
0.505000000000000338,-4.961981973134109936
0.506000000000000338,-4.925656793489434193
0.507000000000000339,-4.889527896811808994
0.508000000000000340,-4.853595771645169421
0.509000000000000341,-4.817860891734691009
0.510000000000000342,-4.782323715517631690
0.511000000000000343,-4.746984685637885448
0.512000000000000344,-4.711844228484030950
0.513000000000000345,-4.676902753750675323
0.514000000000000346,-4.642160654022846167
0.515000000000000346,-4.607618304383157337
0.516000000000000347,-4.573276062041482071
0.517000000000000348,-4.539134265986887407
0.518000000000000349,-4.505193236661396483
0.519000000000000350,-4.471453275655425941
0.520000000000000351,-4.437914665424397498
0.521000000000000352,-4.404577669026316755
0.522000000000000353,-4.371442529879847605
0.523000000000000353,-4.338509471542556284
0.524000000000000354,-4.305778697509017761
0.525000000000000355,-4.273250391028236450
0.526000000000000356,-4.240924714940158324
0.527000000000000357,-4.208801811530772596
0.528000000000000358,-4.176881802405407740
0.529000000000000359,-4.145164788379863907
0.530000000000000360,-4.113650849388909236
0.531000000000000361,-4.082340044411759905
0.532000000000000361,-4.051232411414099843
0.533000000000000362,-4.020327967306251971
0.534000000000000363,-3.989626707917037329
0.535000000000000364,-3.959128607982927317
0.536000000000000365,-3.928833621152063138
0.537000000000000366,-3.898741680002713483
0.538000000000000367,-3.868852696075718800
0.539000000000000368,-3.839166559920599298
0.540000000000000369,-3.809683141154751151
0.541000000000000369,-3.780402288535480437
0.542000000000000370,-3.751323830044341889
0.543000000000000371,-3.722447572983405450
0.544000000000000372,-3.693773304083081577
0.545000000000000373,-3.665300789621046107
0.546000000000000374,-3.637029775551884114
0.547000000000000375,-3.608959987647048173
0.548000000000000376,-3.581091131644795755
0.549000000000000377,-3.553422893409624805
0.550000000000000377,-3.525954939100881091
0.551000000000000378,-3.498686915350162074
0.552000000000000379,-3.471618449447140708
0.553000000000000380,-3.444749149533417487
0.554000000000000381,-3.418078604804058784
0.555000000000000382,-3.391606385716512850
0.556000000000000383,-3.365332044206423401
0.557000000000000384,-3.339255113910178263
0.558000000000000385,-3.313375110393681044
0.559000000000000385,-3.287691531387157085
0.560000000000000386,-3.262203857025555376
0.561000000000000387,-3.236911550094325296
0.562000000000000388,-3.211814056280184015
0.563000000000000389,-3.186910804426603239
0.564000000000000390,-3.162201206793718633
0.565000000000000391,-3.137684659322355518
0.566000000000000392,-3.113360541901883494
0.567000000000000393,-3.089228218641661527
0.568000000000000393,-3.065287038145728893
0.569000000000000394,-3.041536333790531010
0.570000000000000395,-3.017975424005439056
0.571000000000000396,-2.994603612555709837
0.572000000000000397,-2.971420188827784692
0.573000000000000398,-2.948424428116541929
0.574000000000000399,-2.925615591914401570
0.575000000000000400,-2.902992928201935108
0.576000000000000401,-2.880555671739849721
0.577000000000000401,-2.858303044362104917
0.578000000000000402,-2.836234255269924898
0.579000000000000403,-2.814348501326533025
0.580000000000000404,-2.792644967352432950
0.581000000000000405,-2.771122826420992169
0.582000000000000406,-2.749781240154186346
0.583000000000000407,-2.728619359018308543
0.584000000000000408,-2.707636322619486613
0.585000000000000409,-2.686831259998823107
0.586000000000000409,-2.666203289927005393
0.587000000000000410,-2.645751521198239864
0.588000000000000411,-2.625475052923344599
0.589000000000000412,-2.605372974821873910
0.590000000000000413,-2.585444367513111352
0.591000000000000414,-2.565688302805825050
0.592000000000000415,-2.546103843986647242
0.593000000000000416,-2.526690046106938148
0.594000000000000417,-2.507445956268022691
0.595000000000000417,-2.488370613904747675
0.596000000000000418,-2.469463051067099624
0.597000000000000419,-2.450722292699981875
0.598000000000000420,-2.432147356920858705
0.599000000000000421,-2.413737255295310469
0.600000000000000422,-2.395490993110331424
0.601000000000000423,-2.377407569645318741
0.602000000000000424,-2.359485978440657661
0.603000000000000425,-2.341725207563825073
0.604000000000000425,-2.324124239872945807
0.605000000000000426,-2.306682053277711475
0.606000000000000427,-2.289397620997652094
0.607000000000000428,-2.272269911817575316
0.608000000000000429,-2.255297890340295375
0.609000000000000430,-2.238480517236395961
0.610000000000000431,-2.221816749491167364
0.611000000000000432,-2.205305540648507368
0.612000000000000433,-2.188945841051833874
0.613000000000000433,-2.172736598081961734
0.614000000000000434,-2.156676756391871841
0.615000000000000435,-2.140765258138336069
0.616000000000000436,-2.125001043210402507
0.617000000000000437,-2.109383049454694792
0.618000000000000438,-2.093910212897481138
0.619000000000000439,-2.078581467963482421
0.620000000000000440,-2.063395747691457061
0.621000000000000441,-2.048351983946468113
0.622000000000000441,-2.033449107628868546
0.623000000000000442,-2.018686048879958506
0.624000000000000443,-2.004061737284316358
0.625000000000000444,-1.989575102068809276
0.626000000000000445,-1.975225072298227191
0.627000000000000446,-1.961010577067599403
0.628000000000000447,-1.946930545691133219
0.629000000000000448,-1.932983907887806607
0.630000000000000449,-1.919169593963603093
0.631000000000000449,-1.905486534990381786
0.632000000000000450,-1.891933662981418296
0.633000000000000451,-1.878509911063585225
0.634000000000000452,-1.865214213646195329
0.635000000000000453,-1.852045506586522894
0.636000000000000454,-1.839002727351995770
0.637000000000000455,-1.826084815179093157
0.638000000000000456,-1.813290711228933372
0.639000000000000457,-1.800619358739594222
0.640000000000000457,-1.788069703175165781
0.641000000000000458,-1.775640692371540208
0.642000000000000459,-1.763331276679009907
0.643000000000000460,-1.751140409101596962
0.644000000000000461,-1.739067045433251746
0.645000000000000462,-1.727110144390847868
0.646000000000000463,-1.715268667744025421
0.647000000000000464,-1.703541580441934045
0.648000000000000465,-1.691927850736861583
0.649000000000000465,-1.680426450304782104
0.650000000000000466,-1.669036354362871677
0.651000000000000467,-1.657756541783980797
0.652000000000000468,-1.646585995208125652
0.653000000000000469,-1.635523701150995990
0.654000000000000470,-1.624568650109542656
0.655000000000000471,-1.613719836664636365
0.656000000000000472,-1.602976259580850993
0.657000000000000473,-1.592336921903390046
0.658000000000000473,-1.581800831052203593
0.659000000000000474,-1.571366998913302560
0.660000000000000475,-1.561034441927324323
0.661000000000000476,-1.550802181175353178
0.662000000000000477,-1.540669242462071820
0.663000000000000478,-1.530634656396222981
0.664000000000000479,-1.520697458468470709
0.665000000000000480,-1.510856689126623964
0.666000000000000481,-1.501111393848349573
0.667000000000000481,-1.491460623211292802
0.668000000000000482,-1.481903432960768319
0.669000000000000483,-1.472438884074927179
0.670000000000000484,-1.463066042827537494
0.671000000000000485,-1.453783980848348367
0.672000000000000486,-1.444591775181099491
0.673000000000000487,-1.435488508339214375
0.674000000000000488,-1.426473268359180979
0.675000000000000488,-1.417545148851681924
0.676000000000000489,-1.408703249050528239
0.677000000000000490,-1.399946673859354673
0.678000000000000491,-1.391274533896203813
0.679000000000000492,-1.382685945535970351
0.680000000000000493,-1.374180030950756137
0.681000000000000494,-1.365755918148189307
0.682000000000000495,-1.357412741007705481
0.683000000000000496,-1.349149639314866755
0.684000000000000496,-1.340965758793711604
0.685000000000000497,-1.332860251137202301
0.686000000000000498,-1.324832274035782964
0.687000000000000499,-1.316880991204095519
0.688000000000000500,-1.309005572405861795
0.689000000000000501,-1.301205193477011246
0.690000000000000502,-1.293479036347038313
0.691000000000000503,-1.285826289058648042
0.692000000000000504,-1.278246145785713939
0.693000000000000504,-1.270737806849605800
0.694000000000000505,-1.263300478733854648
0.695000000000000506,-1.255933374097275568
0.696000000000000507,-1.248635711785507585
0.697000000000000508,-1.241406716841026769
0.698000000000000509,-1.234245620511690511
0.699000000000000510,-1.227151660257782329
0.700000000000000511,-1.220124079757657798
0.701000000000000512,-1.213162128911968951
0.702000000000000512,-1.206265063846521768
0.703000000000000513,-1.199432146913791630
0.704000000000000514,-1.192662646693127382
0.705000000000000515,-1.185955837989669082
0.706000000000000516,-1.179311001832010541
0.707000000000000517,-1.172727425468643059
0.708000000000000518,-1.166204402363182124
0.709000000000000519,-1.159741232188457039
0.710000000000000520,-1.153337220819418363
0.711000000000000520,-1.146991680324963792
0.712000000000000521,-1.140703928958657798
0.713000000000000522,-1.134473291148389018
0.714000000000000523,-1.128299097485014002
0.715000000000000524,-1.122180684709951581
0.716000000000000525,-1.116117395701844872
0.717000000000000526,-1.110108579462223188
0.718000000000000527,-1.104153591100248466
0.719000000000000528,-1.098251791816551970
0.720000000000000528,-1.092402548886199920
0.721000000000000529,-1.086605235640761613
0.722000000000000530,-1.080859231449595503
0.723000000000000531,-1.075163921700271974
0.724000000000000532,-1.069518697778236938
0.725000000000000533,-1.063922957045711160
0.726000000000000534,-1.058376102819814646
0.727000000000000535,-1.052877544350007799
0.728000000000000536,-1.047426696794798273
0.729000000000000536,-1.042022981197794573
0.730000000000000537,-1.036665824463089525
0.731000000000000538,-1.031354659330002699
0.732000000000000539,-1.026088924347218656
0.733000000000000540,-1.020868063846320561
0.734000000000000541,-1.015691527914744929
0.735000000000000542,-1.010558772368181701
0.736000000000000543,-1.005469258722445192
0.737000000000000544,-1.000422454164806796
0.738000000000000544,-0.995417831524850527
0.739000000000000545,-0.990454869244820402
0.740000000000000546,-0.985533051349527289
0.741000000000000547,-0.980651867415782919
0.742000000000000548,-0.975810812541444195
0.743000000000000549,-0.971009387313995886
0.744000000000000550,-0.966247097778769382
0.745000000000000551,-0.961523455406778416
0.746000000000000552,-0.956837977062177658
0.747000000000000552,-0.952190184969394338
0.748000000000000553,-0.947579606679905040
0.749000000000000554,-0.943005775038708416
0.750000000000000555,-0.938468228150499906
0.751000000000000556,-0.933966509345542484
0.752000000000000557,-0.929500167145288714
0.753000000000000558,-0.925068755227710482
0.754000000000000559,-0.920671832392422118
0.755000000000000560,-0.916308962525537063
0.756000000000000560,-0.911979714564335020
0.757000000000000561,-0.907683662461701291
0.758000000000000562,-0.903420385150377592
0.759000000000000563,-0.899189466507051671
0.760000000000000564,-0.894990495316251078
0.761000000000000565,-0.890823065234103595
0.762000000000000566,-0.886686774751937357
0.763000000000000567,-0.882581227159759729
0.764000000000000568,-0.878506030509598745
0.765000000000000568,-0.874460797578761495
0.766000000000000569,-0.870445145832958067
0.767000000000000570,-0.866458697389369981
0.768000000000000571,-0.862501078979596492
0.769000000000000572,-0.858571921912588243
0.770000000000000573,-0.854670862037465340
0.771000000000000574,-0.850797539706325212
0.772000000000000575,-0.846951599736987526
0.773000000000000576,-0.843132691375717336
0.774000000000000576,-0.839340468259919148
0.775000000000000577,-0.835574588380831429
0.776000000000000578,-0.831834714046187251
0.777000000000000579,-0.828120511842916018
0.778000000000000580,-0.824431652599817100
0.779000000000000581,-0.820767811350281873
0.780000000000000582,-0.817128667295021871
0.781000000000000583,-0.813513903764847335
0.782000000000000584,-0.809923208183475296
0.783000000000000584,-0.806356272030383736
0.784000000000000585,-0.802812790803737242
0.785000000000000586,-0.799292463983349299
0.786000000000000587,-0.795794994993739402
0.787000000000000588,-0.792320091167247664
0.788000000000000589,-0.788867463707224825
0.789000000000000590,-0.785436827651335823
0.790000000000000591,-0.782027901834925876
0.791000000000000592,-0.778640408854501698
0.792000000000000592,-0.775274075031315846
0.793000000000000593,-0.771928630375047775
0.794000000000000594,-0.768603808547615786
0.795000000000000595,-0.765299346827105653
0.796000000000000596,-0.762014986071798406
0.797000000000000597,-0.758750470684369849
0.798000000000000598,-0.755505548576187014
0.799000000000000599,-0.752279971131758485
0.800000000000000600,-0.749073493173328275
0.801000000000000600,-0.745885872925609927
0.802000000000000601,-0.742716871980670934
0.803000000000000602,-0.739566255262974925
0.804000000000000603,-0.736433790994586168
0.805000000000000604,-0.733319250660526833
0.806000000000000605,-0.730222408974291914
0.807000000000000606,-0.727143043843563430
0.808000000000000607,-0.724080936336059300
0.809000000000000608,-0.721035870645577281
0.810000000000000608,-0.718007634058224986
0.811000000000000609,-0.714996016918797328
0.812000000000000610,-0.712000812597381350
0.813000000000000611,-0.709021817456103487
0.814000000000000612,-0.706058830816098104
0.815000000000000613,-0.703111654924661877
0.816000000000000614,-0.700180094922573493
0.817000000000000615,-0.697263958811647488
0.818000000000000616,-0.694363057422467955
0.819000000000000616,-0.691477204382316857
0.820000000000000617,-0.688606216083306188
0.821000000000000618,-0.685749911650723853
0.822000000000000619,-0.682908112911585263
0.823000000000000620,-0.680080644363369013
0.824000000000000621,-0.677267333142982819
0.825000000000000622,-0.674468008995937618
0.826000000000000623,-0.671682504245726508
0.827000000000000624,-0.668910653763417073
0.828000000000000624,-0.666152294937461198
0.829000000000000625,-0.663407267643714271
0.830000000000000626,-0.660675414215677104
0.831000000000000627,-0.657956579414950449
0.832000000000000628,-0.655250610401916456
0.833000000000000629,-0.652557356706617964
0.834000000000000630,-0.649876670199881490
0.835000000000000631,-0.647208405064647274
0.836000000000000631,-0.644552417767521479
0.837000000000000632,-0.641908567030558430
0.838000000000000633,-0.639276713803248908
0.839000000000000634,-0.636656721234744150
0.840000000000000635,-0.634048454646307103
0.841000000000000636,-0.631451781503961751
0.842000000000000637,-0.628866571391405782
0.843000000000000638,-0.626292695983101444
0.844000000000000639,-0.623730029017629972
0.845000000000000639,-0.621178446271247409
0.846000000000000640,-0.618637825531664909
0.847000000000000641,-0.616108046572073409
0.848000000000000642,-0.613588991125362693
0.849000000000000643,-0.611080542858583486
0.850000000000000644,-0.608582587347640924
0.851000000000000645,-0.606095012052177973
0.852000000000000646,-0.603617706290724199
0.853000000000000647,-0.601150561216039492
0.854000000000000647,-0.598693469790684718
0.855000000000000648,-0.596246326762823298
0.856000000000000649,-0.593809028642242609
0.857000000000000650,-0.591381473676591440
0.858000000000000651,-0.588963561827838489
0.859000000000000652,-0.586555194748957787
0.860000000000000653,-0.584156275760835397
0.861000000000000654,-0.581766709829379614
0.862000000000000655,-0.579386403542875073
0.863000000000000655,-0.577015265089526941
0.864000000000000656,-0.574653204235251569
0.865000000000000657,-0.572300132301654219
0.866000000000000658,-0.569955962144249706
0.867000000000000659,-0.567620608130884663
0.868000000000000660,-0.565293986120368075
0.869000000000000661,-0.562976013441330636
0.870000000000000662,-0.560666608871284944
0.871000000000000663,-0.558365692615910847
0.872000000000000663,-0.556073186288530419
0.873000000000000664,-0.553789012889816634
0.874000000000000665,-0.551513096787691226
0.875000000000000666,-0.549245363697447919
0.876000000000000667,-0.546985740662068176
0.877000000000000668,-0.544734156032750882
0.878000000000000669,-0.542490539449651199
0.879000000000000670,-0.540254821822807041
0.880000000000000671,-0.538026935313291377
0.881000000000000671,-0.535806813314543051
0.882000000000000672,-0.533594390433920429
0.883000000000000673,-0.531389602474436118
0.884000000000000674,-0.529192386416705629
0.885000000000000675,-0.527002680401076562
0.886000000000000676,-0.524820423709975281
0.887000000000000677,-0.522645556750429119
0.888000000000000678,-0.520478021036789307
0.889000000000000679,-0.518317759173654635
0.890000000000000679,-0.516164714838973970
0.891000000000000680,-0.514018832767349498
0.892000000000000681,-0.511880058733521937
0.893000000000000682,-0.509748339536045925
0.894000000000000683,-0.507623622981149603
0.895000000000000684,-0.505505857866789254
0.896000000000000685,-0.503394993966875370
0.897000000000000686,-0.501290982015685893
0.898000000000000687,-0.499193773692469811
0.899000000000000687,-0.497103321606215176
0.900000000000000688,-0.495019579280605970
0.901000000000000689,-0.492942501139156608
0.902000000000000690,-0.490872042490523186
0.903000000000000691,-0.488808159513983764
0.904000000000000692,-0.486750809245096672
0.905000000000000693,-0.484699949561532506
0.906000000000000694,-0.482655539169077941
0.907000000000000695,-0.480617537587797183
0.908000000000000695,-0.478585905138387002
0.909000000000000696,-0.476560602928668309
0.910000000000000697,-0.474541592840271254
0.911000000000000698,-0.472528837515463707
0.912000000000000699,-0.470522300344154654
0.913000000000000700,-0.468521945451062571
0.914000000000000701,-0.466527737683022636
0.915000000000000702,-0.464539642596487057
0.916000000000000703,-0.462557626445150416
0.917000000000000703,-0.460581656167755482
0.918000000000000704,-0.458611699376038628
0.919000000000000705,-0.456647724342834849
0.920000000000000706,-0.454689699990342422
0.921000000000000707,-0.452737595878522470
0.922000000000000708,-0.450791382193661050
0.923000000000000709,-0.448851029737084961
0.924000000000000710,-0.446916509913998450
0.925000000000000711,-0.444987794722501995
0.926000000000000711,-0.443064856742723667
0.927000000000000712,-0.441147669126114195
0.928000000000000713,-0.439236205584872974
0.929000000000000714,-0.437330440381526908
0.930000000000000715,-0.435430348318628091
0.931000000000000716,-0.433535904728609922
0.932000000000000717,-0.431647085463770785
0.933000000000000718,-0.429763866886392176
0.934000000000000719,-0.427886225858994274
0.935000000000000719,-0.426014139734723407
0.936000000000000720,-0.424147586347870309
0.937000000000000721,-0.422286544004516817
0.938000000000000722,-0.420430991473318361
0.939000000000000723,-0.418580907976406125
0.940000000000000724,-0.416736273180420114
0.941000000000000725,-0.414897067187665669
0.942000000000000726,-0.413063270527399440
0.943000000000000727,-0.411234864147224488
0.944000000000000727,-0.409411829404625505
0.945000000000000728,-0.407594148058612049
0.946000000000000729,-0.405781802261477864
0.947000000000000730,-0.403974774550691140
0.948000000000000731,-0.402173047840886977
0.949000000000000732,-0.400376605415990183
0.950000000000000733,-0.398585430921433559
0.951000000000000734,-0.396799508356513342
0.952000000000000735,-0.395018822066834197
0.953000000000000735,-0.393243356736868999
0.954000000000000736,-0.391473097382643631
0.955000000000000737,-0.389708029344512819
0.956000000000000738,-0.387948138280051313
0.957000000000000739,-0.386193410157047279
0.958000000000000740,-0.384443831246603918
0.959000000000000741,-0.382699388116339356
0.960000000000000742,-0.380960067623702214
0.961000000000000743,-0.379225856909368109
0.962000000000000743,-0.377496743390751399
0.963000000000000744,-0.375772714755612691
0.964000000000000745,-0.374053758955769478
0.965000000000000746,-0.372339864200888493
0.966000000000000747,-0.370631018952388258
0.967000000000000748,-0.368927211917429720
0.968000000000000749,-0.367228432043011033
0.969000000000000750,-0.365534668510132277
0.970000000000000751,-0.363845910728082589
0.971000000000000751,-0.362162148328787625
0.972000000000000752,-0.360483371161262167
0.973000000000000753,-0.358809569286162811
0.974000000000000754,-0.357140732970396779
0.975000000000000755,-0.355476852681845534
0.976000000000000756,-0.353817919084162824
0.977000000000000757,-0.352163923031653003
0.978000000000000758,-0.350514855564237615
0.979000000000000759,-0.348870707902513844
0.980000000000000759,-0.347231471442868700
0.981000000000000760,-0.345597137752701122
0.982000000000000761,-0.343967698565713020
0.983000000000000762,-0.342343145777268543
0.984000000000000763,-0.340723471439845826
0.985000000000000764,-0.339108667758563076
0.986000000000000765,-0.337498727086771866
0.987000000000000766,-0.335893641921730657
0.988000000000000766,-0.334293404900351310
0.989000000000000767,-0.332698008795027200
0.990000000000000768,-0.331107446509517289
0.991000000000000769,-0.329521711074908907
0.992000000000000770,-0.327940795645652539
0.993000000000000771,-0.326364693495672431
0.994000000000000772,-0.324793398014523393
0.995000000000000773,-0.323226902703644847
0.996000000000000774,-0.321665201172654569
0.997000000000000774,-0.320108287135728364
0.998000000000000775,-0.318556154408032088
0.999000000000000776,-0.317008796902225609
1.000000000000000666,-0.315466208625024058
1.001000000000000778,-0.313928383673830413
1.002000000000000668,-0.312395316233418652
1.003000000000000780,-0.310867000572683627
1.004000000000000670,-0.309343431041456840
1.005000000000000782,-0.307824602067369557
1.006000000000000671,-0.306310508152788652
1.007000000000000783,-0.304801143871790359
1.008000000000000673,-0.303296503867214517
1.009000000000000785,-0.301796582847759398
1.010000000000000675,-0.300301375585137642
1.011000000000000787,-0.298810876911280054
1.012000000000000677,-0.297325081715610950
1.013000000000000789,-0.295843984942356863
1.014000000000000679,-0.294367581587914651
1.015000000000000790,-0.292895866698279828
1.016000000000000680,-0.291428835366519479
1.017000000000000792,-0.289966482730285580
1.018000000000000682,-0.288508803969400929
1.019000000000000794,-0.287055794303472778
1.020000000000000684,-0.285607448989568968
1.021000000000000796,-0.284163763319933316
1.022000000000000686,-0.282724732619751395
1.023000000000000798,-0.281290352244964736
1.024000000000000687,-0.279860617580126536
1.025000000000000799,-0.278435524036306281
1.026000000000000689,-0.277015067049037333
1.027000000000000801,-0.275599242076307038
1.028000000000000691,-0.274188044596593461
1.029000000000000803,-0.272781470106940815
1.030000000000000693,-0.271379514121079801
1.031000000000000805,-0.269982172167589352
1.032000000000000695,-0.268589439788093964
1.033000000000000806,-0.267201312535513824
1.034000000000000696,-0.265817785972339793
1.035000000000000808,-0.264438855668953643
1.036000000000000698,-0.263064517201986814
1.037000000000000810,-0.261694766152729463
1.038000000000000700,-0.260329598105546289
1.039000000000000812,-0.258969008646357413
1.040000000000000702,-0.257612993361148124
1.041000000000000814,-0.256261547834509495
1.042000000000000703,-0.254914667648209858
1.043000000000000815,-0.253572348379819013
1.044000000000000705,-0.252234585601351202
1.045000000000000817,-0.250901374877939287
1.046000000000000707,-0.249572711766558486
1.047000000000000819,-0.248248591814769937
1.048000000000000709,-0.246929010559491319
1.049000000000000821,-0.245613963525820184
1.050000000000000711,-0.244303446225862059
1.051000000000000822,-0.242997454157613202
1.052000000000000712,-0.241695982803857012
1.053000000000000824,-0.240399027631091972
1.054000000000000714,-0.239106584088501994
1.055000000000000826,-0.237818647606937328
1.056000000000000716,-0.236535213597940080
1.057000000000000828,-0.235256277452781715
1.058000000000000718,-0.233981834541540978
1.059000000000000830,-0.232711880212203764
1.060000000000000719,-0.231446409789790947
1.061000000000000831,-0.230185418575503842
1.062000000000000721,-0.228928901845911470
1.063000000000000833,-0.227676854852151944
1.064000000000000723,-0.226429272819155425
1.065000000000000835,-0.225186150944900992
1.066000000000000725,-0.223947484399698860
1.067000000000000837,-0.222713268325475611
1.068000000000000727,-0.221483497835117504
1.069000000000000838,-0.220258168011798816
1.070000000000000728,-0.219037273908362889
1.071000000000000840,-0.217820810546708182
1.072000000000000730,-0.216608772917202763
1.073000000000000842,-0.215401155978117764
1.074000000000000732,-0.214197954655079403
1.075000000000000844,-0.212999163840550038
1.076000000000000734,-0.211804778393322124
1.077000000000000846,-0.210614793138028944
1.078000000000000735,-0.209429202864689495
1.079000000000000847,-0.208248002328252607
1.080000000000000737,-0.207071186248182049
1.081000000000000849,-0.205898749308035006
1.082000000000000739,-0.204730686155082026
1.083000000000000851,-0.203566991399931618
1.084000000000000741,-0.202407659616177765
1.085000000000000853,-0.201252685340058385
1.086000000000000743,-0.200102063070139474
1.087000000000000854,-0.198955787267008133
1.088000000000000744,-0.197813852352991842
1.089000000000000856,-0.196676252711874666
1.090000000000000746,-0.195542982688652639
1.091000000000000858,-0.194414036589291683
1.092000000000000748,-0.193289408680497848
1.093000000000000860,-0.192169093189512197
1.094000000000000750,-0.191053084303910908
1.095000000000000862,-0.189941376171427173
1.096000000000000751,-0.188833962899783714
1.097000000000000863,-0.187730838556533886
1.098000000000000753,-0.186631997168930419
1.099000000000000865,-0.185537432723793361
1.100000000000000755,-0.184447139167393220
1.101000000000000867,-0.183361110405353661
1.102000000000000757,-0.182279340302564929
1.103000000000000869,-0.181201822683104335
1.104000000000000759,-0.180128551330166642
1.105000000000000870,-0.179059519986021709
1.106000000000000760,-0.177994722351963036
1.107000000000000872,-0.176934152088283253
1.108000000000000762,-0.175877802814256079
1.109000000000000874,-0.174825668108122056
1.110000000000000764,-0.173777741507096128
1.111000000000000876,-0.172734016507375410
1.112000000000000766,-0.171694486564165139
1.113000000000000878,-0.170659145091710041
1.114000000000000767,-0.169627985463339070
1.115000000000000879,-0.168601001011510432
1.116000000000000769,-0.167578185027878857
1.117000000000000881,-0.166559530763361413
1.118000000000000771,-0.165545031428219164
1.119000000000000883,-0.164534680192143873
1.120000000000000773,-0.163528470184354596
1.121000000000000885,-0.162526394493697685
1.122000000000000774,-0.161528446168764078
1.123000000000000886,-0.160534618218006797
1.124000000000000776,-0.159544903609873223
1.125000000000000888,-0.158559295272930861
1.126000000000000778,-0.157577786096019135
1.127000000000000890,-0.156600368928400985
1.128000000000000780,-0.155627036579907452
1.129000000000000892,-0.154657781821114532
1.130000000000000782,-0.153692597383507601
1.131000000000000894,-0.152731475959658747
1.132000000000000783,-0.151774410203410370
1.133000000000000895,-0.150821392730070503
1.134000000000000785,-0.149872416116591356
1.135000000000000897,-0.148927472901795255
1.136000000000000787,-0.147986555586560570
1.137000000000000899,-0.147049656634046066
1.138000000000000789,-0.146116768469902236
1.139000000000000901,-0.145187883482504165
1.140000000000000790,-0.144262994023171998
1.141000000000000902,-0.143342092406399835
1.142000000000000792,-0.142425170910109117
1.143000000000000904,-0.141512221775878688
1.144000000000000794,-0.140603237209201981
1.145000000000000906,-0.139698209379724242
1.146000000000000796,-0.138797130421519366
1.147000000000000908,-0.137899992433333035
1.148000000000000798,-0.137006787478857250
1.149000000000000909,-0.136117507586995423
1.150000000000000799,-0.135232144752132133
1.151000000000000689,-0.134350690934413874
1.152000000000000801,-0.133473138060028307
1.153000000000000913,-0.132599478021483697
1.154000000000000803,-0.131729702677897714
1.155000000000000693,-0.130863803855284566
1.156000000000000805,-0.130001773346855032
1.157000000000000917,-0.129143602913300015
1.158000000000000806,-0.128289284283102795
1.159000000000000696,-0.127438809152828209
1.160000000000000808,-0.126592169187434073
1.161000000000000920,-0.125749356020575437
1.162000000000000810,-0.124910361254916571
1.163000000000000700,-0.124075176462435960
1.164000000000000812,-0.123243793184748360
1.165000000000000924,-0.122416202933412016
1.166000000000000814,-0.121592397190256427
1.167000000000000703,-0.120772367407692191
1.168000000000000815,-0.119956105009043787
1.169000000000000927,-0.119143601388862416
1.170000000000000817,-0.118334847913263569
1.171000000000000707,-0.117529835920239217
1.172000000000000819,-0.116728556720003193
1.173000000000000931,-0.115931001595309197
1.174000000000000821,-0.115137161801788013
1.175000000000000711,-0.114347028568278747
1.176000000000000822,-0.113560593097165555
1.177000000000000934,-0.112777846564708462
1.178000000000000824,-0.111998780121385047
1.179000000000000714,-0.111223384892223165
1.180000000000000826,-0.110451651977146154
1.181000000000000938,-0.109683572451303959
1.182000000000000828,-0.108919137365418833
1.183000000000000718,-0.108158337746127070
1.184000000000000830,-0.107401164596317128
1.185000000000000941,-0.106647608895470564
1.186000000000000831,-0.105897661600012988
1.187000000000000721,-0.105151313643645494
1.188000000000000833,-0.104408555937700639
1.189000000000000945,-0.103669379371477688
1.190000000000000835,-0.102933774812591999
1.191000000000000725,-0.102201733107310913
1.192000000000000837,-0.101473245080916111
1.193000000000000949,-0.100748301538025539
1.194000000000000838,-0.100026893262959909
1.195000000000000728,-0.099309011020070989
1.196000000000000840,-0.098594645554096000
1.197000000000000952,-0.097883787590502466
1.198000000000000842,-0.097176427835824863
1.199000000000000732,-0.096472556978021859
1.200000000000000844,-0.095772165686803828
1.201000000000000956,-0.095075244613994275
1.202000000000000846,-0.094381784393860108
1.203000000000000735,-0.093691775643464897
1.204000000000000847,-0.093005208962999825
1.205000000000000959,-0.092322074936141446
1.206000000000000849,-0.091642364130379128
1.207000000000000739,-0.090966067097362963
1.208000000000000851,-0.090293174373244814
1.209000000000000963,-0.089623676479017339
1.210000000000000853,-0.088957563920853522
1.211000000000000743,-0.088294827190442390
1.212000000000000854,-0.087635456765332159
1.213000000000000966,-0.086979443109260868
1.214000000000000856,-0.086326776672503075
1.215000000000000746,-0.085677447892188410
1.216000000000000858,-0.085031447192656345
1.217000000000000970,-0.084388764985772219
1.218000000000000860,-0.083749391671269074
1.219000000000000750,-0.083113317637078993
1.220000000000000862,-0.082480533259659622
1.221000000000000973,-0.081851028904325399
1.222000000000000863,-0.081224794925579796
1.223000000000000753,-0.080601821667434195
1.224000000000000865,-0.079982099463743989
1.225000000000000977,-0.079365618638525912
1.226000000000000867,-0.078752369506285655
1.227000000000000757,-0.078142342372339635
1.228000000000000869,-0.077535527533131199
1.229000000000000981,-0.076931915276565579
1.230000000000000870,-0.076331495882308739
1.231000000000000760,-0.075734259622118633
1.232000000000000872,-0.075140196760159511
1.233000000000000984,-0.074549297553307775
1.234000000000000874,-0.073961552251480350
1.235000000000000764,-0.073376951097930576
1.236000000000000876,-0.072795484329570281
1.237000000000000988,-0.072217142177271987
1.238000000000000878,-0.071641914866183570
1.239000000000000767,-0.071069792616025820
1.240000000000000879,-0.070500765641403104
1.241000000000000991,-0.069934824152104197
1.242000000000000881,-0.069371958353403568
1.243000000000000771,-0.068812158446363347
1.244000000000000883,-0.068255414628126093
1.245000000000000995,-0.067701717092221475
1.246000000000000885,-0.067151056028851894
1.247000000000000774,-0.066603421625190729
1.248000000000000886,-0.066058804065672688
1.249000000000000998,-0.065517193532285786
1.250000000000000888,-0.064978580204859943
1.251000000000000778,-0.064442954261350868
1.252000000000000890,-0.063910305878129750
1.253000000000001002,-0.063380625230260473
1.254000000000000892,-0.062853902491791167
1.255000000000000782,-0.062330127836026053
1.256000000000000894,-0.061809291435804992
1.257000000000001005,-0.061291383463785445
1.258000000000000895,-0.060776394092714216
1.259000000000000785,-0.060264313495695644
1.260000000000000897,-0.059755131846472999
1.261000000000001009,-0.059248839319691250
1.262000000000000899,-0.058745426091166564
1.263000000000000789,-0.058244882338151206
1.264000000000000901,-0.057747198239604135
1.265000000000001013,-0.057252363976444197
1.266000000000000902,-0.056760369731817105
1.267000000000000792,-0.056271205691353354
1.268000000000000904,-0.055784862043424165
1.269000000000001016,-0.055301328979396616
1.270000000000000906,-0.054820596693891166
1.271000000000000796,-0.054342655385027562
1.272000000000000908,-0.053867495254676399
1.273000000000001020,-0.053395106508709822
1.274000000000000909,-0.052925479357245876
1.275000000000000799,-0.052458604014889741
1.276000000000000911,-0.051994470700983654
1.277000000000001023,-0.051533069639838371
1.278000000000000913,-0.051074391060980925
1.279000000000000803,-0.050618425199382068
1.280000000000000915,-0.050165162295704321
1.281000000000001027,-0.049714592596516768
1.282000000000000917,-0.049266706354545699
1.283000000000000806,-0.048821493828889430
1.284000000000000918,-0.048378945285256020
1.285000000000001030,-0.047939050996180205
1.286000000000000920,-0.047501801241256726
1.287000000000000810,-0.047067186307351419
1.288000000000000922,-0.046635196488833970
1.289000000000001034,-0.046205822087784829
1.290000000000000924,-0.045779053414214711
1.291000000000000814,-0.045354880786288153
1.292000000000000925,-0.044933294530519821
1.293000000000001037,-0.044514284982001162
1.294000000000000927,-0.044097842484599303
1.295000000000000817,-0.043683957391169592
1.296000000000000929,-0.043272620063756297
1.297000000000001041,-0.042863820873798010
1.298000000000000931,-0.042457550202334063
1.299000000000000821,-0.042053798440196556
1.300000000000000933,-0.041652555988211645
1.301000000000001044,-0.041253813257397194
1.302000000000000934,-0.040857560669153171
1.303000000000000824,-0.040463788655459867
1.304000000000000936,-0.040072487659058999
1.305000000000001048,-0.039683648133653535
1.306000000000000938,-0.039297260544089864
1.307000000000000828,-0.038913315366537776
1.308000000000000940,-0.038531803088678970
1.309000000000001052,-0.038152714209892725
1.310000000000000941,-0.037776039241427826
1.311000000000000831,-0.037401768706581760
1.312000000000000943,-0.037029893140876055
1.313000000000001055,-0.036660403092241889
1.314000000000000945,-0.036293289121175687
1.315000000000000835,-0.035928541800918957
1.316000000000000947,-0.035566151717626324
1.317000000000001059,-0.035206109470534028
1.318000000000000949,-0.034848405672119429
1.319000000000000838,-0.034493030948273537
1.320000000000000950,-0.034139975938455136
1.321000000000001062,-0.033789231295852075
1.322000000000000952,-0.033440787687544882
1.323000000000000842,-0.033094635794656969
1.324000000000000954,-0.032750766312515431
1.325000000000001066,-0.032409169950795985
1.326000000000000956,-0.032069837433685293
1.327000000000000846,-0.031732759500020288
1.328000000000000957,-0.031397926903444805
1.329000000000001069,-0.031065330412547110
1.330000000000000959,-0.030734960811015212
1.331000000000000849,-0.030406808897770719
1.332000000000000961,-0.030080865487111620
1.333000000000001073,-0.029757121408855426
1.334000000000000963,-0.029435567508477523
1.335000000000000853,-0.029116194647240513
1.336000000000000965,-0.028798993702336784
1.337000000000001076,-0.028483955567017456
1.338000000000000966,-0.028171071150722503
1.339000000000000856,-0.027860331379217118
1.340000000000000968,-0.027551727194709379
1.341000000000001080,-0.027245249555985458
1.342000000000000970,-0.026940889438530874
1.343000000000000860,-0.026638637834653166
1.344000000000000972,-0.026338485753604209
1.345000000000001084,-0.026040424221705306
1.346000000000000973,-0.025744444282455335
1.347000000000000863,-0.025450536996656659
1.348000000000000975,-0.025158693442524405
1.349000000000001087,-0.024868904715806217
1.350000000000000977,-0.024581161929888191
1.351000000000000867,-0.024295456215914110
1.352000000000000979,-0.024011778722880621
1.353000000000001091,-0.023730120617760812
1.354000000000000981,-0.023450473085602122
1.355000000000000870,-0.023172827329627714
1.356000000000000982,-0.022897174571347965
1.357000000000001094,-0.022623506050657809
1.358000000000000984,-0.022351813025934638
1.359000000000000874,-0.022082086774140967
1.360000000000000986,-0.021814318590919625
1.361000000000001098,-0.021548499790693319
1.362000000000000988,-0.021284621706749673
1.363000000000000878,-0.021022675691343300
1.364000000000000989,-0.020762653115787930
1.365000000000001101,-0.020504545370536260
1.366000000000000991,-0.020248343865277806
1.367000000000000881,-0.019994040029023656
1.368000000000000993,-0.019741625310191819
1.369000000000001105,-0.019491091176691434
1.370000000000000995,-0.019242429116005495
1.371000000000000885,-0.018995630635273077
1.372000000000000997,-0.018750687261371253
1.373000000000001108,-0.018507590540994743
1.374000000000000998,-0.018266332040721176
1.375000000000000888,-0.018026903347110292
1.376000000000001000,-0.017789296066757280
1.377000000000001112,-0.017553501826379964
1.378000000000001002,-0.017319512272883111
1.379000000000000892,-0.017087319073434470
1.380000000000001004,-0.016856913915530736
1.381000000000001116,-0.016628288507071775
1.382000000000001005,-0.016401434576419245
1.383000000000000895,-0.016176343872468999
1.384000000000001007,-0.015953008164714108
1.385000000000001119,-0.015731419243307530
1.386000000000001009,-0.015511568919125801
1.387000000000000899,-0.015293449023822792
1.388000000000001011,-0.015077051409905761
1.389000000000001123,-0.014862367950773170
1.390000000000001013,-0.014649390540787699
1.391000000000000902,-0.014438111095322947
1.392000000000001014,-0.014228521550824191
1.393000000000001126,-0.014020613864857746
1.394000000000001016,-0.013814380016168564
1.395000000000000906,-0.013609812004725535
1.396000000000001018,-0.013406901851772918
1.397000000000001130,-0.013205641599883595
1.398000000000001020,-0.013006023313004222
1.399000000000000909,-0.012808039076499158
1.400000000000001021,-0.012611680997199720
1.401000000000001133,-0.012416941203449328
1.402000000000001023,-0.012223811845143233
1.403000000000000913,-0.012032285093771519
1.404000000000001025,-0.011842353142463314
1.405000000000001137,-0.011654008206024254
1.406000000000001027,-0.011467242520974561
1.407000000000000917,-0.011282048345593444
1.408000000000001029,-0.011098417959943143
1.409000000000001140,-0.010916343665920652
1.410000000000001030,-0.010735817787279150
1.411000000000000920,-0.010556832669668944
1.412000000000001032,-0.010379380680667800
1.413000000000001144,-0.010203454209813733
1.414000000000001034,-0.010029045668635541
1.415000000000000924,-0.009856147490679089
1.416000000000001036,-0.009684752131542036
1.417000000000001148,-0.009514852068899102
1.418000000000001037,-0.009346439802525662
1.419000000000000927,-0.009179507854326819
1.420000000000001039,-0.009014048768360216
1.421000000000001151,-0.008850055110864744
1.422000000000001041,-0.008687519470276149
1.423000000000000931,-0.008526434457253415
1.424000000000001043,-0.008366792704699918
1.425000000000001155,-0.008208586867781243
1.426000000000001044,-0.008051809623945942
1.427000000000000934,-0.007896453672946075
1.428000000000001046,-0.007742511736849905
1.429000000000001158,-0.007589976560058702
1.430000000000001048,-0.007438840909327840
1.431000000000000938,-0.007289097573776418
1.432000000000001050,-0.007140739364902948
1.433000000000001162,-0.006993759116598006
1.434000000000001052,-0.006848149685155560
1.435000000000000941,-0.006703903949287553
1.436000000000001053,-0.006561014810130697
1.437000000000001165,-0.006419475191253897
1.438000000000001055,-0.006279278038678456
1.439000000000000945,-0.006140416320872431
1.440000000000001057,-0.006002883028766523
1.441000000000001169,-0.005866671175753374
1.442000000000001059,-0.005731773797701935
1.443000000000000949,-0.005598183952957033
1.444000000000001060,-0.005465894722343067
1.445000000000001172,-0.005334899209167313
1.446000000000001062,-0.005205190539228203
1.447000000000000952,-0.005076761860806000
1.448000000000001064,-0.004949606344674492
1.449000000000001176,-0.004823717184098732
1.450000000000001066,-0.004699087594827204
1.451000000000000956,-0.004575710815099165
1.452000000000001068,-0.004453580105641671
1.453000000000001180,-0.004332688749662113
1.454000000000001069,-0.004213030052849439
1.455000000000000959,-0.004094597343368059
1.456000000000001071,-0.003977383971851730
1.457000000000001183,-0.003861383311404456
1.458000000000001073,-0.003746588757587750
1.459000000000000963,-0.003632993728413531
1.460000000000001075,-0.003520591664342450
1.461000000000001187,-0.003409376028269302
1.462000000000001076,-0.003299340305523040
1.463000000000000966,-0.003190478003847184
1.464000000000001078,-0.003082782653393137
1.465000000000001190,-0.002976247806718309
1.466000000000001080,-0.002870867038757810
1.467000000000000970,-0.002766633946828553
1.468000000000001082,-0.002663542150609236
1.469000000000001194,-0.002561585292125929
1.470000000000001084,-0.002460757035742956
1.471000000000000973,-0.002361051068143088
1.472000000000001085,-0.002262461098319847
1.473000000000001197,-0.002164980857556095
1.474000000000001087,-0.002068604099409893
1.475000000000000977,-0.001973324599695191
1.476000000000001089,-0.001879136156471325
1.477000000000001201,-0.001786032590019859
1.478000000000001091,-0.001694007742825133
1.479000000000000981,-0.001603055479561724
1.480000000000001092,-0.001513169687066318
1.481000000000001204,-0.001424344274326225
1.482000000000001094,-0.001336573172453093
1.483000000000000984,-0.001249850334666514
1.484000000000001096,-0.001164169736269547
1.485000000000001208,-0.001079525374622475
1.486000000000001098,-0.000995911269132757
1.487000000000000988,-0.000913321461219057
1.488000000000001100,-0.000831750014292792
1.489000000000001211,-0.000751191013737256
1.490000000000001101,-0.000671638566879793
1.491000000000000991,-0.000593086802963151
1.492000000000001103,-0.000515529873130419
1.493000000000001215,-0.000438961950389834
1.494000000000001105,-0.000363377229590506
1.495000000000000995,-0.000288769927397898
1.496000000000001107,-0.000215134282266038
1.497000000000001219,-0.000142464554407917
1.498000000000001108,-0.000070755025770520
1.499000000000000998,0.000000000000000000
