# Au-001-PEG_BSAI17
# h[nm],U(h)[kJ/mol]
0.149999999999999994,73.694984033587644490
0.150999999999999995,71.742845102984034611
0.151999999999999996,70.002478745977512631
0.152999999999999997,68.311607238602576331
0.153999999999999998,66.617057908146733780
0.154999999999999999,64.914646409051584897
0.156000000000000000,63.217502139528662042
0.157000000000000001,61.540890935257742456
0.158000000000000002,59.896155241503791444
0.159000000000000002,58.289338029086309234
0.160000000000000003,56.721925001943510836
0.161000000000000004,55.192298665163981752
0.162000000000000005,53.697196541707299389
0.163000000000000006,52.232870883840504916
0.164000000000000007,50.795868942955607395
0.165000000000000008,49.383463312876401119
0.166000000000000009,47.993807370362489451
0.167000000000000010,46.625900566072459696
0.168000000000000010,45.279440139926180109
0.169000000000000011,43.954620296389414591
0.170000000000000012,42.651922872946371967
0.171000000000000013,41.371928077990887118
0.172000000000000014,40.115161242168554168
0.173000000000000015,38.881982013482357274
0.174000000000000016,37.672515806106900982
0.175000000000000017,36.486623126701786646
0.176000000000000018,35.323900123062550449
0.177000000000000018,34.183702823946063631
0.178000000000000019,33.065187628085581650
0.179000000000000020,31.967361299175600209
0.180000000000000021,30.889134758426486371
0.181000000000000022,29.829376137355826160
0.182000000000000023,28.786959722981229959
0.183000000000000024,27.760808507198163397
0.184000000000000025,26.749928991402647682
0.185000000000000026,25.753437673585615642
0.186000000000000026,24.770579254715880069
0.187000000000000027,23.800737053426441747
0.188000000000000028,22.843436429564253132
0.189000000000000029,21.898342208613851056
0.190000000000000030,20.965251192079726650
0.191000000000000031,20.044080854715069506
0.192000000000000032,19.134855287396682400
0.193000000000000033,18.237689361497064766
0.194000000000000034,17.352771981230812770
0.195000000000000034,16.480349166457635590
0.196000000000000035,15.620707579143125798
0.197000000000000036,14.774158979203207309
0.198000000000000037,13.941025974926597897
0.199000000000000038,13.121629323072710349
0.200000000000000039,12.316276936214300974
0.201000000000000040,11.525254670987987282
0.202000000000000041,10.748818900853958525
0.203000000000000042,9.987190820350660303
0.204000000000000042,9.240552383823542826
0.205000000000000043,8.509043749086533381
0.206000000000000044,7.792762074145407780
0.207000000000000045,7.091761501608459639
0.208000000000000046,6.406054159361242561
0.209000000000000047,5.735612006168146593
0.210000000000000048,5.080369355850892887
0.211000000000000049,4.440225922458686192
0.212000000000000050,3.815050240382583446
0.213000000000000050,3.204683326808548394
0.214000000000000051,2.608942468498312017
0.215000000000000052,2.027625030014176488
0.216000000000000053,1.460512195652291068
0.217000000000000054,0.907372572112844389
0.218000000000000055,0.367965593003706015
0.219000000000000056,-0.157955320582675529
0.220000000000000057,-0.670639877123684225
0.221000000000000058,-1.170338332181080521
0.222000000000000058,-1.657299219566758186
0.223000000000000059,-2.131767400950470570
0.224000000000000060,-2.593982431520338583
0.225000000000000061,-3.044177233294983242
0.226000000000000062,-3.482577062775519039
0.227000000000000063,-3.909398755736411601
0.228000000000000064,-4.324850228995961388
0.229000000000000065,-4.729130216889027238
0.230000000000000066,-5.122428218787508314
0.231000000000000066,-5.504924633288786673
0.232000000000000067,-5.876791054523751612
0.233000000000000068,-6.238190706340525971
0.234000000000000069,-6.589278990815353509
0.235000000000000070,-6.930204128553914877
0.236000000000000071,-7.261107869506057355
0.237000000000000072,-7.582126254465036297
0.238000000000000073,-7.893390409002135399
0.239000000000000073,-8.195027353252198665
0.240000000000000074,-8.487160812675677235
0.241000000000000075,-8.769912016639224817
0.242000000000000076,-9.043400473353329971
0.243000000000000077,-9.307744711356132683
0.244000000000000078,-9.563062979317598078
0.245000000000000079,-9.809473897442579471
0.246000000000000080,-10.047097055162868884
0.247000000000000081,-10.276053551119838758
0.248000000000000081,-10.496466472643557921
0.249000000000000082,-10.708461313030102957
0.250000000000000111,-10.912166325904674835
0.251000000000000112,-11.107712816834785841
0.252000000000000113,-11.295235373129241196
0.253000000000000114,-11.474872033425643991
0.254000000000000115,-11.646764399240504773
0.255000000000000115,-11.811057691132877068
0.256000000000000116,-11.967900752523881636
0.257000000000000117,-12.117446004525236347
0.258000000000000118,-12.259849355365947332
0.259000000000000119,-12.395270068175998190
0.260000000000000120,-12.523870590993988472
0.261000000000000121,-12.645816352918789249
0.262000000000000122,-12.761275530330808081
0.263000000000000123,-12.870418787070510902
0.264000000000000123,-12.973418992387715676
0.265000000000000124,-13.070450920368887893
0.266000000000000125,-13.161690934417162424
0.267000000000000126,-13.247316660204953465
0.268000000000000127,-13.327506650346810702
0.269000000000000128,-13.402440043853641072
0.270000000000000129,-13.472296223232850920
0.271000000000000130,-13.537254471895446173
0.272000000000000131,-13.597493634322884049
0.273000000000000131,-13.653191781236809987
0.274000000000000132,-13.704525881805619036
0.275000000000000133,-13.751671484714941940
0.276000000000000134,-13.794802409726532488
0.277000000000000135,-13.834090451152594170
0.278000000000000136,-13.869705094482402075
0.279000000000000137,-13.901813247215113023
0.280000000000000138,-13.930578984778202667
0.281000000000000139,-13.956163312245848829
0.282000000000000139,-13.978723942415607340
0.283000000000000140,-13.998415090655791815
0.284000000000000141,-14.015387286799855460
0.285000000000000142,-14.029787204238118647
0.286000000000000143,-14.041757506241186348
0.287000000000000144,-14.051436709443066775
0.288000000000000145,-14.058959064316047360
0.289000000000000146,-14.064454452381728089
0.290000000000000147,-14.068048299825443692
0.291000000000000147,-14.069861507111735222
0.292000000000000148,-14.070010394138336096
0.293000000000000149,-14.068606660413133014
0.294000000000000150,-14.065757359694027073
0.295000000000000151,-14.061564888493439440
0.296000000000000152,-14.056126987818274188
0.297000000000000153,-14.049536757491498662
0.298000000000000154,-14.041882682382246017
0.299000000000000155,-14.033248669858101820
0.300000000000000155,-14.023714097764619524
0.301000000000000156,-14.013353872232949371
0.302000000000000157,-14.002238494616912945
0.303000000000000158,-13.990434136864612569
0.304000000000000159,-13.978002724637054399
0.305000000000000160,-13.965002027496570491
0.306000000000000161,-13.951485755500964814
0.307000000000000162,-13.937503661554682566
0.308000000000000163,-13.923101648885610970
0.309000000000000163,-13.908321883035643651
0.310000000000000164,-13.893202907773599009
0.311000000000000165,-13.877779764361179105
0.312000000000000166,-13.862084113625666504
0.313000000000000167,-13.846144360316831268
0.314000000000000168,-13.829985779249728495
0.315000000000000169,-13.813630642760179157
0.316000000000000170,-13.797098349024576436
0.317000000000000171,-13.780405550820802318
0.318000000000000171,-13.763566284332114265
0.319000000000000172,-13.746592097621151751
0.320000000000000173,-13.729492178425250160
0.321000000000000174,-13.712273480949175308
0.322000000000000175,-13.694940851354852285
0.323000000000000176,-13.677497151671108355
0.324000000000000177,-13.659943381869151580
0.325000000000000178,-13.642278799871537132
0.326000000000000179,-13.624501039283794412
0.327000000000000179,-13.606606224658392534
0.328000000000000180,-13.588589084120737738
0.329000000000000181,-13.570443059205828717
0.330000000000000182,-13.552160411772353754
0.331000000000000183,-13.533732327878857049
0.332000000000000184,-13.515149018522489399
0.333000000000000185,-13.496399817157413992
0.334000000000000186,-13.477473273924115205
0.335000000000000187,-13.458357246535516794
0.336000000000000187,-13.439038987778923584
0.337000000000000188,-13.419505229604965280
0.338000000000000189,-13.399742263787013385
0.339000000000000190,-13.379736019144996106
0.340000000000000191,-13.359472135337711052
0.341000000000000192,-13.338936033237583700
0.342000000000000193,-13.318112981909953518
0.343000000000000194,-13.296988162227581398
0.344000000000000195,-13.275546727157893301
0.345000000000000195,-13.253773858767761595
0.346000000000000196,-13.231654821996233551
0.347000000000000197,-13.209175015251593877
0.348000000000000198,-13.186320017893763179
0.349000000000000199,-13.163075634667743330
0.350000000000000200,-13.139427937157602599
0.351000000000000201,-13.115363302334012374
0.352000000000000202,-13.090868448271276492
0.353000000000000203,-13.065930467112456981
0.354000000000000203,-13.040536855363274782
0.355000000000000204,-13.014675541597165775
0.356000000000000205,-12.988334911655508463
0.357000000000000206,-12.961503831427958033
0.358000000000000207,-12.934171667298375752
0.359000000000000208,-12.906328304342867597
0.360000000000000209,-12.877964162366037471
0.361000000000000210,-12.849070209861855218
0.362000000000000210,-12.819637975985136435
0.363000000000000211,-12.789659560619144330
0.364000000000000212,-12.759127642624097376
0.365000000000000213,-12.728035486350503191
0.366000000000000214,-12.696376946500135929
0.367000000000000215,-12.664146471416369621
0.368000000000000216,-12.631339104884219182
0.369000000000000217,-12.597950486518842084
0.370000000000000218,-12.563976850819994269
0.371000000000000218,-12.529415024967978098
0.372000000000000219,-12.494262425435012531
0.373000000000000220,-12.458517053484296611
0.374000000000000221,-12.422177489626861302
0.375000000000000222,-12.385242887104578102
0.376000000000000223,-12.347712964465831220
0.377000000000000224,-12.309587997298084616
0.378000000000000225,-12.270868809179802383
0.379000000000000226,-12.231556761912003140
0.380000000000000226,-12.191653745087830174
0.381000000000000227,-12.151162165056167197
0.382000000000000228,-12.110084933333713053
0.383000000000000229,-12.068425454517528905
0.384000000000000230,-12.026187613748060556
0.385000000000000231,-11.983375763770951039
0.386000000000000232,-11.939994711643517888
0.387000000000000233,-11.896049705130087304
0.388000000000000234,-11.851546418828331042
0.389000000000000234,-11.806490940066909801
0.390000000000000235,-11.760889754612627200
0.391000000000000236,-11.714749732223824097
0.392000000000000237,-11.668078112084494080
0.393000000000000238,-11.620882488152261658
0.394000000000000239,-11.573170794451225873
0.395000000000000240,-11.524951290339341625
0.396000000000000241,-11.476232545778131566
0.397000000000000242,-11.427023426630983138
0.398000000000000242,-11.377333080014814470
0.399000000000000243,-11.327170919728278164
0.400000000000000244,-11.276546611778197615
0.401000000000000245,-11.225470060024687058
0.402000000000000246,-11.173951391963806046
0.403000000000000247,-11.122000944665424882
0.404000000000000248,-11.069629250882659477
0.405000000000000249,-11.016847025348058153
0.406000000000000250,-10.963665151270383546
0.407000000000000250,-10.910094667044880623
0.408000000000000251,-10.856146753188710363
0.409000000000000252,-10.801832719512258763
0.410000000000000253,-10.747163992535874399
0.411000000000000254,-10.692152103160868393
0.412000000000000255,-10.636808674602423963
0.413000000000000256,-10.581145410591414446
0.414000000000000257,-10.525174083851066342
0.415000000000000258,-10.468906524853863971
0.416000000000000258,-10.412354610863033599
0.417000000000000259,-10.355530255262490158
0.418000000000000260,-10.298445397178289440
0.419000000000000261,-10.241111991393955449
0.420000000000000262,-10.183541998561597808
0.421000000000000263,-10.125747375709980957
0.422000000000000264,-10.067740067050186425
0.423000000000000265,-10.009531995079107958
0.424000000000000266,-9.951135051980402935
0.425000000000000266,-9.892561091322090050
0.426000000000000267,-9.833821920049580001
0.427000000000000268,-9.774929290772549351
0.428000000000000269,-9.715894894343584554
0.429000000000000270,-9.656730352726331290
0.430000000000000271,-9.597447212150344242
0.431000000000000272,-9.538056936549789810
0.432000000000000273,-9.478570901282632022
0.433000000000000274,-9.419000387126832408
0.434000000000000274,-9.359356574549778429
0.435000000000000275,-9.299650538246988063
0.436000000000000276,-9.239893241945901892
0.437000000000000277,-9.180095533470355562
0.438000000000000278,-9.120268140061345008
0.439000000000000279,-9.060421663949277615
0.440000000000000280,-9.000566578172987775
0.441000000000000281,-8.940713222640596314
0.442000000000000282,-8.880871800427254215
0.443000000000000282,-8.821052374304533927
0.444000000000000283,-8.761264863496483812
0.445000000000000284,-8.701519040656977566
0.446000000000000285,-8.641824529063097060
0.447000000000000286,-8.582190800019350974
0.448000000000000287,-8.522627170467179880
0.449000000000000288,-8.463142800794575038
0.450000000000000289,-8.403746692840295296
0.451000000000000290,-8.344447688087408110
0.452000000000000290,-8.285254466040719024
0.453000000000000291,-8.226175542782746319
0.454000000000000292,-8.167219269702986395
0.455000000000000293,-8.108393832395030643
0.456000000000000294,-8.049707249716396618
0.457000000000000295,-7.991167373005795938
0.458000000000000296,-7.932781885452624415
0.459000000000000297,-7.874558301613667766
0.460000000000000298,-7.816503967071755099
0.461000000000000298,-7.758626058231584466
0.462000000000000299,-7.700931582247593887
0.463000000000000300,-7.643427377079052398
0.464000000000000301,-7.586120111667613131
0.465000000000000302,-7.529016286232542043
0.466000000000000303,-7.472122232678975351
0.467000000000000304,-7.415444115114622647
0.468000000000000305,-7.358987930470445527
0.469000000000000306,-7.302759509220851264
0.470000000000000306,-7.246764516199180939
0.471000000000000307,-7.191008451504011134
0.472000000000000308,-7.135496651492454490
0.473000000000000309,-7.080234289856053742
0.474000000000000310,-7.025226378775525582
0.475000000000000311,-6.970477770150310448
0.476000000000000312,-6.915993156899284955
0.477000000000000313,-6.861777074328735182
0.478000000000000314,-6.807833901564118051
0.479000000000000314,-6.754167863042050968
0.480000000000000315,-6.700783030059002776
0.481000000000000316,-6.647683322373490356
0.482000000000000317,-6.594872509858335619
0.483000000000000318,-6.542354214200001294
0.484000000000000319,-6.490131910641747659
0.485000000000000320,-6.438208929767741395
0.486000000000000321,-6.386588459325151845
0.487000000000000322,-6.335273546081429785
0.488000000000000322,-6.284267097713970962
0.489000000000000323,-6.233571884729636636
0.490000000000000324,-6.183190542411447055
0.491000000000000325,-6.133125572790023128
0.492000000000000326,-6.083379346637300067
0.493000000000000327,-6.033954105480308527
0.494000000000000328,-5.984851963632637606
0.495000000000000329,-5.936074910241523561
0.496000000000000330,-5.887624811348381115
0.497000000000000330,-5.839503411960834001
0.498000000000000331,-5.791712338134208160
0.499000000000000332,-5.744253099060744994
0.500000000000000333,-5.697127089164593094
0.501000000000000334,-5.650335590200922908
0.502000000000000335,-5.603879773357482108
0.503000000000000336,-5.557760701357000066
0.504000000000000337,-5.511979330558892443
0.505000000000000338,-5.466536513058786184
0.506000000000000338,-5.421432998784494472
0.507000000000000339,-5.376669437587056066
0.508000000000000340,-5.332246381325537854
0.509000000000000341,-5.288164285944457532
0.510000000000000342,-5.244423513542519899
0.511000000000000343,-5.201024334431670226
0.512000000000000344,-5.157966929185290539
0.513000000000000345,-5.115251390674623089
0.514000000000000346,-5.072877726092384520
0.515000000000000346,-5.030845858962706529
0.516000000000000347,-4.989155631136460656
0.517000000000000348,-4.947806804771301969
0.518000000000000349,-4.906799064295422674
0.519000000000000350,-4.866132018354543121
0.520000000000000351,-4.825805201741241390
0.521000000000000352,-4.785818077306111640
0.522000000000000353,-4.746170037850085954
0.523000000000000353,-4.706860407997319307
0.524000000000000354,-4.667888446048236162
0.525000000000000355,-4.629253345812077036
0.526000000000000356,-4.590954238418610167
0.527000000000000357,-4.552990194108567756
0.528000000000000358,-4.515360224002326284
0.529000000000000359,-4.478063281846615951
0.530000000000000360,-4.441098265738801842
0.531000000000000361,-4.404464019828521870
0.532000000000000361,-4.368159335996361747
0.533000000000000362,-4.332182955509359168
0.534000000000000363,-4.296533570653115142
0.535000000000000364,-4.261209826340285112
0.536000000000000365,-4.226210321695343275
0.537000000000000366,-4.191533611615460231
0.538000000000000367,-4.157178208307310996
0.539000000000000368,-4.123142582799856015
0.540000000000000369,-4.089425166432842040
0.541000000000000369,-4.056024352321149884
0.542000000000000370,-4.022938496794798091
0.543000000000000371,-3.990165920814679801
0.544000000000000372,-3.957704911363998601
0.545000000000000373,-3.925553722815438906
0.546000000000000374,-3.893710578274065970
0.547000000000000375,-3.862173670896031918
0.548000000000000376,-3.830941165183184616
0.549000000000000377,-3.800011198253589129
0.550000000000000377,-3.769381881088079034
0.551000000000000378,-3.739051299752976121
0.552000000000000379,-3.709017516599045994
0.553000000000000380,-3.679278571436848555
0.554000000000000381,-3.649832482688586843
0.555000000000000382,-3.620677248516682933
0.556000000000000383,-3.591810847929095551
0.557000000000000384,-3.563231241861736898
0.558000000000000385,-3.534936374237966472
0.559000000000000385,-3.506924173005526058
0.560000000000000386,-3.479192551150967372
0.561000000000000387,-3.451739407691869044
0.562000000000000388,-3.424562628646986351
0.563000000000000389,-3.397660087984589516
0.564000000000000390,-3.371029648549183300
0.565000000000000391,-3.344669162966847686
0.566000000000000392,-3.318576474529409293
0.567000000000000393,-3.292749418057717925
0.568000000000000393,-3.267185820744211266
0.569000000000000394,-3.241883502975046127
0.570000000000000395,-3.216840279132069380
0.571000000000000396,-3.192053958374780454
0.572000000000000397,-3.167522345402672634
0.573000000000000398,-3.143243241198079740
0.574000000000000399,-3.119214443749892318
0.575000000000000400,-3.095433748758320114
0.576000000000000401,-3.071898950321001465
0.577000000000000401,-3.048607841600756707
0.578000000000000402,-3.025558215475159241
0.579000000000000403,-3.002747865168274188
0.580000000000000404,-2.980174584864800469
0.581000000000000405,-2.957836170306876955
0.582000000000000406,-2.935730419373826727
0.583000000000000407,-2.913855132645097878
0.584000000000000408,-2.892208113946703296
0.585000000000000409,-2.870787170881381023
0.586000000000000409,-2.849590115342756746
0.587000000000000410,-2.828614764013813065
0.588000000000000411,-2.807858938849864039
0.589000000000000412,-2.787320467546367642
0.590000000000000413,-2.766997183991779519
0.591000000000000414,-2.746886928705767783
0.592000000000000415,-2.726987549263010902
0.593000000000000416,-2.707296900702856668
0.594000000000000417,-2.687812845925076299
0.595000000000000417,-2.668533256072054716
0.596000000000000418,-2.649456010897513814
0.597000000000000419,-2.630578999122221262
0.598000000000000420,-2.611900118776751434
0.599000000000000421,-2.593417277531691933
0.600000000000000422,-2.575128393015446271
0.601000000000000423,-2.557031393119938656
0.602000000000000424,-2.539124216294438519
0.603000000000000425,-2.521404811827736570
0.604000000000000425,-2.503871140118949956
0.605000000000000426,-2.486521172937142588
0.606000000000000427,-2.469352893670064830
0.607000000000000428,-2.452364297562126261
0.608000000000000429,-2.435553391941997603
0.609000000000000430,-2.418918196439892476
0.610000000000000431,-2.402456743194904210
0.611000000000000432,-2.386167077052508745
0.612000000000000433,-2.370047255752507187
0.613000000000000433,-2.354095350107623386
0.614000000000000434,-2.338309444172956386
0.615000000000000435,-2.322687635406479600
0.616000000000000436,-2.307228034820834939
0.617000000000000437,-2.291928767126616417
0.618000000000000438,-2.276787970867320432
0.619000000000000439,-2.261803798546165645
0.620000000000000440,-2.246974416745026293
0.621000000000000441,-2.232298006235603260
0.622000000000000441,-2.217772762083086047
0.623000000000000442,-2.203396893742441520
0.624000000000000443,-2.189168625147541292
0.625000000000000444,-2.175086194793329319
0.626000000000000445,-2.161147855811154095
0.627000000000000446,-2.147351876037495888
0.628000000000000447,-2.133696538076233828
0.629000000000000448,-2.120180139354629123
0.630000000000000449,-2.106800992173197606
0.631000000000000449,-2.093557423749620838
0.632000000000000450,-2.080447776256890258
0.633000000000000451,-2.067470406855809184
0.634000000000000452,-2.054623687722025416
0.635000000000000453,-2.041906006067755186
0.636000000000000454,-2.029315764158328150
0.637000000000000455,-2.016851379323735927
0.638000000000000456,-2.004511283965283219
0.639000000000000457,-1.992293925557537593
0.640000000000000457,-1.980197766645680701
0.641000000000000458,-1.968221284838401530
0.642000000000000459,-1.956362972796502175
0.643000000000000460,-1.944621338217287221
0.644000000000000461,-1.932994903814942989
0.645000000000000462,-1.921482207296961509
0.646000000000000463,-1.910081801336781071
0.647000000000000464,-1.898792253542754382
0.648000000000000465,-1.887612146423560899
0.649000000000000465,-1.876540077350174140
0.650000000000000466,-1.865574658514526307
0.651000000000000467,-1.854714516884947484
0.652000000000000468,-1.843958294158516864
0.653000000000000469,-1.833304646710421704
0.654000000000000470,-1.822752245540444793
0.655000000000000471,-1.812299776216660607
0.656000000000000472,-1.801945938816460924
0.657000000000000473,-1.791689447865001839
0.658000000000000473,-1.781529032271178536
0.659000000000000474,-1.771463435261203312
0.660000000000000475,-1.761491414309907855
0.661000000000000476,-1.751611741069826422
0.662000000000000477,-1.741823201298191792
0.663000000000000478,-1.732124594781878857
0.664000000000000479,-1.722514735260447294
0.665000000000000480,-1.712992450347276430
0.666000000000000481,-1.703556581448988583
0.667000000000000481,-1.694205983683106265
0.668000000000000482,-1.684939525794163728
0.669000000000000483,-1.675756090068214466
0.670000000000000484,-1.666654572245908739
0.671000000000000485,-1.657633881434154022
0.672000000000000486,-1.648692940016455166
0.673000000000000487,-1.639830683562006897
0.674000000000000488,-1.631046060733570169
0.675000000000000488,-1.622338033194234752
0.676000000000000489,-1.613705575513137758
0.677000000000000490,-1.605147675070138558
0.678000000000000491,-1.596663331959592647
0.679000000000000492,-1.588251558893224002
0.680000000000000493,-1.579911381102165668
0.681000000000000494,-1.571641836238252932
0.682000000000000495,-1.563441974274574875
0.683000000000000496,-1.555310857405389990
0.684000000000000496,-1.547247559945404527
0.685000000000000497,-1.539251168228506383
0.686000000000000498,-1.531320780505986301
0.687000000000000499,-1.523455506844282770
0.688000000000000500,-1.515654469022309048
0.689000000000000501,-1.507916800428417137
0.690000000000000502,-1.500241645957017367
0.691000000000000503,-1.492628161904912876
0.692000000000000504,-1.485075515867378737
0.693000000000000504,-1.477582886634056347
0.694000000000000505,-1.470149464084632651
0.695000000000000506,-1.462774449084432771
0.696000000000000507,-1.455457053379888066
0.697000000000000508,-1.448196499493945133
0.698000000000000509,-1.440992020621462810
0.699000000000000510,-1.433842860524586538
0.700000000000000511,-1.426748273428191771
0.701000000000000512,-1.419707523915371583
0.702000000000000512,-1.412719886823030624
0.703000000000000513,-1.405784647137610532
0.704000000000000514,-1.398901099890965227
0.705000000000000515,-1.392068550056416942
0.706000000000000516,-1.385286312445027868
0.707000000000000517,-1.378553711602104048
0.708000000000000518,-1.371870081703939759
0.709000000000000519,-1.365234766454884952
0.710000000000000520,-1.358647118984669833
0.711000000000000520,-1.352106501746088485
0.712000000000000521,-1.345612286413021996
0.713000000000000522,-1.339163853778817526
0.714000000000000523,-1.332760593655085923
0.715000000000000524,-1.326401904770859730
0.716000000000000525,-1.320087194672229236
0.717000000000000526,-1.313815879622383109
0.718000000000000527,-1.307587384502115757
0.719000000000000528,-1.301401142710820080
0.720000000000000528,-1.295256596067976496
0.721000000000000529,-1.289153194715110917
0.722000000000000530,-1.283090397018327611
0.723000000000000531,-1.277067669471326994
0.724000000000000532,-1.271084486598995200
0.725000000000000533,-1.265140330861557860
0.726000000000000534,-1.259234692559274116
0.727000000000000535,-1.253367069737753248
0.728000000000000536,-1.247536968093823528
0.729000000000000536,-1.241743900882039453
0.730000000000000537,-1.235987388821781607
0.731000000000000538,-1.230266960004977150
0.732000000000000539,-1.224582149804464226
0.733000000000000540,-1.218932500782986983
0.734000000000000541,-1.213317562602835853
0.735000000000000542,-1.207736891936138202
0.736000000000000543,-1.202190052375830875
0.737000000000000544,-1.196676614347269352
0.738000000000000544,-1.191196155020539660
0.739000000000000545,-1.185748258223424667
0.740000000000000546,-1.180332514355073359
0.741000000000000547,-1.174948520300340693
0.742000000000000548,-1.169595879344856204
0.743000000000000549,-1.164274201090743643
0.744000000000000550,-1.158983101373070035
0.745000000000000551,-1.153722202177006606
0.746000000000000552,-1.148491131555677169
0.747000000000000552,-1.143289523548734365
0.748000000000000553,-1.138117018101638234
0.749000000000000554,-1.132973260985655983
0.750000000000000555,-1.127857903718585408
0.751000000000000556,-1.122770603486180852
0.752000000000000557,-1.117711023064327680
0.753000000000000558,-1.112678830741900882
0.754000000000000559,-1.107673700244387716
0.755000000000000560,-1.102695310658199368
0.756000000000000560,-1.097743346355734229
0.757000000000000561,-1.092817496921141052
0.758000000000000562,-1.087917457076815086
0.759000000000000563,-1.083042926610631618
0.760000000000000564,-1.078193610303877614
0.761000000000000565,-1.073369217859925673
0.762000000000000566,-1.068569463833618061
0.763000000000000567,-1.063794067561375289
0.764000000000000568,-1.059042753092015010
0.765000000000000568,-1.054315249118311204
0.766000000000000569,-1.049611288909235496
0.767000000000000570,-1.044930610242948088
0.768000000000000571,-1.040272955340455940
0.769000000000000572,-1.035638070800037891
0.770000000000000573,-1.031025707532317037
0.771000000000000574,-1.026435620696087625
0.772000000000000575,-1.021867569634809403
0.773000000000000576,-1.017321317813821846
0.774000000000000576,-1.012796632758239168
0.775000000000000577,-1.008293285991564536
0.776000000000000578,-1.003811052974953544
0.777000000000000579,-0.999349713047213539
0.778000000000000580,-0.994909049365443443
0.779000000000000581,-0.990488848846384107
0.780000000000000582,-0.986088902108427923
0.781000000000000583,-0.981709003414313663
0.782000000000000584,-0.977348950614484457
0.783000000000000584,-0.973008545091107457
0.784000000000000585,-0.968687591702771522
0.785000000000000586,-0.964385898729816837
0.786000000000000587,-0.960103277820351098
0.787000000000000588,-0.955839543936889080
0.788000000000000589,-0.951594515303639477
0.789000000000000590,-0.947368013354458860
0.790000000000000591,-0.943159862681409833
0.791000000000000592,-0.938969890983973321
0.792000000000000592,-0.934797929018883700
0.793000000000000593,-0.930643810550577655
0.794000000000000594,-0.926507372302282972
0.795000000000000595,-0.922388453907710071
0.796000000000000596,-0.918286897863341167
0.797000000000000597,-0.914202549481353821
0.798000000000000598,-0.910135256843122464
0.799000000000000599,-0.906084870753322003
0.800000000000000600,-0.902051244694628607
0.801000000000000600,-0.898034234783004037
0.802000000000000601,-0.894033699723551178
0.803000000000000602,-0.890049500766964874
0.804000000000000603,-0.886081501666545535
0.805000000000000604,-0.882129568635783179
0.806000000000000605,-0.878193570306485372
0.807000000000000606,-0.874273377687503683
0.808000000000000607,-0.870368864123967079
0.809000000000000608,-0.866479905257090843
0.810000000000000608,-0.862606378984531297
0.811000000000000609,-0.858748165421246767
0.812000000000000610,-0.854905146860938103
0.813000000000000611,-0.851077207737968022
0.814000000000000612,-0.847264234589842347
0.815000000000000613,-0.843466116020196166
0.816000000000000614,-0.839682742662278159
0.817000000000000615,-0.835914007142962268
0.818000000000000616,-0.832159804047265750
0.819000000000000616,-0.828420029883342735
0.820000000000000617,-0.824694583047984819
0.821000000000000618,-0.820983363792615606
0.822000000000000619,-0.817286274189767070
0.823000000000000620,-0.813603218100016790
0.824000000000000621,-0.809934101139415441
0.825000000000000622,-0.806278830647385925
0.826000000000000623,-0.802637315655074901
0.827000000000000624,-0.799009466854168071
0.828000000000000624,-0.795395196566160423
0.829000000000000625,-0.791794418712072567
0.830000000000000626,-0.788207048782615827
0.831000000000000627,-0.784633003808791973
0.832000000000000628,-0.781072202332940835
0.833000000000000629,-0.777524564380193794
0.834000000000000630,-0.773990011430375047
0.835000000000000631,-0.770468466390314299
0.836000000000000631,-0.766959853566573369
0.837000000000000632,-0.763464098638596322
0.838000000000000633,-0.759981128632243541
0.839000000000000634,-0.756510871893750325
0.840000000000000635,-0.753053258064077191
0.841000000000000636,-0.749608218053635755
0.842000000000000637,-0.746175684017437946
0.843000000000000638,-0.742755589330589161
0.844000000000000639,-0.739347868564189326
0.845000000000000639,-0.735952457461600762
0.846000000000000640,-0.732569292915076220
0.847000000000000641,-0.729198312942775817
0.848000000000000642,-0.725839456666118932
0.849000000000000643,-0.722492664287508690
0.850000000000000644,-0.719157877068419049
0.851000000000000645,-0.715835037307796962
0.852000000000000646,-0.712524088320851456
0.853000000000000647,-0.709224974418153020
0.854000000000000647,-0.705937640885073381
0.855000000000000648,-0.702662033961569565
0.856000000000000649,-0.699398100822286706
0.857000000000000650,-0.696145789556986694
0.858000000000000651,-0.692905049151288699
0.859000000000000652,-0.689675829467739865
0.860000000000000653,-0.686458081227190986
0.861000000000000654,-0.683251755990468390
0.862000000000000655,-0.680056806140374226
0.863000000000000655,-0.676873184863958643
0.864000000000000656,-0.673700846135112830
0.865000000000000657,-0.670539744697431161
0.866000000000000658,-0.667389836047383223
0.867000000000000659,-0.664251076417757935
0.868000000000000660,-0.661123422761385249
0.869000000000000661,-0.658006832735144820
0.870000000000000662,-0.654901264684242035
0.871000000000000663,-0.651806677626760700
0.872000000000000663,-0.648723031238465753
0.873000000000000664,-0.645650285837891524
0.874000000000000665,-0.642588402371665035
0.875000000000000666,-0.639537342400106734
0.876000000000000667,-0.636497068083067719
0.877000000000000668,-0.633467542166019193
0.878000000000000669,-0.630448727966398836
0.879000000000000670,-0.627440589360175216
0.880000000000000671,-0.624443090768678766
0.881000000000000671,-0.621456197145639377
0.882000000000000672,-0.618479873964486560
0.883000000000000673,-0.615514087205848437
0.884000000000000674,-0.612558803345301106
0.885000000000000675,-0.609613989341318607
0.886000000000000676,-0.606679612623465259
0.887000000000000677,-0.603755641080781835
0.888000000000000678,-0.600842043050396568
0.889000000000000679,-0.597938787306348640
0.890000000000000679,-0.595045843048611300
0.891000000000000680,-0.592163179892323033
0.892000000000000681,-0.589290767857219455
0.893000000000000682,-0.586428577357261172
0.894000000000000683,-0.583576579190457911
0.895000000000000684,-0.580734744528889846
0.896000000000000685,-0.577903044908911534
0.897000000000000686,-0.575081452221544942
0.898000000000000687,-0.572269938703061642
0.899000000000000687,-0.569468476925738432
0.900000000000000688,-0.566677039788793691
0.901000000000000689,-0.563895600509505490
0.902000000000000690,-0.561124132614500004
0.903000000000000691,-0.558362609931204901
0.904000000000000692,-0.555611006579478928
0.905000000000000693,-0.552869296963402368
0.906000000000000694,-0.550137455763238581
0.907000000000000695,-0.547415457927536542
0.908000000000000695,-0.544703278665422674
0.909000000000000696,-0.542000893439015696
0.910000000000000697,-0.539308277956022097
0.911000000000000698,-0.536625408162461626
0.912000000000000699,-0.533952260235554310
0.913000000000000700,-0.531288810576756809
0.914000000000000701,-0.528635035804922104
0.915000000000000702,-0.525990912749629613
0.916000000000000703,-0.523356418444632765
0.917000000000000703,-0.520731530121455011
0.918000000000000704,-0.518116225203118952
0.919000000000000705,-0.515510481298002810
0.920000000000000706,-0.512914276193840779
0.921000000000000707,-0.510327587851837849
0.922000000000000708,-0.507750394400919958
0.923000000000000709,-0.505182674132114817
0.924000000000000710,-0.502624405493033555
0.925000000000000711,-0.500075567082501782
0.926000000000000711,-0.497536137645286647
0.927000000000000712,-0.495006096066953005
0.928000000000000713,-0.492485421368829557
0.929000000000000714,-0.489974092703097164
0.930000000000000715,-0.487472089347969928
0.931000000000000716,-0.484979390703003221
0.932000000000000717,-0.482495976284504302
0.933000000000000718,-0.480021825721044682
0.934000000000000719,-0.477556918749080406
0.935000000000000719,-0.475101235208676087
0.936000000000000720,-0.472654755039323748
0.937000000000000721,-0.470217458275865474
0.938000000000000722,-0.467789325044514925
0.939000000000000723,-0.465370335558966453
0.940000000000000724,-0.462960470116607681
0.941000000000000725,-0.460559709094814973
0.942000000000000726,-0.458168032947353754
0.943000000000000727,-0.455785422200846557
0.944000000000000727,-0.453411857451352873
0.945000000000000728,-0.451047319361018773
0.946000000000000729,-0.448691788654811963
0.947000000000000730,-0.446345246117352545
0.948000000000000731,-0.444007672589807334
0.949000000000000732,-0.441679048966883148
0.950000000000000733,-0.439359356193879891
0.951000000000000734,-0.437048575263844163
0.952000000000000735,-0.434746687214776439
0.953000000000000735,-0.432453673126918847
0.954000000000000736,-0.430169514120129992
0.955000000000000737,-0.427894191351314734
0.956000000000000738,-0.425627686011937623
0.957000000000000739,-0.423369979325589507
0.958000000000000740,-0.421121052545645136
0.959000000000000741,-0.418880886952962606
0.960000000000000742,-0.416649463853675073
0.961000000000000743,-0.414426764577020879
0.962000000000000743,-0.412212770473252221
0.963000000000000744,-0.410007462911604226
0.964000000000000745,-0.407810823278328904
0.965000000000000746,-0.405622832974773140
0.966000000000000747,-0.403443473415531551
0.967000000000000748,-0.401272726026648929
0.968000000000000749,-0.399110572243888240
0.969000000000000750,-0.396956993511035361
0.970000000000000751,-0.394811971278283935
0.971000000000000751,-0.392675487000647749
0.972000000000000752,-0.390547522136438174
0.973000000000000753,-0.388428058145804889
0.974000000000000754,-0.386317076489297917
0.975000000000000755,-0.384214558626503500
0.976000000000000756,-0.382120486014719873
0.977000000000000757,-0.380034840107676242
0.978000000000000758,-0.377957602354302924
0.979000000000000759,-0.375888754197553188
0.980000000000000759,-0.373828277073250059
0.981000000000000760,-0.371776152408999583
0.982000000000000761,-0.369732361623136940
0.983000000000000762,-0.367696886123705879
0.984000000000000763,-0.365669707307494041
0.985000000000000764,-0.363650806559102424
0.986000000000000765,-0.361640165250051770
0.987000000000000766,-0.359637764737927967
0.988000000000000766,-0.357643586365567201
0.989000000000000767,-0.355657611460284850
0.990000000000000768,-0.353679821333125921
0.991000000000000769,-0.351710197278158387
0.992000000000000770,-0.349748720571801897
0.993000000000000771,-0.347795372472197273
0.994000000000000772,-0.345850134218588567
0.995000000000000773,-0.343912987030763395
0.996000000000000774,-0.341983912108502264
0.997000000000000774,-0.340062890631076642
0.998000000000000775,-0.338149903756764902
0.999000000000000776,-0.336244932622404291
1.000000000000000666,-0.334347958342970375
1.001000000000000778,-0.332458962011187631
1.002000000000000668,-0.330577924697162073
1.003000000000000780,-0.328704827448042414
1.004000000000000670,-0.326839651287714861
1.005000000000000782,-0.324982377216513907
1.006000000000000671,-0.323132986210968698
1.007000000000000783,-0.321291459223557951
1.008000000000000673,-0.319457777182509339
1.009000000000000785,-0.317631920991607530
1.010000000000000675,-0.315813871530032819
1.011000000000000787,-0.314003609652212246
1.012000000000000677,-0.312201116187711625
1.013000000000000789,-0.310406371941128856
1.014000000000000679,-0.308619357692014096
1.015000000000000790,-0.306840054194820189
1.016000000000000680,-0.305068442178864641
1.017000000000000792,-0.303304502348300975
1.018000000000000682,-0.301548215382132112
1.019000000000000794,-0.299799561934220637
1.020000000000000684,-0.298058522633332712
1.021000000000000796,-0.296325078083186422
1.022000000000000686,-0.294599208862524164
1.023000000000000798,-0.292880895525203688
1.024000000000000687,-0.291170118600297678
1.025000000000000799,-0.289466858592215492
1.026000000000000689,-0.287771095980838276
1.027000000000000801,-0.286082811221665623
1.028000000000000691,-0.284401984745983272
1.029000000000000803,-0.282728596961036749
1.030000000000000693,-0.281062628250224988
1.031000000000000805,-0.279404058973305058
1.032000000000000695,-0.277752869466606378
1.033000000000000806,-0.276109040043266585
1.034000000000000696,-0.274472550993468234
1.035000000000000808,-0.272843382584692429
1.036000000000000698,-0.271221515061981111
1.037000000000000810,-0.269606928648228217
1.038000000000000700,-0.267999603544444354
1.039000000000000812,-0.266399519930065831
1.040000000000000702,-0.264806657963262193
1.041000000000000814,-0.263220997781250909
1.042000000000000703,-0.261642519500617343
1.043000000000000815,-0.260071203217658586
1.044000000000000705,-0.258507029008725520
1.045000000000000817,-0.256949976930565982
1.046000000000000707,-0.255400027020697196
1.047000000000000819,-0.253857159297769530
1.048000000000000709,-0.252321353761935652
1.049000000000000821,-0.250792590395244708
1.050000000000000711,-0.249270849162021246
1.051000000000000822,-0.247756110009273056
1.052000000000000712,-0.246248352867087295
1.053000000000000824,-0.244747557649037578
1.054000000000000714,-0.243253704252609004
1.055000000000000826,-0.241766772559610571
1.056000000000000716,-0.240286742436610107
1.057000000000000828,-0.238813593735357571
1.058000000000000718,-0.237347306293227478
1.059000000000000830,-0.235887859933661043
1.060000000000000719,-0.234435234466613407
1.061000000000000831,-0.232989409688997950
1.062000000000000721,-0.231550365385150059
1.063000000000000833,-0.230118081327284230
1.064000000000000723,-0.228692537275952151
1.065000000000000835,-0.227273712980511577
1.066000000000000725,-0.225861588179603473
1.067000000000000837,-0.224456142601608344
1.068000000000000727,-0.223057355965142395
1.069000000000000838,-0.221665207979518553
1.070000000000000728,-0.220279678345238927
1.071000000000000840,-0.218900746754473990
1.072000000000000730,-0.217528392891550931
1.073000000000000842,-0.216162596433441767
1.074000000000000732,-0.214803337050247262
1.075000000000000844,-0.213450594405698413
1.076000000000000734,-0.212104348157646339
1.077000000000000846,-0.210764577958551275
1.078000000000000735,-0.209431263455989475
1.079000000000000847,-0.208104384293140543
1.080000000000000737,-0.206783920109296387
1.081000000000000849,-0.205469850540348553
1.082000000000000739,-0.204162155219297758
1.083000000000000851,-0.202860813776750915
1.084000000000000741,-0.201565805841424250
1.085000000000000853,-0.200277111040640637
1.086000000000000743,-0.198994709000836434
1.087000000000000854,-0.197718579348059031
1.088000000000000744,-0.196448701708476087
1.089000000000000856,-0.195185055708864769
1.090000000000000746,-0.193927620977123988
1.091000000000000858,-0.192676377142774247
1.092000000000000748,-0.191431303837452660
1.093000000000000860,-0.190192380695419327
1.094000000000000750,-0.188959587354050912
1.095000000000000862,-0.187732903454345318
1.096000000000000751,-0.186512308641416297
1.097000000000000863,-0.185297782564987745
1.098000000000000753,-0.184089304879895999
1.099000000000000865,-0.182886855246580521
1.100000000000000755,-0.181690413331575040
1.101000000000000867,-0.180499958808002320
1.102000000000000757,-0.179315471356068484
1.103000000000000869,-0.178136930663546689
1.104000000000000759,-0.176964316426263035
1.105000000000000870,-0.175797608348591122
1.106000000000000760,-0.174636786143928330
1.107000000000000872,-0.173481829535180349
1.108000000000000762,-0.172332718255246486
1.109000000000000874,-0.171189432047491319
1.110000000000000764,-0.170051950666227081
1.111000000000000876,-0.168920253877182819
1.112000000000000766,-0.167794321457981455
1.113000000000000878,-0.166674133198608937
1.114000000000000767,-0.165559668901883561
1.115000000000000879,-0.164450908383916516
1.116000000000000769,-0.163347831474582039
1.117000000000000881,-0.162250418017973574
1.118000000000000771,-0.161158647872864880
1.119000000000000883,-0.160072500913166466
1.120000000000000773,-0.158991957028378761
1.121000000000000885,-0.157916996124039560
1.122000000000000774,-0.156847598122176773
1.123000000000000886,-0.155783742961751626
1.124000000000000776,-0.154725410599105523
1.125000000000000888,-0.153672581008391373
1.126000000000000778,-0.152625234182018038
1.127000000000000890,-0.151583350131087424
1.128000000000000780,-0.150546908885814873
1.129000000000000892,-0.149515890495967446
1.130000000000000782,-0.148490275031286395
1.131000000000000894,-0.147470042581909405
1.132000000000000783,-0.146455173258789151
1.133000000000000895,-0.145445647194117178
1.134000000000000785,-0.144441444541719421
1.135000000000000897,-0.143442545477491662
1.136000000000000787,-0.142448930199784191
1.137000000000000899,-0.141460578929819503
1.138000000000000789,-0.140477471912085428
1.139000000000000901,-0.139499589414741110
1.140000000000000790,-0.138526911730004421
1.141000000000000902,-0.137559419174540204
1.142000000000000792,-0.136597092089859512
1.143000000000000904,-0.135639910842694111
1.144000000000000794,-0.134687855825385505
1.145000000000000906,-0.133740907456250502
1.146000000000000796,-0.132799046179973068
1.147000000000000908,-0.131862252467961294
1.148000000000000798,-0.130930506818722536
1.149000000000000909,-0.130003789758226379
1.150000000000000799,-0.129082081840262791
1.151000000000000689,-0.128165363646803754
1.152000000000000801,-0.127253615788357755
1.153000000000000913,-0.126346818904318148
1.154000000000000803,-0.125444953663310710
1.155000000000000693,-0.124548000763537850
1.156000000000000805,-0.123655940933123348
1.157000000000000917,-0.122768754930441107
1.158000000000000806,-0.121886423544459041
1.159000000000000696,-0.121008927595059809
1.160000000000000808,-0.120136247933372270
1.161000000000000920,-0.119268365442094820
1.162000000000000810,-0.118405261035816015
1.163000000000000700,-0.117546915661325607
1.164000000000000812,-0.116693310297936170
1.165000000000000924,-0.115844425957780967
1.166000000000000814,-0.115000243686132625
1.167000000000000703,-0.114160744561694380
1.168000000000000815,-0.113325909696908034
1.169000000000000927,-0.112495720238240726
1.170000000000000817,-0.111670157366488040
1.171000000000000707,-0.110849202297047339
1.172000000000000819,-0.110032836280219051
1.173000000000000931,-0.109221040601477332
1.174000000000000821,-0.108413796581751792
1.175000000000000711,-0.107611085577703491
1.176000000000000822,-0.106812888981994217
1.177000000000000934,-0.106019188223553856
1.178000000000000824,-0.105229964767847739
1.179000000000000714,-0.104445200117134290
1.180000000000000826,-0.103664875810726545
1.181000000000000938,-0.102888973425241032
1.182000000000000828,-0.102117474574852901
1.183000000000000718,-0.101350360911543660
1.184000000000000830,-0.100587614125341479
1.185000000000000941,-0.099829215944563260
1.186000000000000831,-0.099075148136054975
1.187000000000000721,-0.098325392505419634
1.188000000000000833,-0.097579930897255154
1.189000000000000945,-0.096838745195375692
1.190000000000000835,-0.096101817323040656
1.191000000000000725,-0.095369129243165554
1.192000000000000837,-0.094640662958556526
1.193000000000000949,-0.093916400512104384
1.194000000000000838,-0.093196323987012414
1.195000000000000728,-0.092480415506991903
1.196000000000000840,-0.091768657236473733
1.197000000000000952,-0.091061031380807594
1.198000000000000842,-0.090357520186456458
1.199000000000000732,-0.089658105941199967
1.200000000000000844,-0.088962770974311350
1.201000000000000956,-0.088271497656762440
1.202000000000000846,-0.087584268401394452
1.203000000000000735,-0.086901065663113383
1.204000000000000847,-0.086221871939052855
1.205000000000000959,-0.085546669768768249
1.206000000000000849,-0.084875441734394236
1.207000000000000739,-0.084208170460820186
1.208000000000000851,-0.083544838615858680
1.209000000000000963,-0.082885428910406483
1.210000000000000853,-0.082229924098606175
1.211000000000000743,-0.081578306977999865
1.212000000000000854,-0.080930560389690140
1.213000000000000966,-0.080286667218484042
1.214000000000000856,-0.079646610393052070
1.215000000000000746,-0.079010372886057112
1.216000000000000858,-0.078377937714318363
1.217000000000000970,-0.077749287938930503
1.218000000000000860,-0.077124406665413953
1.219000000000000750,-0.076503277043844659
1.220000000000000862,-0.075885882268983448
1.221000000000000973,-0.075272205580405191
1.222000000000000863,-0.074662230262627804
1.223000000000000753,-0.074055939645226887
1.224000000000000865,-0.073453317102965654
1.225000000000000977,-0.072854346055902977
1.226000000000000867,-0.072259009969512983
1.227000000000000757,-0.071667292354794340
1.228000000000000869,-0.071079176768376232
1.229000000000000981,-0.070494646812635689
1.230000000000000870,-0.069913686135785094
1.231000000000000760,-0.069336278431984630
1.232000000000000872,-0.068762407441438203
1.233000000000000984,-0.068192056950481972
1.234000000000000874,-0.067625210791689469
1.235000000000000764,-0.067061852843949707
1.236000000000000876,-0.066501967032562948
1.237000000000000988,-0.065945537329320458
1.238000000000000878,-0.065392547752595398
1.239000000000000767,-0.064842982367412275
1.240000000000000879,-0.064296825285531989
1.241000000000000991,-0.063754060665524678
1.242000000000000881,-0.063214672712841785
1.243000000000000771,-0.062678645679889358
1.244000000000000883,-0.062145963866088491
1.245000000000000995,-0.061616611617953190
1.246000000000000885,-0.061090573329141050
1.247000000000000774,-0.060567833440520844
1.248000000000000886,-0.060048376440229333
1.249000000000000998,-0.059532186863725731
1.250000000000000888,-0.059019249293851515
1.251000000000000778,-0.058509548360872334
1.252000000000000890,-0.058003068742536357
1.253000000000001002,-0.057499795164112077
1.254000000000000892,-0.056999712398443689
1.255000000000000782,-0.056502805265986687
1.256000000000000894,-0.056009058634845718
1.257000000000001005,-0.055518457420822433
1.258000000000000895,-0.055030986587444222
1.259000000000000785,-0.054546631145996963
1.260000000000000897,-0.054065376155562325
1.261000000000001009,-0.053587206723045046
1.262000000000000899,-0.053112108003198898
1.263000000000000789,-0.052640065198652587
1.264000000000000901,-0.052171063559937794
1.265000000000001013,-0.051705088385504118
1.266000000000000902,-0.051242125021743676
1.267000000000000792,-0.050782158863005286
1.268000000000000904,-0.050325175351612572
1.269000000000001016,-0.049871159977874856
1.270000000000000906,-0.049420098280103034
1.271000000000000796,-0.048971975844615399
1.272000000000000908,-0.048526778305745998
1.273000000000001020,-0.048084491345852853
1.274000000000000909,-0.047645100695321296
1.275000000000000799,-0.047208592132562829
1.276000000000000911,-0.046774951484024344
1.277000000000001023,-0.046344164624174830
1.278000000000000913,-0.045916217475514221
1.279000000000000803,-0.045491096008557740
1.280000000000000915,-0.045068786241842199
1.281000000000001027,-0.044649274241901259
1.282000000000000917,-0.044232546123271141
1.283000000000000806,-0.043818588048467680
1.284000000000000918,-0.043407386227981702
1.285000000000001030,-0.042998926920254713
1.286000000000000920,-0.042593196431672420
1.287000000000000810,-0.042190181116536142
1.288000000000000922,-0.041789867377053050
1.289000000000001034,-0.041392241663305754
1.290000000000000924,-0.040997290473232958
1.291000000000000814,-0.040605000352609590
1.292000000000000925,-0.040215357895009171
1.293000000000001037,-0.039828349741789212
1.294000000000000927,-0.039443962582051906
1.295000000000000817,-0.039062183152620569
1.296000000000000929,-0.038682998238000608
1.297000000000001041,-0.038306394670350893
1.298000000000000931,-0.037932359329449591
1.299000000000000821,-0.037560879142653270
1.300000000000000933,-0.037191941084862311
1.301000000000001044,-0.036825532178480301
1.302000000000000934,-0.036461639493373096
1.303000000000000824,-0.036100250146829639
1.304000000000000936,-0.035741351303512615
1.305000000000001048,-0.035384930175421048
1.306000000000000938,-0.035030974021842722
1.307000000000000828,-0.034679470149299819
1.308000000000000940,-0.034330405911506566
1.309000000000001052,-0.033983768709324312
1.310000000000000941,-0.033639545990699682
1.311000000000000831,-0.033297725250618547
1.312000000000000943,-0.032958294031047462
1.313000000000001055,-0.032621239920891575
1.314000000000000945,-0.032286550555923124
1.315000000000000835,-0.031954213618733220
1.316000000000000947,-0.031624216838669748
1.317000000000001059,-0.031296547991784142
1.318000000000000949,-0.030971194900761601
1.319000000000000838,-0.030648145434868969
1.320000000000000950,-0.030327387509885138
1.321000000000001062,-0.030008909088037838
1.322000000000000952,-0.029692698177944711
1.323000000000000842,-0.029378742834539555
1.324000000000000954,-0.029067031159012557
1.325000000000001066,-0.028757551298733419
1.326000000000000956,-0.028450291447194097
1.327000000000000846,-0.028145239843926428
1.328000000000000957,-0.027842384774442286
1.329000000000001069,-0.027541714570150332
1.330000000000000959,-0.027243217608295466
1.331000000000000849,-0.026946882311875187
1.332000000000000961,-0.026652697149567268
1.333000000000001073,-0.026360650635654660
1.334000000000000963,-0.026070731329953085
1.335000000000000853,-0.025782927837723728
1.336000000000000965,-0.025497228809604720
1.337000000000001076,-0.025213622941525578
1.338000000000000966,-0.024932098974628270
1.339000000000000856,-0.024652645695190521
1.340000000000000968,-0.024375251934536369
1.341000000000001080,-0.024099906568958888
1.342000000000000970,-0.023826598519636526
1.343000000000000860,-0.023555316752545359
1.344000000000000972,-0.023286050278376307
1.345000000000001084,-0.023018788152454540
1.346000000000000973,-0.022753519474641718
1.347000000000000863,-0.022490233389257229
1.348000000000000975,-0.022228919084986108
1.349000000000001087,-0.021969565794793960
1.350000000000000977,-0.021712162795832289
1.351000000000000867,-0.021456699409356302
1.352000000000000979,-0.021203165000621669
1.353000000000001091,-0.020951548978805922
1.354000000000000981,-0.020701840796909961
1.355000000000000870,-0.020454029951662785
1.356000000000000982,-0.020208105983433158
1.357000000000001094,-0.019964058476134076
1.358000000000000984,-0.019721877057125609
1.359000000000000874,-0.019481551397120919
1.360000000000000986,-0.019243071210090813
1.361000000000001098,-0.019006426253169846
1.362000000000000988,-0.018771606326550148
1.363000000000000878,-0.018538601273392127
1.364000000000000989,-0.018307400979728407
1.365000000000001101,-0.018077995374353648
1.366000000000000991,-0.017850374428735011
1.367000000000000881,-0.017624528156908063
1.368000000000000993,-0.017400446615378963
1.369000000000001105,-0.017178119903021209
1.370000000000000995,-0.016957538160973978
1.371000000000000885,-0.016738691572541309
1.372000000000000997,-0.016521570363091171
1.373000000000001108,-0.016306164799953261
1.374000000000000998,-0.016092465192304249
1.375000000000000888,-0.015880461891084625
1.376000000000001000,-0.015670145288875354
1.377000000000001112,-0.015461505819805405
1.378000000000001002,-0.015254533959439681
1.379000000000000892,-0.015049220224677490
1.380000000000001004,-0.014845555173643605
1.381000000000001116,-0.014643529405588079
1.382000000000001005,-0.014443133560769794
1.383000000000000895,-0.014244358320357970
1.384000000000001007,-0.014047194406320962
1.385000000000001119,-0.013851632581319818
1.386000000000001009,-0.013657663648600309
1.387000000000000899,-0.013465278451877985
1.388000000000001011,-0.013274467875246204
1.389000000000001123,-0.013085222843045089
1.390000000000001013,-0.012897534319768996
1.391000000000000902,-0.012711393309947323
1.392000000000001014,-0.012526790858040543
1.393000000000001126,-0.012343718048325115
1.394000000000001016,-0.012162166004787169
1.395000000000000906,-0.011982125891008277
1.396000000000001018,-0.011803588910052749
1.397000000000001130,-0.011626546304361860
1.398000000000001020,-0.011450989355639535
1.399000000000000909,-0.011276909384736996
1.400000000000001021,-0.011104297751545183
1.401000000000001133,-0.010933145854881443
1.402000000000001023,-0.010763445132374146
1.403000000000000913,-0.010595187060352174
1.404000000000001025,-0.010428363153732325
1.405000000000001137,-0.010262964965904328
1.406000000000001027,-0.010098984088617325
1.407000000000000917,-0.009936412151870532
1.408000000000001029,-0.009775240823789897
1.409000000000001140,-0.009615461810526516
1.410000000000001030,-0.009457066856130942
1.411000000000000920,-0.009300047742446129
1.412000000000001032,-0.009144396288989928
1.413000000000001144,-0.008990104352841036
1.414000000000001034,-0.008837163828525601
1.415000000000000924,-0.008685566647896525
1.416000000000001036,-0.008535304780027604
1.417000000000001148,-0.008386370231092208
1.418000000000001037,-0.008238755044247495
1.419000000000000927,-0.008092451299521863
1.420000000000001039,-0.007947451113695866
1.421000000000001151,-0.007803746640193514
1.422000000000001041,-0.007661330068957375
1.423000000000000931,-0.007520193626339019
1.424000000000001043,-0.007380329574981176
1.425000000000001155,-0.007241730213701052
1.426000000000001044,-0.007104387877374924
1.427000000000000934,-0.006968294936825025
1.428000000000001046,-0.006833443798697414
1.429000000000001158,-0.006699826905347752
1.430000000000001048,-0.006567436734728463
1.431000000000000938,-0.006436265800269392
1.432000000000001050,-0.006306306650761005
1.433000000000001162,-0.006177551870239295
1.434000000000001052,-0.006049994077868417
1.435000000000000941,-0.005923625927825761
1.436000000000001053,-0.005798440109184446
1.437000000000001165,-0.005674429345791702
1.438000000000001055,-0.005551586396166030
1.439000000000000945,-0.005429904053365932
1.440000000000001057,-0.005309375144881984
1.441000000000001169,-0.005189992532513735
1.442000000000001059,-0.005071749112262072
1.443000000000000949,-0.004954637814205850
1.444000000000001060,-0.004838651602387727
1.445000000000001172,-0.004723783474695949
1.446000000000001062,-0.004610026462752863
1.447000000000000952,-0.004497373631790542
1.448000000000001064,-0.004385818080541495
1.449000000000001176,-0.004275352941122900
1.450000000000001066,-0.004165971378910631
1.451000000000000956,-0.004057666592432990
1.452000000000001068,-0.003950431813252748
1.453000000000001180,-0.003844260305847014
1.454000000000001069,-0.003739145367494452
1.455000000000000959,-0.003635080328159451
1.456000000000001071,-0.003532058550371519
1.457000000000001183,-0.003430073429118781
1.458000000000001073,-0.003329118391725050
1.459000000000000963,-0.003229186897731498
1.460000000000001075,-0.003130272438790654
1.461000000000001187,-0.003032368538541037
1.462000000000001076,-0.002935468752501424
1.463000000000000966,-0.002839566667947050
1.464000000000001078,-0.002744655903795982
1.465000000000001190,-0.002650730110502444
1.466000000000001080,-0.002557782969927007
1.467000000000000970,-0.002465808195235190
1.468000000000001082,-0.002374799530776820
1.469000000000001194,-0.002284750751969887
1.470000000000001084,-0.002195655665190045
1.471000000000000973,-0.002107508107651078
1.472000000000001085,-0.002020301947298213
1.473000000000001197,-0.001934031082686656
1.474000000000001087,-0.001848689442872021
1.475000000000000977,-0.001764270987291174
1.476000000000001089,-0.001680769705656347
1.477000000000001201,-0.001598179617836630
1.478000000000001091,-0.001516494773742533
1.479000000000000981,-0.001435709253219449
1.480000000000001092,-0.001355817165925660
1.481000000000001204,-0.001276812651227408
1.482000000000001094,-0.001198689878081755
1.483000000000000984,-0.001121443044925128
1.484000000000001096,-0.001045066379561874
1.485000000000001208,-0.000969554139046092
1.486000000000001098,-0.000894900609579961
1.487000000000000988,-0.000821100106391261
1.488000000000001100,-0.000748146973626141
1.489000000000001211,-0.000676035584239637
1.490000000000001101,-0.000604760339881131
1.491000000000000991,-0.000534315670780766
1.492000000000001103,-0.000464696035645648
1.493000000000001215,-0.000395895921542446
1.494000000000001105,-0.000327909843787817
1.495000000000000995,-0.000260732345839522
1.496000000000001107,-0.000194357999185205
1.497000000000001219,-0.000128781403232341
1.498000000000001108,-0.000063997185199050
1.499000000000000998,0.000000000000000000
