# hydroxyapatite-010-ph5_TYR-AC
# h[nm],U(h)[kJ/mol]
0.149999999999999994,130.638249962373720336
0.150999999999999995,127.008655316617890207
0.151999999999999996,124.456556794301079094
0.152999999999999997,122.142828006658191953
0.153999999999999998,119.767007079246923240
0.154999999999999999,117.281814504525669918
0.156000000000000000,114.738053138816212595
0.157000000000000001,112.206809429534331457
0.158000000000000002,109.745637059171755823
0.159000000000000002,107.388305378641689458
0.160000000000000003,105.145990422193762015
0.161000000000000004,103.013020862279361722
0.162000000000000005,100.973516021142614818
0.163000000000000006,99.007177304585155753
0.164000000000000007,97.093592295011760029
0.165000000000000008,95.214995586816286277
0.166000000000000009,93.357706517717105044
0.167000000000000010,91.512562115999500634
0.168000000000000010,89.674665882602425881
0.169000000000000011,87.842729409445013289
0.170000000000000012,86.018223501938749109
0.171000000000000013,84.204494473042501568
0.172000000000000014,82.405947539467049978
0.173000000000000015,80.627355878376718579
0.174000000000000016,78.873321273852383229
0.175000000000000017,77.147889373763206322
0.176000000000000018,75.454307766478962094
0.177000000000000018,73.794906613500415915
0.178000000000000019,72.171077792058781597
0.179000000000000020,70.583327994437539132
0.180000000000000021,69.031382849595246398
0.181000000000000022,67.514321990784878835
0.182000000000000023,66.030728436632358580
0.183000000000000024,64.578839224369218641
0.184000000000000025,63.156687630837595293
0.185000000000000026,61.762230357926419799
0.186000000000000026,60.393455651489944103
0.187000000000000027,59.048470436633614611
0.188000000000000028,57.725566199824378089
0.189000000000000029,56.423264568230180771
0.190000000000000030,55.140344382185148220
0.191000000000000031,53.875852586970765401
0.192000000000000032,52.629101544742944441
0.193000000000000033,51.399655442502918845
0.194000000000000034,50.187308397923153791
0.195000000000000034,48.992056685234373958
0.196000000000000035,47.814067254816478680
0.197000000000000036,46.653644432274880671
0.198000000000000037,45.511196378933846063
0.199000000000000038,44.387202593489881508
0.200000000000000039,43.282183446827403372
0.201000000000000040,42.196672477413827096
0.202000000000000041,41.131191938654623641
0.203000000000000042,40.086231884861817321
0.204000000000000042,39.062232909810688852
0.205000000000000043,38.059572510474779961
0.206000000000000044,37.078554936618637328
0.207000000000000045,36.119404301979280092
0.208000000000000046,35.182260671850301037
0.209000000000000047,34.267178801882948846
0.210000000000000048,33.374129180698815844
0.211000000000000049,32.503001021443381546
0.212000000000000050,31.653606851851940007
0.213000000000000050,30.825688366164751386
0.214000000000000051,30.018923222991599431
0.215000000000000052,29.232932498967748813
0.216000000000000053,28.467288537022604089
0.217000000000000054,27.721522958841312345
0.218000000000000055,26.995134642438529227
0.219000000000000056,26.287597496721026857
0.220000000000000057,25.598367894740995609
0.221000000000000058,24.926891655477778187
0.222000000000000058,24.272610490025023466
0.223000000000000059,23.634967851749539847
0.224000000000000060,23.013414151172533195
0.225000000000000061,22.407411314953794346
0.226000000000000062,21.816436684455936756
0.227000000000000063,21.239986263007203604
0.228000000000000064,20.677577332294656998
0.229000000000000065,20.128750467456846707
0.230000000000000066,19.593070987587381637
0.231000000000000066,19.070129883693326178
0.232000000000000067,18.559544269873136102
0.233000000000000068,18.060957405779525686
0.234000000000000069,17.574038339503978534
0.235000000000000070,17.098481220042319961
0.236000000000000071,16.634004327644845489
0.237000000000000072,16.180348868778089866
0.238000000000000073,15.737277580272726496
0.239000000000000073,15.304573184635154703
0.240000000000000074,14.882036735572262032
0.241000000000000075,14.469485889626557906
0.242000000000000076,14.066753136528683754
0.243000000000000077,13.673684017523584089
0.244000000000000078,13.290135357581339903
0.245000000000000079,12.915973534116602650
0.246000000000000080,12.551072801656752986
0.247000000000000081,12.195313688852246869
0.248000000000000081,11.848581481341689425
0.249000000000000082,11.510764801287685088
0.250000000000000111,11.181754291901466303
0.251000000000000112,10.861441412983785071
0.252000000000000113,10.549717351428631318
0.253000000000000114,10.246472048767742535
0.254000000000000115,9.951593346170721333
0.255000000000000115,9.664966245855390881
0.256000000000000116,9.386472286595294534
0.257000000000000117,9.115989029927600740
0.258000000000000118,8.853389652754701800
0.259000000000000119,8.598542641283348331
0.260000000000000120,8.351311580645585764
0.261000000000000121,8.111555034083291815
0.262000000000000122,7.879126505239648637
0.263000000000000123,7.653874476875458299
0.264000000000000123,7.435642519202332323
0.265000000000000124,7.224269460988483438
0.266000000000000125,7.019589616633782114
0.267000000000000126,6.821433062519574264
0.268000000000000127,6.629625956104613138
0.269000000000000128,6.443990891453533543
0.270000000000000129,6.264347285138858190
0.271000000000000130,6.090511786744648326
0.272000000000000131,5.922298708512373722
0.273000000000000131,5.759520469000817045
0.274000000000000132,5.601988045976459496
0.275000000000000133,5.449511434103052387
0.276000000000000134,5.301900103355414728
0.277000000000000135,5.158963454438177720
0.278000000000000136,5.020511267841968106
0.279000000000000137,4.886354143514662240
0.280000000000000138,4.756303928461385055
0.281000000000000139,4.630174129911250880
0.282000000000000139,4.507780312000697620
0.283000000000000140,4.388940474220243360
0.284000000000000141,4.273475410153686482
0.285000000000000142,4.161209045304259391
0.286000000000000143,4.051968753051625072
0.287000000000000144,3.945585648015844438
0.288000000000000145,3.841894856319555629
0.289000000000000146,3.740735762438364365
0.290000000000000147,3.641952232510742071
0.291000000000000147,3.545392814144457727
0.292000000000000148,3.450910912905738037
0.293000000000000149,3.358364945811756375
0.294000000000000150,3.267618472266295093
0.295000000000000151,3.178540302983562160
0.296000000000000152,3.091004587537335091
0.297000000000000153,3.004890881251385260
0.298000000000000154,2.920084192214763341
0.299000000000000155,2.836475009261229197
0.300000000000000155,2.753959311797956389
0.301000000000000156,2.672438562404562568
0.302000000000000157,2.591819683150359932
0.303000000000000158,2.512015016596715888
0.304000000000000159,2.432942272462448763
0.305000000000000160,2.354524460934861008
0.306000000000000161,2.276689813607058799
0.307000000000000162,2.199371693014987805
0.308000000000000163,2.122508491735395353
0.309000000000000163,2.046043521989237224
0.310000000000000164,1.969924896674569270
0.311000000000000165,1.894105402729105991
0.312000000000000166,1.818542367695932471
0.313000000000000167,1.743197520336662310
0.314000000000000168,1.668036846105192428
0.315000000000000169,1.593030438262329485
0.316000000000000170,1.518152345377401513
0.317000000000000171,1.443380415927884686
0.318000000000000171,1.368696140672342576
0.319000000000000172,1.294084493435503358
0.320000000000000173,1.219533770908163728
0.321000000000000174,1.145035432028094657
0.322000000000000175,1.070583937471948577
0.323000000000000176,0.996176589752524322
0.324000000000000177,0.921813374380476391
0.325000000000000178,0.847496802515141923
0.326000000000000179,0.773231755495322970
0.327000000000000179,0.699025331608294609
0.328000000000000180,0.624886695423309435
0.329000000000000181,0.550826929985210989
0.330000000000000182,0.476858892134261747
0.331000000000000183,0.402997071189571010
0.332000000000000184,0.329257451206543816
0.333000000000000185,0.255657376992564689
0.334000000000000186,0.182215424040336582
0.335000000000000187,0.108951272514877393
0.336000000000000187,0.035885585407601096
0.337000000000000188,-0.036960109049735658
0.338000000000000189,-0.109563530638746090
0.339000000000000190,-0.181901756021643546
0.340000000000000191,-0.253951323185235389
0.341000000000000192,-0.325688331441542744
0.342000000000000193,-0.397088536979603834
0.343000000000000194,-0.468127443977502555
0.344000000000000195,-0.538780391296105332
0.345000000000000195,-0.609022634788528916
0.346000000000000196,-0.678829425269734665
0.347000000000000197,-0.748176082200989745
0.348000000000000198,-0.817038063152802474
0.349000000000000199,-0.885391029118169470
0.350000000000000200,-0.953210905755341620
0.351000000000000201,-1.020473940645788336
0.352000000000000202,-1.087156756658823609
0.353000000000000203,-1.153236401519460941
0.354000000000000203,-1.218690393680433415
0.355000000000000204,-1.283496764602930496
0.356000000000000205,-1.347634097553910504
0.357000000000000206,-1.411081563030385011
0.358000000000000207,-1.473818950922882065
0.359000000000000208,-1.535826699532139683
0.360000000000000209,-1.597085921554067811
0.361000000000000210,-1.657578427148422850
0.362000000000000210,-1.717286744207332960
0.363000000000000211,-1.776194135939283214
0.364000000000000212,-1.834284615884007597
0.365000000000000213,-1.891542960472806900
0.366000000000000214,-1.947954719247867228
0.367000000000000215,-2.003506222852769803
0.368000000000000216,-2.058184588905036527
0.369000000000000217,-2.111977725859498278
0.370000000000000218,-2.164874334969737468
0.371000000000000218,-2.216863910452406383
0.372000000000000219,-2.267936737957229720
0.373000000000000220,-2.318083891443102118
0.374000000000000221,-2.367297228558038036
0.375000000000000222,-2.415569384618325266
0.376000000000000223,-2.462893765279655867
0.377000000000000224,-2.509264537990021360
0.378000000000000225,-2.554676622311646383
0.379000000000000226,-2.599125679196240490
0.380000000000000226,-2.642608099295258750
0.381000000000000227,-2.685120990383616402
0.382000000000000228,-2.726662163972885633
0.383000000000000229,-2.767230121186795344
0.384000000000000230,-2.806824037969133823
0.385000000000000231,-2.845443749691434654
0.386000000000000232,-2.883089735224710459
0.387000000000000233,-2.919763100537105860
0.388000000000000234,-2.955465561876168490
0.389000000000000234,-2.990199428592192898
0.390000000000000235,-3.023967585655975565
0.391000000000000236,-3.056773475922057504
0.392000000000000237,-3.088621082185779798
0.393000000000000238,-3.119514909080056686
0.394000000000000239,-3.149459964855255034
0.395000000000000240,-3.178461743083278890
0.396000000000000241,-3.206526204324561924
0.397000000000000242,-3.233659757794390632
0.398000000000000242,-3.259869243062949895
0.399000000000000243,-3.285161911821056435
0.400000000000000244,-3.309545409741846189
0.401000000000000245,-3.333027758466421631
0.402000000000000246,-3.355617337739587924
0.403000000000000247,-3.377322867720097488
0.404000000000000248,-3.398153391487833908
0.405000000000000249,-3.418118257768797630
0.406000000000000250,-3.437227103896985714
0.407000000000000250,-3.455489839030762678
0.408000000000000251,-3.472916627639736298
0.409000000000000252,-3.489517873276716919
0.410000000000000253,-3.505304202647907097
0.411000000000000254,-3.520286449993218270
0.412000000000000255,-3.534475641787185651
0.413000000000000256,-3.547882981769964861
0.414000000000000257,-3.560519836316430542
0.415000000000000258,-3.572397720150667144
0.416000000000000258,-3.583528282411721388
0.417000000000000259,-3.593923293075807379
0.418000000000000260,-3.603594629739018451
0.419000000000000261,-3.612554264763824907
0.420000000000000262,-3.620814252791693555
0.421000000000000263,-3.628386718623583196
0.422000000000000264,-3.635283845468966213
0.423000000000000265,-3.641517863563767499
0.424000000000000266,-3.647101039156625202
0.425000000000000266,-3.652045663862383496
0.426000000000000267,-3.656364044381194223
0.427000000000000268,-3.660068492581006971
0.428000000000000269,-3.663171315940745298
0.429000000000000270,-3.665684808351037383
0.430000000000000271,-3.667621241268913312
0.431000000000000272,-3.668992855222501071
0.432000000000000273,-3.669811851661373137
0.433000000000000274,-3.670090385147909640
0.434000000000000274,-3.669840555884698041
0.435000000000000275,-3.669074402572714000
0.436000000000000276,-3.667803895594853092
0.437000000000000277,-3.666040930519012697
0.438000000000000278,-3.663797321914901151
0.439000000000000279,-3.661084797478460384
0.440000000000000280,-3.657914992457634185
0.441000000000000281,-3.654299444373111161
0.442000000000000282,-3.650249588027629777
0.443000000000000282,-3.645776750797124599
0.444000000000000283,-3.640892148197166112
0.445000000000000284,-3.635606879717887985
0.446000000000000285,-3.629931924920623665
0.447000000000000286,-3.623878139789542097
0.448000000000000287,-3.617456253331249538
0.449000000000000288,-3.610676864415741871
0.450000000000000289,-3.603550438851689908
0.451000000000000290,-3.596087306689318641
0.452000000000000290,-3.588297659744117851
0.453000000000000291,-3.580191549334493573
0.454000000000000292,-3.571778884226814998
0.455000000000000293,-3.563069428781043602
0.456000000000000294,-3.554072801290423911
0.457000000000000295,-3.544798472508701614
0.458000000000000296,-3.535255764358336883
0.459000000000000297,-3.525453848813440594
0.460000000000000298,-3.515401746951035022
0.461000000000000298,-3.505108328164487919
0.462000000000000299,-3.494582309533032394
0.463000000000000300,-3.483832255341269502
0.464000000000000301,-3.472866576742863920
0.465000000000000302,-3.461693531562542780
0.466000000000000303,-3.450321224230735062
0.467000000000000304,-3.438757605845291554
0.468000000000000305,-3.427010474354761804
0.469000000000000306,-3.415087474857910532
0.470000000000000306,-3.402996100014289205
0.471000000000000307,-3.390743690560591439
0.472000000000000308,-3.378337435927966315
0.473000000000000309,-3.365784374955310021
0.474000000000000310,-3.353091396693763215
0.475000000000000311,-3.340265241297846188
0.476000000000000312,-3.327312500998657718
0.477000000000000313,-3.314239621154749127
0.478000000000000314,-3.301052901376372084
0.479000000000000314,-3.287758496719014545
0.480000000000000315,-3.274362418942055708
0.481000000000000316,-3.260870537828754578
0.482000000000000317,-3.247288582563633952
0.483000000000000318,-3.233622143163674245
0.484000000000000319,-3.219876671959647219
0.485000000000000320,-3.206057485124187423
0.486000000000000321,-3.192169764243232954
0.487000000000000322,-3.178218557927564802
0.488000000000000322,-3.164208783461297969
0.489000000000000323,-3.150145228484389381
0.490000000000000324,-3.136032552706102372
0.491000000000000325,-3.121875289646724561
0.492000000000000326,-3.107677848404711174
0.493000000000000327,-3.093444515446767795
0.494000000000000328,-3.079179456418186245
0.495000000000000329,-3.064886717971183394
0.496000000000000330,-3.050570229608725370
0.497000000000000330,-3.036233805541804998
0.498000000000000331,-3.021881146557781950
0.499000000000000332,-3.007515841897958175
0.500000000000000333,-2.993141371142256979
0.501000000000000334,-2.978761106099139688
0.502000000000000335,-2.964378312699002649
0.503000000000000336,-2.949996152889267975
0.504000000000000337,-2.935617686529551573
0.505000000000000338,-2.921245873285280847
0.506000000000000338,-2.906883574518320135
0.507000000000000339,-2.892533555173132598
0.508000000000000340,-2.878198485657090799
0.509000000000000341,-2.863880943713742244
0.510000000000000342,-2.849583416287650106
0.511000000000000343,-2.835308301379805940
0.512000000000000344,-2.821057909892354054
0.513000000000000345,-2.806834467461706950
0.514000000000000346,-2.792640116279027751
0.515000000000000346,-2.778476916897113291
0.516000000000000347,-2.764346850022838531
0.517000000000000348,-2.750251818294385586
0.518000000000000349,-2.736193648042366977
0.519000000000000350,-2.722174091034267995
0.520000000000000351,-2.708194826201405725
0.521000000000000352,-2.694257461347903782
0.522000000000000353,-2.680363534840965567
0.523000000000000353,-2.666514517282025487
0.524000000000000354,-2.652711813158235454
0.525000000000000355,-2.638956762473797735
0.526000000000000356,-2.625250642360779540
0.527000000000000357,-2.611594668669006136
0.528000000000000358,-2.597989997534669193
0.529000000000000359,-2.584437726927382606
0.530000000000000360,-2.570938898175337162
0.531000000000000361,-2.557494497468397743
0.532000000000000361,-2.544105457338838860
0.533000000000000362,-2.530772658119592844
0.534000000000000363,-2.517496929379809067
0.535000000000000364,-2.504279051337629625
0.536000000000000365,-2.491119756250024242
0.537000000000000366,-2.478019729779664004
0.538000000000000367,-2.464979612338685122
0.539000000000000368,-2.452000000409429337
0.540000000000000369,-2.439081447841991324
0.541000000000000369,-2.426224467128735185
0.542000000000000370,-2.413429530655653465
0.543000000000000371,-2.400697071930721016
0.544000000000000372,-2.388027486789246812
0.545000000000000373,-2.375421134576315652
0.546000000000000374,-2.362878339306397457
0.547000000000000375,-2.350399390800224531
0.548000000000000376,-2.337984545799096203
0.549000000000000377,-2.325634029056689034
0.550000000000000377,-2.313348034408552856
0.551000000000000378,-2.301126725819412133
0.552000000000000379,-2.288970238408506219
0.553000000000000380,-2.276878679453065324
0.554000000000000381,-2.264852129370146461
0.555000000000000382,-2.252890642677078947
0.556000000000000383,-2.240994248930581190
0.557000000000000384,-2.229162953644947986
0.558000000000000385,-2.217396739189351429
0.559000000000000385,-2.205695565664607560
0.560000000000000386,-2.194059371759584653
0.561000000000000387,-2.182488075587500465
0.562000000000000388,-2.170981575502339833
0.563000000000000389,-2.159539750895697274
0.564000000000000390,-2.148162462974202214
0.565000000000000391,-2.136849555517884802
0.566000000000000392,-2.125600855619656393
0.567000000000000393,-2.114416174406251958
0.568000000000000393,-2.103295307740814746
0.569000000000000394,-2.092238036907445586
0.570000000000000395,-2.081244129278009503
0.571000000000000396,-2.070313338961371485
0.572000000000000397,-2.059445407435481545
0.573000000000000398,-2.048640064162436936
0.574000000000000399,-2.037897027186919452
0.575000000000000400,-2.027216003718198767
0.576000000000000401,-2.016596690696004224
0.577000000000000401,-2.006038775340603486
0.578000000000000402,-1.995541935687245694
0.579000000000000403,-1.985105841105336610
0.580000000000000404,-1.974730152802624206
0.581000000000000405,-1.964414524314585409
0.582000000000000406,-1.954158601979401499
0.583000000000000407,-1.943962025398686677
0.584000000000000408,-1.933824427884331953
0.585000000000000409,-1.923745436891677985
0.586000000000000409,-1.913724674439289952
0.587000000000000410,-1.903761757515654240
0.588000000000000411,-1.893856298472960109
0.589000000000000412,-1.884007905408361605
0.590000000000000413,-1.874216182532842279
0.591000000000000414,-1.864480730528048635
0.592000000000000415,-1.854801146891299712
0.593000000000000416,-1.845177026269019693
0.594000000000000417,-1.835607960778857572
0.595000000000000417,-1.826093540320790964
0.596000000000000418,-1.816633352877319085
0.597000000000000419,-1.807226984803181669
0.598000000000000420,-1.797874021104655329
0.599000000000000421,-1.788574045708815063
0.600000000000000422,-1.779326641722893898
0.601000000000000423,-1.770131391684010680
0.602000000000000424,-1.760987877799510937
0.603000000000000425,-1.751895682178115532
0.604000000000000425,-1.742854387052094722
0.605000000000000426,-1.733863574990719858
0.606000000000000427,-1.724922829105207667
0.607000000000000428,-1.716031733245273916
0.608000000000000429,-1.707189872187693691
0.609000000000000430,-1.698396831816856745
0.610000000000000431,-1.689652199297702939
0.611000000000000432,-1.680955563241115502
0.612000000000000433,-1.672306513862023891
0.613000000000000433,-1.663704643130412553
0.614000000000000434,-1.655149544915395010
0.615000000000000435,-1.646640815122552670
0.616000000000000436,-1.638178051824716208
0.617000000000000437,-1.629760855386415130
0.618000000000000438,-1.621388828582092101
0.619000000000000439,-1.613061576708296085
0.620000000000000440,-1.604778707690056594
0.621000000000000441,-1.596539832181539609
0.622000000000000441,-1.588344563661217457
0.623000000000000442,-1.580192518521634115
0.624000000000000443,-1.572083316154002208
0.625000000000000444,-1.564016579027749598
0.626000000000000445,-1.555991932765144803
0.627000000000000446,-1.548009006211199745
0.628000000000000447,-1.540067431498956863
0.629000000000000448,-1.532166844110314674
0.630000000000000449,-1.524306882932525031
0.631000000000000449,-1.516487190310517263
0.632000000000000450,-1.508707412095159572
0.633000000000000451,-1.500967197687611998
0.634000000000000452,-1.493266200079852668
0.635000000000000453,-1.485604075891580944
0.636000000000000454,-1.477980485403522115
0.637000000000000455,-1.470395092587354569
0.638000000000000456,-1.462847565132278094
0.639000000000000457,-1.455337574468418271
0.640000000000000457,-1.447864795787137782
0.641000000000000458,-1.440428908058341673
0.642000000000000459,-1.433029594044970656
0.643000000000000460,-1.425666540314657782
0.644000000000000461,-1.418339437248770096
0.645000000000000462,-1.411047979048870138
0.646000000000000463,-1.403791863740682544
0.647000000000000464,-1.396570793175713199
0.648000000000000465,-1.389384473030578659
0.649000000000000465,-1.382232612804118244
0.650000000000000466,-1.375114925812432443
0.651000000000000467,-1.368031129181856764
0.652000000000000468,-1.360980943840031987
0.653000000000000469,-1.353964094505080817
0.654000000000000470,-1.346980309673037501
0.655000000000000471,-1.340029321603544821
0.656000000000000472,-1.333110866303929054
0.657000000000000473,-1.326224683511711522
0.658000000000000473,-1.319370516675647309
0.659000000000000474,-1.312548112935326028
0.660000000000000475,-1.305757223099436315
0.661000000000000476,-1.298997601622719156
0.662000000000000477,-1.292269006581725943
0.663000000000000478,-1.285571199649382157
0.664000000000000479,-1.278903946068485675
0.665000000000000480,-1.272267014624096859
0.666000000000000481,-1.265660177615022697
0.667000000000000481,-1.259083210824269106
0.668000000000000482,-1.252535893488704533
0.669000000000000483,-1.246018008267814503
0.670000000000000484,-1.239529341211720759
0.671000000000000485,-1.233069681728450551
0.672000000000000486,-1.226638822550510044
0.673000000000000487,-1.220236559700845547
0.674000000000000488,-1.213862692458171466
0.675000000000000488,-1.207517023321753591
0.676000000000000489,-1.201199357975712756
0.677000000000000490,-1.194909505252790494
0.678000000000000491,-1.188647277097733435
0.679000000000000492,-1.182412488530261818
0.680000000000000493,-1.176204957607657864
0.681000000000000494,-1.170024505387059488
0.682000000000000495,-1.163870955887425840
0.683000000000000496,-1.157744136051276351
0.684000000000000496,-1.151643875706172881
0.685000000000000497,-1.145570007526011569
0.686000000000000498,-1.139522366992153257
0.687000000000000499,-1.133500792354398268
0.688000000000000500,-1.127505124591848373
0.689000000000000501,-1.121535207373689502
0.690000000000000502,-1.115590887019909161
0.691000000000000503,-1.109672012461971669
0.692000000000000504,-1.103778435203457864
0.693000000000000504,-1.097910009280771204
0.694000000000000505,-1.092066591223788574
0.695000000000000506,-1.086248040016638328
0.696000000000000507,-1.080454217058501420
0.697000000000000508,-1.074684986124508024
0.698000000000000509,-1.068940213326761590
0.699000000000000510,-1.063219767075454403
0.700000000000000511,-1.057523518040155652
0.701000000000000512,-1.051851339111238515
0.702000000000000512,-1.046203105361483532
0.703000000000000513,-1.040578694007867622
0.704000000000000514,-1.034977984373564475
0.705000000000000515,-1.029400857850146123
0.706000000000000516,-1.023847197860020097
0.707000000000000517,-1.018316889819111726
0.708000000000000518,-1.012809821099765806
0.709000000000000519,-1.007325880993975797
0.710000000000000520,-1.001864960676808414
0.711000000000000520,-0.996426953170165497
0.712000000000000521,-0.991011753306822785
0.713000000000000522,-0.985619257694747342
0.714000000000000523,-0.980249364681769597
0.715000000000000524,-0.974901974320523612
0.716000000000000525,-0.969576988333748502
0.717000000000000526,-0.964274310079908936
0.718000000000000527,-0.958993844519133054
0.719000000000000528,-0.953735498179524077
0.720000000000000528,-0.948499179123827751
0.721000000000000529,-0.943284796916398660
0.722000000000000530,-0.938092262590601633
0.723000000000000531,-0.932921488616509920
0.724000000000000532,-0.927772388869021802
0.725000000000000533,-0.922644878596329931
0.726000000000000534,-0.917538874388747039
0.727000000000000535,-0.912454294147946987
0.728000000000000536,-0.907391057056559980
0.729000000000000536,-0.902349083548158015
0.730000000000000537,-0.897328295277643684
0.731000000000000538,-0.892328615091991240
0.732000000000000539,-0.887349967001414996
0.733000000000000540,-0.882392276150906874
0.734000000000000541,-0.877455468792174620
0.735000000000000542,-0.872539472255952853
0.736000000000000543,-0.867644214924754076
0.737000000000000544,-0.862769626205954210
0.738000000000000544,-0.857915636505329204
0.739000000000000545,-0.853082177200939151
0.740000000000000546,-0.848269180617435836
0.741000000000000547,-0.843476580000742771
0.742000000000000548,-0.838704309493172651
0.743000000000000549,-0.833952304108861675
0.744000000000000550,-0.829220499709660830
0.745000000000000551,-0.824508832981390549
0.746000000000000552,-0.819817241410487396
0.747000000000000552,-0.815145663261041653
0.748000000000000553,-0.810494037552209834
0.749000000000000554,-0.805862304036020882
0.750000000000000555,-0.801250403175567727
0.751000000000000556,-0.796658276123561770
0.752000000000000557,-0.792085864701302045
0.753000000000000558,-0.787533111377955564
0.754000000000000559,-0.782999959250290867
0.755000000000000560,-0.778486352022715877
0.756000000000000560,-0.773992233987734535
0.757000000000000561,-0.769517550006723616
0.758000000000000562,-0.765062245491100801
0.759000000000000563,-0.760626266383858773
0.760000000000000564,-0.756209559141440391
0.761000000000000565,-0.751812070715965897
0.762000000000000566,-0.747433748537830289
0.763000000000000567,-0.743074540498634639
0.764000000000000568,-0.738734394934455252
0.765000000000000568,-0.734413260609490637
0.766000000000000569,-0.730111086699999912
0.767000000000000570,-0.725827822778616349
0.768000000000000571,-0.721563418798958245
0.769000000000000572,-0.717317825080603821
0.770000000000000573,-0.713090992294361348
0.771000000000000574,-0.708882871447883867
0.772000000000000575,-0.704693413871588792
0.773000000000000576,-0.700522571204888922
0.774000000000000576,-0.696370295382747084
0.775000000000000577,-0.692236538622536757
0.776000000000000578,-0.688121253411186684
0.777000000000000579,-0.684024392492662892
0.778000000000000580,-0.679945908855703718
0.779000000000000581,-0.675885755721883585
0.780000000000000582,-0.671843886533942225
0.781000000000000583,-0.667820254944420433
0.782000000000000584,-0.663814814804554398
0.783000000000000584,-0.659827520153460356
0.784000000000000585,-0.655858325207605564
0.785000000000000586,-0.651907184350515201
0.786000000000000587,-0.647974052122787803
0.787000000000000588,-0.644058883212346833
0.788000000000000589,-0.640161632444944839
0.789000000000000590,-0.636282254774961142
0.790000000000000591,-0.632420705276407813
0.791000000000000592,-0.628576939134211754
0.792000000000000592,-0.624750911635730821
0.793000000000000593,-0.620942578162506753
0.794000000000000594,-0.617151894182270899
0.795000000000000595,-0.613378815241171105
0.796000000000000596,-0.609623296956219973
0.797000000000000597,-0.605885295007994373
0.798000000000000598,-0.602164765133537117
0.799000000000000599,-0.598461663119477350
0.800000000000000600,-0.594775944795387090
0.801000000000000600,-0.591107566027326503
0.802000000000000601,-0.587456482711600669
0.803000000000000602,-0.583822650768738405
0.804000000000000603,-0.580206026137653375
0.805000000000000604,-0.576606564770022700
0.806000000000000605,-0.573024222624822444
0.807000000000000606,-0.569458955663107447
0.808000000000000607,-0.565910719842933618
0.809000000000000608,-0.562379471114484053
0.810000000000000608,-0.558865165415392329
0.811000000000000609,-0.555367758666184264
0.812000000000000610,-0.551887206765987792
0.813000000000000611,-0.548423465588314007
0.814000000000000612,-0.544976490977075234
0.815000000000000613,-0.541546238742753872
0.816000000000000614,-0.538132664658704352
0.817000000000000615,-0.534735724457642281
0.818000000000000616,-0.531355373828289235
0.819000000000000616,-0.527991568412152001
0.820000000000000617,-0.524644263800455257
0.821000000000000618,-0.521313415531233115
0.822000000000000619,-0.517998979086566225
0.823000000000000620,-0.514700909889930336
0.824000000000000621,-0.511419163303706181
0.825000000000000622,-0.508153694626827912
0.826000000000000623,-0.504904459092550995
0.827000000000000624,-0.501671411866346006
0.828000000000000624,-0.498454508043937483
0.829000000000000625,-0.495253702649437966
0.830000000000000626,-0.492068950633631375
0.831000000000000627,-0.488900206872357412
0.832000000000000628,-0.485747426165022145
0.833000000000000629,-0.482610563233204448
0.834000000000000630,-0.479489572719390966
0.835000000000000631,-0.476384409185807822
0.836000000000000631,-0.473295027113361688
0.837000000000000632,-0.470221380900693042
0.838000000000000633,-0.467163424863299537
0.839000000000000634,-0.464121113232793092
0.840000000000000635,-0.461094400156236983
0.841000000000000636,-0.458083239695564359
0.842000000000000637,-0.455087585827116559
0.843000000000000638,-0.452107392441236655
0.844000000000000639,-0.449142613341976471
0.845000000000000639,-0.446193202246876808
0.846000000000000640,-0.443259112786817067
0.847000000000000641,-0.440340298505983108
0.848000000000000642,-0.437436712861862087
0.849000000000000643,-0.434548309225345986
0.850000000000000644,-0.431675040880919514
0.851000000000000645,-0.428816861026874385
0.852000000000000646,-0.425973722775635888
0.853000000000000647,-0.423145579154144635
0.854000000000000647,-0.420332383104287721
0.855000000000000648,-0.417534087483417693
0.856000000000000649,-0.414750645064924317
0.857000000000000650,-0.411982008538862410
0.858000000000000651,-0.409228130512637178
0.859000000000000652,-0.406488963511756285
0.860000000000000653,-0.403764459980635426
0.861000000000000654,-0.401054572283435717
0.862000000000000655,-0.398359252704992672
0.863000000000000655,-0.395678453451751344
0.864000000000000656,-0.393012126652787286
0.865000000000000657,-0.390360224360841168
0.866000000000000658,-0.387722698553426892
0.867000000000000659,-0.385099501133975619
0.868000000000000660,-0.382490583932999173
0.869000000000000661,-0.379895898709327440
0.870000000000000662,-0.377315397151360199
0.871000000000000663,-0.374749030878384737
0.872000000000000663,-0.372196751441883855
0.873000000000000664,-0.369658510326930645
0.874000000000000665,-0.367134258953576320
0.875000000000000666,-0.364623948678299614
0.876000000000000667,-0.362127530795463337
0.877000000000000668,-0.359644956538814620
0.878000000000000669,-0.357176177083018964
0.879000000000000670,-0.354721143545197071
0.880000000000000671,-0.352279806986520450
0.881000000000000671,-0.349852118413797375
0.882000000000000672,-0.347438028781119346
0.883000000000000673,-0.345037488991493668
0.884000000000000674,-0.342650449898528719
0.885000000000000675,-0.340276862308114492
0.886000000000000676,-0.337916676980142161
0.887000000000000677,-0.335569844630228709
0.888000000000000678,-0.333236315931460081
0.889000000000000679,-0.330916041516162052
0.890000000000000679,-0.328608971977673803
0.891000000000000680,-0.326315057872141046
0.892000000000000681,-0.324034249720322298
0.893000000000000682,-0.321766498009404212
0.894000000000000683,-0.319511753194832715
0.895000000000000684,-0.317269965702154766
0.896000000000000685,-0.315041085928870479
0.897000000000000686,-0.312825064246284978
0.898000000000000687,-0.310621851001384952
0.899000000000000687,-0.308431396518707657
0.900000000000000688,-0.306253651102223745
0.901000000000000689,-0.304088565037222258
0.902000000000000690,-0.301936088592210106
0.903000000000000691,-0.299796172020803942
0.904000000000000692,-0.297668765563628479
0.905000000000000693,-0.295553819450223132
0.906000000000000694,-0.293451283900952542
0.907000000000000695,-0.291361109128900675
0.908000000000000695,-0.289283245341795447
0.909000000000000696,-0.287217642743901991
0.910000000000000697,-0.285164251537947999
0.911000000000000698,-0.283123021927014440
0.912000000000000699,-0.281093904116453353
0.913000000000000700,-0.279076848315794990
0.914000000000000701,-0.277071804740633032
0.915000000000000702,-0.275078723614542775
0.916000000000000703,-0.273097555170966844
0.917000000000000703,-0.271128249655107012
0.918000000000000704,-0.269170757325815746
0.919000000000000705,-0.267225028457468483
0.920000000000000706,-0.265291013341852344
0.921000000000000707,-0.263368662290026812
0.922000000000000708,-0.261457925634188626
0.923000000000000709,-0.259558753729540737
0.924000000000000710,-0.257671096956123336
0.925000000000000711,-0.255794905720672761
0.926000000000000711,-0.253930130458446368
0.927000000000000712,-0.252076721635052625
0.928000000000000713,-0.250234629748261439
0.929000000000000714,-0.248403805329832611
0.930000000000000715,-0.246584198947287392
0.931000000000000716,-0.244775761205712428
0.932000000000000717,-0.242978442749541779
0.933000000000000718,-0.241192194264315013
0.934000000000000719,-0.239416966478443294
0.935000000000000719,-0.237652710164954734
0.936000000000000720,-0.235899376143225009
0.937000000000000721,-0.234156915280707034
0.938000000000000722,-0.232425278494643978
0.939000000000000723,-0.230704416753764185
0.940000000000000724,-0.228994281079971496
0.941000000000000725,-0.227294822550022202
0.942000000000000726,-0.225605992297190999
0.943000000000000727,-0.223927741512910394
0.944000000000000727,-0.222260021448418804
0.945000000000000728,-0.220602783416381149
0.946000000000000729,-0.218955978792490097
0.947000000000000730,-0.217319559017076891
0.948000000000000731,-0.215693475596678785
0.949000000000000732,-0.214077680105621004
0.950000000000000733,-0.212472124187556233
0.951000000000000734,-0.210876759557022314
0.952000000000000735,-0.209291538000955235
0.953000000000000735,-0.207716411380197641
0.954000000000000736,-0.206151331631005075
0.955000000000000737,-0.204596250766517163
0.956000000000000738,-0.203051120878233071
0.957000000000000739,-0.201515894137455742
0.958000000000000740,-0.199990522796731657
0.959000000000000741,-0.198474959191264094
0.960000000000000742,-0.196969155740333801
0.961000000000000743,-0.195473064948674807
0.962000000000000743,-0.193986639407847855
0.963000000000000744,-0.192509831797610886
0.964000000000000745,-0.191042594887256806
0.965000000000000746,-0.189584881536937117
0.966000000000000747,-0.188136644698976341
0.967000000000000748,-0.186697837419165819
0.968000000000000749,-0.185268412838052454
0.969000000000000750,-0.183848324192188300
0.970000000000000751,-0.182437524815395491
0.971000000000000751,-0.181035968139984016
0.972000000000000752,-0.179643607697967861
0.973000000000000753,-0.178260397122284558
0.974000000000000754,-0.176886290147955816
0.975000000000000755,-0.175521240613269819
0.976000000000000756,-0.174165202460930008
0.977000000000000757,-0.172818129739187282
0.978000000000000758,-0.171479976602964462
0.979000000000000759,-0.170150697314964516
0.980000000000000759,-0.168830246246746696
0.981000000000000760,-0.167518577879808228
0.982000000000000761,-0.166215646806641554
0.983000000000000762,-0.164921407731767833
0.984000000000000763,-0.163635815472761126
0.985000000000000764,-0.162358824961266718
0.986000000000000765,-0.161090391243981723
0.987000000000000766,-0.159830469483639048
0.988000000000000766,-0.158579014959960740
0.989000000000000767,-0.157335983070613195
0.990000000000000768,-0.156101329332133970
0.991000000000000769,-0.154875009380836093
0.992000000000000770,-0.153656978973711944
0.993000000000000771,-0.152447193989325325
0.994000000000000772,-0.151245610428657168
0.995000000000000773,-0.150052184415980061
0.996000000000000774,-0.148866872199675593
0.997000000000000774,-0.147689630153065798
0.998000000000000775,-0.146520414775213742
0.999000000000000776,-0.145359182691715827
1.000000000000000666,-0.144205890655473123
1.001000000000000778,-0.143060495547457756
1.002000000000000668,-0.141922954377450145
1.003000000000000780,-0.140793224284772561
1.004000000000000670,-0.139671262539003804
1.005000000000000782,-0.138557026540677919
1.006000000000000671,-0.137450473821975921
1.007000000000000783,-0.136351562047384467
1.008000000000000673,-0.135260249014361567
1.009000000000000785,-0.134176492653976659
1.010000000000000675,-0.133100251031534500
1.011000000000000787,-0.132031482347189255
1.012000000000000677,-0.130970144936545990
1.013000000000000789,-0.129916197271245371
1.014000000000000679,-0.128869597959524296
1.015000000000000790,-0.127830305746786582
1.016000000000000680,-0.126798279516139561
1.017000000000000792,-0.125773478288919660
1.018000000000000682,-0.124755861225209569
1.019000000000000794,-0.123745387624341466
1.020000000000000684,-0.122742016925388359
1.021000000000000796,-0.121745708707630046
1.022000000000000686,-0.120756422691020521
1.023000000000000798,-0.119774118736635279
1.024000000000000687,-0.118798756847105239
1.025000000000000799,-0.117830297167038675
1.026000000000000689,-0.116868699983435007
1.027000000000000801,-0.115913925726074105
1.028000000000000691,-0.114965934967903305
1.029000000000000803,-0.114024688425412773
1.030000000000000693,-0.113090146958982035
1.031000000000000805,-0.112162271573242656
1.032000000000000695,-0.111241023417397805
1.033000000000000806,-0.110326363785551079
1.034000000000000696,-0.109418254117018554
1.035000000000000808,-0.108516655996617681
1.036000000000000698,-0.107621531154956471
1.037000000000000810,-0.106732841468719392
1.038000000000000700,-0.105850548960912699
1.039000000000000812,-0.104974615801118623
1.040000000000000702,-0.104105004305747803
1.041000000000000814,-0.103241676938255339
1.042000000000000703,-0.102384596309354814
1.043000000000000815,-0.101533725177235440
1.044000000000000705,-0.100689026447753710
1.045000000000000817,-0.099850463174605469
1.046000000000000707,-0.099017998559516471
1.047000000000000819,-0.098191595952395710
1.048000000000000709,-0.097371218851485725
1.049000000000000821,-0.096556830903507987
1.050000000000000711,-0.095748395903789973
1.051000000000000822,-0.094945877796392505
1.052000000000000712,-0.094149240674211973
1.053000000000000824,-0.093358448779086611
1.054000000000000714,-0.092573466501885290
1.055000000000000826,-0.091794258382588007
1.056000000000000716,-0.091020789110358685
1.057000000000000828,-0.090253023523605633
1.058000000000000718,-0.089490926610029706
1.059000000000000830,-0.088734463506672287
1.060000000000000719,-0.087983599499946968
1.061000000000000831,-0.087238300025663379
1.062000000000000721,-0.086498530669036872
1.063000000000000833,-0.085764257164709062
1.064000000000000723,-0.085035445396726778
1.065000000000000835,-0.084312061398540014
1.066000000000000725,-0.083594071352987548
1.067000000000000837,-0.082881441592247834
1.068000000000000727,-0.082174138597829155
1.069000000000000838,-0.081472129000498689
1.070000000000000728,-0.080775379580243806
1.071000000000000840,-0.080083857266203942
1.072000000000000730,-0.079397529136603959
1.073000000000000842,-0.078716362418674843
1.074000000000000732,-0.078040324488559187
1.075000000000000844,-0.077369382871232045
1.076000000000000734,-0.076703505240393544
1.077000000000000846,-0.076042659418352546
1.078000000000000735,-0.075386813375922859
1.079000000000000847,-0.074735935232285625
1.080000000000000737,-0.074089993254877293
1.081000000000000849,-0.073448955859230419
1.082000000000000739,-0.072812791608841215
1.083000000000000851,-0.072181469215013963
1.084000000000000741,-0.071554957536705474
1.085000000000000853,-0.070933225580352102
1.086000000000000743,-0.070316242499701281
1.087000000000000854,-0.069703977595635430
1.088000000000000744,-0.069096400315984449
1.089000000000000856,-0.068493480255327949
1.090000000000000746,-0.067895187154803013
1.091000000000000858,-0.067301490901903363
1.092000000000000748,-0.066712361530257377
1.093000000000000860,-0.066127769219424162
1.094000000000000750,-0.065547684294658168
1.095000000000000862,-0.064972077226694014
1.096000000000000751,-0.064400918631504184
1.097000000000000863,-0.063834179270055455
1.098000000000000753,-0.063271830048076808
1.099000000000000865,-0.062713842015797605
1.100000000000000755,-0.062160186367691959
1.101000000000000867,-0.061610834442221193
1.102000000000000757,-0.061065757721566506
1.103000000000000869,-0.060524927831355949
1.104000000000000759,-0.059988316540382981
1.105000000000000870,-0.059455895760334755
1.106000000000000760,-0.058927637545490609
1.107000000000000872,-0.058403514092444264
1.108000000000000762,-0.057883497739801518
1.109000000000000874,-0.057367560967879851
1.110000000000000764,-0.056855676398399099
1.111000000000000876,-0.056347816794172931
1.112000000000000766,-0.055843955058797232
1.113000000000000878,-0.055344064236329496
1.114000000000000767,-0.054848117510966278
1.115000000000000879,-0.054356088206711319
1.116000000000000769,-0.053867949787048543
1.117000000000000881,-0.053383675854603553
1.118000000000000771,-0.052903240150807426
1.119000000000000883,-0.052426616555550885
1.120000000000000773,-0.051953779086838160
1.121000000000000885,-0.051484701900435928
1.122000000000000774,-0.051019359289513941
1.123000000000000886,-0.050557725684292863
1.124000000000000776,-0.050099775651685316
1.125000000000000888,-0.049645483894918387
1.126000000000000778,-0.049194825253173036
1.127000000000000890,-0.048747774701219770
1.128000000000000780,-0.048304307349024411
1.129000000000000892,-0.047864398441387360
1.130000000000000782,-0.047428023357554486
1.131000000000000894,-0.046995157610830597
1.132000000000000783,-0.046565776848196114
1.133000000000000895,-0.046139856849919503
1.134000000000000785,-0.045717373529150077
1.135000000000000897,-0.045298302931543799
1.136000000000000787,-0.044882621234843066
1.137000000000000899,-0.044470304748490487
1.138000000000000789,-0.044061329913212634
1.139000000000000901,-0.043655673300630270
1.140000000000000790,-0.043253311612833280
1.141000000000000902,-0.042854221681971415
1.142000000000000792,-0.042458380469850419
1.143000000000000904,-0.042065765067506186
1.144000000000000794,-0.041676352694797657
1.145000000000000906,-0.041290120699965294
1.146000000000000796,-0.040907046559235813
1.147000000000000908,-0.040527107876376124
1.148000000000000798,-0.040150282382277344
1.149000000000000909,-0.039776547934524932
1.150000000000000799,-0.039405882516960519
1.151000000000000689,-0.039038264239261322
1.152000000000000801,-0.038673671336498336
1.153000000000000913,-0.038312082168706976
1.154000000000000803,-0.037953475220438904
1.155000000000000693,-0.037597829100330701
1.156000000000000805,-0.037245122540667988
1.157000000000000917,-0.036895334396926396
1.158000000000000806,-0.036548443647348772
1.159000000000000696,-0.036204429392483917
1.160000000000000808,-0.035863270854745367
1.161000000000000920,-0.035524947377965091
1.162000000000000810,-0.035189438426946738
1.163000000000000700,-0.034856723587007109
1.164000000000000812,-0.034526782563532643
1.165000000000000924,-0.034199595181518175
1.166000000000000814,-0.033875141385125832
1.167000000000000703,-0.033553401237214640
1.168000000000000815,-0.033234354918901685
1.169000000000000927,-0.032917982729088101
1.170000000000000817,-0.032604265084015358
1.171000000000000707,-0.032293182516795006
1.172000000000000819,-0.031984715676962559
1.173000000000000931,-0.031678845330004715
1.174000000000000821,-0.031375552356902647
1.175000000000000711,-0.031074817753674887
1.176000000000000822,-0.030776622630910667
1.177000000000000934,-0.030480948213304149
1.178000000000000824,-0.030187775839198426
1.179000000000000714,-0.029897086960111952
1.180000000000000826,-0.029608863140285924
1.181000000000000938,-0.029323086056205361
1.182000000000000828,-0.029039737496143959
1.183000000000000718,-0.028758799359697031
1.184000000000000830,-0.028480253657308285
1.185000000000000941,-0.028204082509808860
1.186000000000000831,-0.027930268147953231
1.187000000000000721,-0.027658792911939768
1.188000000000000833,-0.027389639250959073
1.189000000000000945,-0.027122789722714979
1.190000000000000835,-0.026858226992965317
1.191000000000000725,-0.026595933835039200
1.192000000000000837,-0.026335893129392197
1.193000000000000949,-0.026078087863113907
1.194000000000000838,-0.025822501129478360
1.195000000000000728,-0.025569116127464209
1.196000000000000840,-0.025317916161291830
1.197000000000000952,-0.025068884639959321
1.198000000000000842,-0.024822005076762139
1.199000000000000732,-0.024577261088843925
1.200000000000000844,-0.024334636396704863
1.201000000000000956,-0.024094114823757770
1.202000000000000846,-0.023855680295846740
1.203000000000000735,-0.023619316840784929
1.204000000000000847,-0.023385008587882686
1.205000000000000959,-0.023152739767493467
1.206000000000000849,-0.022922494710533512
1.207000000000000739,-0.022694257848022367
1.208000000000000851,-0.022468013710620190
1.209000000000000963,-0.022243746928155714
1.210000000000000853,-0.022021442229171743
1.211000000000000743,-0.021801084440448745
1.212000000000000854,-0.021582658486552549
1.213000000000000966,-0.021366149389358116
1.214000000000000856,-0.021151542267607296
1.215000000000000746,-0.020938822336420724
1.216000000000000858,-0.020727974906861259
1.217000000000000970,-0.020518985385453221
1.218000000000000860,-0.020311839273733499
1.219000000000000750,-0.020106522167788229
1.220000000000000862,-0.019903019757794602
1.221000000000000973,-0.019701317827559676
1.222000000000000863,-0.019501402254068632
1.223000000000000753,-0.019303259007017980
1.224000000000000865,-0.019106874148370260
1.225000000000000977,-0.018912233831890970
1.226000000000000867,-0.018719324302697335
1.227000000000000757,-0.018528131896802500
1.228000000000000869,-0.018338643040659415
1.229000000000000981,-0.018150844250720208
1.230000000000000870,-0.017964722132966536
1.231000000000000760,-0.017780263382474466
1.232000000000000872,-0.017597454782962187
1.233000000000000984,-0.017416283206326287
1.234000000000000874,-0.017236735612218682
1.235000000000000764,-0.017058799047576421
1.236000000000000876,-0.016882460646190315
1.237000000000000988,-0.016707707628250426
1.238000000000000878,-0.016534527299912536
1.239000000000000767,-0.016362907052841290
1.240000000000000879,-0.016192834363780918
1.241000000000000991,-0.016024296794105455
1.242000000000000881,-0.015857281989380786
1.243000000000000771,-0.015691777678928966
1.244000000000000883,-0.015527771675382046
1.245000000000000995,-0.015365251874256775
1.246000000000000885,-0.015204206253509479
1.247000000000000774,-0.015044622873101774
1.248000000000000886,-0.014886489874572565
1.249000000000000998,-0.014729795480597089
1.250000000000000888,-0.014574527994568496
1.251000000000000778,-0.014420675800150362
1.252000000000000890,-0.014268227360864454
1.253000000000001002,-0.014117171219646890
1.254000000000000892,-0.013967495998436424
1.255000000000000782,-0.013819190397738327
1.256000000000000894,-0.013672243196201365
1.257000000000001005,-0.013526643250200917
1.258000000000000895,-0.013382379493411714
1.259000000000000785,-0.013239440936383804
1.260000000000000897,-0.013097816666132614
1.261000000000001009,-0.012957495845712952
1.262000000000000899,-0.012818467713804483
1.263000000000000789,-0.012680721584295002
1.264000000000000901,-0.012544246845869961
1.265000000000001013,-0.012409032961592296
1.266000000000000902,-0.012275069468498292
1.267000000000000792,-0.012142345977179017
1.268000000000000904,-0.012010852171378681
1.269000000000001016,-0.011880577807581772
1.270000000000000906,-0.011751512714609415
1.271000000000000796,-0.011623646793211637
1.272000000000000908,-0.011496970015663261
1.273000000000001020,-0.011371472425364256
1.274000000000000909,-0.011247144136436436
1.275000000000000799,-0.011123975333320027
1.276000000000000911,-0.011001956270386196
1.277000000000001023,-0.010881077271525838
1.278000000000000913,-0.010761328729763351
1.279000000000000803,-0.010642701106858415
1.280000000000000915,-0.010525184932918898
1.281000000000001027,-0.010408770805995277
1.282000000000000917,-0.010293449391707846
1.283000000000000806,-0.010179211422842335
1.284000000000000918,-0.010066047698977601
1.285000000000001030,-0.009953949086084385
1.286000000000000920,-0.009842906516153330
1.287000000000000810,-0.009732910986801718
1.288000000000000922,-0.009623953560903032
1.289000000000001034,-0.009516025366194707
1.290000000000000924,-0.009409117594904190
1.291000000000000814,-0.009303221503378622
1.292000000000000925,-0.009198328411692122
1.293000000000001037,-0.009094429703292125
1.294000000000000927,-0.008991516824609655
1.295000000000000817,-0.008889581284693068
1.296000000000000929,-0.008788614654841145
1.297000000000001041,-0.008688608568228406
1.298000000000000931,-0.008589554719543726
1.299000000000000821,-0.008491444864621986
1.300000000000000933,-0.008394270820075567
1.301000000000001044,-0.008298024462939608
1.302000000000000934,-0.008202697730303469
1.303000000000000824,-0.008108282618957439
1.304000000000000936,-0.008014771185023407
1.305000000000001048,-0.007922155543611711
1.306000000000000938,-0.007830427868456414
1.307000000000000828,-0.007739580391562926
1.308000000000000940,-0.007649605402853974
1.309000000000001052,-0.007560495249826280
1.310000000000000941,-0.007472242337190779
1.311000000000000831,-0.007384839126530438
1.312000000000000943,-0.007298278135947245
1.313000000000001055,-0.007212551939731466
1.314000000000000945,-0.007127653168000505
1.315000000000000835,-0.007043574506365532
1.316000000000000947,-0.006960308695590847
1.317000000000001059,-0.006877848531255859
1.318000000000000949,-0.006796186863407078
1.319000000000000838,-0.006715316596239180
1.320000000000000950,-0.006635230687744550
1.321000000000001062,-0.006555922149385695
1.322000000000000952,-0.006477384045768452
1.323000000000000842,-0.006399609494300969
1.324000000000000954,-0.006322591664874905
1.325000000000001066,-0.006246323779530394
1.326000000000000956,-0.006170799112136674
1.327000000000000846,-0.006096010988063319
1.328000000000000957,-0.006021952783859125
1.329000000000001069,-0.005948617926925149
1.330000000000000959,-0.005875999895208360
1.331000000000000849,-0.005804092216869163
1.332000000000000961,-0.005732888469967041
1.333000000000001073,-0.005662382282149006
1.334000000000000963,-0.005592567330337602
1.335000000000000853,-0.005523437340410000
1.336000000000000965,-0.005454986086892563
1.337000000000001076,-0.005387207392652199
1.338000000000000966,-0.005320095128580419
1.339000000000000856,-0.005253643213299445
1.340000000000000968,-0.005187845612842591
1.341000000000001080,-0.005122696340360900
1.342000000000000970,-0.005058189455814937
1.343000000000000860,-0.004994319065679313
1.344000000000000972,-0.004931079322633968
1.345000000000001084,-0.004868464425279650
1.346000000000000973,-0.004806468617828834
1.347000000000000863,-0.004745086189817128
1.348000000000000975,-0.004684311475806019
1.349000000000001087,-0.004624138855093768
1.350000000000000977,-0.004564562751424176
1.351000000000000867,-0.004505577632699762
1.352000000000000979,-0.004447178010679807
1.353000000000001091,-0.004389358440715865
1.354000000000000981,-0.004332113521451656
1.355000000000000870,-0.004275437894539355
1.356000000000000982,-0.004219326244366538
1.357000000000001094,-0.004163773297768998
1.358000000000000984,-0.004108773823749662
1.359000000000000874,-0.004054322633207041
1.360000000000000986,-0.004000414578649599
1.361000000000001098,-0.003947044553935869
1.362000000000000988,-0.003894207493979945
1.363000000000000878,-0.003841898374495223
1.364000000000000989,-0.003790112211723358
1.365000000000001101,-0.003738844062148802
1.366000000000000991,-0.003688089022250104
1.367000000000000881,-0.003637842228222369
1.368000000000000993,-0.003588098855714578
1.369000000000001105,-0.003538854119564466
1.370000000000000995,-0.003490103273536758
1.371000000000000885,-0.003441841610063190
1.372000000000000997,-0.003394064459979365
1.373000000000001108,-0.003346767192273584
1.374000000000000998,-0.003299945213814358
1.375000000000000888,-0.003253593969115392
1.376000000000001000,-0.003207708940066077
1.377000000000001112,-0.003162285645680996
1.378000000000001002,-0.003117319641854673
1.379000000000000892,-0.003072806521103599
1.380000000000001004,-0.003028741912318889
1.381000000000001116,-0.002985121480527251
1.382000000000001005,-0.002941940926630226
1.383000000000000895,-0.002899195987168074
1.384000000000001007,-0.002856882434077579
1.385000000000001119,-0.002814996074443379
1.386000000000001009,-0.002773532750265272
1.387000000000000899,-0.002732488338202145
1.388000000000001011,-0.002691858749361391
1.389000000000001123,-0.002651639929031888
1.390000000000001013,-0.002611827856468009
1.391000000000000902,-0.002572418544645389
1.392000000000001014,-0.002533408040033754
1.393000000000001126,-0.002494792422360673
1.394000000000001016,-0.002456567804385141
1.395000000000000906,-0.002418730331664418
1.396000000000001018,-0.002381276182324282
1.397000000000001130,-0.002344201566838967
1.398000000000001020,-0.002307502727802303
1.399000000000000909,-0.002271175939699316
1.400000000000001021,-0.002235217508690353
1.401000000000001133,-0.002199623772385648
1.402000000000001023,-0.002164391099623893
1.403000000000000913,-0.002129515890252196
1.404000000000001025,-0.002094994574915196
1.405000000000001137,-0.002060823614829667
1.406000000000001027,-0.002026999501570965
1.407000000000000917,-0.001993518756867078
1.408000000000001029,-0.001960377932370865
1.409000000000001140,-0.001927573609460177
1.410000000000001030,-0.001895102399023366
1.411000000000000920,-0.001862960941247284
1.412000000000001032,-0.001831145905412668
1.413000000000001144,-0.001799653989686491
1.414000000000001034,-0.001768481920914407
1.415000000000000924,-0.001737626454413418
1.416000000000001036,-0.001707084373780478
1.417000000000001148,-0.001676852490677018
1.418000000000001037,-0.001646927644630600
1.419000000000000927,-0.001617306702840145
1.420000000000001039,-0.001587986559971628
1.421000000000001151,-0.001558964137968204
1.422000000000001041,-0.001530236385840701
1.423000000000000931,-0.001501800279486178
1.424000000000001043,-0.001473652821486586
1.425000000000001155,-0.001445791040913341
1.426000000000001044,-0.001418211993143593
1.427000000000000934,-0.001390912759663903
1.428000000000001046,-0.001363890447882315
1.429000000000001158,-0.001337142190935108
1.430000000000001048,-0.001310665147509631
1.431000000000000938,-0.001284456501648118
1.432000000000001050,-0.001258513462569080
1.433000000000001162,-0.001232833264480523
1.434000000000001052,-0.001207413166395362
1.435000000000000941,-0.001182250451956330
1.436000000000001053,-0.001157342429246085
1.437000000000001165,-0.001132686430612163
1.438000000000001055,-0.001108279812494120
1.439000000000000945,-0.001084119955235246
1.440000000000001057,-0.001060204262915239
1.441000000000001169,-0.001036530163165630
1.442000000000001059,-0.001013095107006395
1.443000000000000949,-0.000989896568666360
1.444000000000001060,-0.000966932045410157
1.445000000000001172,-0.000944199057369938
1.446000000000001062,-0.000921695147378690
1.447000000000000952,-0.000899417880790535
1.448000000000001064,-0.000877364845324180
1.449000000000001176,-0.000855533650891989
1.450000000000001066,-0.000833921929430071
1.451000000000000956,-0.000812527334738227
1.452000000000001068,-0.000791347542315147
1.453000000000001180,-0.000770380249197109
1.454000000000001069,-0.000749623173788947
1.455000000000000959,-0.000729074055714280
1.456000000000001071,-0.000708730655646285
1.457000000000001183,-0.000688590755155109
1.458000000000001073,-0.000668652156547675
1.459000000000000963,-0.000648912682707113
1.460000000000001075,-0.000629370176944392
1.461000000000001187,-0.000610022502836920
1.462000000000001076,-0.000590867544081348
1.463000000000000966,-0.000571903204332389
1.464000000000001078,-0.000553127407056195
1.465000000000001190,-0.000534538095381657
1.466000000000001080,-0.000516133231941870
1.467000000000000970,-0.000497910798733196
1.468000000000001082,-0.000479868796965332
1.469000000000001194,-0.000462005246907810
1.470000000000001084,-0.000444318187753566
1.471000000000000973,-0.000426805677465163
1.472000000000001085,-0.000409465792639358
1.473000000000001197,-0.000392296628350908
1.474000000000001087,-0.000375296298024158
1.475000000000000977,-0.000358462933278518
1.476000000000001089,-0.000341794683797439
1.477000000000001201,-0.000325289717184969
1.478000000000001091,-0.000308946218823864
1.479000000000000981,-0.000292762391742561
1.480000000000001092,-0.000276736456474347
1.481000000000001204,-0.000260866650921414
1.482000000000001094,-0.000245151230223254
1.483000000000000984,-0.000229588466619632
1.484000000000001096,-0.000214176649312747
1.485000000000001208,-0.000198914084339394
1.486000000000001098,-0.000183799094441438
1.487000000000000988,-0.000168830018927074
1.488000000000001100,-0.000154005213545200
1.489000000000001211,-0.000139323050357433
1.490000000000001101,-0.000124781917608130
1.491000000000000991,-0.000110380219592978
1.492000000000001103,-0.000096116376537881
1.493000000000001215,-0.000081988824473042
1.494000000000001105,-0.000067996015098852
1.495000000000000995,-0.000054136415671733
1.496000000000001107,-0.000040408508877428
1.497000000000001219,-0.000026810792707477
1.498000000000001108,-0.000013341780336434
1.499000000000000998,0.000000000000000000
