# TiO2-rut-100_BGLCNA-AC
# h[nm],U(h)[kJ/mol]
0.200000000000000011,120.166394195087860908
0.201000000000000012,117.887155444445440367
0.202000000000000013,116.022428190045644669
0.203000000000000014,114.344618281420977723
0.204000000000000015,112.728443922353065432
0.205000000000000016,111.112576254980425006
0.206000000000000016,109.473775137065871377
0.207000000000000017,107.809871705481057802
0.208000000000000018,106.128927699791304917
0.209000000000000019,104.442634293709218696
0.210000000000000020,102.762558940734578528
0.211000000000000021,101.098252632939960449
0.212000000000000022,99.456526699947815473
0.213000000000000023,97.841424433606192679
0.214000000000000024,96.254568730425745571
0.215000000000000024,94.695678065967683779
0.216000000000000025,93.163121181777228230
0.217000000000000026,91.654434730533921538
0.218000000000000027,90.166764439859463209
0.219000000000000028,88.697214087257606252
0.220000000000000029,87.243101413931043453
0.221000000000000030,85.802128758032594646
0.222000000000000031,84.372480639293584659
0.223000000000000032,82.952862207457627619
0.224000000000000032,81.542492396292146850
0.225000000000000033,80.141064518505345404
0.226000000000000034,78.748685386281749743
0.227000000000000035,77.365802176132007162
0.228000000000000036,75.993124386909585155
0.229000000000000037,74.631546494675859549
0.230000000000000038,73.282075358209084470
0.231000000000000039,71.945765105627344838
0.232000000000000040,70.623661141202902058
0.233000000000000040,69.316754041121825480
0.234000000000000041,68.025943437388804114
0.235000000000000042,66.752011495295647592
0.236000000000000043,65.495605245319168830
0.237000000000000044,64.257226808992854217
0.238000000000000045,63.037230435979935805
0.239000000000000046,61.835825224541579814
0.240000000000000047,60.653082410900154287
0.241000000000000048,59.488946168562236494
0.242000000000000048,58.343246943126381154
0.243000000000000049,57.215716450608475441
0.244000000000000050,56.106003579282003102
0.245000000000000051,55.013690549793615503
0.246000000000000052,53.938308800916878738
0.247000000000000053,52.879354175156265683
0.248000000000000054,51.836301077086240241
0.249000000000000055,50.808615366289686222
0.250000000000000056,49.795765825267700677
0.251000000000000056,48.797234110500767201
0.252000000000000057,47.812523152150085082
0.253000000000000058,46.841164015193115233
0.254000000000000059,45.882721272793290268
0.255000000000000060,44.936796972246668247
0.256000000000000061,44.003033295830100258
0.257000000000000062,43.081114034225592491
0.258000000000000063,42.170764999826118924
0.259000000000000064,41.271753512019984100
0.260000000000000064,40.383887087323195431
0.261000000000000065,39.507011464743555962
0.262000000000000066,38.641008091692249593
0.263000000000000067,37.785791188725440293
0.264000000000000068,36.941304502925568443
0.265000000000000069,36.107517850283457506
0.266000000000000070,35.284423537409438154
0.267000000000000071,34.472032742609592049
0.268000000000000071,33.670371926084101233
0.269000000000000072,32.879479328951717321
0.270000000000000073,32.099401611150383928
0.271000000000000074,31.330190669134537984
0.272000000000000075,30.571900665780237460
0.273000000000000076,29.824585297080620450
0.274000000000000077,29.088295313104584494
0.275000000000000078,28.363076304315228526
0.276000000000000079,27.648966758701469359
0.277000000000000079,26.945996390247394459
0.278000000000000080,26.254184735026946385
0.279000000000000081,25.573540007626185400
0.280000000000000082,24.904058207625219268
0.281000000000000083,24.245722463468016628
0.282000000000000084,23.598502599165968263
0.283000000000000085,22.962354907870125231
0.284000000000000086,22.337222115357707963
0.285000000000000087,21.723033515866966070
0.286000000000000087,21.119705262429484094
0.287000000000000088,20.527140793850993106
0.288000000000000089,19.945231380736551330
0.289000000000000090,19.373856773405869092
0.290000000000000091,18.812885935164679552
0.291000000000000092,18.262177845153352962
0.292000000000000093,17.721582355857673718
0.293000000000000094,17.190941091310250499
0.294000000000000095,16.670088373011900273
0.295000000000000095,16.158852161637824452
0.296000000000000096,15.657055003648480351
0.297000000000000097,15.164514972980040142
0.298000000000000098,14.681046599034470290
0.299000000000000099,14.206461773209998256
0.300000000000000100,13.740570627202941978
0.301000000000000101,13.283182377260370544
0.302000000000000102,12.834106129468242585
0.303000000000000103,12.393151642011595470
0.304000000000000103,11.960130041144935831
0.305000000000000104,11.534854488354179480
0.306000000000000105,11.117140796879223075
0.307000000000000106,10.706807996396577209
0.308000000000000107,10.303678845234173878
0.309000000000000108,9.907580290008525026
0.310000000000000109,9.518343873036123171
0.311000000000000110,9.135806088282897974
0.312000000000000111,8.759808686973496350
0.313000000000000111,8.390198934295797883
0.314000000000000112,8.026829818901846991
0.315000000000000113,7.669560217130831248
0.316000000000000114,7.318255014064313002
0.317000000000000115,6.972785183671684983
0.318000000000000116,6.633027830417614901
0.319000000000000117,6.298866194786302053
0.320000000000000118,5.970189625231919983
0.321000000000000119,5.646893519093566738
0.322000000000000119,5.328879235019483573
0.323000000000000120,5.016053979431358556
0.324000000000000121,4.708330669526616497
0.325000000000000122,4.405627775269419288
0.326000000000000123,4.107869142759273728
0.327000000000000124,3.814983801292898047
0.328000000000000125,3.526905756351990995
0.329000000000000126,3.243573770658773725
0.330000000000000127,2.964931135343177537
0.331000000000000127,2.690925433163303904
0.332000000000000128,2.421508295614200001
0.333000000000000129,2.156635155651035696
0.334000000000000130,1.896264997642637340
0.335000000000000131,1.640360106059754575
0.336000000000000132,1.388885814292790011
0.337000000000000133,1.141810254883312448
0.338000000000000134,0.899104112346147621
0.339000000000000135,0.660740379653947052
0.340000000000000135,0.426694119352369061
0.341000000000000136,0.196942230175580046
0.342000000000000137,-0.028536780064794078
0.343000000000000138,-0.249763014635705272
0.344000000000000139,-0.466755400490790506
0.345000000000000140,-0.679531892820754879
0.346000000000000141,-0.888109671116223742
0.347000000000000142,-1.092505326387950504
0.348000000000000143,-1.292735039260158869
0.349000000000000143,-1.488814748718698233
0.350000000000000144,-1.680760311357643477
0.351000000000000145,-1.868587651025002128
0.352000000000000146,-2.052312898821665232
0.353000000000000147,-2.231952523456180781
0.354000000000000148,-2.407523452002991782
0.355000000000000149,-2.579043181152476105
0.356000000000000150,-2.746529879078125624
0.357000000000000151,-2.910002478079522614
0.358000000000000151,-3.069480758189633729
0.359000000000000152,-3.224985421961288345
0.360000000000000153,-3.376538160671282096
0.361000000000000154,-3.524161712200233332
0.362000000000000155,-3.667879910864377813
0.363000000000000156,-3.807717729489719538
0.364000000000000157,-3.943701314031235139
0.365000000000000158,-4.075858011050043750
0.366000000000000159,-4.204216388368318569
0.367000000000000159,-4.328806249228264846
0.368000000000000160,-4.449658640284328115
0.369000000000000161,-4.566805853760397049
0.370000000000000162,-4.680281424103844401
0.371000000000000163,-4.790120119467232485
0.372000000000000164,-4.896357928346133370
0.373000000000000165,-4.999032041697863527
0.374000000000000166,-5.098180830861507751
0.375000000000000167,-5.193843821593365995
0.376000000000000167,-5.286061664526225279
0.377000000000000168,-5.374876102353058016
0.378000000000000169,-5.460329934028026244
0.379000000000000170,-5.542466976269181167
0.380000000000000171,-5.621332022638422465
0.381000000000000172,-5.696970800464585594
0.382000000000000173,-5.769429925866228714
0.383000000000000174,-5.838756857120532828
0.384000000000000175,-5.904999846614586545
0.385000000000000175,-5.968207891605024074
0.386000000000000176,-6.028430684001932605
0.387000000000000177,-6.085718559381890103
0.388000000000000178,-6.140122445425428843
0.389000000000000179,-6.191693809963114248
0.390000000000000180,-6.240484608804697686
0.391000000000000181,-6.286547233515517696
0.392000000000000182,-6.329934459294142002
0.393000000000000183,-6.370699393095831553
0.394000000000000183,-6.408895422136406061
0.395000000000000184,-6.444576162902066585
0.396000000000000185,-6.477795410781273411
0.397000000000000186,-6.508607090426065334
0.398000000000000187,-6.537065206941640838
0.399000000000000188,-6.563223797994507613
0.400000000000000189,-6.587136886921454604
0.401000000000000190,-6.608858436914118784
0.402000000000000191,-6.628442306346043367
0.403000000000000191,-6.645942205302215022
0.404000000000000192,-6.661411653364202934
0.405000000000000193,-6.674903938697248407
0.406000000000000194,-6.686472078479712700
0.407000000000000195,-6.696168780709021107
0.408000000000000196,-6.704046407412778130
0.409000000000000197,-6.710156939288269839
0.410000000000000198,-6.714551941788610812
0.411000000000000199,-6.717282532668713557
0.412000000000000199,-6.718399351000199360
0.413000000000000200,-6.717952527659605266
0.414000000000000201,-6.715991657290787842
0.415000000000000202,-6.712565771738214337
0.416000000000000203,-6.707723314944784576
0.417000000000000204,-6.701512119304311454
0.418000000000000205,-6.693979383455986643
0.419000000000000206,-6.685171651505299906
0.420000000000000207,-6.675134793653323406
0.421000000000000207,-6.663913988214163808
0.422000000000000208,-6.651553704997806626
0.423000000000000209,-6.638097690034252985
0.424000000000000210,-6.623588951612555675
0.425000000000000211,-6.608069747607082434
0.426000000000000212,-6.591581574061994964
0.427000000000000213,-6.574165155003376171
0.428000000000000214,-6.555860433447780800
0.429000000000000214,-6.536706563574695039
0.430000000000000215,-6.516741904029755617
0.431000000000000216,-6.496004012325000687
0.432000000000000217,-6.474529640301639688
0.433000000000000218,-6.452354730620578849
0.434000000000000219,-6.429514414245640630
0.435000000000000220,-6.406043008884109824
0.436000000000000221,-6.381974018349132471
0.437000000000000222,-6.357340132808485755
0.438000000000000222,-6.332173229884354271
0.439000000000000223,-6.306504376568781822
0.440000000000000224,-6.280363831919702378
0.441000000000000225,-6.253781050502728256
0.442000000000000226,-6.226784686544316827
0.443000000000000227,-6.199402598762032923
0.444000000000000228,-6.171661855838483035
0.445000000000000229,-6.143588742505600386
0.446000000000000230,-6.115208766206657209
0.447000000000000230,-6.086546664304081311
0.448000000000000231,-6.057626411801486199
0.449000000000000232,-6.028471229549076327
0.450000000000000233,-5.999103592902484294
0.451000000000000234,-5.969545240805237185
0.452000000000000235,-5.939817185266447197
0.453000000000000236,-5.909939721205339502
0.454000000000000237,-5.879932436635651349
0.455000000000000238,-5.849814223163081195
0.456000000000000238,-5.819603286770159478
0.457000000000000239,-5.789317158863491741
0.458000000000000240,-5.758972707559140147
0.459000000000000241,-5.728586149182577358
0.460000000000000242,-5.698173059960760511
0.461000000000000243,-5.667748387884109285
0.462000000000000244,-5.637326464717608232
0.463000000000000245,-5.606921018140267776
0.464000000000000246,-5.576545183993758315
0.465000000000000246,-5.546211518621094072
0.466000000000000247,-5.515932011277413949
0.467000000000000248,-5.485718096595474158
0.468000000000000249,-5.455580667089305891
0.469000000000000250,-5.425530085680092540
0.470000000000000251,-5.395576198229148801
0.471000000000000252,-5.365728346063424858
0.472000000000000253,-5.335995378479995388
0.473000000000000254,-5.306385665216088121
0.474000000000000254,-5.276907108872491925
0.475000000000000255,-5.247567157278344219
0.476000000000000256,-5.218372815786230134
0.477000000000000257,-5.189330659486984132
0.478000000000000258,-5.160446845334197619
0.479000000000000259,-5.131727124169129794
0.480000000000000260,-5.103176852637132832
0.481000000000000261,-5.074801004987354425
0.482000000000000262,-5.046604184747974564
0.483000000000000262,-5.018590636269843586
0.484000000000000263,-4.990764256131631882
0.485000000000000264,-4.963128604400522725
0.486000000000000265,-4.935686915742484082
0.487000000000000266,-4.908442110376914691
0.488000000000000267,-4.881396804870846040
0.489000000000000268,-4.854553322768210499
0.490000000000000269,-4.827913705050163706
0.491000000000000270,-4.801479720422880959
0.492000000000000270,-4.775252875429514710
0.493000000000000271,-4.749234424383479869
0.494000000000000272,-4.723425379120517853
0.495000000000000273,-4.697826518567299381
0.496000000000000274,-4.672438398124769243
0.497000000000000275,-4.647261358864549941
0.498000000000000276,-4.622295536537238902
0.499000000000000277,-4.597540870391520151
0.500000000000000222,-4.572997111803361214
0.501000000000000334,-4.548663832714871624
0.502000000000000224,-4.524540433882547674
0.503000000000000336,-4.500626152934857238
0.504000000000000226,-4.476920072239500392
0.505000000000000338,-4.453421126580609624
0.506000000000000227,-4.430128110646651685
0.507000000000000339,-4.407039686329711436
0.508000000000000229,-4.384154389837233268
0.509000000000000341,-4.361470638617250373
0.510000000000000231,-4.338986738098572715
0.511000000000000343,-4.316700888247147816
0.512000000000000233,-4.294611189940379603
0.513000000000000345,-4.272715651160945427
0.514000000000000234,-4.251012193012138951
0.515000000000000346,-4.229498655556374942
0.516000000000000236,-4.208172803479229174
0.517000000000000348,-4.187032331580870625
0.518000000000000238,-4.166074870097313365
0.519000000000000350,-4.145297989853617082
0.520000000000000240,-4.124699207251518729
0.521000000000000352,-4.104275989093950194
0.522000000000000242,-4.084025757248827659
0.523000000000000353,-4.063945893154816247
0.524000000000000243,-4.044033742171528445
0.525000000000000355,-4.024286617776953179
0.526000000000000245,-4.004701805614694798
0.527000000000000357,-3.985276567393759795
0.528000000000000247,-3.966008144643699662
0.529000000000000359,-3.946893762327789545
0.530000000000000249,-3.927930632317114146
0.531000000000000361,-3.909115956728322239
0.532000000000000250,-3.890446931127871100
0.533000000000000362,-3.871920747605600788
0.534000000000000252,-3.853534597720425836
0.535000000000000364,-3.835285675321023380
0.536000000000000254,-3.817171179244319923
0.537000000000000366,-3.799188315894541201
0.538000000000000256,-3.781334301705742806
0.539000000000000368,-3.763606365490492323
0.540000000000000258,-3.746001750677622422
0.541000000000000369,-3.728517717441641732
0.542000000000000259,-3.711151544726768670
0.543000000000000371,-3.693900532168092443
0.544000000000000261,-3.676762001912723399
0.545000000000000373,-3.659733300343545270
0.546000000000000263,-3.642811799708223219
0.547000000000000375,-3.625994899656037607
0.548000000000000265,-3.609280028685319941
0.549000000000000377,-3.592664645503757193
0.550000000000000266,-3.576146240304398649
0.551000000000000378,-3.559722335959627948
0.552000000000000268,-3.543390489135688881
0.553000000000000380,-3.527148291330137742
0.554000000000000270,-3.510993369834663813
0.555000000000000382,-3.494923388625506444
0.556000000000000272,-3.478936049183995127
0.557000000000000384,-3.463029091249202107
0.558000000000000274,-3.447200293505277902
0.559000000000000385,-3.431447474205330028
0.560000000000000275,-3.415768491734281209
0.561000000000000387,-3.400161245112657493
0.562000000000000277,-3.384623674443425045
0.563000000000000389,-3.369153761303953054
0.564000000000000279,-3.353749529085059411
0.565000000000000391,-3.338409043279083388
0.566000000000000281,-3.323130411718941524
0.567000000000000393,-3.307911784770006136
0.568000000000000282,-3.292751355476675634
0.569000000000000394,-3.277647359665368132
0.570000000000000284,-3.262598076005765790
0.571000000000000396,-3.247601826031958350
0.572000000000000286,-3.232656974125238669
0.573000000000000398,-3.217761927460035309
0.574000000000000288,-3.202915135914762512
0.575000000000000400,-3.188115091949002888
0.576000000000000290,-3.173360330448590894
0.577000000000000401,-3.158649428540069692
0.578000000000000291,-3.143981005375947824
0.579000000000000403,-3.129353721892171869
0.580000000000000293,-3.114766280539182475
0.581000000000000405,-3.100217424987820714
0.582000000000000295,-3.085705939811506315
0.583000000000000407,-3.071230650145774899
0.584000000000000297,-3.056790421326517571
0.585000000000000409,-3.042384158508068648
0.586000000000000298,-3.028010806262273036
0.587000000000000410,-3.013669348159675021
0.588000000000000300,-2.999358806333903615
0.589000000000000412,-2.985078241030276303
0.590000000000000302,-2.970826750139678119
0.591000000000000414,-2.956603468718705052
0.592000000000000304,-2.942407568496986148
0.593000000000000416,-2.928238257372600462
0.594000000000000306,-2.914094778896595184
0.595000000000000417,-2.899976411747283045
0.596000000000000307,-2.885882469195338640
0.597000000000000419,-2.871812298560369570
0.598000000000000309,-2.857765280659843032
0.599000000000000421,-2.843740829250982927
0.600000000000000311,-2.829738390466560283
0.601000000000000423,-2.815757442245067299
0.602000000000000313,-2.801797493756122304
0.603000000000000425,-2.787858084821613236
0.604000000000000314,-2.773938785333354140
0.605000000000000426,-2.760039194667688545
0.606000000000000316,-2.746158941097770700
0.607000000000000428,-2.732297681203965656
0.608000000000000318,-2.718455099283006327
0.609000000000000430,-2.704630906756283704
0.610000000000000320,-2.690824841577929227
0.611000000000000432,-2.677036667642989531
0.612000000000000322,-2.663266174196283309
0.613000000000000433,-2.649513175242275587
0.614000000000000323,-2.635777508956437920
0.615000000000000435,-2.622059037098467993
0.616000000000000325,-2.608357644427730104
0.617000000000000437,-2.594673238121289138
0.618000000000000327,-2.581005747194913269
0.619000000000000439,-2.567355121927269668
0.620000000000000329,-2.553721333287744422
0.621000000000000441,-2.540104372368097163
0.622000000000000330,-2.526504249818246173
0.623000000000000442,-2.512920995286466841
0.624000000000000332,-2.499354656864222868
0.625000000000000444,-2.485805300535889106
0.626000000000000334,-2.472273009633580543
0.627000000000000446,-2.458757884297273044
0.628000000000000336,-2.445260040940449464
0.629000000000000448,-2.431779611721434087
0.630000000000000338,-2.418316744020578390
0.631000000000000449,-2.404871599923470438
0.632000000000000339,-2.391444355710325986
0.633000000000000451,-2.378035201351669681
0.634000000000000341,-2.364644340010463530
0.635000000000000453,-2.351271987550795473
0.636000000000000343,-2.337918372053213290
0.637000000000000455,-2.324583733336824221
0.638000000000000345,-2.311268322488277516
0.639000000000000457,-2.297972401397603281
0.640000000000000346,-2.284696242301160751
0.641000000000000458,-2.271440127331545433
0.642000000000000348,-2.258204348074724255
0.643000000000000460,-2.244989205134265919
0.644000000000000350,-2.231795007702851219
0.645000000000000462,-2.218622073140985584
0.646000000000000352,-2.205470726563044437
0.647000000000000464,-2.192341300430563855
0.648000000000000353,-2.179234134152938207
0.649000000000000465,-2.166149573695345332
0.650000000000000355,-2.153087971194108441
0.651000000000000467,-2.140049684579306444
0.652000000000000357,-2.127035077204801006
0.653000000000000469,-2.114044517485493380
0.654000000000000359,-2.101078378541973990
0.655000000000000471,-2.088137037852375588
0.656000000000000361,-2.075220876911561874
0.657000000000000473,-2.062330280897468615
0.658000000000000362,-2.049465638344726948
0.659000000000000474,-2.036627340825378774
0.660000000000000364,-2.023815782636777527
0.661000000000000476,-2.011031360496509546
0.662000000000000366,-1.998274473244402882
0.663000000000000478,-1.985545521551495440
0.664000000000000368,-1.972844907635936007
0.665000000000000480,-1.960173034985786655
0.666000000000000369,-1.947530308088621709
0.667000000000000481,-1.934917132167906617
0.668000000000000371,-1.922333912926077470
0.669000000000000483,-1.909781056294233226
0.670000000000000373,-1.897258968188460626
0.671000000000000485,-1.884768054272561333
0.672000000000000375,-1.872308719727341586
0.673000000000000487,-1.859881369026144426
0.674000000000000377,-1.847486405716757263
0.675000000000000488,-1.835124232209470962
0.676000000000000378,-1.822795249571352638
0.677000000000000490,-1.810499857326516748
0.678000000000000380,-1.798238453262416714
0.679000000000000492,-1.786011433242032265
0.680000000000000382,-1.773819191021910768
0.681000000000000494,-1.761662118075911110
0.682000000000000384,-1.749540603424679208
0.683000000000000496,-1.737455033470642451
0.684000000000000385,-1.725405791838565461
0.685000000000000497,-1.713393259221491549
0.686000000000000387,-1.701417813232052323
0.687000000000000499,-1.689479828258993788
0.688000000000000389,-1.677579675328941367
0.689000000000000501,-1.665717721973165810
0.690000000000000391,-1.653894332099447695
0.691000000000000503,-1.642109865868787821
0.692000000000000393,-1.630364679577008147
0.693000000000000504,-1.618659125541073163
0.694000000000000394,-1.606993551990120395
0.695000000000000506,-1.595368302961025719
0.696000000000000396,-1.583783718198519708
0.697000000000000508,-1.572240133059708667
0.698000000000000398,-1.560737878422942870
0.699000000000000510,-1.549277280600907636
0.700000000000000400,-1.537858661257956339
0.701000000000000512,-1.526482337331456440
0.702000000000000401,-1.515148620957215808
0.703000000000000513,-1.503857819398808138
0.704000000000000403,-1.492610234980751516
0.705000000000000515,-1.481406165025457522
0.706000000000000405,-1.470245901793904686
0.707000000000000517,-1.459129732429879978
0.708000000000000407,-1.448057938907788778
0.709000000000000519,-1.437030797983922747
0.710000000000000409,-1.426048581151110994
0.711000000000000520,-1.415111554596665489
0.712000000000000410,-1.404219979163589205
0.713000000000000522,-1.393374110314909098
0.714000000000000412,-1.382574198101132801
0.715000000000000524,-1.371820487130695820
0.716000000000000414,-1.361113216543356597
0.717000000000000526,-1.350452619986456382
0.718000000000000416,-1.339838925594014185
0.719000000000000528,-1.329272355968486252
0.720000000000000417,-1.318753128165270017
0.721000000000000529,-1.308281453679739581
0.722000000000000419,-1.297857538436855807
0.723000000000000531,-1.287481582783192469
0.724000000000000421,-1.277153781481417782
0.725000000000000533,-1.266874323707050554
0.726000000000000423,-1.256643393047550239
0.727000000000000535,-1.246461167503545742
0.728000000000000425,-1.236327819492273328
0.729000000000000536,-1.226243515853060018
0.730000000000000426,-1.216208417854865997
0.731000000000000538,-1.206222681205754821
0.732000000000000428,-1.196286456064313830
0.733000000000000540,-1.186399887052902669
0.734000000000000430,-1.176563113272707906
0.735000000000000542,-1.166776268320532051
0.736000000000000432,-1.157039480307296087
0.737000000000000544,-1.147352871878122293
0.738000000000000433,-1.137716560234064200
0.739000000000000545,-1.128130657155306915
0.740000000000000435,-1.118595269025891792
0.741000000000000547,-1.109110496859847306
0.742000000000000437,-1.099676436328703710
0.743000000000000549,-1.090293177790331969
0.744000000000000439,-1.080960806319105627
0.745000000000000551,-1.071679401737225534
0.746000000000000441,-1.062449038647334643
0.747000000000000552,-1.053269786466194402
0.748000000000000442,-1.044141709459512679
0.749000000000000554,-1.035064866777836157
0.750000000000000444,-1.026039312493429945
0.751000000000000556,-1.017065095638155281
0.752000000000000446,-1.008142260242304244
0.753000000000000558,-0.999270845374283789
0.754000000000000448,-0.990450885181201501
0.755000000000000560,-0.981682408930261929
0.756000000000000449,-0.972965441050934410
0.757000000000000561,-0.964300001177863741
0.758000000000000451,-0.955686104194537256
0.759000000000000563,-0.947123760277566618
0.760000000000000453,-0.938612974941641198
0.761000000000000565,-0.930153749085112613
0.762000000000000455,-0.921746079036104504
0.763000000000000567,-0.913389956599210961
0.764000000000000457,-0.905085369102692772
0.765000000000000568,-0.896832299446142067
0.766000000000000458,-0.888630726148608163
0.767000000000000570,-0.880480623397171369
0.768000000000000460,-0.872381961095863523
0.769000000000000572,-0.864334704915001639
0.770000000000000462,-0.856338816340828757
0.771000000000000574,-0.848394252725478304
0.772000000000000464,-0.840500967337242777
0.773000000000000576,-0.832658909411066572
0.774000000000000465,-0.824868024199323258
0.775000000000000577,-0.817128253022762485
0.776000000000000467,-0.809439533321684834
0.777000000000000579,-0.801801798707243885
0.778000000000000469,-0.794214979012943467
0.779000000000000581,-0.786679000346213186
0.780000000000000471,-0.779193785140116724
0.781000000000000583,-0.771759252205111879
0.782000000000000473,-0.764375316780924075
0.783000000000000584,-0.757041890588404542
0.784000000000000474,-0.749758881881459116
0.785000000000000586,-0.742526195498956598
0.786000000000000476,-0.735343732916629689
0.787000000000000588,-0.728211392298963145
0.788000000000000478,-0.721129068551023988
0.789000000000000590,-0.714096653370215106
0.790000000000000480,-0.707114035298002763
0.791000000000000592,-0.700181099771473137
0.792000000000000481,-0.693297729174868316
0.793000000000000593,-0.686463802890930785
0.794000000000000483,-0.679679197352145215
0.795000000000000595,-0.672943786091839913
0.796000000000000485,-0.666257439795097661
0.797000000000000597,-0.659620026349509780
0.798000000000000487,-0.653031410895756892
0.799000000000000599,-0.646491455877952759
0.800000000000000488,-0.640000021093822702
0.801000000000000600,-0.633556963744627666
0.802000000000000490,-0.627162138484875564
0.803000000000000602,-0.620815397471790043
0.804000000000000492,-0.614516590414518671
0.805000000000000604,-0.608265564623084787
0.806000000000000494,-0.602062165057082987
0.807000000000000606,-0.595906234374081523
0.808000000000000496,-0.589797612977729924
0.809000000000000608,-0.583736139065602511
0.810000000000000497,-0.577721648676709498
0.811000000000000609,-0.571753975738709230
0.812000000000000499,-0.565832952114815102
0.813000000000000611,-0.559958407650355428
0.814000000000000501,-0.554130170219023555
0.815000000000000613,-0.548348065768784587
0.816000000000000503,-0.542611918367434387
0.817000000000000615,-0.536921550247820401
0.818000000000000504,-0.531276781852702995
0.819000000000000616,-0.525677431879261636
0.820000000000000506,-0.520123317323231804
0.821000000000000618,-0.514614253522689413
0.822000000000000508,-0.509150054201441771
0.823000000000000620,-0.503730531512063373
0.824000000000000510,-0.498355496078530691
0.825000000000000622,-0.493024757038506567
0.826000000000000512,-0.487738122085188075
0.827000000000000624,-0.482495397508818868
0.828000000000000513,-0.477296388237761549
0.829000000000000625,-0.472140897879215538
0.830000000000000515,-0.467028728759504630
0.831000000000000627,-0.461959681963974689
0.832000000000000517,-0.456933557376493660
0.833000000000000629,-0.451950153718548353
0.834000000000000519,-0.447009268587927999
0.835000000000000631,-0.442110698496989918
0.836000000000000520,-0.437254238910554149
0.837000000000000632,-0.432439684283335346
0.838000000000000522,-0.427666828097003571
0.839000000000000634,-0.422935462896811221
0.840000000000000524,-0.418245380327824712
0.841000000000000636,-0.413596371170720789
0.842000000000000526,-0.408988225377182935
0.843000000000000638,-0.404420732104882386
0.844000000000000528,-0.399893679752033715
0.845000000000000639,-0.395406855991554340
0.846000000000000529,-0.390960047804788213
0.847000000000000641,-0.386553041514830775
0.848000000000000531,-0.382185622819431414
0.849000000000000643,-0.377857576823485919
0.850000000000000533,-0.373568688071124977
0.851000000000000645,-0.369318740577350257
0.852000000000000535,-0.365107517859331376
0.853000000000000647,-0.360934802967206814
0.854000000000000536,-0.356800378514558536
0.855000000000000648,-0.352704026708400620
0.856000000000000538,-0.348645529378824093
0.857000000000000650,-0.344624668008194524
0.858000000000000540,-0.340641223759965417
0.859000000000000652,-0.336694977507081272
0.860000000000000542,-0.332785709859977963
0.861000000000000654,-0.328913201194185434
0.862000000000000544,-0.325077231677544487
0.863000000000000655,-0.321277581296984971
0.864000000000000545,-0.317514029884973514
0.865000000000000657,-0.313786357145508732
0.866000000000000547,-0.310094342679768931
0.867000000000000659,-0.306437766011326440
0.868000000000000549,-0.302816406611036704
0.869000000000000661,-0.299230043921483724
0.870000000000000551,-0.295678457381074289
0.871000000000000663,-0.292161426447744454
0.872000000000000552,-0.288678730622299928
0.873000000000000664,-0.285230149471353667
0.874000000000000554,-0.281815462649922410
0.875000000000000666,-0.278434449923635807
0.876000000000000556,-0.275086891190582328
0.877000000000000668,-0.271772566502776036
0.878000000000000558,-0.268491256087293517
0.879000000000000670,-0.265242740367022112
0.880000000000000560,-0.262026799981048275
0.881000000000000671,-0.258843215804726579
0.882000000000000561,-0.255691768969350641
0.883000000000000673,-0.252572240881506815
0.884000000000000563,-0.249484413242087394
0.885000000000000675,-0.246428068064913713
0.886000000000000565,-0.243402987695076123
0.887000000000000677,-0.240408954826903720
0.888000000000000567,-0.237445752521602410
0.889000000000000679,-0.234513164224572634
0.890000000000000568,-0.231610973782380297
0.891000000000000680,-0.228738965459422433
0.892000000000000570,-0.225896923954255063
0.893000000000000682,-0.223084634415599836
0.894000000000000572,-0.220301882458053433
0.895000000000000684,-0.217548454177448086
0.896000000000000574,-0.214824136165948643
0.897000000000000686,-0.212128715526785194
0.898000000000000576,-0.209461979888731553
0.899000000000000687,-0.206823717420251796
0.900000000000000577,-0.204213716843363174
0.901000000000000689,-0.201631767447179172
0.902000000000000579,-0.199077659101202453
0.903000000000000691,-0.196551182268280222
0.904000000000000581,-0.194052128017304565
0.905000000000000693,-0.191580288035628626
0.906000000000000583,-0.189135454641180700
0.907000000000000695,-0.186717420794312389
0.908000000000000584,-0.184325980109382837
0.909000000000000696,-0.181960926866059275
0.910000000000000586,-0.179622056020344090
0.911000000000000698,-0.177309163215360444
0.912000000000000588,-0.175022044791845188
0.913000000000000700,-0.172760497798404355
0.914000000000000590,-0.170524320001499724
0.915000000000000702,-0.168313309895188862
0.916000000000000592,-0.166127266710619143
0.917000000000000703,-0.163965990425260444
0.918000000000000593,-0.161829281771911720
0.919000000000000705,-0.159716942247441068
0.920000000000000595,-0.157628774121322979
0.921000000000000707,-0.155564580443897371
0.922000000000000597,-0.153524165054443384
0.923000000000000709,-0.151507332588976584
0.924000000000000599,-0.149513888487855906
0.925000000000000711,-0.147543639003153482
0.926000000000000600,-0.145596391205790987
0.927000000000000712,-0.143671952992485252
0.928000000000000602,-0.141770133092458395
0.929000000000000714,-0.139890741073932900
0.930000000000000604,-0.138033587350448184
0.931000000000000716,-0.136198483186918684
0.932000000000000606,-0.134385240705539311
0.933000000000000718,-0.132593672891469117
0.934000000000000608,-0.130823593598296289
0.935000000000000719,-0.129074817553347321
0.936000000000000609,-0.127347160362777545
0.937000000000000721,-0.125640438516474717
0.938000000000000611,-0.123954469392780847
0.939000000000000723,-0.122289071263024990
0.940000000000000613,-0.120644063295877096
0.941000000000000725,-0.119019265561524382
0.942000000000000615,-0.117414499035660258
0.943000000000000727,-0.115829585603313204
0.944000000000000616,-0.114264348062497675
0.945000000000000728,-0.112718610127689425
0.946000000000000618,-0.111192196433154367
0.947000000000000730,-0.109684932536077404
0.948000000000000620,-0.108196644919581031
0.949000000000000732,-0.106727160995530077
0.950000000000000622,-0.105276309107224963
0.951000000000000734,-0.103843918531915727
0.952000000000000624,-0.102429819483164208
0.953000000000000735,-0.101033843113078919
0.954000000000000625,-0.099655821514373216
0.955000000000000737,-0.098295587722303873
0.956000000000000627,-0.096952975716453338
0.957000000000000739,-0.095627820422372639
0.958000000000000629,-0.094319957713100630
0.959000000000000741,-0.093029224410522887
0.960000000000000631,-0.091755458286630093
0.961000000000000743,-0.090498498064612160
0.962000000000000632,-0.089258183419843123
0.963000000000000744,-0.088034354980749283
0.964000000000000634,-0.086826854329521086
0.965000000000000746,-0.085635524002727684
0.966000000000000636,-0.084460207491813599
0.967000000000000748,-0.083300749243461467
0.968000000000000638,-0.082156994659844690
0.969000000000000750,-0.081028790098779876
0.970000000000000639,-0.079915982873743713
0.971000000000000751,-0.078818421253802479
0.972000000000000641,-0.077735954463415718
0.973000000000000753,-0.076668432682146306
0.974000000000000643,-0.075615707044270564
0.975000000000000755,-0.074577629638267612
0.976000000000000645,-0.073554053506221712
0.977000000000000757,-0.072544832643135174
0.978000000000000647,-0.071549821996126070
0.979000000000000759,-0.070568877463539265
0.980000000000000648,-0.069601855893975467
0.981000000000000760,-0.068648615085213249
0.982000000000000650,-0.067709013783049277
0.983000000000000762,-0.066782911680057816
0.984000000000000652,-0.065870169414248642
0.985000000000000764,-0.064970648567663991
0.986000000000000654,-0.064084211664867288
0.987000000000000766,-0.063210722171375938
0.988000000000000655,-0.062350044492001586
0.989000000000000767,-0.061502043969114142
0.990000000000000657,-0.060666586880831749
0.991000000000000769,-0.059843540439143431
0.992000000000000659,-0.059032772787948593
0.993000000000000771,-0.058234153001039887
0.994000000000000661,-0.057447551079997619
0.995000000000000773,-0.056672837952035149
0.996000000000000663,-0.055909885467774686
0.997000000000000774,-0.055158566398939526
0.998000000000000664,-0.054418754436014495
0.999000000000000776,-0.053690324185821689
1.000000000000000666,-0.052973151169038765
1.001000000000000778,-0.052267111817673371
1.002000000000000668,-0.051572083472465280
1.003000000000000780,-0.050887944380230178
1.004000000000000670,-0.050214573691159871
1.005000000000000782,-0.049551851456068649
1.006000000000000671,-0.048899658623585252
1.007000000000000783,-0.048257877037276978
1.008000000000000673,-0.047626389432758189
1.009000000000000785,-0.047005079434723318
1.010000000000000675,-0.046393831553943797
1.011000000000000787,-0.045792531184219720
1.012000000000000677,-0.045201064599282102
1.013000000000000789,-0.044619318949652598
1.014000000000000679,-0.044047182259475258
1.015000000000000790,-0.043484543423279273
1.016000000000000680,-0.042931292202729024
1.017000000000000792,-0.042387319223322194
1.018000000000000682,-0.041852515971050067
1.019000000000000794,-0.041326774789029588
1.020000000000000684,-0.040809988874090306
1.021000000000000796,-0.040302052273329496
1.022000000000000686,-0.039802859880648155
1.023000000000000798,-0.039312307433225079
1.024000000000000687,-0.038830291507987127
1.025000000000000799,-0.038356709518046705
1.026000000000000689,-0.037891459709084439
1.027000000000000801,-0.037434441155744291
1.028000000000000691,-0.036985553757958048
1.029000000000000803,-0.036544698237277212
1.030000000000000693,-0.036111776133175122
1.031000000000000805,-0.035686689799294971
1.032000000000000695,-0.035269342399706680
1.033000000000000806,-0.034859637905144590
1.034000000000000696,-0.034457481089184144
1.035000000000000808,-0.034062777524441486
1.036000000000000698,-0.033675433578726585
1.037000000000000810,-0.033295356411183460
1.038000000000000700,-0.032922453968423131
1.039000000000000812,-0.032556634980614757
1.040000000000000702,-0.032197808957588982
1.041000000000000814,-0.031845886184901737
1.042000000000000703,-0.031500777719893278
1.043000000000000815,-0.031162395387730669
1.044000000000000705,-0.030830651777448669
1.045000000000000817,-0.030505460237938115
1.046000000000000707,-0.030186734873986064
1.047000000000000819,-0.029874390542234917
1.048000000000000709,-0.029568342847189823
1.049000000000000821,-0.029268508137173965
1.050000000000000711,-0.028974803500292863
1.051000000000000822,-0.028687146760389769
1.052000000000000712,-0.028405456472995805
1.053000000000000824,-0.028129651921250477
1.054000000000000714,-0.027859653111846173
1.055000000000000826,-0.027595380770948603
1.056000000000000716,-0.027336756340106433
1.057000000000000828,-0.027083701972173378
1.058000000000000718,-0.026836140527208046
1.059000000000000830,-0.026593995568389078
1.060000000000000719,-0.026357191357901322
1.061000000000000831,-0.026125652852835989
1.062000000000000721,-0.025899305701098625
1.063000000000000833,-0.025678076237278892
1.064000000000000723,-0.025461891478571815
1.065000000000000835,-0.025250679120634507
1.066000000000000725,-0.025044367533504842
1.067000000000000837,-0.024842885757474360
1.068000000000000727,-0.024646163498989591
1.069000000000000838,-0.024454131126542471
1.070000000000000728,-0.024266719666548156
1.071000000000000840,-0.024083860799269580
1.072000000000000730,-0.023905486854691911
1.073000000000000842,-0.023731530808428623
1.074000000000000732,-0.023561926277631724
1.075000000000000844,-0.023396607516900609
1.076000000000000734,-0.023235509414178162
1.077000000000000846,-0.023078567486688916
1.078000000000000735,-0.022925717876840227
1.079000000000000847,-0.022776897348167853
1.080000000000000737,-0.022632043281253140
1.081000000000000849,-0.022491093669668602
1.082000000000000739,-0.022353987115919717
1.083000000000000851,-0.022220662827397951
1.084000000000000741,-0.022091060612344043
1.085000000000000853,-0.021965120875800680
1.086000000000000743,-0.021842784615600762
1.087000000000000854,-0.021723993418336057
1.088000000000000744,-0.021608689455363300
1.089000000000000856,-0.021496815478784983
1.090000000000000746,-0.021388314817467630
1.091000000000000858,-0.021283131373064052
1.092000000000000748,-0.021181209616018670
1.093000000000000860,-0.021082494581632232
1.094000000000000750,-0.020986931866088666
1.095000000000000862,-0.020894467622514557
1.096000000000000751,-0.020805048557051859
1.097000000000000863,-0.020718621924936308
1.098000000000000753,-0.020635135526583043
1.099000000000000865,-0.020554537703690763
1.100000000000000755,-0.020476777335352379
1.101000000000000867,-0.020401803834174552
1.102000000000000757,-0.020329567142434845
1.103000000000000869,-0.020260017728199100
1.104000000000000759,-0.020193106581506085
1.105000000000000870,-0.020128785210538069
1.106000000000000760,-0.020067005637795187
1.107000000000000872,-0.020007720396315251
1.108000000000000762,-0.019950882525864869
1.109000000000000874,-0.019896445569188737
1.110000000000000764,-0.019844363568230178
1.111000000000000876,-0.019794591060396740
1.112000000000000766,-0.019747083074829266
1.113000000000000878,-0.019701795128673334
1.114000000000000767,-0.019658683223391048
1.115000000000000879,-0.019617703841057217
1.116000000000000769,-0.019578813940694696
1.117000000000000881,-0.019541970954615667
1.118000000000000771,-0.019507132784773784
1.119000000000000883,-0.019474257799127023
1.120000000000000773,-0.019443304828036551
1.121000000000000885,-0.019414233160662583
1.122000000000000774,-0.019387002541378383
1.123000000000000886,-0.019361573166201618
1.124000000000000776,-0.019337905679245797
1.125000000000000888,-0.019315961169183410
1.126000000000000778,-0.019295701165718465
1.127000000000000890,-0.019277087636089346
1.128000000000000780,-0.019260082981576745
1.129000000000000892,-0.019244650034030079
1.130000000000000782,-0.019230752052407943
1.131000000000000894,-0.019218352719346819
1.132000000000000783,-0.019207416137730436
1.133000000000000895,-0.019197906827283059
1.134000000000000785,-0.019189789721179157
1.135000000000000897,-0.019183030162672438
1.136000000000000787,-0.019177593901729247
1.137000000000000899,-0.019173447091701906
1.138000000000000789,-0.019170556285995115
1.139000000000000901,-0.019168888434758592
1.140000000000000790,-0.019168410881600005
1.141000000000000902,-0.019169091360315377
1.142000000000000792,-0.019170897991622027
1.143000000000000904,-0.019173799279936912
1.144000000000000794,-0.019177764110132868
1.145000000000000906,-0.019182761744357200
1.146000000000000796,-0.019188761818825582
1.147000000000000908,-0.019195734340661304
1.148000000000000798,-0.019203649684741399
1.149000000000000909,-0.019212478590559051
1.150000000000000799,-0.019222192159109051
1.151000000000000911,-0.019232761849778349
1.152000000000000801,-0.019244159477277964
1.153000000000000913,-0.019256357208558641
1.154000000000000803,-0.019269327559772780
1.155000000000000915,-0.019283043393241564
1.156000000000000805,-0.019297477914446880
1.157000000000000917,-0.019312604669018751
1.158000000000000806,-0.019328397539774798
1.159000000000000918,-0.019344830743749396
1.160000000000000808,-0.019361878829246542
1.161000000000000920,-0.019379516672919189
1.162000000000000810,-0.019397719476861787
1.163000000000000922,-0.019416462765713311
1.164000000000000812,-0.019435722383782873
1.165000000000000924,-0.019455474492200576
1.166000000000000814,-0.019475695566072121
1.167000000000000925,-0.019496362391652040
1.168000000000000815,-0.019517452063550912
1.169000000000000927,-0.019538941981944998
1.170000000000000817,-0.019560809849799309
1.171000000000000929,-0.019583033670118245
1.172000000000000819,-0.019605591743216622
1.173000000000000931,-0.019628462663999341
1.174000000000000821,-0.019651625319256079
1.175000000000000933,-0.019675058884985174
1.176000000000000822,-0.019698742823726717
1.177000000000000934,-0.019722656881900537
1.178000000000000824,-0.019746781087198080
1.179000000000000936,-0.019771095745951976
1.180000000000000826,-0.019795581440543605
1.181000000000000938,-0.019820219026821455
1.182000000000000828,-0.019844989631543290
1.183000000000000940,-0.019869874649822893
1.184000000000000830,-0.019894855742603475
1.185000000000000941,-0.019919914834149979
1.186000000000000831,-0.019945034109550324
1.187000000000000943,-0.019970196012237224
1.188000000000000833,-0.019995383241526124
1.189000000000000945,-0.020020578750174350
1.190000000000000835,-0.020045765741948829
1.191000000000000947,-0.020070927669214859
1.192000000000000837,-0.020096048230550771
1.193000000000000949,-0.020121111368354101
1.194000000000000838,-0.020146101266492498
1.195000000000000950,-0.020171002347956317
1.196000000000000840,-0.020195799272528264
1.197000000000000952,-0.020220476934465818
1.198000000000000842,-0.020245020460224254
1.199000000000000954,-0.020269415206153205
1.200000000000000844,-0.020293646756250189
1.201000000000000734,-0.020317700919905566
1.202000000000000846,-0.020341563729679258
1.203000000000000957,-0.020365221439071636
1.204000000000000847,-0.020388660520348274
1.205000000000000737,-0.020411867662328258
1.206000000000000849,-0.020434829768238912
1.207000000000000961,-0.020457533953558253
1.208000000000000851,-0.020479967543877393
1.209000000000000741,-0.020502118072779171
1.210000000000000853,-0.020523973279745044
1.211000000000000965,-0.020545521108048959
1.212000000000000854,-0.020566749702703644
1.213000000000000744,-0.020587647408387626
1.214000000000000856,-0.020608202767413139
1.215000000000000968,-0.020628404517692045
1.216000000000000858,-0.020648241590732780
1.217000000000000748,-0.020667703109634606
1.218000000000000860,-0.020686778387113958
1.219000000000000972,-0.020705456923538167
1.220000000000000862,-0.020723728404965648
1.221000000000000751,-0.020741582701220566
1.222000000000000863,-0.020759009863966262
1.223000000000000975,-0.020776000124800499
1.224000000000000865,-0.020792543893363026
1.225000000000000755,-0.020808631755454127
1.226000000000000867,-0.020824254471182763
1.227000000000000979,-0.020839402973110571
1.228000000000000869,-0.020854068364417649
1.229000000000000759,-0.020868241917091041
1.230000000000000870,-0.020881915070111827
1.231000000000000982,-0.020895079427666430
1.232000000000000872,-0.020907726757377391
1.233000000000000762,-0.020919848988530425
1.234000000000000874,-0.020931438210330926
1.235000000000000986,-0.020942486670177347
1.236000000000000876,-0.020952986771922984
1.237000000000000766,-0.020962931074190661
1.238000000000000878,-0.020972312288664651
1.239000000000000989,-0.020981123278410466
1.240000000000000879,-0.020989357056229684
1.241000000000000769,-0.020997006782979676
1.242000000000000881,-0.021004065765957061
1.243000000000000993,-0.021010527457259336
1.244000000000000883,-0.021016385452185267
1.245000000000000773,-0.021021633487622211
1.246000000000000885,-0.021026265440469375
1.247000000000000997,-0.021030275326067910
1.248000000000000886,-0.021033657296632986
1.249000000000000776,-0.021036405639713266
1.250000000000000888,-0.021038514776658489
1.251000000000001000,-0.021039979261094972
1.252000000000000890,-0.021040793777415922
1.253000000000000780,-0.021040953139293959
1.254000000000000892,-0.021040452288193987
1.255000000000001004,-0.021039286291898697
1.256000000000000894,-0.021037450343055576
1.257000000000000783,-0.021034939757733778
1.258000000000000895,-0.021031749973987005
1.259000000000001007,-0.021027876550430803
1.260000000000000897,-0.021023315164840087
1.261000000000000787,-0.021018061612745834
1.262000000000000899,-0.021012111806053446
1.263000000000001011,-0.021005461771672600
1.264000000000000901,-0.020998107650149579
1.265000000000000790,-0.020990045694325544
1.266000000000000902,-0.020981272267990275
1.267000000000001014,-0.020971783844568336
1.268000000000000904,-0.020961577005791800
1.269000000000000794,-0.020950648440406696
1.270000000000000906,-0.020938994942874146
1.271000000000001018,-0.020926613412100142
1.272000000000000908,-0.020913500850160267
1.273000000000000798,-0.020899654361037398
1.274000000000000909,-0.020885071149383629
1.275000000000001021,-0.020869748519286569
1.276000000000000911,-0.020853683873031752
1.277000000000000801,-0.020836874709905258
1.278000000000000913,-0.020819318624972372
1.279000000000001025,-0.020801013307910086
1.280000000000000915,-0.020781956541803481
1.281000000000000805,-0.020762146201984133
1.282000000000000917,-0.020741580254873122
1.283000000000001029,-0.020720256756823523
1.284000000000000918,-0.020698173852989398
1.285000000000000808,-0.020675329776191697
1.286000000000000920,-0.020651722845797745
1.287000000000001032,-0.020627351466624703
1.288000000000000922,-0.020602214127825008
1.289000000000000812,-0.020576309401806388
1.290000000000000924,-0.020549635943159037
1.291000000000001036,-0.020522192487575603
1.292000000000000925,-0.020493977850802793
1.293000000000000815,-0.020464990927585937
1.294000000000000927,-0.020435230690635214
1.295000000000001039,-0.020404696189591637
1.296000000000000929,-0.020373386550012793
1.297000000000000819,-0.020341300972357219
1.298000000000000931,-0.020308438730987737
1.299000000000001043,-0.020274799173180823
1.300000000000000933,-0.020240381718133832
1.301000000000000822,-0.020205185856013587
1.302000000000000934,-0.020169211146969217
1.303000000000001046,-0.020132457220198897
1.304000000000000936,-0.020094923772982918
1.305000000000000826,-0.020056610569769359
1.306000000000000938,-0.020017517441228785
1.307000000000001050,-0.019977644283344399
1.308000000000000940,-0.019936991056504212
1.309000000000000830,-0.019895557784594647
1.310000000000000941,-0.019853344554106062
1.311000000000001053,-0.019810351513259668
1.312000000000000943,-0.019766578871118764
1.313000000000000833,-0.019722026896735561
1.314000000000000945,-0.019676695918280050
1.315000000000001057,-0.019630586322197184
1.316000000000000947,-0.019583698552366701
1.317000000000000837,-0.019536033109263870
1.318000000000000949,-0.019487590549137790
1.319000000000001060,-0.019438371483195358
1.320000000000000950,-0.019388376576785799
1.321000000000000840,-0.019337606548605495
1.322000000000000952,-0.019286062169904826
1.323000000000001064,-0.019233744263703077
1.324000000000000954,-0.019180653703999538
1.325000000000000844,-0.019126791415021716
1.326000000000000956,-0.019072158370449184
1.327000000000001068,-0.019016755592668154
1.328000000000000957,-0.018960584152012083
1.329000000000000847,-0.018903645166038603
1.330000000000000959,-0.018845939798786654
1.331000000000001071,-0.018787469260048602
1.332000000000000961,-0.018728234804666861
1.333000000000000851,-0.018668237731813232
1.334000000000000963,-0.018607479384282210
1.335000000000001075,-0.018545961147809688
1.336000000000000965,-0.018483684450368604
1.337000000000000854,-0.018420650761498628
1.338000000000000966,-0.018356861591627631
1.339000000000001078,-0.018292318491401911
1.340000000000000968,-0.018227023051032031
1.341000000000000858,-0.018160976899625168
1.342000000000000970,-0.018094181704556886
1.343000000000001082,-0.018026639170818259
1.344000000000000972,-0.017958351040378118
1.345000000000000862,-0.017889319091576268
1.346000000000000973,-0.017819545138472958
1.347000000000001085,-0.017749031030264130
1.348000000000000975,-0.017677778650652603
1.349000000000000865,-0.017605789917257367
1.350000000000000977,-0.017533066781015086
1.351000000000001089,-0.017459611225594834
1.352000000000000979,-0.017385425266810452
1.353000000000000869,-0.017310510952048337
1.354000000000000981,-0.017234870359693320
1.355000000000001092,-0.017158505598574424
1.356000000000000982,-0.017081418807390444
1.357000000000000872,-0.017003612154176308
1.358000000000000984,-0.016925087835741256
1.359000000000001096,-0.016845848077143021
1.360000000000000986,-0.016765895131134266
1.361000000000000876,-0.016685231277661982
1.362000000000000988,-0.016603858823310579
1.363000000000001100,-0.016521780100820265
1.364000000000000989,-0.016438997468548260
1.365000000000000879,-0.016355513309971162
1.366000000000000991,-0.016271330033195273
1.367000000000001103,-0.016186450070446442
1.368000000000000993,-0.016100875877587080
1.369000000000000883,-0.016014609933636497
1.370000000000000995,-0.015927654740284826
1.371000000000001107,-0.015840012821426497
1.372000000000000997,-0.015751686722682106
1.373000000000000886,-0.015662679010956252
1.374000000000000998,-0.015572992273946550
1.375000000000001110,-0.015482629119731242
1.376000000000001000,-0.015391592176287956
1.377000000000000890,-0.015299884091071896
1.378000000000001002,-0.015207507530567526
1.379000000000001114,-0.015114465179863566
1.380000000000001004,-0.015020759742223656
1.381000000000000894,-0.014926393938654286
1.382000000000001005,-0.014831370507510207
1.383000000000001117,-0.014735692204051919
1.384000000000001007,-0.014639361800064043
1.385000000000000897,-0.014542382083433386
1.386000000000001009,-0.014444755857759348
1.387000000000001121,-0.014346485941958753
1.388000000000001011,-0.014247575169875177
1.389000000000000901,-0.014148026389888779
1.390000000000001013,-0.014047842464548899
1.391000000000001124,-0.013947026270183354
1.392000000000001014,-0.013845580696537648
1.393000000000000904,-0.013743508646400665
1.394000000000001016,-0.013640813035247524
1.395000000000001128,-0.013537496790874393
1.396000000000001018,-0.013433562853051317
1.397000000000000908,-0.013329014173165777
1.398000000000001020,-0.013223853713882999
1.399000000000001132,-0.013118084448796965
1.400000000000001021,-0.013011709362095326
1.401000000000000911,-0.012904731448235170
1.402000000000001023,-0.012797153711598924
1.403000000000001135,-0.012688979166173106
1.404000000000001025,-0.012580210835233762
1.405000000000000915,-0.012470851751024267
1.406000000000001027,-0.012360904954434846
1.407000000000001139,-0.012250373494709182
1.408000000000001029,-0.012139260429116819
1.409000000000000918,-0.012027568822671636
1.410000000000001030,-0.011915301747820713
1.411000000000001142,-0.011802462284148923
1.412000000000001032,-0.011689053518094695
1.413000000000000922,-0.011575078542662371
1.414000000000001034,-0.011460540457132146
1.415000000000001146,-0.011345442366778969
1.416000000000001036,-0.011229787382610148
1.417000000000000925,-0.011113578621073837
1.418000000000001037,-0.010996819203796271
1.419000000000001149,-0.010879512257321864
1.420000000000001039,-0.010761660912839066
1.421000000000000929,-0.010643268305934520
1.422000000000001041,-0.010524337576321810
1.423000000000001153,-0.010404871867595420
1.424000000000001043,-0.010284874326989031
1.425000000000000933,-0.010164348105113416
1.426000000000001044,-0.010043296355726126
1.427000000000001156,-0.009921722235482129
1.428000000000001046,-0.009799628903712734
1.429000000000000936,-0.009677019522172590
1.430000000000001048,-0.009553897254818380
1.431000000000001160,-0.009430265267582141
1.432000000000001050,-0.009306126728148238
1.433000000000000940,-0.009181484805727783
1.434000000000001052,-0.009056342670840850
1.435000000000001164,-0.008930703495103675
1.436000000000001053,-0.008804570451012288
1.437000000000000943,-0.008677946711739288
1.438000000000001055,-0.008550835450922578
1.439000000000001167,-0.008423239842459124
1.440000000000001057,-0.008295163060307633
1.441000000000000947,-0.008166608278291906
1.442000000000001059,-0.008037578669902059
1.443000000000001171,-0.007908077408103233
1.444000000000001060,-0.007778107665140569
1.445000000000000950,-0.007647672612363069
1.446000000000001062,-0.007516775420024257
1.447000000000001174,-0.007385419257115440
1.448000000000001064,-0.007253607291176316
1.449000000000000954,-0.007121342688113624
1.450000000000001066,-0.006988628612042915
1.451000000000001178,-0.006855468225104899
1.452000000000001068,-0.006721864687292804
1.453000000000000957,-0.006587821156294610
1.454000000000001069,-0.006453340787327351
1.455000000000001181,-0.006318426732969016
1.456000000000001071,-0.006183082143003738
1.457000000000000961,-0.006047310164266110
1.458000000000001073,-0.005911113940477104
1.459000000000001185,-0.005774496612105167
1.460000000000001075,-0.005637461316205688
1.461000000000000965,-0.005500011186275178
1.462000000000001076,-0.005362149352106012
1.463000000000001188,-0.005223878939645371
1.464000000000001078,-0.005085203070850837
1.465000000000000968,-0.004946124863554490
1.466000000000001080,-0.004806647431319864
1.467000000000001192,-0.004666773883311627
1.468000000000001082,-0.004526507324165688
1.469000000000000972,-0.004385850853852116
1.470000000000001084,-0.004244807567550986
1.471000000000001195,-0.004103380555526247
1.472000000000001085,-0.003961572902995284
1.473000000000000975,-0.003819387690016637
1.474000000000001087,-0.003676827991353589
1.475000000000001199,-0.003533896876381701
1.476000000000001089,-0.003390597408944569
1.477000000000000979,-0.003246932647255144
1.478000000000001091,-0.003102905643779134
1.479000000000001203,-0.002958519445121260
1.480000000000001092,-0.002813777091925160
1.481000000000000982,-0.002668681618756621
1.482000000000001094,-0.002523236054002749
1.483000000000001206,-0.002377443419767801
1.484000000000001096,-0.002231306731774292
1.485000000000000986,-0.002084828999254734
1.486000000000001098,-0.001938013224866697
1.487000000000001210,-0.001790862404584764
1.488000000000001100,-0.001643379527611457
1.489000000000000989,-0.001495567576279703
1.490000000000001101,-0.001347429525970988
1.491000000000001213,-0.001198968345015678
1.492000000000001103,-0.001050186994607329
1.493000000000000993,-0.000901088428723911
1.494000000000001105,-0.000751675594031333
1.495000000000001217,-0.000601951429805712
1.496000000000001107,-0.000451918867857459
1.497000000000000997,-0.000301580832439998
1.498000000000001108,-0.000150940240181443
1.499000000000001220,0.000000000000000000
