# Ag100_DIFLUOROMETHANE
# h[nm],U(h)[kJ/mol]
0.149999999999999994,128.486587058192696986
0.150999999999999995,129.179399843173882800
0.151999999999999996,125.850722256254172748
0.152999999999999997,121.697033374533205574
0.153999999999999998,117.938193249591336098
0.154999999999999999,114.835299035150939062
0.156000000000000000,112.254044975897983250
0.157000000000000001,109.955049493877254463
0.158000000000000002,107.726262703043488500
0.159000000000000002,105.428856522441677157
0.160000000000000003,102.999610715929591720
0.161000000000000004,100.434691662046773786
0.162000000000000005,97.768413495363290622
0.163000000000000006,95.053716748219002852
0.164000000000000007,92.347108123460628804
0.165000000000000008,89.698615602362252730
0.166000000000000009,87.146226640648293937
0.167000000000000010,84.713840256752490632
0.168000000000000010,82.411688010742835786
0.169000000000000011,80.238285546979994933
0.170000000000000012,78.183158703283183399
0.171000000000000013,76.229785550215439116
0.172000000000000014,74.358376517616562751
0.173000000000000015,72.548265059184430470
0.174000000000000016,70.779797440718681401
0.175000000000000017,69.035694115664824722
0.176000000000000018,67.301911313577619467
0.177000000000000018,65.568065348706838336
0.178000000000000019,63.827499106108653848
0.179000000000000020,62.077074943920379724
0.180000000000000021,60.316774833229445107
0.181000000000000022,58.549180086636589238
0.182000000000000023,56.778891883282071262
0.183000000000000024,55.011941700544369382
0.184000000000000025,53.255228886262742094
0.185000000000000026,51.516011697380541534
0.186000000000000026,49.801468613752852832
0.187000000000000027,48.118338795090082272
0.188000000000000028,46.472644205176244725
0.189000000000000029,44.869491092757371575
0.190000000000000030,43.312945039737385855
0.191000000000000031,41.805971478051375811
0.192000000000000032,40.350432239538520207
0.193000000000000033,38.947128145597950777
0.194000000000000034,37.595877686974162657
0.195000000000000034,36.295622330110134612
0.196000000000000035,35.044549778940279339
0.197000000000000036,33.840227506361635790
0.198000000000000037,32.679739956325349226
0.199000000000000038,31.559823933899263437
0.200000000000000039,30.476997792791735264
0.201000000000000040,29.427681058884967769
0.202000000000000041,28.408302068174258181
0.203000000000000042,27.415392032349661378
0.204000000000000042,26.445664667482986943
0.205000000000000043,25.496081129604341697
0.206000000000000044,24.563900498748822088
0.207000000000000045,23.646716447034609843
0.208000000000000046,22.742481025391718674
0.209000000000000047,21.849516717887773609
0.210000000000000048,20.966518052965078311
0.211000000000000049,20.092544138133511922
0.212000000000000050,19.227003509220143229
0.213000000000000050,18.369632667000463044
0.214000000000000051,17.520469621947718508
0.215000000000000052,16.679823690041693851
0.216000000000000053,15.848242686213703578
0.217000000000000054,15.026478553236310987
0.218000000000000055,14.215452347926705201
0.219000000000000056,13.416219387766778581
0.220000000000000057,12.629935242980488752
0.221000000000000058,11.857823144552575911
0.222000000000000058,11.101143269754478737
0.223000000000000059,10.361164265045463395
0.224000000000000060,9.639137272811693080
0.225000000000000061,8.936272643963567575
0.226000000000000062,8.253719443251247512
0.227000000000000063,7.592547788319846447
0.228000000000000064,6.953734006827369640
0.229000000000000065,6.338148548029637119
0.230000000000000066,5.746546545616044277
0.231000000000000066,5.179560896674649584
0.232000000000000067,4.637697696841748041
0.233000000000000068,4.121333853273797310
0.234000000000000069,3.630716684388577420
0.235000000000000070,3.165965307676811502
0.236000000000000071,2.727073613628328008
0.237000000000000072,2.313914624316393720
0.238000000000000073,1.926246038848850928
0.239000000000000073,1.563716774174588320
0.240000000000000074,1.225874318120545148
0.241000000000000075,0.912172721573514367
0.242000000000000076,0.621981067997726456
0.243000000000000077,0.354592270630378237
0.244000000000000078,0.109232060402498027
0.245000000000000079,-0.114931959384726695
0.246000000000000080,-0.318781302575546321
0.247000000000000081,-0.503237731951437062
0.248000000000000081,-0.669254618844643323
0.249000000000000082,-0.817808604039015230
0.250000000000000111,-0.949891621908641404
0.251000000000000112,-1.066503338874655871
0.252000000000000113,-1.168644047095372951
0.253000000000000114,-1.257308044882067710
0.254000000000000115,-1.333477526677463665
0.255000000000000115,-1.398116997551375640
0.256000000000000116,-1.452168220057337145
0.257000000000000117,-1.496545694938924198
0.258000000000000118,-1.532132671554051528
0.259000000000000119,-1.559777678970863501
0.260000000000000120,-1.580291564446133945
0.261000000000000121,-1.594445022387991573
0.262000000000000122,-1.602966593890448266
0.263000000000000123,-1.606541114463773123
0.264000000000000123,-1.605808585631345764
0.265000000000000124,-1.601363444574869233
0.266000000000000125,-1.593754204945820430
0.267000000000000126,-1.583483441277119264
0.268000000000000127,-1.571008089087602366
0.269000000000000128,-1.556740032732057077
0.270000000000000129,-1.541046953275895248
0.271000000000000130,-1.524253409130242876
0.272000000000000131,-1.506642122838407039
0.273000000000000131,-1.488455448226897682
0.274000000000000132,-1.469896993096564630
0.275000000000000133,-1.451133373704782681
0.276000000000000134,-1.432296078455046917
0.277000000000000135,-1.413483419444268918
0.278000000000000136,-1.394762551800773576
0.279000000000000137,-1.376171542060300679
0.280000000000000138,-1.357721468158139322
0.281000000000000139,-1.339398534948337049
0.282000000000000139,-1.321166190484941882
0.283000000000000140,-1.302967229604222954
0.284000000000000141,-1.284725872622402898
0.285000000000000142,-1.266349808203180327
0.286000000000000143,-1.247732190646809958
0.287000000000000144,-1.228753583002631045
0.288000000000000145,-1.209283838506394870
0.289000000000000146,-1.189183913888073985
0.290000000000000147,-1.168307609084594967
0.291000000000000147,-1.146503228821815323
0.292000000000000148,-1.123615162401981671
0.293000000000000149,-1.099485378845211914
0.294000000000000150,-1.073954835287365128
0.295000000000000151,-1.046864797232791355
0.296000000000000152,-1.018058069899111295
0.297000000000000153,-0.987380140475233481
0.298000000000000154,-0.954680231643355581
0.299000000000000155,-0.919812267194137556
0.300000000000000155,-0.882635750992661117
0.301000000000000156,-0.843016560933752990
0.302000000000000157,-0.800827659861309216
0.303000000000000158,-0.755949725719404109
0.304000000000000159,-0.708271703456135104
0.305000000000000160,-0.657691281415916817
0.306000000000000161,-0.604115295136218533
0.307000000000000162,-0.547460061611301341
0.308000000000000163,-0.487651647201798155
0.309000000000000163,-0.424626072457327031
0.310000000000000164,-0.358329457181258970
0.311000000000000165,-0.288718109105128407
0.312000000000000166,-0.215758559557165996
0.313000000000000167,-0.139427549506286164
0.314000000000000168,-0.059711969342479979
0.315000000000000169,0.023391244281930356
0.316000000000000170,0.109875251276090546
0.317000000000000171,0.199723487388435650
0.318000000000000171,0.292909876801298708
0.319000000000000172,0.389399074988388771
0.320000000000000173,0.489146738872445752
0.321000000000000174,0.592099821418897831
0.322000000000000175,0.698196887904836472
0.323000000000000176,0.807368451211256555
0.324000000000000177,0.919537323598490497
0.325000000000000178,1.034618982539337484
0.326000000000000179,1.152521948300777366
0.327000000000000179,1.273148171082770563
0.328000000000000180,1.396393425640640285
0.329000000000000181,1.522147711434452155
0.330000000000000182,1.650295656466666205
0.331000000000000183,1.780716923083626835
0.332000000000000184,1.913286614130994989
0.333000000000000185,2.047875677964272612
0.334000000000000186,2.184351310924780520
0.335000000000000187,2.322577355997688997
0.336000000000000187,2.462414696471897368
0.337000000000000188,2.603721643521575757
0.338000000000000189,2.746354316725699185
0.339000000000000190,2.890167016635002639
0.340000000000000191,3.035012588585200621
0.341000000000000192,3.180742777040663327
0.342000000000000193,3.327208569835160112
0.343000000000000194,3.474260531753622594
0.344000000000000195,3.621749126973737187
0.345000000000000195,3.769525029956137807
0.346000000000000196,3.917439424438789786
0.347000000000000197,4.065344290254062187
0.348000000000000198,4.213092677745983394
0.349000000000000199,4.360538969621024386
0.350000000000000200,4.507539130117467430
0.351000000000000201,4.653950941427368093
0.352000000000000202,4.799634227349973692
0.353000000000000203,4.944451064197609824
0.354000000000000203,5.088265979013948836
0.355000000000000204,5.230946135200057689
0.356000000000000205,5.372361505676630955
0.357000000000000206,5.512385033740869744
0.358000000000000207,5.650892781803574572
0.359000000000000208,5.787764068216921132
0.360000000000000209,5.922881592425540020
0.361000000000000210,6.056131548693420186
0.362000000000000210,6.187403728676913239
0.363000000000000211,6.316591613129491911
0.364000000000000212,6.443592453037600976
0.365000000000000213,6.568307340498540370
0.366000000000000214,6.690641269661074197
0.367000000000000215,6.810503188057791313
0.368000000000000216,6.927806038664705568
0.369000000000000217,7.042466793028725469
0.370000000000000218,7.154406475807458143
0.371000000000000218,7.263550181068109346
0.372000000000000219,7.369827080693593935
0.373000000000000220,7.473170425244194170
0.374000000000000221,7.573517537621974327
0.375000000000000222,7.670809799883687496
0.376000000000000223,7.764992633544984812
0.377000000000000224,7.856015473715413755
0.378000000000000225,7.943831737399376536
0.379000000000000226,8.028398786293559297
0.380000000000000226,8.109677884405758874
0.381000000000000227,8.187634150814179890
0.382000000000000228,8.262236507879860525
0.383000000000000229,8.333457625217914000
0.384000000000000230,8.401273859726334337
0.385000000000000231,8.465665191963294589
0.386000000000000232,8.526615159156301971
0.387000000000000233,8.584110785118495457
0.388000000000000234,8.638142507339134468
0.389000000000000234,8.688704101506942834
0.390000000000000235,8.735792603716728166
0.391000000000000236,8.779408230600710183
0.392000000000000237,8.819554297617887784
0.393000000000000238,8.856237135725761433
0.394000000000000239,8.889466006650213359
0.395000000000000240,8.919253016960826841
0.396000000000000241,8.945613031150221772
0.397000000000000242,8.968563583907513959
0.398000000000000242,8.988124791767665656
0.399000000000000243,9.004319264310009174
0.400000000000000244,9.017172015071331259
0.401000000000000245,9.026710372330290610
0.402000000000000246,9.032963889912608124
0.403000000000000247,9.035964258158278639
0.404000000000000248,9.035745215184498136
0.405000000000000249,9.032342458570658650
0.406000000000000250,9.025793557584327331
0.407000000000000250,9.016137866060088157
0.408000000000000251,9.003416436036250303
0.409000000000000252,8.987671932247502937
0.410000000000000253,8.968948547565405605
0.411000000000000254,8.947291919471803467
0.412000000000000255,8.922749047644604303
0.413000000000000256,8.895368212728929080
0.414000000000000257,8.865198896361372149
0.415000000000000258,8.832291702509097675
0.416000000000000258,8.796698280180638818
0.417000000000000259,8.758471247559624473
0.418000000000000260,8.717664117608133978
0.419000000000000261,8.674331225181385108
0.420000000000000262,8.628527655690955811
0.421000000000000263,8.580309175349354334
0.422000000000000264,8.529732163024714708
0.423000000000000265,8.476853543730134888
0.424000000000000266,8.421730723768575899
0.425000000000000266,8.364421527550559787
0.426000000000000267,8.304984136098353176
0.427000000000000268,8.243477027247120503
0.428000000000000269,8.179958917550376185
0.429000000000000270,8.114488705894157050
0.430000000000000271,8.047125418821321929
0.431000000000000272,7.977928157565085776
0.432000000000000273,7.906956046788051751
0.433000000000000274,7.834268185020908604
0.434000000000000274,7.759923596792456912
0.435000000000000275,7.683981186440945521
0.436000000000000276,7.606499693594406253
0.437000000000000277,7.527537650305923478
0.438000000000000278,7.447153339828274099
0.439000000000000279,7.365404757010611370
0.440000000000000280,7.282349570298324970
0.441000000000000281,7.198045085316242542
0.442000000000000282,7.112548210013530436
0.443000000000000282,7.025915421348083889
0.444000000000000283,6.938202733486667384
0.445000000000000284,6.849465667496464683
0.446000000000000285,6.759759222502594866
0.447000000000000286,6.669137848285591197
0.448000000000000287,6.577655419291852823
0.449000000000000288,6.485365210029873317
0.450000000000000289,6.392319871824033939
0.451000000000000290,6.298571410897716660
0.452000000000000290,6.204171167756789451
0.453000000000000291,6.109169797844325345
0.454000000000000292,6.013617253437125498
0.455000000000000293,5.917562766754305592
0.456000000000000294,5.821054834248209353
0.457000000000000295,5.724141202047674071
0.458000000000000296,5.626868852523594811
0.459000000000000297,5.529283991946924992
0.460000000000000298,5.431432039208888618
0.461000000000000298,5.333357615573826926
0.462000000000000299,5.235104535434536466
0.463000000000000300,5.136715798040695447
0.464000000000000301,5.038233580170764725
0.465000000000000302,4.939699229718243600
0.466000000000000303,4.841153260163037153
0.467000000000000304,4.742635345899437915
0.468000000000000305,4.644184318392108324
0.469000000000000306,4.545838163131923793
0.470000000000000306,4.447634017364028303
0.471000000000000307,4.349608168560427757
0.472000000000000308,4.251796053610310544
0.473000000000000309,4.154232258701182623
0.474000000000000310,4.056950519864852112
0.475000000000000311,3.959983724162007945
0.476000000000000312,3.863363911480570234
0.477000000000000313,3.767122276922227009
0.478000000000000314,3.671289173753160107
0.479000000000000314,3.575894116894661412
0.480000000000000315,3.480965786930160899
0.481000000000000316,3.386532034605553854
0.482000000000000317,3.292619885800266211
0.483000000000000318,3.199255546946896178
0.484000000000000319,3.106464410877808113
0.485000000000000320,3.014271063077613277
0.486000000000000321,2.922699288320788735
0.487000000000000322,2.831772077674383326
0.488000000000000322,2.741511635846064721
0.489000000000000323,2.651939388858512103
0.490000000000000324,2.563075992031262906
0.491000000000000325,2.474941338252052425
0.492000000000000326,2.387554566519804133
0.493000000000000327,2.300934070742189697
0.494000000000000328,2.215097508770935697
0.495000000000000329,2.130061811658719328
0.496000000000000330,2.045843193121840820
0.497000000000000330,1.962457159193358835
0.498000000000000331,1.879918518051878262
0.499000000000000332,1.798241390011679597
0.500000000000000333,1.717439217660087447
0.501000000000000334,1.637524776128773452
0.502000000000000335,1.558510183485842138
0.503000000000000336,1.480406911236199274
0.504000000000000337,1.403225794917868363
0.505000000000000338,1.326977044782663651
0.506000000000000338,1.251670256549766158
0.507000000000000339,1.177314422221254153
0.508000000000000340,1.103917940949119769
0.509000000000000341,1.031488629943567492
0.510000000000000342,0.960033735412821776
0.511000000000000343,0.889559943525055297
0.512000000000000344,0.820073391383416173
0.513000000000000345,0.751579678005517615
0.514000000000000346,0.684083875298963973
0.515000000000000346,0.617590539025107299
0.516000000000000347,0.552103719743259669
0.517000000000000348,0.487626973728140012
0.518000000000000349,0.424163373853503223
0.519000000000000350,0.361715520435385463
0.520000000000000351,0.300285552028470626
0.521000000000000352,0.239875156169613579
0.522000000000000353,0.180485580062738071
0.523000000000000353,0.122117641199503038
0.524000000000000354,0.064771737910710087
0.525000000000000355,0.008447859843301719
0.526000000000000356,-0.046854401641562758
0.527000000000000357,-0.101135843153889488
0.528000000000000358,-0.154397639047936824
0.529000000000000359,-0.206641331286733815
0.530000000000000360,-0.257868819402013005
0.531000000000000361,-0.308082350552863093
0.532000000000000361,-0.357284509686498608
0.533000000000000362,-0.405478209804089385
0.534000000000000363,-0.452666682334619541
0.535000000000000364,-0.498853467619388813
0.536000000000000365,-0.544042405509598592
0.537000000000000366,-0.588237626079354259
0.538000000000000367,-0.631443540456145702
0.539000000000000368,-0.673664831770767192
0.540000000000000369,-0.714906446228417258
0.541000000000000369,-0.755173584302587297
0.542000000000000370,-0.794471692053159151
0.543000000000000371,-0.832806452570054256
0.544000000000000372,-0.870183777543532377
0.545000000000000373,-0.906609798962159985
0.546000000000000374,-0.942090860939362118
0.547000000000000375,-0.976633511669225740
0.548000000000000376,-1.010244495512261143
0.549000000000000377,-1.042930745211525956
0.550000000000000377,-1.074699374239619587
0.551000000000000378,-1.105557669276678867
0.552000000000000379,-1.135513082819677999
0.553000000000000380,-1.164573225923009714
0.554000000000000381,-1.192745861070356961
0.555000000000000382,-1.220038895177758986
0.556000000000000383,-1.246460372727586030
0.557000000000000384,-1.272018469033224575
0.558000000000000385,-1.296721483634007299
0.559000000000000385,-1.320577833820019809
0.560000000000000386,-1.343596048286185063
0.561000000000000387,-1.365784760915091933
0.562000000000000388,-1.387152704687841132
0.563000000000000389,-1.407708705722285458
0.564000000000000390,-1.427461677437742216
0.565000000000000391,-1.446420614845469244
0.566000000000000392,-1.464594588963936239
0.567000000000000393,-1.481992741357958776
0.568000000000000393,-1.498624278800708476
0.569000000000000394,-1.514498468057572822
0.570000000000000395,-1.529624630790786144
0.571000000000000396,-1.544012138583651383
0.572000000000000397,-1.557670408083308589
0.573000000000000398,-1.570608896260768939
0.574000000000000399,-1.582837095787010595
0.575000000000000400,-1.594364530523913137
0.576000000000000401,-1.605200751128707193
0.577000000000000401,-1.615355330770685827
0.578000000000000402,-1.624837860958783242
0.579000000000000403,-1.633657947478716066
0.580000000000000404,-1.641825206438313645
0.581000000000000405,-1.649349260419599172
0.582000000000000406,-1.656239734736308034
0.583000000000000407,-1.662506253795279276
0.584000000000000408,-1.668158437560479657
0.585000000000000409,-1.673205898118018897
0.586000000000000409,-1.677658236340826337
0.587000000000000410,-1.681525038651518811
0.588000000000000411,-1.684815873881893467
0.589000000000000412,-1.687540290227720119
0.590000000000000413,-1.689707812297203349
0.591000000000000414,-1.691327938251725227
0.592000000000000415,-1.692410137037382967
0.593000000000000416,-1.692963845705759196
0.594000000000000417,-1.692998466822524195
0.595000000000000417,-1.692523365962355530
0.596000000000000418,-1.691547869288650530
0.597000000000000419,-1.690081261216647146
0.598000000000000420,-1.688132782158363598
0.599000000000000421,-1.685711626347989212
0.600000000000000422,-1.682826939746196349
0.601000000000000423,-1.679487818021927925
0.602000000000000424,-1.675703304610232536
0.603000000000000425,-1.671482388844709677
0.604000000000000425,-1.666834004163050054
0.605000000000000426,-1.661767026384364243
0.606000000000000427,-1.656290272056810453
0.607000000000000428,-1.650412496874101409
0.608000000000000429,-1.644142394159580745
0.609000000000000430,-1.637488593416366545
0.610000000000000431,-1.630459658942325252
0.611000000000000432,-1.623064088508380021
0.612000000000000433,-1.615310312098913625
0.613000000000000433,-1.607206690712883912
0.614000000000000434,-1.598761515224342844
0.615000000000000435,-1.589983005301015329
0.616000000000000436,-1.580879308379722570
0.617000000000000437,-1.571458498697314798
0.618000000000000438,-1.561728576375845723
0.619000000000000439,-1.551697466560756133
0.620000000000000440,-1.541373018610847856
0.621000000000000441,-1.530763005338791505
0.622000000000000441,-1.519875122301014514
0.623000000000000442,-1.508716987135688248
0.624000000000000443,-1.497296138947770361
0.625000000000000444,-1.485620037739851629
0.626000000000000445,-1.473696063887650842
0.627000000000000446,-1.461531517659138801
0.628000000000000447,-1.449133618776070831
0.629000000000000448,-1.436509506016895310
0.630000000000000449,-1.423666236859911338
0.631000000000000449,-1.410610787165687885
0.632000000000000450,-1.397350050897630869
0.633000000000000451,-1.383890839879701629
0.634000000000000452,-1.370239883590262497
0.635000000000000453,-1.356403828991039173
0.636000000000000454,-1.342389240390269300
0.637000000000000455,-1.328202599339014078
0.638000000000000456,-1.313850304559704751
0.639000000000000457,-1.299338671906005160
0.640000000000000457,-1.284673934353067537
0.641000000000000458,-1.269862242017237186
0.642000000000000459,-1.254909662204417797
0.643000000000000460,-1.239822179486111287
0.644000000000000461,-1.224605695802365890
0.645000000000000462,-1.209266030590765428
0.646000000000000463,-1.193808920940591101
0.647000000000000464,-1.178240021771445489
0.648000000000000465,-1.162564906035456591
0.649000000000000465,-1.146789064942317804
0.650000000000000466,-1.130917908206422906
0.651000000000000467,-1.114956764315290005
0.652000000000000468,-1.098910880818625424
0.653000000000000469,-1.082785424637186189
0.654000000000000470,-1.066585482390904449
0.655000000000000471,-1.050316060745406066
0.656000000000000472,-1.033982086776378040
0.657000000000000473,-1.017588408351053353
0.658000000000000473,-1.001139794526192395
0.659000000000000474,-0.984640935961931030
0.660000000000000475,-0.968096445350843160
0.661000000000000476,-0.951510857861636472
0.662000000000000477,-0.934888631596894393
0.663000000000000478,-0.918234148064241751
0.664000000000000479,-0.901551712660413562
0.665000000000000480,-0.884845555167627973
0.666000000000000481,-0.868119830261775194
0.667000000000000481,-0.851378618031793599
0.668000000000000482,-0.834625924509841410
0.669000000000000483,-0.817865682211659006
0.670000000000000484,-0.801101750686646241
0.671000000000000485,-0.784337917077220226
0.672000000000000486,-0.767577896686886696
0.673000000000000487,-0.750825333556708774
0.674000000000000488,-0.734083801049531970
0.675000000000000488,-0.717356802441707297
0.676000000000000489,-0.700647771521786256
0.677000000000000490,-0.683960073195767793
0.678000000000000491,-0.667297004098552526
0.679000000000000492,-0.650661793211146811
0.680000000000000493,-0.634057602483246940
0.681000000000000494,-0.617487527460860663
0.682000000000000495,-0.600954597918529232
0.683000000000000496,-0.584461778495882656
0.684000000000000496,-0.568011969338098055
0.685000000000000497,-0.551608006739979895
0.686000000000000498,-0.535252663793290284
0.687000000000000499,-0.518948651037055009
0.688000000000000500,-0.502698617110486135
0.689000000000000501,-0.486505149408248960
0.690000000000000502,-0.470370774737803088
0.691000000000000503,-0.454297959978437749
0.692000000000000504,-0.438289112741840625
0.693000000000000504,-0.422346582033872042
0.694000000000000505,-0.406472658917248431
0.695000000000000506,-0.390669577174983296
0.696000000000000507,-0.374939513974217709
0.697000000000000508,-0.359284590530293824
0.698000000000000509,-0.343706872770819627
0.699000000000000510,-0.328208371999446524
0.700000000000000511,-0.312791045559233372
0.701000000000000512,-0.297456797495293190
0.702000000000000512,-0.282207479216606161
0.703000000000000513,-0.267044890156728776
0.704000000000000514,-0.251970778433253662
0.705000000000000515,-0.236986841505819834
0.706000000000000516,-0.222094726832504197
0.707000000000000517,-0.207296032524397239
0.708000000000000518,-0.192592307998234985
0.709000000000000519,-0.177985054626913691
0.710000000000000520,-0.163475726387688897
0.711000000000000520,-0.149065730508005145
0.712000000000000521,-0.134756428108698784
0.713000000000000522,-0.120549134844537109
0.714000000000000523,-0.106445121541897642
0.715000000000000524,-0.092445614833474549
0.716000000000000525,-0.078551797789916139
0.717000000000000526,-0.064764810548221335
0.718000000000000527,-0.051085750936853039
0.719000000000000528,-0.037515675097375301
0.720000000000000528,-0.024055598102613783
0.721000000000000529,-0.010706494571115943
0.722000000000000530,0.002530700722059909
0.723000000000000531,0.015655092238413236
0.724000000000000532,0.028665823072957331
0.725000000000000533,0.041562074355168177
0.726000000000000534,0.054343064654012022
0.727000000000000535,0.067008049387111440
0.728000000000000536,0.079556320234114658
0.729000000000000536,0.091987204554380392
0.730000000000000537,0.104300064808957788
0.731000000000000538,0.116494297987038781
0.732000000000000539,0.128569335036812532
0.733000000000000540,0.140524640300895204
0.734000000000000541,0.152359710956279565
0.735000000000000542,0.164074076458962825
0.736000000000000543,0.175667297993154614
0.737000000000000544,0.187138967925295469
0.738000000000000544,0.198488709262704510
0.739000000000000545,0.209716175117116294
0.740000000000000546,0.220821048172940598
0.741000000000000547,0.231803040160442786
0.742000000000000548,0.242661891333716545
0.743000000000000549,0.253397369953634821
0.744000000000000550,0.264009271775681564
0.745000000000000551,0.274497419542714172
0.746000000000000552,0.284861662482724598
0.747000000000000552,0.295101875811543735
0.748000000000000553,0.305217960240554143
0.749000000000000554,0.315209841489429210
0.750000000000000555,0.325077469803824848
0.751000000000000556,0.334820819478170661
0.752000000000000557,0.344439888383422932
0.753000000000000558,0.353934697499912077
0.754000000000000559,0.363305290455166907
0.755000000000000560,0.372551733066822044
0.756000000000000560,0.381674112890531325
0.757000000000000561,0.390672538772946054
0.758000000000000562,0.399547140409697021
0.759000000000000563,0.408298067908409501
0.760000000000000564,0.416925491356736788
0.761000000000000565,0.425429600395405394
0.762000000000000566,0.433810603796259464
0.763000000000000567,0.442068729045284381
0.764000000000000568,0.450204221930620929
0.765000000000000568,0.458217346135529890
0.766000000000000569,0.466108382836311119
0.767000000000000570,0.473877630305153286
0.768000000000000571,0.481525403517890804
0.769000000000000572,0.489052033766678274
0.770000000000000573,0.496457868277503434
0.771000000000000574,0.503743269832604534
0.772000000000000575,0.510908616397678816
0.773000000000000576,0.517954300753944552
0.774000000000000576,0.524880730134967832
0.775000000000000577,0.531688325868254319
0.776000000000000578,0.538377523021615567
0.777000000000000579,0.544948770054200948
0.778000000000000580,0.551402528472277109
0.779000000000000581,0.557739272489624627
0.780000000000000582,0.563959488692611366
0.781000000000000583,0.570063675709830298
0.782000000000000584,0.576052343886363394
0.783000000000000584,0.581926014962565796
0.784000000000000585,0.587685221757371923
0.785000000000000586,0.593330507856116185
0.786000000000000587,0.598862427302782940
0.787000000000000588,0.604281544296697448
0.788000000000000589,0.609588432893627186
0.789000000000000590,0.614783676711214921
0.790000000000000591,0.619867868638778519
0.791000000000000592,0.624841610551374438
0.792000000000000592,0.629705513028161579
0.793000000000000593,0.634460195074955768
0.794000000000000594,0.639106283851021861
0.795000000000000595,0.643644414399994536
0.796000000000000596,0.648075229384959317
0.797000000000000597,0.652399378827583920
0.798000000000000598,0.656617519851348308
0.799000000000000599,0.660730316428784770
0.800000000000000600,0.664738439132673609
0.801000000000000600,0.668642564891257063
0.802000000000000601,0.672443376747288712
0.803000000000000602,0.676141563621029951
0.804000000000000603,0.679737820077044530
0.805000000000000604,0.683232846094819157
0.806000000000000605,0.686627346843162178
0.807000000000000606,0.689922032458304302
0.808000000000000607,0.693117617825741106
0.809000000000000608,0.696214822365698982
0.810000000000000608,0.699214369822232729
0.811000000000000609,0.702116988055935476
0.812000000000000610,0.704923408840167021
0.813000000000000611,0.707634367660814667
0.814000000000000612,0.710250603519532731
0.815000000000000613,0.712772858740399196
0.816000000000000614,0.715201878780016620
0.817000000000000615,0.717538412040946150
0.818000000000000616,0.719783209688486747
0.819000000000000616,0.721937025470748450
0.820000000000000617,0.724000615541987580
0.821000000000000618,0.725974738289155264
0.822000000000000619,0.727860154161640849
0.823000000000000620,0.729657625504149143
0.824000000000000621,0.731367916392716588
0.825000000000000622,0.732991792473786430
0.826000000000000623,0.734530020806327455
0.827000000000000624,0.735983369706973978
0.828000000000000624,0.737352608598102699
0.829000000000000625,0.738638507858905058
0.830000000000000626,0.739841838679289543
0.831000000000000627,0.740963372916697560
0.832000000000000628,0.742003882955738603
0.833000000000000629,0.742964141570611525
0.834000000000000630,0.743844921790301039
0.835000000000000631,0.744646996766487268
0.836000000000000631,0.745371139644159908
0.837000000000000632,0.746018123434882607
0.838000000000000633,0.746588720892698898
0.839000000000000634,0.747083704392597858
0.840000000000000635,0.747503845811570367
0.841000000000000636,0.747849916412179350
0.842000000000000637,0.748122686728613373
0.843000000000000638,0.748322926455211812
0.844000000000000639,0.748451404337401094
0.845000000000000639,0.748508888065055222
0.846000000000000640,0.748496144168185551
0.847000000000000641,0.748413937914980343
0.848000000000000642,0.748263033212132278
0.849000000000000643,0.748044192507459904
0.850000000000000644,0.747758176694713450
0.851000000000000645,0.747405745020651269
0.852000000000000646,0.746987654994240358
0.853000000000000647,0.746504662298028476
0.854000000000000647,0.745957520701615140
0.855000000000000648,0.745346981977227929
0.856000000000000649,0.744673795817321404
0.857000000000000650,0.743938709754237704
0.858000000000000651,0.743142469081844670
0.859000000000000652,0.742285816779130858
0.860000000000000653,0.741369493435767524
0.861000000000000654,0.740394237179561210
0.862000000000000655,0.739360783605780503
0.863000000000000655,0.738269865708372053
0.864000000000000656,0.737122213812964611
0.865000000000000657,0.735918555511690387
0.866000000000000658,0.734659615599791427
0.867000000000000659,0.733346116013934846
0.868000000000000660,0.731978775772286872
0.869000000000000661,0.730558310916260001
0.870000000000000662,0.729085434453924264
0.871000000000000663,0.727560856305060288
0.872000000000000663,0.725985283247834290
0.873000000000000664,0.724359418867068783
0.874000000000000665,0.722683963504048288
0.875000000000000666,0.720959614207904109
0.876000000000000667,0.719187064688483257
0.877000000000000668,0.717367005270721614
0.878000000000000669,0.715500122850490583
0.879000000000000670,0.713587100851877376
0.880000000000000671,0.711628619185875055
0.881000000000000671,0.709625354210500214
0.882000000000000672,0.707577978692253362
0.883000000000000673,0.705487161768947324
0.884000000000000674,0.703353568913855698
0.885000000000000675,0.701177861901167154
0.886000000000000676,0.698960698772742473
0.887000000000000677,0.696702733806094154
0.888000000000000678,0.694404617483659892
0.889000000000000679,0.692066996463242545
0.890000000000000679,0.689690513549691686
0.891000000000000680,0.687275807667728333
0.892000000000000681,0.684823513835955300
0.893000000000000682,0.682334263141990860
0.894000000000000683,0.679808682718719082
0.895000000000000684,0.677247395721637502
0.896000000000000685,0.674651021307289378
0.897000000000000686,0.672020174612754984
0.898000000000000687,0.669355466736148208
0.899000000000000687,0.666657504718207727
0.900000000000000688,0.663926891524804885
0.901000000000000689,0.661164226030497182
0.902000000000000690,0.658370103003019791
0.903000000000000691,0.655545113088717768
0.904000000000000692,0.652689842798935604
0.905000000000000693,0.649804874497297402
0.906000000000000694,0.646890786387880556
0.907000000000000695,0.643948152504286608
0.908000000000000695,0.640977542699549874
0.909000000000000696,0.637979522636911267
0.910000000000000697,0.634954653781402256
0.911000000000000698,0.631903493392255933
0.912000000000000699,0.628826594516105231
0.913000000000000700,0.625724505980956969
0.914000000000000701,0.622597772390955262
0.915000000000000702,0.619446934121857806
0.916000000000000703,0.616272527317280661
0.917000000000000703,0.613075083885631922
0.918000000000000704,0.609855131497787806
0.919000000000000705,0.606613193585411770
0.920000000000000706,0.603349789339994613
0.921000000000000707,0.600065433712521634
0.922000000000000708,0.596760637413823569
0.923000000000000709,0.593435906915514622
0.924000000000000710,0.590091744451599842
0.925000000000000711,0.586728648020657717
0.926000000000000711,0.583347111388632489
0.927000000000000712,0.579947624092191805
0.928000000000000713,0.576530671442679221
0.929000000000000714,0.573096734530594176
0.930000000000000715,0.569646290230640728
0.931000000000000716,0.566179811207289108
0.932000000000000717,0.562697765920847304
0.933000000000000718,0.559200618634095648
0.934000000000000719,0.555688829419339614
0.935000000000000719,0.552162854165999861
0.936000000000000720,0.548623144588663014
0.937000000000000721,0.545070148235583529
0.938000000000000722,0.541504308497648856
0.939000000000000723,0.537926064617780364
0.940000000000000724,0.534335851700758258
0.941000000000000725,0.530734100723472046
0.942000000000000726,0.527121238545578241
0.943000000000000727,0.523497687920549848
0.944000000000000727,0.519863867507127764
0.945000000000000728,0.516220191881127777
0.946000000000000729,0.512567071547644248
0.947000000000000730,0.508904912953588751
0.948000000000000731,0.505234118500587970
0.949000000000000732,0.501555086558222230
0.950000000000000733,0.497868211477601796
0.951000000000000734,0.494173883605236341
0.952000000000000735,0.490472489297265113
0.953000000000000735,0.486764410933943126
0.954000000000000736,0.483050026934452759
0.955000000000000737,0.479329711772003619
0.956000000000000738,0.475603835989191037
0.957000000000000739,0.471872766213631833
0.958000000000000740,0.468136865173895189
0.959000000000000741,0.464396491715627913
0.960000000000000742,0.460652000817989571
0.961000000000000743,0.456903743610284518
0.962000000000000743,0.453152067388840063
0.963000000000000744,0.449397315634117334
0.964000000000000745,0.445639828028025708
0.965000000000000746,0.441879940471458954
0.966000000000000747,0.438117985102021934
0.967000000000000748,0.434354290311974978
0.968000000000000749,0.430589180766341006
0.969000000000000750,0.426822977421223826
0.970000000000000751,0.423055997542272688
0.971000000000000751,0.419288554723346141
0.972000000000000752,0.415520958905326865
0.973000000000000753,0.411753516395078567
0.974000000000000754,0.407986529884590721
0.975000000000000755,0.404220298470231942
0.976000000000000756,0.400455117672168015
0.977000000000000757,0.396691279453898038
0.978000000000000758,0.392929072241938626
0.979000000000000759,0.389168780945598924
0.980000000000000759,0.385410686976900840
0.981000000000000760,0.381655068270614628
0.982000000000000761,0.377902199304362862
0.983000000000000762,0.374152351118867632
0.984000000000000763,0.370405791338285773
0.985000000000000764,0.366662784190597779
0.986000000000000765,0.362923590528147266
0.987000000000000766,0.359188467848207238
0.988000000000000766,0.355457670313645779
0.989000000000000767,0.351731448773666189
0.990000000000000768,0.348010050784612779
0.991000000000000769,0.344293720630833522
0.992000000000000770,0.340582699345606477
0.993000000000000771,0.336877224732125780
0.994000000000000772,0.333177531384528380
0.995000000000000773,0.329483850708972736
0.996000000000000774,0.325796410944765580
0.997000000000000774,0.322115437185514275
0.998000000000000775,0.318441151400328804
0.999000000000000776,0.314773772455033962
1.000000000000000666,0.311113516133435186
1.001000000000000778,0.307460595158588201
1.002000000000000668,0.303815219214095156
1.003000000000000780,0.300177594965420125
1.004000000000000670,0.296547926081208335
1.005000000000000782,0.292926413254625706
1.006000000000000671,0.289313254224707384
1.007000000000000783,0.285708643797686179
1.008000000000000673,0.282112773868356481
1.009000000000000785,0.278525833441404802
1.010000000000000675,0.274948008652757758
1.011000000000000787,0.271379482790895410
1.012000000000000677,0.267820436318177424
1.013000000000000789,0.264271046892147310
1.014000000000000679,0.260731489386809567
1.015000000000000790,0.257201935913902280
1.016000000000000680,0.253682555844132962
1.017000000000000792,0.250173515828401805
1.018000000000000682,0.246674979818987700
1.019000000000000794,0.243187109090710812
1.020000000000000684,0.239710062262059015
1.021000000000000796,0.236243995316282041
1.022000000000000686,0.232789061622444671
1.023000000000000798,0.229345411956444284
1.024000000000000687,0.225913194521997956
1.025000000000000799,0.222492554971546103
1.026000000000000689,0.219083636427176875
1.027000000000000801,0.215686579501429498
1.028000000000000691,0.212301522318109365
1.029000000000000803,0.208928600533008296
1.030000000000000693,0.205567947354607261
1.031000000000000805,0.202219693564682945
1.032000000000000695,0.198883967538904305
1.033000000000000806,0.195560895267332696
1.034000000000000696,0.192250600374872876
1.035000000000000808,0.188953204141681375
1.036000000000000698,0.185668825523474856
1.037000000000000810,0.182397581171807377
1.038000000000000700,0.179139585454262701
1.039000000000000812,0.175894950474583006
1.040000000000000702,0.172663786092727506
1.041000000000000814,0.169446199944858628
1.042000000000000703,0.166242297463270489
1.043000000000000815,0.163052181896215925
1.044000000000000705,0.159875954327682313
1.045000000000000817,0.156713713697085255
1.046000000000000707,0.153565556818880372
1.047000000000000819,0.150431578402095367
1.048000000000000709,0.147311871069807698
1.049000000000000821,0.144206525378489825
1.050000000000000711,0.141115629837333362
1.051000000000000822,0.138039270927441587
1.052000000000000712,0.134977533120973853
1.053000000000000824,0.131930498900176857
1.054000000000000714,0.128898248776354640
1.055000000000000826,0.125880861308733882
1.056000000000000716,0.122878413123254648
1.057000000000000828,0.119890978931265296
1.058000000000000718,0.116918631548132451
1.059000000000000830,0.113961441911762634
1.060000000000000719,0.111019479101026691
1.061000000000000831,0.108092810354105187
1.062000000000000721,0.105181501086729232
1.063000000000000833,0.102285614910330475
1.064000000000000723,0.099405213650119700
1.065000000000000835,0.096540357363036261
1.066000000000000725,0.093691104355628524
1.067000000000000837,0.090857511201841559
1.068000000000000727,0.088039632760685715
1.069000000000000838,0.085237522193840370
1.070000000000000728,0.082451230983134657
1.071000000000000840,0.079680808947949336
1.072000000000000730,0.076926304262512110
1.073000000000000842,0.074187763473103296
1.074000000000000732,0.071465231515157795
1.075000000000000844,0.068758751730266396
1.076000000000000734,0.066068365883090674
1.077000000000000846,0.063394114178166247
1.078000000000000735,0.060736035276607800
1.079000000000000847,0.058094166312734188
1.080000000000000737,0.055468542910553476
1.081000000000000849,0.052859199200204196
1.082000000000000739,0.050266167834238609
1.083000000000000851,0.047689480003847498
1.084000000000000741,0.045129165454965293
1.085000000000000853,0.042585252504281100
1.086000000000000743,0.040057768055145063
1.087000000000000854,0.037546737613374404
1.088000000000000744,0.035052185302960739
1.089000000000000856,0.032574133881682461
1.090000000000000746,0.030112604756595295
1.091000000000000858,0.027667617999442239
1.092000000000000748,0.025239192361963099
1.093000000000000860,0.022827345291074018
1.094000000000000750,0.020432092943989590
1.095000000000000862,0.018053450203206881
1.096000000000000751,0.015691430691398178
1.097000000000000863,0.013346046786221241
1.098000000000000753,0.011017309634999802
1.099000000000000865,0.008705229169312170
1.100000000000000755,0.006409814119505070
1.101000000000000867,0.004131072029053107
1.102000000000000757,0.001869009268876950
1.103000000000000869,-0.000376368948494191
1.104000000000000759,-0.002605058554813999
1.105000000000000870,-0.004817056612150791
1.106000000000000760,-0.007012361298976125
1.107000000000000872,-0.009190971896412770
1.108000000000000762,-0.011352888774521563
1.109000000000000874,-0.013498113378727980
1.110000000000000764,-0.015626648216335283
1.111000000000000876,-0.017738496843132188
1.112000000000000766,-0.019833663850117499
1.113000000000000878,-0.021912154850305569
1.114000000000000767,-0.023973976465640073
1.115000000000000879,-0.026019136314006631
1.116000000000000769,-0.028047642996334776
1.117000000000000881,-0.030059506083816856
1.118000000000000771,-0.032054736105208238
1.119000000000000883,-0.034033344534228398
1.120000000000000773,-0.035995343777071760
1.121000000000000885,-0.037940747159995201
1.122000000000000774,-0.039869568917020537
1.123000000000000886,-0.041781824177727196
1.124000000000000776,-0.043677528955142438
1.125000000000000888,-0.045556700133718896
1.126000000000000778,-0.047419355457425684
1.127000000000000890,-0.049265513517922813
1.128000000000000780,-0.051095193742825430
1.129000000000000892,-0.052908416384084611
1.130000000000000782,-0.054705202506434611
1.131000000000000894,-0.056485573975960192
1.132000000000000783,-0.058249553448734039
1.133000000000000895,-0.059997164359576083
1.134000000000000785,-0.061728430910874578
1.135000000000000897,-0.063443378061524405
1.136000000000000787,-0.065142031515947246
1.137000000000000899,-0.066824417713203993
1.138000000000000789,-0.068490563816189926
1.139000000000000901,-0.070140497700960563
1.140000000000000790,-0.071774247946092204
1.141000000000000902,-0.073391843822160005
1.142000000000000792,-0.074993315281324718
1.143000000000000904,-0.076578692946984578
1.144000000000000794,-0.078148008103514424
1.145000000000000906,-0.079701292686105249
1.146000000000000796,-0.081238579270698247
1.147000000000000908,-0.082759901063988506
1.148000000000000798,-0.084265291893529243
1.149000000000000909,-0.085754786197922622
1.150000000000000799,-0.087228419017087777
1.151000000000000689,-0.088686225982634009
1.152000000000000801,-0.090128243308296913
1.153000000000000913,-0.091554507780479605
1.154000000000000803,-0.092965056748867930
1.155000000000000693,-0.094359928117133202
1.156000000000000805,-0.095739160333730519
1.157000000000000917,-0.097102792382747105
1.158000000000000806,-0.098450863774880645
1.159000000000000696,-0.099783414538466536
1.160000000000000808,-0.101100485210602470
1.161000000000000920,-0.102402116828343576
1.162000000000000810,-0.103688350920000477
1.163000000000000700,-0.104959229496489087
1.164000000000000812,-0.106214795042792035
1.165000000000000924,-0.107455090509473175
1.166000000000000814,-0.108680159304290397
1.167000000000000703,-0.109890045283884102
1.168000000000000815,-0.111084792745536426
1.169000000000000927,-0.112264446419017644
1.170000000000000817,-0.113429051458509206
1.171000000000000707,-0.114578653434597791
1.172000000000000819,-0.115713298326359570
1.173000000000000931,-0.116833032513509447
1.174000000000000821,-0.117937902768621969
1.175000000000000711,-0.119027956249452907
1.176000000000000822,-0.120103240491306718
1.177000000000000934,-0.121163803399500461
1.178000000000000824,-0.122209693241883272
1.179000000000000714,-0.123240958641444909
1.180000000000000826,-0.124257648569000345
1.181000000000000938,-0.125259812335925147
1.182000000000000828,-0.126247499586990580
1.183000000000000718,-0.127220760293248469
1.184000000000000830,-0.128179644745006649
1.185000000000000941,-0.129124203544852795
1.186000000000000831,-0.130054487600783170
1.187000000000000721,-0.130970548119357239
1.188000000000000833,-0.131872436598964804
1.189000000000000945,-0.132760204823128392
1.190000000000000835,-0.133633904853905194
1.191000000000000725,-0.134493589025317994
1.192000000000000837,-0.135339309936912927
1.193000000000000949,-0.136171120447307753
1.194000000000000838,-0.136989073667883210
1.195000000000000728,-0.137793222956486716
1.196000000000000840,-0.138583621911224947
1.197000000000000952,-0.139360324364333543
1.198000000000000842,-0.140123384376071247
1.199000000000000732,-0.140872856228731524
1.200000000000000844,-0.141608794420667483
1.201000000000000956,-0.142331253660426815
1.202000000000000846,-0.143040288860916964
1.203000000000000735,-0.143735955133641735
1.204000000000000847,-0.144418307783009542
1.205000000000000959,-0.145087402300696555
1.206000000000000849,-0.145743294360068443
1.207000000000000739,-0.146386039810671137
1.208000000000000851,-0.147015694672774561
1.209000000000000963,-0.147632315131982661
1.210000000000000853,-0.148235957533897955
1.211000000000000743,-0.148826678378853189
1.212000000000000854,-0.149404534316687709
1.213000000000000966,-0.149969582141602248
1.214000000000000856,-0.150521878787053642
1.215000000000000746,-0.151061481320716451
1.216000000000000858,-0.151588446939500382
1.217000000000000970,-0.152102832964624984
1.218000000000000860,-0.152604696836739551
1.219000000000000750,-0.153094096111128897
1.220000000000000862,-0.153571088452935156
1.221000000000000973,-0.154035731632461370
1.222000000000000863,-0.154488083520525177
1.223000000000000753,-0.154928202083857547
1.224000000000000865,-0.155356145380561972
1.225000000000000977,-0.155771971555635436
1.226000000000000867,-0.156175738836523081
1.227000000000000757,-0.156567505528739936
1.228000000000000869,-0.156947330011534297
1.229000000000000981,-0.157315270733621670
1.230000000000000870,-0.157671386208944220
1.231000000000000760,-0.158015735012497133
1.232000000000000872,-0.158348375776212580
1.233000000000000984,-0.158669367184860022
1.234000000000000874,-0.158978767972049934
1.235000000000000764,-0.159276636916229342
1.236000000000000876,-0.159563032836766677
1.237000000000000988,-0.159838014590069966
1.238000000000000878,-0.160101641065748201
1.239000000000000767,-0.160353971182837840
1.240000000000000879,-0.160595063886055794
1.241000000000000991,-0.160824978142109332
1.242000000000000881,-0.161043772936057705
1.243000000000000771,-0.161251507267709593
1.244000000000000883,-0.161448240148068078
1.245000000000000995,-0.161634030595827927
1.246000000000000885,-0.161808937633915711
1.247000000000000774,-0.161973020286063335
1.248000000000000886,-0.162126337573440471
1.249000000000000998,-0.162268948511323952
1.250000000000000888,-0.162400912105811590
1.251000000000000778,-0.162522287350572586
1.252000000000000890,-0.162633133223657467
1.253000000000001002,-0.162733508684329231
1.254000000000000892,-0.162823472669955283
1.255000000000000782,-0.162903084092919870
1.256000000000000894,-0.162972401837611164
1.257000000000001005,-0.163031484757402340
1.258000000000000895,-0.163080391671720115
1.259000000000000785,-0.163119181363120397
1.260000000000000897,-0.163147912574420018
1.261000000000001009,-0.163166644005862171
1.262000000000000899,-0.163175434312322315
1.263000000000000789,-0.163174342100550956
1.264000000000000901,-0.163163425926463435
1.265000000000001013,-0.163142744292450709
1.266000000000000902,-0.163112355644740470
1.267000000000000792,-0.163072318370798219
1.268000000000000904,-0.163022690796756936
1.269000000000001016,-0.162963531184884020
1.270000000000000906,-0.162894897731092142
1.271000000000000796,-0.162816848562476718
1.272000000000000908,-0.162729441734891844
1.273000000000001020,-0.162632735230571618
1.274000000000000909,-0.162526786955770219
1.275000000000000799,-0.162411654738441880
1.276000000000000911,-0.162287396325969863
1.277000000000001023,-0.162154069382905830
1.278000000000000913,-0.162011731488759192
1.279000000000000803,-0.161860440135812939
1.280000000000000915,-0.161700252726984767
1.281000000000001027,-0.161531226573687375
1.282000000000000917,-0.161353418893774886
1.283000000000000806,-0.161166886809469334
1.284000000000000918,-0.160971687345348946
1.285000000000001030,-0.160767877426362782
1.286000000000000920,-0.160555513875870304
1.287000000000000810,-0.160334653413712391
1.288000000000000922,-0.160105352654328403
1.289000000000001034,-0.159867668104877264
1.290000000000000924,-0.159621656163409009
1.291000000000000814,-0.159367373117066169
1.292000000000000925,-0.159104875140293117
1.293000000000001037,-0.158834218293109342
1.294000000000000927,-0.158555458519375886
1.295000000000000817,-0.158268651645113501
1.296000000000000929,-0.157973853376847995
1.297000000000001041,-0.157671119299961054
1.298000000000000931,-0.157360504877111396
1.299000000000000821,-0.157042065446635848
1.300000000000000933,-0.156715856221005506
1.301000000000001044,-0.156381932285313524
1.302000000000000934,-0.156040348595767236
1.303000000000000824,-0.155691159978225663
1.304000000000000936,-0.155334421126747363
1.305000000000001048,-0.154970186602191445
1.306000000000000938,-0.154598510830804614
1.307000000000000828,-0.154219448102870527
1.308000000000000940,-0.153833052571359430
1.309000000000001052,-0.153439378250617486
1.310000000000000941,-0.153038479015078388
1.311000000000000831,-0.152630408597982992
1.312000000000000943,-0.152215220590147110
1.313000000000001055,-0.151792968438746789
1.314000000000000945,-0.151363705446112912
1.315000000000000835,-0.150927484768554582
1.316000000000000947,-0.150484359415229835
1.317000000000001059,-0.150034382247002551
1.318000000000000949,-0.149577605975341227
1.319000000000000838,-0.149114083161246913
1.320000000000000950,-0.148643866214188458
1.321000000000001062,-0.148167007391062616
1.322000000000000952,-0.147683558795183634
1.323000000000000842,-0.147193572375288795
1.324000000000000954,-0.146697099924567365
1.325000000000001066,-0.146194193079704909
1.326000000000000956,-0.145684903319958287
1.327000000000000846,-0.145169281966240959
1.328000000000000957,-0.144647380180236762
1.329000000000001069,-0.144119248963528651
1.330000000000000959,-0.143584939156753771
1.331000000000000849,-0.143044501438767263
1.332000000000000961,-0.142497986325832632
1.333000000000001073,-0.141945444170837737
1.334000000000000963,-0.141386925162516885
1.335000000000000853,-0.140822479324694994
1.336000000000000965,-0.140252156515565218
1.337000000000001076,-0.139676006426959737
1.338000000000000966,-0.139094078583660519
1.339000000000000856,-0.138506422342718566
1.340000000000000968,-0.137913086892785336
1.341000000000001080,-0.137314121253478583
1.342000000000000970,-0.136709574274749501
1.343000000000000860,-0.136099494636275908
1.344000000000000972,-0.135483930846866552
1.345000000000001084,-0.134862931243894119
1.346000000000000973,-0.134236543992722307
1.347000000000000863,-0.133604817086180439
1.348000000000000975,-0.132967798344020116
1.349000000000001087,-0.132325535412416789
1.350000000000000977,-0.131678075763476399
1.351000000000000867,-0.131025466694749709
1.352000000000000979,-0.130367755328772178
1.353000000000001091,-0.129704988612620392
1.354000000000000981,-0.129037213317480609
1.355000000000000870,-0.128364476038218267
1.356000000000000982,-0.127686823192995430
1.357000000000001094,-0.127004301022870247
1.358000000000000984,-0.126316955591423696
1.359000000000000874,-0.125624832784408724
1.360000000000000986,-0.124927978309396795
1.361000000000001098,-0.124226437695458422
1.362000000000000988,-0.123520256292828506
1.363000000000000878,-0.122809479272624422
1.364000000000000989,-0.122094151626542108
1.365000000000001101,-0.121374318166577982
1.366000000000000991,-0.120650023524776898
1.367000000000000881,-0.119921312152978271
1.368000000000000993,-0.119188228322569631
1.369000000000001105,-0.118450816124270358
1.370000000000000995,-0.117709119467920620
1.371000000000000885,-0.116963182082279557
1.372000000000000997,-0.116213047514832996
1.373000000000001108,-0.115458759131627550
1.374000000000000998,-0.114700360117089201
1.375000000000000888,-0.113937893473899779
1.376000000000001000,-0.113171402022831408
1.377000000000001112,-0.112400928402625833
1.378000000000001002,-0.111626515069883261
1.379000000000000892,-0.110848204298949746
1.380000000000001004,-0.110066038181819745
1.381000000000001116,-0.109280058628059090
1.382000000000001005,-0.108490307364728450
1.383000000000000895,-0.107696825936314244
1.384000000000001007,-0.106899655704691648
1.385000000000001119,-0.106098837849062086
1.386000000000001009,-0.105294413365942516
1.387000000000000899,-0.104486423069122703
1.388000000000001011,-0.103674907589675819
1.389000000000001123,-0.102859907375935755
1.390000000000001013,-0.102041462693518298
1.391000000000000902,-0.101219613625330246
1.392000000000001014,-0.100394400071604162
1.393000000000001126,-0.099565861749928583
1.394000000000001016,-0.098734038195296206
1.395000000000000906,-0.097898968760154095
1.396000000000001018,-0.097060692614469951
1.397000000000001130,-0.096219248745806285
1.398000000000001020,-0.095374675959399483
1.399000000000000909,-0.094527012878242569
1.400000000000001021,-0.093676297943192419
1.401000000000001133,-0.092822569413075734
1.402000000000001023,-0.091965865364795910
1.403000000000000913,-0.091106223693454585
1.404000000000001025,-0.090243682112495907
1.405000000000001137,-0.089378278153832619
1.406000000000001027,-0.088510049167986882
1.407000000000000917,-0.087639032324269256
1.408000000000001029,-0.086765264610905807
1.409000000000001140,-0.085888782835232422
1.410000000000001030,-0.085009623623864577
1.411000000000000920,-0.084127823422875378
1.412000000000001032,-0.083243418497982585
1.413000000000001144,-0.082356444934766501
1.414000000000001034,-0.081466938638848796
1.415000000000000924,-0.080574935336116746
1.416000000000001036,-0.079680470572943557
1.417000000000001148,-0.078783579716406552
1.418000000000001037,-0.077884297954520704
1.419000000000000927,-0.076982660296471855
1.420000000000001039,-0.076078701572866961
1.421000000000001151,-0.075172456435983290
1.422000000000001041,-0.074263959360018561
1.423000000000000931,-0.073353244641356966
1.424000000000001043,-0.072440346398836314
1.425000000000001155,-0.071525298574022317
1.426000000000001044,-0.070608134931491845
1.427000000000000934,-0.069688889059109999
1.428000000000001046,-0.068767594368327578
1.429000000000001158,-0.067844284094471699
1.430000000000001048,-0.066918991297053768
1.431000000000000938,-0.065991748860072169
1.432000000000001050,-0.065062589492325698
1.433000000000001162,-0.064131545727735245
1.434000000000001052,-0.063198649925649900
1.435000000000000941,-0.062263934271200624
1.436000000000001053,-0.061327430775605762
1.437000000000001165,-0.060389171276526973
1.438000000000001055,-0.059449187438404369
1.439000000000000945,-0.058507510752797212
1.440000000000001057,-0.057564172538746274
1.441000000000001169,-0.056619203943119700
1.442000000000001059,-0.055672635940972701
1.443000000000000949,-0.054724499335926491
1.444000000000001060,-0.053774824760512971
1.445000000000001172,-0.052823642676562907
1.446000000000001062,-0.051870983375586918
1.447000000000000952,-0.050916876979137125
1.448000000000001064,-0.049961353439209905
1.449000000000001176,-0.049004442538626805
1.450000000000001066,-0.048046173891426888
1.451000000000000956,-0.047086576943261203
1.452000000000001068,-0.046125680971796867
1.453000000000001180,-0.045163515087118120
1.454000000000001069,-0.044200108232133169
1.455000000000000959,-0.043235489182983186
1.456000000000001071,-0.042269686549457064
1.457000000000001183,-0.041302728775411281
1.458000000000001073,-0.040334644139183626
1.459000000000000963,-0.039365460754020552
1.460000000000001075,-0.038395206568509199
1.461000000000001187,-0.037423909366992879
1.462000000000001076,-0.036451596770022000
1.463000000000000966,-0.035478296234768517
1.464000000000001078,-0.034504035055485494
1.465000000000001190,-0.033528840363937037
1.466000000000001080,-0.032552739129838151
1.467000000000000970,-0.031575758161313326
1.468000000000001082,-0.030597924105338691
1.469000000000001194,-0.029619263448193166
1.470000000000001084,-0.028639802515917433
1.471000000000000973,-0.027659567474765612
1.472000000000001085,-0.026678584331672785
1.473000000000001197,-0.025696878934708352
1.474000000000001087,-0.024714476973541556
1.475000000000000977,-0.023731403979911771
1.476000000000001089,-0.022747685328096921
1.477000000000001201,-0.021763346235378851
1.478000000000001091,-0.020778411762519648
1.479000000000000981,-0.019792906814237208
1.480000000000001092,-0.018806856139677600
1.481000000000001204,-0.017820284332903873
1.482000000000001094,-0.016833215833359973
1.483000000000000984,-0.015845674926373308
1.484000000000001096,-0.014857685743623183
1.485000000000001208,-0.013869272263627764
1.486000000000001098,-0.012880458312244842
1.487000000000000988,-0.011891267563148216
1.488000000000001100,-0.010901723538320463
1.489000000000001211,-0.009911849608550027
1.490000000000001101,-0.008921668993926110
1.491000000000000991,-0.007931204764321817
1.492000000000001103,-0.006940479839909803
1.493000000000001215,-0.005949516991643035
1.494000000000001105,-0.004958338841763725
1.495000000000000995,-0.003966967864302512
1.496000000000001107,-0.002975426385583302
1.497000000000001219,-0.001983736584718604
1.498000000000001108,-0.000991920494120554
1.499000000000000998,0.000000000000000000
