# Montmorillonite-001-NaCEC143_ASNSCA-AC
# h[nm],U(h)[kJ/mol]
0.149999999999999994,91.535566972022337495
0.150999999999999995,90.396514982895638468
0.151999999999999996,89.146649039269703962
0.152999999999999997,87.898021439840704261
0.153999999999999998,86.684337653657252076
0.154999999999999999,85.505696771567201608
0.156000000000000000,84.351520429280100188
0.157000000000000001,83.211053792241244764
0.158000000000000002,82.077164776819103054
0.159000000000000002,80.946829093280470602
0.160000000000000003,79.820221601587206806
0.161000000000000004,78.699436164879585931
0.162000000000000005,77.587323545119119217
0.163000000000000006,76.486634957573073734
0.164000000000000007,75.399499082124336269
0.165000000000000008,74.327185281981400067
0.166000000000000009,73.270079061210338978
0.167000000000000010,72.227794767493605832
0.168000000000000010,71.199361584526855040
0.169000000000000011,70.183434099907586301
0.170000000000000012,69.178493940647214799
0.171000000000000013,68.183022108587081789
0.172000000000000014,67.195631984091562572
0.173000000000000015,66.215160473237375527
0.174000000000000016,65.240719780047385257
0.175000000000000017,64.271715259767645989
0.176000000000000018,63.307836239148414847
0.177000000000000018,62.349027018527202415
0.178000000000000019,61.395444870224785916
0.179000000000000020,60.447411012259749441
0.180000000000000021,59.505359485997679769
0.181000000000000022,58.569787757591790012
0.182000000000000023,57.641211800301149992
0.183000000000000024,56.720127461637012800
0.184000000000000025,55.806979109028546304
0.185000000000000026,54.902135891862201333
0.186000000000000026,54.005875453197482727
0.187000000000000027,53.118374558845104616
0.188000000000000028,52.239705867323095845
0.189000000000000029,51.369839921802949334
0.190000000000000030,50.508651384668084461
0.191000000000000031,49.655928538023637486
0.192000000000000032,48.811385122627960698
0.193000000000000033,47.974673668771636414
0.194000000000000034,47.145399573540672122
0.195000000000000034,46.323135289936494985
0.196000000000000035,45.507434106924037565
0.197000000000000036,44.697843109994238375
0.198000000000000037,43.893915015250414058
0.199000000000000038,43.095218663727372643
0.200000000000000039,42.301348045093355665
0.201000000000000040,41.511929790410547980
0.202000000000000041,40.726629132236070063
0.203000000000000042,39.945154377514924704
0.204000000000000042,39.167259975257778137
0.205000000000000043,38.392748287936036888
0.206000000000000044,37.621470193997069487
0.207000000000000045,36.853324660083515596
0.208000000000000046,36.088257426592363686
0.209000000000000047,35.326258950238354828
0.210000000000000048,34.567361743315885292
0.211000000000000049,33.811637242312983176
0.212000000000000050,33.059192329233702878
0.213000000000000050,32.310165618149184752
0.214000000000000051,31.564723607717816378
0.215000000000000052,30.823056788200300815
0.216000000000000053,30.085375779248941797
0.217000000000000054,29.351907562799159024
0.218000000000000055,28.622891863979003091
0.219000000000000056,27.898577722266480805
0.220000000000000057,27.179220285282305269
0.221000000000000058,26.465077848696306972
0.222000000000000058,25.756409157774591279
0.223000000000000059,25.053470979121374995
0.224000000000000060,24.356515945145666535
0.225000000000000061,23.665790668677058051
0.226000000000000062,22.981534120911685903
0.227000000000000063,22.303976262428516719
0.228000000000000064,21.633336914308546994
0.229000000000000065,20.969824854342544285
0.230000000000000066,20.313637121856640277
0.231000000000000066,19.664958513743499680
0.232000000000000067,19.023961253794972492
0.233000000000000068,18.390804817319843067
0.234000000000000069,17.765635893239412724
0.235000000000000070,17.148588466324611090
0.236000000000000071,16.539784002921258832
0.237000000000000072,15.939331724356275544
0.238000000000000073,15.347328953187229672
0.239000000000000073,14.763861518514536542
0.240000000000000074,14.189004207683939995
0.241000000000000075,13.622821252846492257
0.242000000000000076,13.065366841984342727
0.243000000000000077,12.516685645138057481
0.244000000000000078,11.976813347668189280
0.245000000000000079,11.445777183437661151
0.246000000000000080,10.923596461803821711
0.247000000000000081,10.410283083250066127
0.248000000000000081,9.905842039365156282
0.249000000000000082,9.410271893687884415
0.250000000000000111,8.923565240675303656
0.251000000000000112,8.445709140723943520
0.252000000000000113,7.976685529775440209
0.253000000000000114,7.516471602575049538
0.254000000000000115,7.065040169121880709
0.255000000000000115,6.622359984261251498
0.256000000000000116,6.188396050721825858
0.257000000000000117,5.763109896199209103
0.258000000000000118,5.346459825337064764
0.259000000000000119,4.938401147659641666
0.260000000000000120,4.538886382670484387
0.261000000000000121,4.147865443456049128
0.262000000000000122,3.765285800221479739
0.263000000000000123,3.391092625245484271
0.264000000000000123,3.025228920773041175
0.265000000000000124,2.667635631374138949
0.266000000000000125,2.318251742285543759
0.267000000000000126,1.977014365224706083
0.268000000000000127,1.643858813121915841
0.269000000000000128,1.318718665163141956
0.270000000000000129,1.001525823471642429
0.271000000000000130,0.692210562684972386
0.272000000000000131,0.390701573607341868
0.273000000000000131,0.096926002035865363
0.274000000000000132,-0.189190516223868788
0.275000000000000133,-0.467723823222470414
0.276000000000000134,-0.738751208766027290
0.277000000000000135,-1.002351381587804680
0.278000000000000136,-1.258604441113067463
0.279000000000000137,-1.507591849217168933
0.280000000000000138,-1.749396401453890304
0.281000000000000139,-1.984102197304874027
0.282000000000000139,-2.211794609070455664
0.283000000000000140,-2.432560249088174587
0.284000000000000141,-2.646486935026667986
0.285000000000000142,-2.853663653060067418
0.286000000000000143,-3.054180518780893472
0.287000000000000144,-3.248128735757771501
0.288000000000000145,-3.435600551689090398
0.289000000000000146,-3.616689212142822019
0.290000000000000147,-3.791488911909527637
0.291000000000000147,-3.960094744026589009
0.292000000000000148,-4.122602646560475037
0.293000000000000149,-4.279109347257530338
0.294000000000000150,-4.429712306195249027
0.295000000000000151,-4.574509656583285455
0.296000000000000152,-4.713600143878240445
0.297000000000000153,-4.847083063387811031
0.298000000000000154,-4.975058196549179357
0.299000000000000155,-5.097625746072989905
0.300000000000000155,-5.214886270148805458
0.301000000000000156,-5.326940615910145560
0.302000000000000157,-5.433889852358023020
0.303000000000000158,-5.535835202940419641
0.304000000000000159,-5.632877977982905904
0.305000000000000160,-5.725119507161370969
0.306000000000000161,-5.812661072203016310
0.307000000000000162,-5.895603839995674278
0.308000000000000163,-5.974048796278493612
0.309000000000000163,-6.048096680079528831
0.310000000000000164,-6.117847919057618711
0.311000000000000165,-6.183402565897054615
0.312000000000000166,-6.244860235894729605
0.313000000000000167,-6.302320045869943321
0.314000000000000168,-6.355880554517616687
0.315000000000000169,-6.405639704315973404
0.316000000000000170,-6.451694765090334904
0.317000000000000171,-6.494142279324654154
0.318000000000000171,-6.533078009303292966
0.319000000000000172,-6.568596886155981807
0.320000000000000173,-6.600792960869751980
0.321000000000000174,-6.629759357322638103
0.322000000000000175,-6.655588227385388578
0.323000000000000176,-6.678370708128889888
0.324000000000000177,-6.698196881167061356
0.325000000000000178,-6.715155734157045586
0.326000000000000179,-6.729335124471434781
0.327000000000000179,-6.740821745049986546
0.328000000000000180,-6.749701092431661387
0.329000000000000181,-6.756057436961812712
0.330000000000000182,-6.759973795163022992
0.331000000000000183,-6.761531904253071268
0.332000000000000184,-6.760812198787917282
0.333000000000000185,-6.757893789403221163
0.334000000000000186,-6.752854443623276026
0.335000000000000187,-6.745770568702336156
0.336000000000000187,-6.736717196459681922
0.337000000000000188,-6.725767970066216961
0.338000000000000189,-6.712995132737779258
0.339000000000000190,-6.698469518287343938
0.340000000000000191,-6.682260543486052029
0.341000000000000192,-6.664436202181045488
0.342000000000000193,-6.645063061116097458
0.343000000000000194,-6.624206257399832154
0.344000000000000195,-6.601929497564597682
0.345000000000000195,-6.578295058158718511
0.346000000000000196,-6.553363787813371921
0.347000000000000197,-6.527195110725348748
0.348000000000000198,-6.499847031496294392
0.349000000000000199,-6.471376141268942561
0.350000000000000200,-6.441837625100953701
0.351000000000000201,-6.411285270517025126
0.352000000000000202,-6.379771477180363526
0.353000000000000203,-6.347347267625101708
0.354000000000000203,-6.314062298991828470
0.355000000000000204,-6.279964875709056038
0.356000000000000205,-6.245101963064440653
0.357000000000000206,-6.209519201610473438
0.358000000000000207,-6.173260922350185531
0.359000000000000208,-6.136370162649858351
0.360000000000000209,-6.098888682826610008
0.361000000000000210,-6.060856983360155326
0.362000000000000210,-6.022314322679217291
0.363000000000000211,-5.983298735474442687
0.364000000000000212,-5.943847051491113476
0.365000000000000213,-5.903994914756234280
0.366000000000000214,-5.863776803196126153
0.367000000000000215,-5.823226048602009541
0.368000000000000216,-5.782374856902653626
0.369000000000000217,-5.741254328704494370
0.370000000000000218,-5.699894480061295177
0.371000000000000218,-5.658324263436653290
0.372000000000000219,-5.616571588824426087
0.373000000000000220,-5.574663344993387781
0.374000000000000221,-5.532625420824044404
0.375000000000000222,-5.490482726706789940
0.376000000000000223,-5.448259215972298009
0.377000000000000224,-5.405977906326164373
0.378000000000000225,-5.363660901261371627
0.379000000000000226,-5.321329411423429079
0.380000000000000226,-5.279003775904482332
0.381000000000000227,-5.236703483443777785
0.382000000000000228,-5.194447193513427763
0.383000000000000229,-5.152252757269430994
0.384000000000000230,-5.110137238349187427
0.385000000000000231,-5.068116933498046706
0.386000000000000232,-5.026207393008364832
0.387000000000000233,-4.984423440955850992
0.388000000000000234,-4.942779195218893307
0.389000000000000234,-4.901288087267802851
0.390000000000000235,-4.859962881711679117
0.391000000000000236,-4.818815695591837311
0.392000000000000237,-4.777858017411391600
0.393000000000000238,-4.737100725891805197
0.394000000000000239,-4.696554108447779541
0.395000000000000240,-4.656227879372955236
0.396000000000000241,-4.616131197729527180
0.397000000000000242,-4.576272684935677404
0.398000000000000242,-4.536660442045563180
0.399000000000000243,-4.497302066717165481
0.400000000000000244,-4.458204669864015202
0.401000000000000245,-4.419374891987574827
0.402000000000000246,-4.380818919187428051
0.403000000000000247,-4.342542498847231869
0.404000000000000248,-4.304550954994804002
0.405000000000000249,-4.266849203335302931
0.406000000000000250,-4.229441765956886812
0.407000000000000250,-4.192332785708794418
0.408000000000000251,-4.155526040252121689
0.409000000000000252,-4.119024955784103881
0.410000000000000253,-4.082832620436986915
0.411000000000000254,-4.046951797353005809
0.412000000000000255,-4.011384937437314058
0.413000000000000256,-3.976134191791051542
0.414000000000000257,-3.941201423826944161
0.415000000000000258,-3.906588221070278699
0.416000000000000258,-3.872295906648122177
0.417000000000000259,-3.838325550470158110
0.418000000000000260,-3.804677980104485435
0.419000000000000261,-3.771353791352094476
0.420000000000000262,-3.738353358523838210
0.421000000000000263,-3.705676844423968497
0.422000000000000264,-3.673324210044303761
0.423000000000000265,-3.641295223973394002
0.424000000000000266,-3.609589471525171067
0.425000000000000266,-3.578206363591469596
0.426000000000000267,-3.547145145223210339
0.427000000000000268,-3.516404903944883475
0.428000000000000269,-3.485984577807139662
0.429000000000000270,-3.455882963182400403
0.430000000000000271,-3.426098722308310585
0.431000000000000272,-3.396630390584083781
0.432000000000000273,-3.367476383624647518
0.433000000000000274,-3.338635004077677770
0.434000000000000274,-3.310104448208462280
0.435000000000000275,-3.281882812257716608
0.436000000000000276,-3.253968098577336043
0.437000000000000277,-3.226358221549112670
0.438000000000000278,-3.199051013291454471
0.439000000000000279,-3.172044229159120654
0.440000000000000280,-3.145335553040879084
0.441000000000000281,-3.118922602460087568
0.442000000000000282,-3.092802933483113303
0.443000000000000282,-3.066974045440375995
0.444000000000000283,-3.041433385464952011
0.445000000000000284,-3.016178352853423839
0.446000000000000285,-2.991206303253699517
0.447000000000000286,-2.966514552684583972
0.448000000000000287,-2.942100381391524522
0.449000000000000288,-2.917961037543271630
0.450000000000000289,-2.894093740773787893
0.451000000000000290,-2.870495685573917211
0.452000000000000290,-2.847164044537148442
0.453000000000000291,-2.824095971463715493
0.454000000000000292,-2.801288604327308640
0.455000000000000293,-2.778739068108483590
0.456000000000000294,-2.756444477498869450
0.457000000000000295,-2.734401939480164856
0.458000000000000296,-2.712608555781794273
0.459000000000000297,-2.691061425221151548
0.460000000000000298,-2.669757645930089129
0.461000000000000298,-2.648694317471440129
0.462000000000000299,-2.627868542849121081
0.463000000000000300,-2.607277430415340103
0.464000000000000301,-2.586918095678423679
0.465000000000000302,-2.566787663014602483
0.466000000000000303,-2.546883267287028740
0.467000000000000304,-2.527202055375313172
0.468000000000000305,-2.507741187618682144
0.469000000000000306,-2.488497839175824566
0.470000000000000306,-2.469469201304488770
0.471000000000000307,-2.450652482563634216
0.472000000000000308,-2.432044909941111666
0.473000000000000309,-2.413643729909556335
0.474000000000000310,-2.395446209413232275
0.475000000000000311,-2.377449636788445453
0.476000000000000312,-2.359651322620118119
0.477000000000000313,-2.342048600536950076
0.478000000000000314,-2.324638827947635100
0.479000000000000314,-2.307419386720494181
0.480000000000000315,-2.290387683808745578
0.481000000000000316,-2.273541151823729400
0.482000000000000317,-2.256877249558139731
0.483000000000000318,-2.240393462461430563
0.484000000000000319,-2.224087303069385513
0.485000000000000320,-2.207956311389845272
0.486000000000000321,-2.191998055246476618
0.487000000000000322,-2.176210130582451718
0.488000000000000322,-2.160590161725790548
0.489000000000000323,-2.145135801618174742
0.490000000000000324,-2.129844732008833397
0.491000000000000325,-2.114714663615181678
0.492000000000000326,-2.099743336251729264
0.493000000000000327,-2.084928518928848895
0.494000000000000328,-2.070268009922816788
0.495000000000000329,-2.055759636818565106
0.496000000000000330,-2.041401256526517383
0.497000000000000330,-2.027190755274848932
0.498000000000000331,-2.013126048578391725
0.499000000000000332,-1.999205081185506883
0.500000000000000333,-1.985425827004045685
0.501000000000000334,-1.971786289007549486
0.502000000000000335,-1.958284499122833422
0.503000000000000336,-1.944918518099994387
0.504000000000000337,-1.931686435365863375
0.505000000000000338,-1.918586368861899372
0.506000000000000338,-1.905616464867480486
0.507000000000000339,-1.892774897809490486
0.508000000000000340,-1.880059870059075378
0.509000000000000341,-1.867469611716472189
0.510000000000000342,-1.855002380384621175
0.511000000000000343,-1.842656460932434515
0.512000000000000344,-1.830430165248407182
0.513000000000000345,-1.818321831985311832
0.514000000000000346,-1.806329826296693586
0.515000000000000346,-1.794452539565750016
0.516000000000000347,-1.782688389127292883
0.517000000000000348,-1.771035817983391825
0.518000000000000349,-1.759493294513230000
0.519000000000000350,-1.748059312177781432
0.520000000000000351,-1.736732389219797668
0.521000000000000352,-1.725511068359648181
0.522000000000000353,-1.714393916487460867
0.523000000000000353,-1.703379524352022445
0.524000000000000354,-1.692466506246942615
0.525000000000000355,-1.681653499694396814
0.526000000000000356,-1.670939165126926751
0.527000000000000357,-1.660322185567670417
0.528000000000000358,-1.649801266309310677
0.529000000000000359,-1.639375134592210514
0.530000000000000360,-1.629042539281918778
0.531000000000000361,-1.618802250546477861
0.532000000000000361,-1.608653059533741381
0.533000000000000362,-1.598593778049036462
0.534000000000000363,-1.588623238233380475
0.535000000000000364,-1.578740292242554188
0.536000000000000365,-1.568943811927216325
0.537000000000000366,-1.559232688514327281
0.538000000000000367,-1.549605832290024132
0.539000000000000368,-1.540062172284241360
0.540000000000000369,-1.530600655957140344
0.541000000000000369,-1.521220248887635851
0.542000000000000370,-1.511919934464091453
0.543000000000000371,-1.502698713577379719
0.544000000000000372,-1.493555604316444185
0.545000000000000373,-1.484489641666492998
0.546000000000000374,-1.475499877209911714
0.547000000000000375,-1.466585378830065789
0.548000000000000376,-1.457745230418058480
0.549000000000000377,-1.448978531582549856
0.550000000000000377,-1.440284397362717517
0.551000000000000378,-1.431661957944449171
0.552000000000000379,-1.423110358379844786
0.553000000000000380,-1.414628758310084722
0.554000000000000381,-1.406216331691705346
0.555000000000000382,-1.397872266526403395
0.556000000000000383,-1.389595764594310445
0.557000000000000384,-1.381386041190898917
0.558000000000000385,-1.373242324867442798
0.559000000000000385,-1.365163857175161422
0.560000000000000386,-1.357149892413002101
0.561000000000000387,-1.349199697379124485
0.562000000000000388,-1.341312551126073949
0.563000000000000389,-1.333487744719701773
0.564000000000000390,-1.325724581001782143
0.565000000000000391,-1.318022374356380144
0.566000000000000392,-1.310380450479943892
0.567000000000000393,-1.302798146155142778
0.568000000000000393,-1.295274809028415630
0.569000000000000394,-1.287809797391250344
0.570000000000000395,-1.280402479965169649
0.571000000000000396,-1.273052235690398604
0.572000000000000397,-1.265758453518241788
0.573000000000000398,-1.258520532207078046
0.574000000000000399,-1.251337880122039170
0.575000000000000400,-1.244209915038259284
0.576000000000000401,-1.237136063947742892
0.577000000000000401,-1.230115762869802731
0.578000000000000402,-1.223148456665008155
0.579000000000000403,-1.216233598852646036
0.580000000000000404,-1.209370651431675325
0.581000000000000405,-1.202559084705089321
0.582000000000000406,-1.195798377107715638
0.583000000000000407,-1.189088015037352397
0.584000000000000408,-1.182427492689271720
0.585000000000000409,-1.175816311893989052
0.586000000000000409,-1.169253981958310318
0.587000000000000410,-1.162740019509587830
0.588000000000000411,-1.156273948343144564
0.589000000000000412,-1.149855299272863673
0.590000000000000413,-1.143483609984835336
0.591000000000000414,-1.137158424894075148
0.592000000000000415,-1.130879295004271867
0.593000000000000416,-1.124645777770458155
0.594000000000000417,-1.118457436964636287
0.595000000000000417,-1.112313842544299103
0.596000000000000418,-1.106214570523733842
0.597000000000000419,-1.100159202848181694
0.598000000000000420,-1.094147327270702075
0.599000000000000421,-1.088178537231762499
0.600000000000000422,-1.082252431741481447
0.601000000000000423,-1.076368615264494899
0.602000000000000424,-1.070526697607384392
0.603000000000000425,-1.064726293808650581
0.604000000000000425,-1.058967024031154835
0.605000000000000426,-1.053248513457001767
0.606000000000000427,-1.047570392184854482
0.607000000000000428,-1.041932295129525787
0.608000000000000429,-1.036333861923991684
0.609000000000000430,-1.030774736823549587
0.610000000000000431,-1.025254568612309569
0.611000000000000432,-1.019773010511809463
0.612000000000000433,-1.014329720091764475
0.613000000000000433,-1.008924359182966413
0.614000000000000434,-1.003556593792203078
0.615000000000000435,-0.998226094019193155
0.616000000000000436,-0.992932533975510068
0.617000000000000437,-0.987675591705462375
0.618000000000000438,-0.982454949108836018
0.619000000000000439,-0.977270291865506180
0.620000000000000440,-0.972121309361887120
0.621000000000000441,-0.967007694619142710
0.622000000000000441,-0.961929144223156785
0.623000000000000442,-0.956885358256190699
0.624000000000000443,-0.951876040230222431
0.625000000000000444,-0.946900897021940580
0.626000000000000445,-0.941959638809281019
0.627000000000000446,-0.937051979009589475
0.628000000000000447,-0.932177634219267026
0.629000000000000448,-0.927336324154930169
0.630000000000000449,-0.922527771596023172
0.631000000000000449,-0.917751702328859276
0.632000000000000450,-0.913007845092053238
0.633000000000000451,-0.908295931523328215
0.634000000000000452,-0.903615696107629374
0.635000000000000453,-0.898966876126563674
0.636000000000000454,-0.894349211609083428
0.637000000000000455,-0.889762445283429626
0.638000000000000456,-0.885206322530263434
0.639000000000000457,-0.880680591336993501
0.640000000000000457,-0.876185002253258127
0.641000000000000458,-0.871719308347502553
0.642000000000000459,-0.867283265164694228
0.643000000000000460,-0.862876630685060819
0.644000000000000461,-0.858499165283915788
0.645000000000000462,-0.854150631692469853
0.646000000000000463,-0.849830794959636870
0.647000000000000464,-0.845539422414817166
0.648000000000000465,-0.841276283631621880
0.649000000000000465,-0.837041150392495603
0.650000000000000466,-0.832833796654265712
0.651000000000000467,-0.828653998514528034
0.652000000000000468,-0.824501534178906481
0.653000000000000469,-0.820376183929121483
0.654000000000000470,-0.816277730091882425
0.655000000000000471,-0.812205957008544366
0.656000000000000472,-0.808160651005541242
0.657000000000000473,-0.804141600365546716
0.658000000000000473,-0.800148595299378984
0.659000000000000474,-0.796181427918588591
0.660000000000000475,-0.792239892208749241
0.661000000000000476,-0.788323784003388761
0.662000000000000477,-0.784432900958600077
0.663000000000000478,-0.780567042528243604
0.664000000000000479,-0.776726009939818107
0.665000000000000480,-0.772909606170848584
0.666000000000000481,-0.769117635925942400
0.667000000000000481,-0.765349905614317261
0.668000000000000482,-0.761606223327967902
0.669000000000000483,-0.757886398820284857
0.670000000000000484,-0.754190243485240996
0.671000000000000485,-0.750517570337058126
0.672000000000000486,-0.746868193990359530
0.673000000000000487,-0.743241930640821002
0.674000000000000488,-0.739638598046245654
0.675000000000000488,-0.736058015508103791
0.676000000000000489,-0.732500003853524539
0.677000000000000490,-0.728964385417668614
0.678000000000000491,-0.725450984026544843
0.679000000000000492,-0.721959624980209824
0.680000000000000493,-0.718490135036338962
0.681000000000000494,-0.715042342394207942
0.682000000000000495,-0.711616076678991405
0.683000000000000496,-0.708211168926451085
0.684000000000000496,-0.704827451567945462
0.685000000000000497,-0.701464758415768386
0.686000000000000498,-0.698122924648830079
0.687000000000000499,-0.694801786798620813
0.688000000000000500,-0.691501182735491104
0.689000000000000501,-0.688220951655226010
0.690000000000000502,-0.684960934065904192
0.691000000000000503,-0.681720971775020557
0.692000000000000504,-0.678500907876878778
0.693000000000000504,-0.675300586740265496
0.694000000000000505,-0.672119853996319572
0.695000000000000506,-0.668958556526716430
0.696000000000000507,-0.665816542452022597
0.697000000000000508,-0.662693661120312805
0.698000000000000509,-0.659589763096001813
0.699000000000000510,-0.656504700148880183
0.700000000000000511,-0.653438325243365314
0.701000000000000512,-0.650390492527952224
0.702000000000000512,-0.647361057324848721
0.703000000000000513,-0.644349876119810872
0.704000000000000514,-0.641356806552151770
0.705000000000000515,-0.638381707404926169
0.706000000000000516,-0.635424438595285523
0.707000000000000517,-0.632484861165011791
0.708000000000000518,-0.629562837271170572
0.709000000000000519,-0.626658230176978304
0.710000000000000520,-0.623770904242755941
0.711000000000000520,-0.620900724917077595
0.712000000000000521,-0.618047558728028856
0.713000000000000522,-0.615211273274602566
0.714000000000000523,-0.612391737218249910
0.715000000000000524,-0.609588820274513665
0.716000000000000525,-0.606802393204836976
0.717000000000000526,-0.604032327808447511
0.718000000000000527,-0.601278496914372629
0.719000000000000528,-0.598540774373563345
0.720000000000000528,-0.595819035051142643
0.721000000000000529,-0.593113154818710187
0.722000000000000530,-0.590423010546812788
0.723000000000000531,-0.587748480097449955
0.724000000000000532,-0.585089442316714003
0.725000000000000533,-0.582445777027512213
0.726000000000000534,-0.579817365022358144
0.727000000000000535,-0.577204088056275544
0.728000000000000536,-0.574605828839759081
0.729000000000000536,-0.572022471031832458
0.730000000000000537,-0.569453899233186789
0.731000000000000538,-0.566899998979363717
0.732000000000000539,-0.564360656734051891
0.733000000000000540,-0.561835759882421404
0.734000000000000541,-0.559325196724545060
0.735000000000000542,-0.556828856468864375
0.736000000000000543,-0.554346629225751619
0.737000000000000544,-0.551878406001093835
0.738000000000000544,-0.549424078689978557
0.739000000000000545,-0.546983540070394403
0.740000000000000546,-0.544556683797025265
0.741000000000000547,-0.542143404395060591
0.742000000000000548,-0.539743597254119800
0.743000000000000549,-0.537357158622146391
0.744000000000000550,-0.534983985599411960
0.745000000000000551,-0.532623976132551968
0.746000000000000552,-0.530277029008640155
0.747000000000000552,-0.527943043849322668
0.748000000000000553,-0.525621921104978185
0.749000000000000554,-0.523313562048932868
0.750000000000000555,-0.521017868771725956
0.751000000000000556,-0.518734744175384455
0.752000000000000557,-0.516464091967786643
0.753000000000000558,-0.514205816657003822
0.754000000000000559,-0.511959823545734549
0.755000000000000560,-0.509726018725739083
0.756000000000000560,-0.507504309072337567
0.757000000000000561,-0.505294602238910762
0.758000000000000562,-0.503096806651456507
0.759000000000000563,-0.500910831503180498
0.760000000000000564,-0.498736586749112198
0.761000000000000565,-0.496573983100748850
0.762000000000000566,-0.494422932020743278
0.763000000000000567,-0.492283345717606680
0.764000000000000568,-0.490155137140448005
0.765000000000000568,-0.488038219973755183
0.766000000000000569,-0.485932508632176685
0.767000000000000570,-0.483837918255367150
0.768000000000000571,-0.481754364702814186
0.769000000000000572,-0.479681764548743672
0.770000000000000573,-0.477620035077009120
0.771000000000000574,-0.475569094276040605
0.772000000000000575,-0.473528860833787479
0.773000000000000576,-0.471499254132713819
0.774000000000000576,-0.469480194244798477
0.775000000000000577,-0.467471601926582214
0.776000000000000578,-0.465473398614206890
0.777000000000000579,-0.463485506418517101
0.778000000000000580,-0.461507848120149500
0.779000000000000581,-0.459540347164673235
0.780000000000000582,-0.457582927657732064
0.781000000000000583,-0.455635514360230864
0.782000000000000584,-0.453698032683526598
0.783000000000000584,-0.451770408684644131
0.784000000000000585,-0.449852569061534813
0.785000000000000586,-0.447944441148320771
0.786000000000000587,-0.446045952910597898
0.787000000000000588,-0.444157032940741214
0.788000000000000589,-0.442277610453220227
0.789000000000000590,-0.440407615279976739
0.790000000000000591,-0.438546977865775900
0.791000000000000592,-0.436695629263611274
0.792000000000000592,-0.434853501130119557
0.793000000000000593,-0.433020525721013350
0.794000000000000594,-0.431196635886537838
0.795000000000000595,-0.429381765066966570
0.796000000000000596,-0.427575847288071187
0.797000000000000597,-0.425778817156668210
0.798000000000000598,-0.423990609856147838
0.799000000000000599,-0.422211161142034552
0.800000000000000600,-0.420440407337580146
0.801000000000000600,-0.418678285329353972
0.802000000000000601,-0.416924732562877154
0.803000000000000602,-0.415179687038254919
0.804000000000000603,-0.413443087305855439
0.805000000000000604,-0.411714872461994674
0.806000000000000605,-0.409994982144620046
0.807000000000000606,-0.408283356529068442
0.808000000000000607,-0.406579936323792857
0.809000000000000608,-0.404884662766129666
0.810000000000000608,-0.403197477618108202
0.811000000000000609,-0.401518323162225133
0.812000000000000610,-0.399847142197309491
0.813000000000000611,-0.398183878034342409
0.814000000000000612,-0.396528474492344130
0.815000000000000613,-0.394880875894268624
0.816000000000000614,-0.393241027062897985
0.817000000000000615,-0.391608873316788952
0.818000000000000616,-0.389984360466224311
0.819000000000000616,-0.388367434809180623
0.820000000000000617,-0.386758043127322815
0.821000000000000618,-0.385156132682024199
0.822000000000000619,-0.383561651210402699
0.823000000000000620,-0.381974546921374503
0.824000000000000621,-0.380394768491725987
0.825000000000000622,-0.378822265062219554
0.826000000000000623,-0.377256986233714287
0.827000000000000624,-0.375698882063297879
0.828000000000000624,-0.374147903060456533
0.829000000000000625,-0.372604000183245021
0.830000000000000626,-0.371067124834500772
0.831000000000000627,-0.369537228858057509
0.832000000000000628,-0.368014264535006019
0.833000000000000629,-0.366498184579939268
0.834000000000000630,-0.364988942137251526
0.835000000000000631,-0.363486490777447990
0.836000000000000631,-0.361990784493463225
0.837000000000000632,-0.360501777697025516
0.838000000000000633,-0.359019425215014121
0.839000000000000634,-0.357543682285856312
0.840000000000000635,-0.356074504555952021
0.841000000000000636,-0.354611848076086644
0.842000000000000637,-0.353155669297910646
0.843000000000000638,-0.351705925070400771
0.844000000000000639,-0.350262572636363234
0.845000000000000639,-0.348825569628956889
0.846000000000000640,-0.347394874068221893
0.847000000000000641,-0.345970444357665163
0.848000000000000642,-0.344552239280820460
0.849000000000000643,-0.343140217997859154
0.850000000000000644,-0.341734340042233853
0.851000000000000645,-0.340334565317296334
0.852000000000000646,-0.338940854092992905
0.853000000000000647,-0.337553167002539456
0.854000000000000647,-0.336171465039132755
0.855000000000000648,-0.334795709552689280
0.856000000000000649,-0.333425862246596483
0.857000000000000650,-0.332061885174490812
0.858000000000000651,-0.330703740737045782
0.859000000000000652,-0.329351391678794070
0.860000000000000653,-0.328004801084973929
0.861000000000000654,-0.326663932378372768
0.862000000000000655,-0.325328749316227128
0.863000000000000655,-0.323999215987107403
0.864000000000000656,-0.322675296807857448
0.865000000000000657,-0.321356956520523374
0.866000000000000658,-0.320044160189330795
0.867000000000000659,-0.318736873197672854
0.868000000000000660,-0.317435061245109895
0.869000000000000661,-0.316138690344398454
0.870000000000000662,-0.314847726818548612
0.871000000000000663,-0.313562137297895005
0.872000000000000663,-0.312281888717177769
0.873000000000000664,-0.311006948312668841
0.874000000000000665,-0.309737283619292092
0.875000000000000666,-0.308472862467794928
0.876000000000000667,-0.307213652981904783
0.877000000000000668,-0.305959623575535578
0.878000000000000669,-0.304710742950009161
0.879000000000000670,-0.303466980091276983
0.880000000000000671,-0.302228304267197101
0.881000000000000671,-0.300994685024791209
0.882000000000000672,-0.299766092187565059
0.883000000000000673,-0.298542495852813672
0.884000000000000674,-0.297323866388967573
0.885000000000000675,-0.296110174432947959
0.886000000000000676,-0.294901390887555459
0.887000000000000677,-0.293697486918862438
0.888000000000000678,-0.292498433953634174
0.889000000000000679,-0.291304203676777396
0.890000000000000679,-0.290114768028793768
0.891000000000000680,-0.288930099203265844
0.892000000000000681,-0.287750169644355291
0.893000000000000682,-0.286574952044326980
0.894000000000000683,-0.285404419341079019
0.895000000000000684,-0.284238544715719743
0.896000000000000685,-0.283077301590134334
0.897000000000000686,-0.281920663624588452
0.898000000000000687,-0.280768604715352588
0.899000000000000687,-0.279621098992330341
0.900000000000000688,-0.278478120816725183
0.901000000000000689,-0.277339644778710037
0.902000000000000690,-0.276205645695133228
0.903000000000000691,-0.275076098607223429
0.904000000000000692,-0.273950978778332577
0.905000000000000693,-0.272830261691681564
0.906000000000000694,-0.271713923048144346
0.907000000000000695,-0.270601938764021999
0.908000000000000695,-0.269494284968871844
0.909000000000000696,-0.268390938003318813
0.910000000000000697,-0.267291874416914932
0.911000000000000698,-0.266197070965998095
0.912000000000000699,-0.265106504611577365
0.913000000000000700,-0.264020152517243034
0.914000000000000701,-0.262937992047066693
0.915000000000000702,-0.261860000763567802
0.916000000000000703,-0.260786156425645177
0.917000000000000703,-0.259716436986568655
0.918000000000000704,-0.258650820591962260
0.919000000000000705,-0.257589285577816518
0.920000000000000706,-0.256531810468522803
0.921000000000000707,-0.255478373974905193
0.922000000000000708,-0.254428954992294343
0.923000000000000709,-0.253383532598610406
0.924000000000000710,-0.252342086052447456
0.925000000000000711,-0.251304594791199987
0.926000000000000711,-0.250271038429190962
0.927000000000000712,-0.249241396755819050
0.928000000000000713,-0.248215649733727700
0.929000000000000714,-0.247193777496988509
0.930000000000000715,-0.246175760349296002
0.931000000000000716,-0.245161578762185028
0.932000000000000717,-0.244151213373269227
0.933000000000000718,-0.243144644984480601
0.934000000000000719,-0.242141854560343261
0.935000000000000719,-0.241142823226251857
0.936000000000000720,-0.240147532266766495
0.937000000000000721,-0.239155963123929283
0.938000000000000722,-0.238168097395598466
0.939000000000000723,-0.237183916833782871
0.940000000000000724,-0.236203403343015456
0.941000000000000725,-0.235226538978717065
0.942000000000000726,-0.234253305945606283
0.943000000000000727,-0.233283686596086393
0.944000000000000727,-0.232317663428685428
0.945000000000000728,-0.231355219086492758
0.946000000000000729,-0.230396336355597808
0.947000000000000730,-0.229440998163580545
0.948000000000000731,-0.228489187577972708
0.949000000000000732,-0.227540887804776493
0.950000000000000733,-0.226596082186959119
0.951000000000000734,-0.225654754203001240
0.952000000000000735,-0.224716887465420345
0.953000000000000735,-0.223782465719333384
0.954000000000000736,-0.222851472841032239
0.955000000000000737,-0.221923892836564607
0.956000000000000738,-0.220999709840335651
0.957000000000000739,-0.220078908113716581
0.958000000000000740,-0.219161472043678446
0.959000000000000741,-0.218247386141427080
0.960000000000000742,-0.217336635041064291
0.961000000000000743,-0.216429203498250011
0.962000000000000743,-0.215525076388886433
0.963000000000000744,-0.214624238707811527
0.964000000000000745,-0.213726675567515345
0.965000000000000746,-0.212832372196850000
0.966000000000000747,-0.211941313939774778
0.967000000000000748,-0.211053486254092204
0.968000000000000749,-0.210168874710226605
0.969000000000000750,-0.209287464989976912
0.970000000000000751,-0.208409242885324447
0.971000000000000751,-0.207534194297211455
0.972000000000000752,-0.206662305234359689
0.973000000000000753,-0.205793561812107395
0.974000000000000754,-0.204927950251223484
0.975000000000000755,-0.204065456876771245
0.976000000000000756,-0.203206068116964289
0.977000000000000757,-0.202349770502036341
0.978000000000000758,-0.201496550663125218
0.979000000000000759,-0.200646395331182475
0.980000000000000759,-0.199799291335857360
0.981000000000000760,-0.198955225604433766
0.982000000000000761,-0.198114185160762901
0.983000000000000762,-0.197276157124192997
0.984000000000000763,-0.196441128708529339
0.985000000000000764,-0.195609087221005007
0.986000000000000765,-0.194780020061249642
0.987000000000000766,-0.193953914720276344
0.988000000000000766,-0.193130758779482770
0.989000000000000767,-0.192310539909661848
0.990000000000000768,-0.191493245870024198
0.991000000000000769,-0.190678864507215301
0.992000000000000770,-0.189867383754367097
0.993000000000000771,-0.189058791630154849
0.994000000000000772,-0.188253076237842432
0.995000000000000773,-0.187450225764373313
0.996000000000000774,-0.186650228479438962
0.997000000000000774,-0.185853072734577879
0.998000000000000775,-0.185058746962278947
0.999000000000000776,-0.184267239675089456
1.000000000000000666,-0.183478539464742296
1.001000000000000778,-0.182692635001286463
1.002000000000000668,-0.181909515032228825
1.003000000000000780,-0.181129168381685968
1.004000000000000670,-0.180351583949542316
1.005000000000000782,-0.179576750710628341
1.006000000000000671,-0.178804657713895254
1.007000000000000783,-0.178035294081598933
1.008000000000000673,-0.177268649008510526
1.009000000000000785,-0.176504711761112043
1.010000000000000675,-0.175743471676822749
1.011000000000000787,-0.174984918163210157
1.012000000000000677,-0.174229040697242071
1.013000000000000789,-0.173475828824520645
1.014000000000000679,-0.172725272158523013
1.015000000000000790,-0.171977360379882593
1.016000000000000680,-0.171232083235644428
1.017000000000000792,-0.170489430538543429
1.018000000000000682,-0.169749392166291396
1.019000000000000794,-0.169011958060868828
1.020000000000000684,-0.168277118227829814
1.021000000000000796,-0.167544862735611089
1.022000000000000686,-0.166815181714845190
1.023000000000000798,-0.166088065357693410
1.024000000000000687,-0.165363503917171889
1.025000000000000799,-0.164641487706499834
1.026000000000000689,-0.163922007098445788
1.027000000000000801,-0.163205052524681538
1.028000000000000691,-0.162490614475153450
1.029000000000000803,-0.161778683497447007
1.030000000000000693,-0.161069250196167857
1.031000000000000805,-0.160362305232334690
1.032000000000000695,-0.159657839322759676
1.033000000000000806,-0.158955843239466654
1.034000000000000696,-0.158256307809085339
1.035000000000000808,-0.157559223912270147
1.036000000000000698,-0.156864582483121268
1.037000000000000810,-0.156172374508627809
1.038000000000000700,-0.155482591028078015
1.039000000000000812,-0.154795223132519671
1.040000000000000702,-0.154110261964206907
1.041000000000000814,-0.153427698716055966
1.042000000000000703,-0.152747524631098974
1.043000000000000815,-0.152069731001965192
1.044000000000000705,-0.151394309170352764
1.045000000000000817,-0.150721250526500483
1.046000000000000707,-0.150050546508690430
1.047000000000000819,-0.149382188602735111
1.048000000000000709,-0.148716168341475857
1.049000000000000821,-0.148052477304295077
1.050000000000000711,-0.147391107116617875
1.051000000000000822,-0.146732049449446206
1.052000000000000712,-0.146075296018870870
1.053000000000000824,-0.145420838585604312
1.054000000000000714,-0.144768668954519730
1.055000000000000826,-0.144118778974188400
1.056000000000000716,-0.143471160536432385
1.057000000000000828,-0.142825805575870907
1.058000000000000718,-0.142182706069483661
1.059000000000000830,-0.141541854036169923
1.060000000000000719,-0.140903241536325829
1.061000000000000831,-0.140266860671408533
1.062000000000000721,-0.139632703583521561
1.063000000000000833,-0.139000762455005367
1.064000000000000723,-0.138371029508013388
1.065000000000000835,-0.137743497004121029
1.066000000000000725,-0.137118157243923150
1.067000000000000837,-0.136495002566627666
1.068000000000000727,-0.135874025349686817
1.069000000000000838,-0.135255218008391132
1.070000000000000728,-0.134638572995505745
1.071000000000000840,-0.134024082800884681
1.072000000000000730,-0.133411739951109609
1.073000000000000842,-0.132801537009116816
1.074000000000000732,-0.132193466573835933
1.075000000000000844,-0.131587521279838360
1.076000000000000734,-0.130983693796984407
1.077000000000000846,-0.130381976830070440
1.078000000000000735,-0.129782363118494087
1.079000000000000847,-0.129184845435905027
1.080000000000000737,-0.128589416589884264
1.081000000000000849,-0.127996069421599967
1.082000000000000739,-0.127404796805490161
1.083000000000000851,-0.126815591648937243
1.084000000000000741,-0.126228446891955143
1.085000000000000853,-0.125643355506868420
1.086000000000000743,-0.125060310498008032
1.087000000000000854,-0.124479304901403215
1.088000000000000744,-0.123900331784486964
1.089000000000000856,-0.123323384245783735
1.090000000000000746,-0.122748455414627505
1.091000000000000858,-0.122175538450870660
1.092000000000000748,-0.121604626544592184
1.093000000000000860,-0.121035712915821783
1.094000000000000750,-0.120468790814251436
1.095000000000000862,-0.119903853518970774
1.096000000000000751,-0.119340894338191728
1.097000000000000863,-0.118779906608971128
1.098000000000000753,-0.118220883696961196
1.099000000000000865,-0.117663818996140424
1.100000000000000755,-0.117108705928553519
1.101000000000000867,-0.116555537944058402
1.102000000000000757,-0.116004308520079785
1.103000000000000869,-0.115455011161357438
1.104000000000000759,-0.114907639399697420
1.105000000000000870,-0.114362186793741966
1.106000000000000760,-0.113818646928716460
1.107000000000000872,-0.113277013416206995
1.108000000000000762,-0.112737279893924680
1.109000000000000874,-0.112199440025472219
1.110000000000000764,-0.111663487500124517
1.111000000000000876,-0.111129416032596934
1.112000000000000766,-0.110597219362837368
1.113000000000000878,-0.110066891255797647
1.114000000000000767,-0.109538425501229081
1.115000000000000879,-0.109011815913460056
1.116000000000000769,-0.108487056331199344
1.117000000000000881,-0.107964140617320320
1.118000000000000771,-0.107443062658663768
1.119000000000000883,-0.106923816365835742
1.120000000000000773,-0.106406395673012244
1.121000000000000885,-0.105890794537737046
1.122000000000000774,-0.105377006940737969
1.123000000000000886,-0.104865026885729212
1.124000000000000776,-0.104354848399234104
1.125000000000000888,-0.103846465530385818
1.126000000000000778,-0.103339872350754106
1.127000000000000890,-0.102835062954173745
1.128000000000000780,-0.102332031456544306
1.129000000000000892,-0.101830771995675584
1.130000000000000782,-0.101331278731106103
1.131000000000000894,-0.100833545843931338
1.132000000000000783,-0.100337567536639610
1.133000000000000895,-0.099843338032946816
1.134000000000000785,-0.099350851577621566
1.135000000000000897,-0.098860102436343397
1.136000000000000787,-0.098371084895521571
1.137000000000000899,-0.097883793262157640
1.138000000000000789,-0.097398221863670462
1.139000000000000901,-0.096914365047766154
1.140000000000000790,-0.096432217182267535
1.141000000000000902,-0.095951772654969764
1.142000000000000792,-0.095473025873502232
1.143000000000000904,-0.094995971265171938
1.144000000000000794,-0.094520603276833384
1.145000000000000906,-0.094046916374727701
1.146000000000000796,-0.093574905044368301
1.147000000000000908,-0.093104563790384537
1.148000000000000798,-0.092635887136393050
1.149000000000000909,-0.092168869624867172
1.150000000000000799,-0.091703505816995892
1.151000000000000689,-0.091239790292564307
1.152000000000000801,-0.090777717649819345
1.153000000000000913,-0.090317282505344210
1.154000000000000803,-0.089858479493936730
1.155000000000000693,-0.089401303268475868
1.156000000000000805,-0.088945748499818691
1.157000000000000917,-0.088491809876659555
1.158000000000000806,-0.088039482105427280
1.159000000000000696,-0.087588759910162933
1.160000000000000808,-0.087139638032401587
1.161000000000000920,-0.086692111231064378
1.162000000000000810,-0.086246174282345628
1.163000000000000700,-0.085801821979598472
1.164000000000000812,-0.085359049133230780
1.165000000000000924,-0.084917850570591605
1.166000000000000814,-0.084478221135873485
1.167000000000000703,-0.084040155689999119
1.168000000000000815,-0.083603649110525730
1.169000000000000927,-0.083168696291535477
1.170000000000000817,-0.082735292143543845
1.171000000000000707,-0.082303431593389736
1.172000000000000819,-0.081873109584150838
1.173000000000000931,-0.081444321075037143
1.174000000000000821,-0.081017061041295135
1.175000000000000711,-0.080591324474121762
1.176000000000000822,-0.080167106380566788
1.177000000000000934,-0.079744401783440555
1.178000000000000824,-0.079323205721228890
1.179000000000000714,-0.078903513247994078
1.180000000000000826,-0.078485319433301462
1.181000000000000938,-0.078068619362118813
1.182000000000000828,-0.077653408134738713
1.183000000000000718,-0.077239680866694554
1.184000000000000830,-0.076827432688676200
1.185000000000000941,-0.076416658746439395
1.186000000000000831,-0.076007354200741797
1.187000000000000721,-0.075599514227247117
1.188000000000000833,-0.075193134016455748
1.189000000000000945,-0.074788208773623618
1.190000000000000835,-0.074384733718687340
1.191000000000000725,-0.073982704086179199
1.192000000000000837,-0.073582115125173569
1.193000000000000949,-0.073182962099184928
1.194000000000000838,-0.072785240286121433
1.195000000000000728,-0.072388944978192440
1.196000000000000840,-0.071994071481849636
1.197000000000000952,-0.071600615117717092
1.198000000000000842,-0.071208571220512926
1.199000000000000732,-0.070817935138993926
1.200000000000000844,-0.070428702235872054
1.201000000000000956,-0.070040867887765659
1.202000000000000846,-0.069654427485120379
1.203000000000000735,-0.069269376432154112
1.204000000000000847,-0.068885710146779605
1.205000000000000959,-0.068503424060562382
1.206000000000000849,-0.068122513618637928
1.207000000000000739,-0.067742974279659696
1.208000000000000851,-0.067364801515739717
1.209000000000000963,-0.066987990812384574
1.210000000000000853,-0.066612537668439192
1.211000000000000743,-0.066238437596025795
1.212000000000000854,-0.065865686120488084
1.213000000000000966,-0.065494278780333384
1.214000000000000856,-0.065124211127180448
1.215000000000000746,-0.064755478725693816
1.216000000000000858,-0.064388077153541667
1.217000000000000970,-0.064022002001332151
1.218000000000000860,-0.063657248872563674
1.219000000000000750,-0.063293813383572803
1.220000000000000862,-0.062931691163481004
1.221000000000000973,-0.062570877854139950
1.222000000000000863,-0.062211369110089218
1.223000000000000753,-0.061853160598495882
1.224000000000000865,-0.061496247999110167
1.225000000000000977,-0.061140627004220162
1.226000000000000867,-0.060786293318593733
1.227000000000000757,-0.060433242659438322
1.228000000000000869,-0.060081470756346768
1.229000000000000981,-0.059730973351266113
1.230000000000000870,-0.059381746198426913
1.231000000000000760,-0.059033785064317244
1.232000000000000872,-0.058687085727635181
1.233000000000000984,-0.058341643979231042
1.234000000000000874,-0.057997455622081376
1.235000000000000764,-0.057654516471230412
1.236000000000000876,-0.057312822353756697
1.237000000000000988,-0.056972369108724052
1.238000000000000878,-0.056633152587146782
1.239000000000000767,-0.056295168651939821
1.240000000000000879,-0.055958413177883679
1.241000000000000991,-0.055622882051582043
1.242000000000000881,-0.055288571171418888
1.243000000000000771,-0.054955476447523702
1.244000000000000883,-0.054623593801726746
1.245000000000000995,-0.054292919167526030
1.246000000000000885,-0.053963448490044731
1.247000000000000774,-0.053635177725993036
1.248000000000000886,-0.053308102843632077
1.249000000000000998,-0.052982219822737910
1.250000000000000888,-0.052657524654562637
1.251000000000000778,-0.052334013341797214
1.252000000000000890,-0.052011681898538123
1.253000000000001002,-0.051690526350246804
1.254000000000000892,-0.051370542733724954
1.255000000000000782,-0.051051727097065777
1.256000000000000894,-0.050734075499628065
1.257000000000001005,-0.050417584012001047
1.258000000000000895,-0.050102248715968981
1.259000000000000785,-0.049788065704478093
1.260000000000000897,-0.049475031081601797
1.261000000000001009,-0.049163140962514743
1.262000000000000899,-0.048852391473447540
1.263000000000000789,-0.048542778751667147
1.264000000000000901,-0.048234298945438861
1.265000000000001013,-0.047926948213994264
1.266000000000000902,-0.047620722727502458
1.267000000000000792,-0.047315618667038220
1.268000000000000904,-0.047011632224549155
1.269000000000001016,-0.046708759602827346
1.270000000000000906,-0.046406997015482655
1.271000000000000796,-0.046106340686905341
1.272000000000000908,-0.045806786852239566
1.273000000000001020,-0.045508331757356871
1.274000000000000909,-0.045210971658826538
1.275000000000000799,-0.044914702823878445
1.276000000000000911,-0.044619521530389540
1.277000000000001023,-0.044325424066841118
1.278000000000000913,-0.044032406732298565
1.279000000000000803,-0.043740465836381900
1.280000000000000915,-0.043449597699241449
1.281000000000001027,-0.043159798651518144
1.282000000000000917,-0.042871065034333813
1.283000000000000806,-0.042583393199250585
1.284000000000000918,-0.042296779508252967
1.285000000000001030,-0.042011220333712983
1.286000000000000920,-0.041726712058372362
1.287000000000000810,-0.041443251075308531
1.288000000000000922,-0.041160833787918447
1.289000000000001034,-0.040879456609883014
1.290000000000000924,-0.040599115965142971
1.291000000000000814,-0.040319808287883264
1.292000000000000925,-0.040041530022493860
1.293000000000001037,-0.039764277623557089
1.294000000000000927,-0.039488047555815961
1.295000000000000817,-0.039212836294148026
1.296000000000000929,-0.038938640323549677
1.297000000000001041,-0.038665456139100586
1.298000000000000931,-0.038393280245949193
1.299000000000000821,-0.038122109159285031
1.300000000000000933,-0.037851939404311565
1.301000000000001044,-0.037582767516228258
1.302000000000000934,-0.037314590040201802
1.303000000000000824,-0.037047403531352163
1.304000000000000936,-0.036781204554714113
1.305000000000001048,-0.036515989685228109
1.306000000000000938,-0.036251755507714187
1.307000000000000828,-0.035988498616841051
1.308000000000000940,-0.035726215617111867
1.309000000000001052,-0.035464903122843269
1.310000000000000941,-0.035204557758135926
1.311000000000000831,-0.034945176156856030
1.312000000000000943,-0.034686754962608840
1.313000000000001055,-0.034429290828730148
1.314000000000000945,-0.034172780418247117
1.315000000000000835,-0.033917220403864828
1.316000000000000947,-0.033662607467946276
1.317000000000001059,-0.033408938302489512
1.318000000000000949,-0.033156209609100179
1.319000000000000838,-0.032904418098981793
1.320000000000000950,-0.032653560492906131
1.321000000000001062,-0.032403633521190592
1.322000000000000952,-0.032154633923684818
1.323000000000000842,-0.031906558449742703
1.324000000000000954,-0.031659403858208035
1.325000000000001066,-0.031413166917384903
1.326000000000000956,-0.031167844405029017
1.327000000000000846,-0.030923433108313303
1.328000000000000957,-0.030679929823822821
1.329000000000001069,-0.030437331357517906
1.330000000000000959,-0.030195634524729054
1.331000000000000849,-0.029954836150128505
1.332000000000000961,-0.029714933067708015
1.333000000000001073,-0.029475922120764043
1.334000000000000963,-0.029237800161879567
1.335000000000000853,-0.029000564052894577
1.336000000000000965,-0.028764210664897871
1.337000000000001076,-0.028528736878199866
1.338000000000000966,-0.028294139582313849
1.339000000000000856,-0.028060415675939455
1.340000000000000968,-0.027827562066939815
1.341000000000001080,-0.027595575672322636
1.342000000000000970,-0.027364453418223973
1.343000000000000860,-0.027134192239883316
1.344000000000000972,-0.026904789081629354
1.345000000000001084,-0.026676240896860416
1.346000000000000973,-0.026448544648020756
1.347000000000000863,-0.026221697306586467
1.348000000000000975,-0.025995695853041449
1.349000000000001087,-0.025770537276864604
1.350000000000000977,-0.025546218576506387
1.351000000000000867,-0.025322736759372778
1.352000000000000979,-0.025100088841798707
1.353000000000001091,-0.024878271849042715
1.354000000000000981,-0.024657282815259675
1.355000000000000870,-0.024437118783478200
1.356000000000000982,-0.024217776805590410
1.357000000000001094,-0.023999253942332162
1.358000000000000984,-0.023781547263259643
1.359000000000000874,-0.023564653846731239
1.360000000000000986,-0.023348570779895307
1.361000000000001098,-0.023133295158666897
1.362000000000000988,-0.022918824087708969
1.363000000000000878,-0.022705154680414237
1.364000000000000989,-0.022492284058891900
1.365000000000001101,-0.022280209353941698
1.366000000000000991,-0.022068927705039050
1.367000000000000881,-0.021858436260318737
1.368000000000000993,-0.021648732176554664
1.369000000000001105,-0.021439812619142039
1.370000000000000995,-0.021231674762079277
1.371000000000000885,-0.021024315787947719
1.372000000000000997,-0.020817732887898704
1.373000000000001108,-0.020611923261633826
1.374000000000000998,-0.020406884117377674
1.375000000000000888,-0.020202612671877927
1.376000000000001000,-0.019999106150371607
1.377000000000001112,-0.019796361786574002
1.378000000000001002,-0.019594376822660291
1.379000000000000892,-0.019393148509245166
1.380000000000001004,-0.019192674105368703
1.381000000000001116,-0.018992950878477757
1.382000000000001005,-0.018793976104404003
1.383000000000000895,-0.018595747067351377
1.384000000000001007,-0.018398261059874868
1.385000000000001119,-0.018201515382865734
1.386000000000001009,-0.018005507345532201
1.387000000000000899,-0.017810234265377305
1.388000000000001011,-0.017615693468195488
1.389000000000001123,-0.017421882288035172
1.390000000000001013,-0.017228798067196596
1.391000000000000902,-0.017036438156206108
1.392000000000001014,-0.016844799913802683
1.393000000000001126,-0.016653880706917520
1.394000000000001016,-0.016463677910660810
1.395000000000000906,-0.016274188908299732
1.396000000000001018,-0.016085411091239045
1.397000000000001130,-0.015897341859011555
1.398000000000001020,-0.015709978619255046
1.399000000000000909,-0.015523318787695644
1.400000000000001021,-0.015337359788127222
1.401000000000001133,-0.015152099052403986
1.402000000000001023,-0.014967534020410423
1.403000000000000913,-0.014783662140050561
1.404000000000001025,-0.014600480867233635
1.405000000000001137,-0.014417987665848411
1.406000000000001027,-0.014236180007750527
1.407000000000000917,-0.014055055372750605
1.408000000000001029,-0.013874611248583241
1.409000000000001140,-0.013694845130902902
1.410000000000001030,-0.013515754523258519
1.411000000000000920,-0.013337336937081315
1.412000000000001032,-0.013159589891661614
1.413000000000001144,-0.012982510914139470
1.414000000000001034,-0.012806097539478478
1.415000000000000924,-0.012630347310454954
1.416000000000001036,-0.012455257777639473
1.417000000000001148,-0.012280826499379335
1.418000000000001037,-0.012107051041778321
1.419000000000000927,-0.011933928978682801
1.420000000000001039,-0.011761457891663411
1.421000000000001151,-0.011589635369999489
1.422000000000001041,-0.011418459010660333
1.423000000000000931,-0.011247926418286170
1.424000000000001043,-0.011078035205174249
1.425000000000001155,-0.010908782991260418
1.426000000000001044,-0.010740167404101487
1.427000000000000934,-0.010572186078859356
1.428000000000001046,-0.010404836658282218
1.429000000000001158,-0.010238116792686051
1.430000000000001048,-0.010072024139945113
1.431000000000000938,-0.009906556365462990
1.432000000000001050,-0.009741711142165540
1.433000000000001162,-0.009577486150480466
1.434000000000001052,-0.009413879078315724
1.435000000000000941,-0.009250887621052438
1.436000000000001053,-0.009088509481517121
1.437000000000001165,-0.008926742369969255
1.438000000000001055,-0.008765584004088268
1.439000000000000945,-0.008605032108948482
1.440000000000001057,-0.008445084417009478
1.441000000000001169,-0.008285738668091491
1.442000000000001059,-0.008126992609364097
1.443000000000000949,-0.007968843995330748
1.444000000000001060,-0.007811290587806219
1.445000000000001172,-0.007654330155897513
1.446000000000001062,-0.007497960476000804
1.447000000000000952,-0.007342179331765531
1.448000000000001064,-0.007186984514092176
1.449000000000001176,-0.007032373821110163
1.450000000000001066,-0.006878345058157575
1.451000000000000956,-0.006724896037768296
1.452000000000001068,-0.006572024579655396
1.453000000000001180,-0.006419728510690233
1.454000000000001069,-0.006268005664890062
1.455000000000000959,-0.006116853883398668
1.456000000000001071,-0.005966271014467147
1.457000000000001183,-0.005816254913443918
1.458000000000001073,-0.005666803442752194
1.459000000000000963,-0.005517914471871260
1.460000000000001075,-0.005369585877326444
1.461000000000001187,-0.005221815542663903
1.462000000000001076,-0.005074601358445753
1.463000000000000966,-0.004927941222218983
1.464000000000001078,-0.004781833038506470
1.465000000000001190,-0.004636274718792354
1.466000000000001080,-0.004491264181498195
1.467000000000000970,-0.004346799351970319
1.468000000000001082,-0.004202878162464738
1.469000000000001194,-0.004059498552124488
1.470000000000001084,-0.003916658466968918
1.471000000000000973,-0.003774355859871262
1.472000000000001085,-0.003632588690549084
1.473000000000001197,-0.003491354925540031
1.474000000000001087,-0.003350652538189359
1.475000000000000977,-0.003210479508629646
1.476000000000001089,-0.003070833823769604
1.477000000000001201,-0.002931713477273540
1.478000000000001091,-0.002793116469543134
1.479000000000000981,-0.002655040807704263
1.480000000000001092,-0.002517484505587203
1.481000000000001204,-0.002380445583713553
1.482000000000001094,-0.002243922069274951
1.483000000000000984,-0.002107911996121638
1.484000000000001096,-0.001972413404742222
1.485000000000001208,-0.001837424342242916
1.486000000000001098,-0.001702942862342602
1.487000000000000988,-0.001568967025345689
1.488000000000001100,-0.001435494898126913
1.489000000000001211,-0.001302524554121473
1.490000000000001101,-0.001170054073300268
1.491000000000000991,-0.001038081542155937
1.492000000000001103,-0.000906605053691159
1.493000000000001215,-0.000775622707394750
1.494000000000001105,-0.000645132609227157
1.495000000000000995,-0.000515132871607411
1.496000000000001107,-0.000385621613393276
1.497000000000001219,-0.000256596959864039
1.498000000000001108,-0.000128057042707807
1.499000000000000998,0.000000000000000000
