# Kaolinite-001_ETA-JS
# h[nm],U(h)[kJ/mol]
0.149999999999999994,104.012715699525671198
0.150999999999999995,102.369884240222020821
0.151999999999999996,100.915171523041564683
0.152999999999999997,99.451861915580039408
0.153999999999999998,97.929616282256944260
0.154999999999999999,96.359644611207613707
0.156000000000000000,94.771245249700228896
0.157000000000000001,93.191958298760397383
0.158000000000000002,91.640490370680041110
0.159000000000000002,90.125984301858437675
0.160000000000000003,88.649978543912169471
0.161000000000000004,87.209099457751591444
0.162000000000000005,85.797539108236961169
0.163000000000000006,84.408945754961649754
0.164000000000000007,83.037660812290951640
0.165000000000000008,81.679382406230416791
0.166000000000000009,80.331390265939404571
0.167000000000000010,78.992472096742488930
0.168000000000000010,77.662673449403968107
0.169000000000000011,76.342966276464977682
0.170000000000000012,75.034903920546099698
0.171000000000000013,73.740306146267514009
0.172000000000000014,72.460998513869029125
0.173000000000000015,71.198616060321867849
0.174000000000000016,69.954471387508078806
0.175000000000000017,68.729481063984920297
0.176000000000000018,67.524140882747587966
0.177000000000000018,66.338539205080721217
0.178000000000000019,65.172397702498187755
0.179000000000000020,64.025129761362535419
0.180000000000000021,62.895908242138048649
0.181000000000000022,61.783735902708869503
0.182000000000000023,60.687513409507289452
0.183000000000000024,59.606101349629852848
0.184000000000000025,58.538373953650747694
0.185000000000000026,57.483263313048404086
0.186000000000000026,56.439793724991417889
0.187000000000000027,55.407106434523299754
0.188000000000000028,54.384475493554589320
0.189000000000000029,53.371315745782794693
0.190000000000000030,52.367184106075356453
0.191000000000000031,51.371775360120899734
0.192000000000000032,50.384913690819502108
0.193000000000000033,49.406541064147390330
0.194000000000000034,48.436703497718823996
0.195000000000000034,47.475536105059120473
0.196000000000000035,46.523247669512350910
0.197000000000000036,45.580105362630114030
0.198000000000000037,44.646420089216633187
0.199000000000000038,43.722532819253032699
0.200000000000000039,42.808802158315060638
0.201000000000000040,41.905593314138386063
0.202000000000000041,41.013268537974440164
0.203000000000000042,40.132179054889554948
0.204000000000000042,39.262658446250725319
0.205000000000000043,38.405017409057528255
0.206000000000000044,37.559539789077838634
0.207000000000000045,36.726479766419053874
0.208000000000000046,35.906060061717809617
0.209000000000000047,35.098471027134124256
0.210000000000000048,34.303870487469339423
0.211000000000000049,33.522384201807824411
0.212000000000000050,32.754106824062759529
0.213000000000000050,31.999103250791723241
0.214000000000000051,31.257410255879371164
0.215000000000000052,30.529038323543556288
0.216000000000000053,29.813973603105278443
0.217000000000000054,29.112179920684457812
0.218000000000000055,28.423600794148860871
0.219000000000000056,27.748161408043888088
0.220000000000000057,27.085770514723833458
0.221000000000000058,26.436322236414167008
0.222000000000000058,25.799697750418907560
0.223000000000000059,25.175766846155596568
0.224000000000000060,24.564389348180707628
0.225000000000000061,23.965416403915003940
0.226000000000000062,23.378691638457951285
0.227000000000000063,22.804052181770810392
0.228000000000000064,22.241329575691430875
0.229000000000000065,21.690350569803378278
0.230000000000000066,21.150937816203210673
0.231000000000000066,20.622910473769589856
0.232000000000000067,20.106084732715821417
0.233000000000000068,19.600274270069682814
0.234000000000000069,19.105290646338595195
0.235000000000000070,18.620943653038736443
0.236000000000000071,18.147041620047104971
0.237000000000000072,17.683391690917307670
0.238000000000000073,17.229800073423390927
0.239000000000000073,16.786072271692738411
0.240000000000000074,16.352013305383660935
0.241000000000000075,15.927427920480990764
0.242000000000000076,15.512120795437159160
0.243000000000000077,15.105896745592138686
0.244000000000000078,14.708560928072071050
0.245000000000000079,14.319919048699253139
0.246000000000000080,13.939777571850498816
0.247000000000000081,13.567943933676357204
0.248000000000000081,13.204226758642040096
0.249000000000000082,12.848436078969266205
0.250000000000000111,12.500383556243409799
0.251000000000000112,12.159882704200072112
0.252000000000000113,11.826749111512512513
0.253000000000000114,11.500800663264991286
0.254000000000000115,11.181857759707494182
0.255000000000000115,10.869743530843360091
0.256000000000000116,10.564284045394641609
0.257000000000000117,10.265308512717233214
0.258000000000000118,9.972649476293520721
0.259000000000000119,9.686142997509126218
0.260000000000000120,9.405628828518414863
0.261000000000000121,9.130950573117196711
0.262000000000000122,8.861955834664778209
0.263000000000000123,8.598496350230636409
0.264000000000000123,8.340428110277194662
0.265000000000000124,8.087611463329841044
0.266000000000000125,7.839911205223449642
0.267000000000000126,7.597196652651303062
0.268000000000000127,7.359341700873690328
0.269000000000000128,7.126224865570509159
0.270000000000000129,6.897729308941174864
0.271000000000000130,6.673742850267110782
0.272000000000000131,6.454157961255349463
0.273000000000000131,6.238871746576085897
0.274000000000000132,6.027785910092076094
0.275000000000000133,5.820806707353240128
0.276000000000000134,5.617844884995889743
0.277000000000000135,5.418815607742996754
0.278000000000000136,5.223638373749036390
0.279000000000000137,5.032236919071811698
0.280000000000000138,4.844539112083990240
0.281000000000000139,4.660476838658759391
0.282000000000000139,4.479985878978815173
0.283000000000000140,4.303005776824997852
0.284000000000000141,4.129479702201752644
0.285000000000000142,3.959354308151195934
0.286000000000000143,3.792579582596673049
0.287000000000000144,3.629108696041164706
0.288000000000000145,3.468897845925084766
0.289000000000000146,3.311906098424588940
0.290000000000000147,3.158095228443216218
0.291000000000000147,3.007429558519802981
0.292000000000000148,2.859875797342152470
0.293000000000000149,2.715402878521436136
0.294000000000000150,2.573981800245461748
0.295000000000000151,2.435585466391288367
0.296000000000000152,2.300188529639078716
0.297000000000000153,2.167767237089988974
0.298000000000000154,2.038299278851424923
0.299000000000000155,1.911763640013976140
0.300000000000000155,1.788140456405147516
0.301000000000000156,1.667410874466855208
0.302000000000000157,1.549556915565750703
0.303000000000000158,1.434561345008959599
0.304000000000000159,1.322407546001882039
0.305000000000000160,1.213079398750515070
0.306000000000000161,1.106561164877348791
0.307000000000000162,1.002837377288245735
0.308000000000000163,0.901892735597440542
0.309000000000000163,0.803712007188963184
0.310000000000000164,0.708279933965616282
0.311000000000000165,0.615581144811094827
0.312000000000000166,0.525600073766725684
0.313000000000000167,0.438320883902037994
0.314000000000000168,0.353727396837570707
0.315000000000000169,0.271803027859139013
0.316000000000000170,0.192530726545077746
0.317000000000000171,0.115892922812068269
0.318000000000000171,0.041871478270458548
0.319000000000000172,-0.029552357233240546
0.320000000000000173,-0.098397984020549570
0.321000000000000174,-0.164685486076255605
0.322000000000000175,-0.228435659788176315
0.323000000000000176,-0.289670038092689819
0.324000000000000177,-0.348410910194014545
0.325000000000000178,-0.404681337030628197
0.326000000000000179,-0.458505162666977939
0.327000000000000179,-0.509907021791761061
0.328000000000000180,-0.558912343506836384
0.329000000000000181,-0.605547351592505056
0.330000000000000182,-0.649839061435485865
0.331000000000000183,-0.691815273806385411
0.332000000000000184,-0.731504565672454587
0.333000000000000185,-0.768936278230431536
0.334000000000000186,-0.804140502342275632
0.335000000000000187,-0.837148061554237044
0.336000000000000187,-0.867990492876865138
0.337000000000000188,-0.896700025500046571
0.338000000000000189,-0.923309557613709364
0.339000000000000190,-0.947852631500577969
0.340000000000000191,-0.970363407062909467
0.341000000000000192,-0.990876633940765972
0.342000000000000193,-1.009427622374174494
0.343000000000000194,-1.026052212956780396
0.344000000000000195,-1.040786745422951132
0.345000000000000195,-1.053668026605473873
0.346000000000000196,-1.064733297694964387
0.347000000000000197,-1.074020200926974811
0.348000000000000198,-1.081566745817084119
0.349000000000000199,-1.087411275058548510
0.350000000000000200,-1.091592430191720586
0.351000000000000201,-1.094149117148649486
0.352000000000000202,-1.095120471770846482
0.353000000000000203,-1.094545825392728933
0.354000000000000203,-1.092464670577801167
0.355000000000000204,-1.088916627089254519
0.356000000000000205,-1.083941408171548382
0.357000000000000206,-1.077578787214397593
0.358000000000000207,-1.069868564865366301
0.359000000000000208,-1.060850536652724996
0.360000000000000209,-1.050564461175214737
0.361000000000000210,-1.039050028910817547
0.362000000000000210,-1.026346831692220851
0.363000000000000211,-1.012494332892221127
0.364000000000000212,-0.997531838358299616
0.365000000000000213,-0.981498468131380752
0.366000000000000214,-0.964433128980108245
0.367000000000000215,-0.946374487778108175
0.368000000000000216,-0.927360945748322174
0.369000000000000217,-0.907430613594875091
0.370000000000000218,-0.886621287539971270
0.371000000000000218,-0.864970426279935034
0.372000000000000219,-0.842515128871846208
0.373000000000000220,-0.819292113559259128
0.374000000000000221,-0.795337697542968902
0.375000000000000222,-0.770687777700157062
0.376000000000000223,-0.745377812253156358
0.377000000000000224,-0.719442803386594276
0.378000000000000225,-0.692917280809804526
0.379000000000000226,-0.665835286259335080
0.380000000000000226,-0.638230358934766207
0.381000000000000227,-0.610135521859057728
0.382000000000000228,-0.581583269153461258
0.383000000000000229,-0.552605554215343187
0.384000000000000230,-0.523233778785941572
0.385000000000000231,-0.493498782894118915
0.386000000000000232,-0.463430835660696316
0.387000000000000233,-0.433059626947296106
0.388000000000000234,-0.402414259832416465
0.389000000000000234,-0.371523243896909050
0.390000000000000235,-0.340414489300085166
0.391000000000000236,-0.309115301627196637
0.392000000000000237,-0.277652377488339597
0.393000000000000238,-0.246051800848502283
0.394000000000000239,-0.214339040067879349
0.395000000000000240,-0.182538945631422062
0.396000000000000241,-0.150675748546204080
0.397000000000000242,-0.118773059384943064
0.398000000000000242,-0.086853867954035907
0.399000000000000243,-0.054940543564138952
0.400000000000000244,-0.023054835881404001
0.401000000000000245,0.008782123662432629
0.402000000000000246,0.040549819923120525
0.403000000000000247,0.072228351581791819
0.404000000000000248,0.103798428189349229
0.405000000000000249,0.135241366738828417
0.406000000000000250,0.166539087787033191
0.407000000000000250,0.197674111146435239
0.408000000000000251,0.228629551168209988
0.409000000000000252,0.259389111636822434
0.410000000000000253,0.289937080296439109
0.411000000000000254,0.320258323028973613
0.412000000000000255,0.350338277703320045
0.413000000000000256,0.380162947714867250
0.414000000000000257,0.409718895234142289
0.415000000000000258,0.438993234182827041
0.416000000000000258,0.467973622955220658
0.417000000000000259,0.496648256902584073
0.418000000000000260,0.525005860597512197
0.419000000000000261,0.553035679894999133
0.420000000000000262,0.580727473806385452
0.421000000000000263,0.608071506201972589
0.422000000000000264,0.635058537357607866
0.423000000000000265,0.661679815360152856
0.424000000000000266,0.687927067386108093
0.425000000000000266,0.713792490867499962
0.426000000000000267,0.739268744558381874
0.427000000000000268,0.764348939515053893
0.428000000000000269,0.789026630002572782
0.429000000000000270,0.813295804339598916
0.430000000000000271,0.837150875693392527
0.431000000000000272,0.860586672836060940
0.432000000000000273,0.883598430872935436
0.433000000000000274,0.906181781953391718
0.434000000000000274,0.928332745974086881
0.435000000000000275,0.950047721284091984
0.436000000000000276,0.971323475401022263
0.437000000000000277,0.992157135746894681
0.438000000000000278,1.012546180411945773
0.439000000000000279,1.032488428954340787
0.440000000000000280,1.051982033243288317
0.441000000000000281,1.071025468352702514
0.442000000000000282,1.089617523512127262
0.443000000000000282,1.107757293121446551
0.444000000000000283,1.125444167835297993
0.445000000000000284,1.142677825723008578
0.446000000000000285,1.159458223509443497
0.447000000000000286,1.175785587901707618
0.448000000000000287,1.191660407006607469
0.449000000000000288,1.207083421843168747
0.450000000000000289,1.222055617954446394
0.451000000000000290,1.236578217122433321
0.452000000000000290,1.250652669189635358
0.453000000000000291,1.264280643990652209
0.454000000000000292,1.277464023396752246
0.455000000000000293,1.290204893476276871
0.456000000000000294,1.302505536773380657
0.457000000000000295,1.314368424707429428
0.458000000000000296,1.325796210095124383
0.459000000000000297,1.336791719797231659
0.460000000000000298,1.347357947491539587
0.461000000000000298,1.357498046573506256
0.462000000000000299,1.367215323185834164
0.463000000000000300,1.376513229378065306
0.464000000000000301,1.385395356397040478
0.465000000000000302,1.393865428108947535
0.466000000000000303,1.401927294553541481
0.467000000000000304,1.409584925630877228
0.468000000000000305,1.416842404920815479
0.469000000000000306,1.423703923635421420
0.470000000000000306,1.430173774704158518
0.471000000000000307,1.436256346991784838
0.472000000000000308,1.441956119648588608
0.473000000000000309,1.447277656592598660
0.474000000000000310,1.452225601123218413
0.475000000000000311,1.456804670665689638
0.476000000000000312,1.461019651645600881
0.477000000000000313,1.464875394492690663
0.478000000000000314,1.468376808772993147
0.479000000000000314,1.471528858448314159
0.480000000000000315,1.474336557262026837
0.481000000000000316,1.476804964249970542
0.482000000000000317,1.478939179375297952
0.483000000000000318,1.480744339285944733
0.484000000000000319,1.482225613193418168
0.485000000000000320,1.483388198871481434
0.486000000000000321,1.484237318773308001
0.487000000000000322,1.484778216265591810
0.488000000000000322,1.485016151978118870
0.489000000000000323,1.484956400267150034
0.490000000000000324,1.484604245791076638
0.491000000000000325,1.483964980196646577
0.492000000000000326,1.483043898914127245
0.493000000000000327,1.481846298059664946
0.494000000000000328,1.480377471443128812
0.495000000000000329,1.478642707679708401
0.496000000000000330,1.476647287403470621
0.497000000000000330,1.474396480581102509
0.498000000000000331,1.471895543924076177
0.499000000000000332,1.469149718397387172
0.500000000000000333,1.466164226823068129
0.501000000000000334,1.462944271576697819
0.502000000000000335,1.459495032375019541
0.503000000000000336,1.455821664152898709
0.504000000000000337,1.451929295027764910
0.505000000000000338,1.447823024349741416
0.506000000000000338,1.443507920835611191
0.507000000000000339,1.438989020784847916
0.508000000000000340,1.434271326375876843
0.509000000000000341,1.429359804040769122
0.510000000000000342,1.424259382916601036
0.511000000000000343,1.418974953371680892
0.512000000000000344,1.413511365604892989
0.513000000000000345,1.407873428316399611
0.514000000000000346,1.402065907447952009
0.515000000000000346,1.396093524991117496
0.516000000000000347,1.389960957861702040
0.517000000000000348,1.383672836838644837
0.518000000000000349,1.377233745565784373
0.519000000000000350,1.370648219614784225
0.520000000000000351,1.363920745607604568
0.521000000000000352,1.357055760396908894
0.522000000000000353,1.350057650302816104
0.523000000000000353,1.342930750404413009
0.524000000000000354,1.335679343884484727
0.525000000000000355,1.328307661425931485
0.526000000000000356,1.320819880658381962
0.527000000000000357,1.313220125653477011
0.528000000000000358,1.305512466467422916
0.529000000000000359,1.297700918729312702
0.530000000000000360,1.289789443273864578
0.531000000000000361,1.281781945817130897
0.532000000000000361,1.273682276673854030
0.533000000000000362,1.265494230515092022
0.534000000000000363,1.257221546164832393
0.535000000000000364,1.248867906434261155
0.536000000000000365,1.240436937992447586
0.537000000000000366,1.231932211272180000
0.538000000000000367,1.223357240409749691
0.539000000000000368,1.214715483217453151
0.540000000000000369,1.206010341187680135
0.541000000000000369,1.197245159527400515
0.542000000000000370,1.188423227221955925
0.543000000000000371,1.179547777127034180
0.544000000000000372,1.170621986087749145
0.545000000000000373,1.161648975083787505
0.546000000000000374,1.152631809399572216
0.547000000000000375,1.143573498818456713
0.548000000000000376,1.134476997839933832
0.549000000000000377,1.125345205918935942
0.550000000000000377,1.116180967726255746
0.551000000000000378,1.106987073429184232
0.552000000000000379,1.097766258991480059
0.553000000000000380,1.088521206491771753
0.554000000000000381,1.079254544459575582
0.555000000000000382,1.069968848228064040
0.556000000000000383,1.060666640302814212
0.557000000000000384,1.051350390745705354
0.558000000000000385,1.042022517573249596
0.559000000000000385,1.032685387168556179
0.560000000000000386,1.023341314706244898
0.561000000000000387,1.013992564589581757
0.562000000000000388,1.004641350899154073
0.563000000000000389,0.995289837852404324
0.564000000000000390,0.985940140273407151
0.565000000000000391,0.976594324072214470
0.566000000000000392,0.967254406733194072
0.567000000000000393,0.957922357811738734
0.568000000000000393,0.948600099438792532
0.569000000000000394,0.939289506832604815
0.570000000000000395,0.929992408817210903
0.571000000000000396,0.920710588347071868
0.572000000000000397,0.911445783037374779
0.573000000000000398,0.902199685699529796
0.574000000000000399,0.892973944881330306
0.575000000000000400,0.883770165411368658
0.576000000000000401,0.874589908947229544
0.577000000000000401,0.865434694527021042
0.578000000000000402,0.856305999123842532
0.579000000000000403,0.847205258202802236
0.580000000000000404,0.838133866280131534
0.581000000000000405,0.829093177484096500
0.582000000000000406,0.820084506117283119
0.583000000000000407,0.811109127219931003
0.584000000000000408,0.802168277133988639
0.585000000000000409,0.793263154067537335
0.586000000000000409,0.784394918659288343
0.587000000000000410,0.775564694542843824
0.588000000000000411,0.766773568910447900
0.589000000000000412,0.758022593075917128
0.590000000000000413,0.749312783036516050
0.591000000000000414,0.740645120033504689
0.592000000000000415,0.732020551111106976
0.593000000000000416,0.723439989673678063
0.594000000000000417,0.714904316040830823
0.595000000000000417,0.706414378000312149
0.596000000000000418,0.697970991358422443
0.597000000000000419,0.689574940487772792
0.598000000000000420,0.681226978872203737
0.599000000000000421,0.672927829648670039
0.600000000000000422,0.664678186145926775
0.601000000000000423,0.656478712419866106
0.602000000000000424,0.648330043785326326
0.603000000000000425,0.640232787344223730
0.604000000000000425,0.632187522509907507
0.605000000000000426,0.624194801527562015
0.606000000000000427,0.616255149990526774
0.607000000000000428,0.608369067352485415
0.608000000000000429,0.600537027435283921
0.609000000000000430,0.592759478932438078
0.610000000000000431,0.585036845908064596
0.611000000000000432,0.577369528291261647
0.612000000000000433,0.569757902365819469
0.613000000000000433,0.562202321255125481
0.614000000000000434,0.554703115402284674
0.615000000000000435,0.547260593045309163
0.616000000000000436,0.539875040687344376
0.617000000000000437,0.532546723561855728
0.618000000000000438,0.525275886092750888
0.619000000000000439,0.518062752349350730
0.620000000000000440,0.510907526496191311
0.621000000000000441,0.503810393237593357
0.622000000000000441,0.496771518256982847
0.623000000000000442,0.489791048650934424
0.624000000000000443,0.482869113357870194
0.625000000000000444,0.476005823581427845
0.626000000000000445,0.469201273208475711
0.627000000000000446,0.462455539221737766
0.628000000000000447,0.455768682107010492
0.629000000000000448,0.449140746255000889
0.630000000000000449,0.442571760357738264
0.631000000000000449,0.436061737799562699
0.632000000000000450,0.429610677042717992
0.633000000000000451,0.423218562007494303
0.634000000000000452,0.416885362446997032
0.635000000000000453,0.410611034316481938
0.636000000000000454,0.404395520137312725
0.637000000000000455,0.398238749355524391
0.638000000000000456,0.392140638695024690
0.639000000000000457,0.386101092505450105
0.640000000000000457,0.380120003104658044
0.641000000000000458,0.374197251115953644
0.642000000000000459,0.368332705799982729
0.643000000000000460,0.362526225381388012
0.644000000000000461,0.356777657370208057
0.645000000000000462,0.351086838878076457
0.646000000000000463,0.345453596929236439
0.647000000000000464,0.339877748766404308
0.648000000000000465,0.334359102151511767
0.649000000000000465,0.328897455661370852
0.650000000000000466,0.323492598978281198
0.651000000000000467,0.318144313175639459
0.652000000000000468,0.312852370998554008
0.653000000000000469,0.307616537139549950
0.654000000000000470,0.302436568509353187
0.655000000000000471,0.297312214502828909
0.656000000000000472,0.292243217260115151
0.657000000000000473,0.287229311922980846
0.658000000000000473,0.282270226886446374
0.659000000000000474,0.277365684045728200
0.660000000000000475,0.272515399038554040
0.661000000000000476,0.267719081482875432
0.662000000000000477,0.262976435210030446
0.663000000000000478,0.258287158493421654
0.664000000000000479,0.253650944272714396
0.665000000000000480,0.249067480373671490
0.666000000000000481,0.244536449723578020
0.667000000000000481,0.240057530562413524
0.668000000000000482,0.235630396649713886
0.669000000000000483,0.231254717467260479
0.670000000000000484,0.226930158417582295
0.671000000000000485,0.222656381018360439
0.672000000000000486,0.218433043092774615
0.673000000000000487,0.214259798955810432
0.674000000000000488,0.210136299596640930
0.675000000000000488,0.206062192857073306
0.676000000000000489,0.202037123606131408
0.677000000000000490,0.198060733910848441
0.678000000000000491,0.194132663203271161
0.679000000000000492,0.190252548443773734
0.680000000000000493,0.186420024280708724
0.681000000000000494,0.182634723206425542
0.682000000000000495,0.178896275709765018
0.683000000000000496,0.175204310425010085
0.684000000000000496,0.171558454277393635
0.685000000000000497,0.167958332625194273
0.686000000000000498,0.164403569398459182
0.687000000000000499,0.160893787234432317
0.688000000000000500,0.157428607609705562
0.689000000000000501,0.154007650969165660
0.690000000000000502,0.150630536851760144
0.691000000000000503,0.147296884013164819
0.692000000000000504,0.144006310545379546
0.693000000000000504,0.140758433993279725
0.694000000000000505,0.137552871468238552
0.695000000000000506,0.134389239758771956
0.696000000000000507,0.131267155438343941
0.697000000000000508,0.128186234970324164
0.698000000000000509,0.125146094810158176
0.699000000000000510,0.122146351504791542
0.700000000000000511,0.119186621789423561
0.701000000000000512,0.116266522681577417
0.702000000000000512,0.113385671572597560
0.703000000000000513,0.110543686316561279
0.704000000000000514,0.107740185316688469
0.705000000000000515,0.104974787609276657
0.706000000000000516,0.102247112945205831
0.707000000000000517,0.099556781869046485
0.708000000000000518,0.096903415795852890
0.709000000000000519,0.094286637085606806
0.710000000000000520,0.091706069115456063
0.711000000000000520,0.089161336349684012
0.712000000000000521,0.086652064407530774
0.713000000000000522,0.084177880128871438
0.714000000000000523,0.081738411637780478
0.715000000000000524,0.079333288404061120
0.716000000000000525,0.076962141302722525
0.717000000000000526,0.074624602671509582
0.718000000000000527,0.072320306366463694
0.719000000000000528,0.070048887815595415
0.720000000000000528,0.067809984070657622
0.721000000000000529,0.065603233857139606
0.722000000000000530,0.063428277622398985
0.723000000000000531,0.061284757582090878
0.724000000000000532,0.059172317764838313
0.725000000000000533,0.057090604055214787
0.726000000000000534,0.055039264235092568
0.727000000000000535,0.053017948023341213
0.728000000000000536,0.051026307113958648
0.729000000000000536,0.049063995212638788
0.730000000000000537,0.047130668071807248
0.731000000000000538,0.045225983524188697
0.732000000000000539,0.043349601514890958
0.733000000000000540,0.041501184132079774
0.734000000000000541,0.039680395636243163
0.735000000000000542,0.037886902488103960
0.736000000000000543,0.036120373375178164
0.737000000000000544,0.034380479237044327
0.738000000000000544,0.032666893289316136
0.739000000000000545,0.030979291046384517
0.740000000000000546,0.029317350342923654
0.741000000000000547,0.027680751354220479
0.742000000000000548,0.026069176615297861
0.743000000000000549,0.024482311038965067
0.744000000000000550,0.022919841932695993
0.745000000000000551,0.021381459014445180
0.746000000000000552,0.019866854427407932
0.747000000000000552,0.018375722753724021
0.748000000000000553,0.016907761027200551
0.749000000000000554,0.015462668745021191
0.750000000000000555,0.014040147878504040
0.751000000000000556,0.012639902882930510
0.752000000000000557,0.011261640706429011
0.753000000000000558,0.009905070798013593
0.754000000000000559,0.008569905114700294
0.755000000000000560,0.007255858127815440
0.756000000000000560,0.005962646828451390
0.757000000000000561,0.004689990732138672
0.758000000000000562,0.003437611882725755
0.759000000000000563,0.002205234855483151
0.760000000000000564,0.000992586759485881
0.761000000000000565,-0.000200602760743596
0.762000000000000566,-0.001374601524283803
0.763000000000000567,-0.002529674813555638
0.764000000000000568,-0.003666085374722561
0.765000000000000568,-0.004784093418747937
0.766000000000000569,-0.005883956623065467
0.767000000000000570,-0.006965930133880050
0.768000000000000571,-0.008030266569034560
0.769000000000000572,-0.009077216021485679
0.770000000000000573,-0.010107026063311009
0.771000000000000574,-0.011119941750278705
0.772000000000000575,-0.012116205626929799
0.773000000000000576,-0.013096057732176637
0.774000000000000576,-0.014059735605397116
0.775000000000000577,-0.015007474293010492
0.776000000000000578,-0.015939506355505072
0.777000000000000579,-0.016856061874941087
0.778000000000000580,-0.017757368462856870
0.779000000000000581,-0.018643651268624616
0.780000000000000582,-0.019515132988189198
0.781000000000000583,-0.020372033873229733
0.782000000000000584,-0.021214571740672827
0.783000000000000584,-0.022042961982584198
0.784000000000000585,-0.022857417576427574
0.785000000000000586,-0.023658149095641522
0.786000000000000587,-0.024445364720568741
0.787000000000000588,-0.025219270249689819
0.788000000000000589,-0.025980069111159576
0.789000000000000590,-0.026727962374661053
0.790000000000000591,-0.027463148763511559
0.791000000000000592,-0.028185824667065994
0.792000000000000592,-0.028896184153367255
0.793000000000000593,-0.029594418982055382
0.794000000000000594,-0.030280718617508640
0.795000000000000595,-0.030955270242237654
0.796000000000000596,-0.031618258770456875
0.797000000000000597,-0.032269866861917886
0.798000000000000598,-0.032910274935909381
0.799000000000000599,-0.033539661185458779
0.800000000000000600,-0.034158201591728575
0.801000000000000600,-0.034766069938566124
0.802000000000000601,-0.035363437827238040
0.803000000000000602,-0.035950474691308090
0.804000000000000603,-0.036527347811680169
0.805000000000000604,-0.037094222331770912
0.806000000000000605,-0.037651261272806359
0.807000000000000606,-0.038198625549275209
0.808000000000000607,-0.038736473984469319
0.809000000000000608,-0.039264963326143362
0.810000000000000608,-0.039784248262304547
0.811000000000000609,-0.040294481437043971
0.812000000000000610,-0.040795813466523764
0.813000000000000611,-0.041288392954989053
0.814000000000000612,-0.041772366510897829
0.815000000000000613,-0.042247878763111188
0.816000000000000614,-0.042715072377127274
0.817000000000000615,-0.043174088071403091
0.818000000000000616,-0.043625064633718603
0.819000000000000616,-0.044068138937580902
0.820000000000000617,-0.044503445958672685
0.821000000000000618,-0.044931118791347480
0.822000000000000619,-0.045351288665149161
0.823000000000000620,-0.045764084961354201
0.824000000000000621,-0.046169635229531880
0.825000000000000622,-0.046568065204137511
0.826000000000000623,-0.046959498821103361
0.827000000000000624,-0.047344058234435951
0.828000000000000624,-0.047721863832827428
0.829000000000000625,-0.048093034256244858
0.830000000000000626,-0.048457686412541924
0.831000000000000627,-0.048815935494031314
0.832000000000000628,-0.049167894994073015
0.833000000000000629,-0.049513676723612898
0.834000000000000630,-0.049853390827723922
0.835000000000000631,-0.050187145802114738
0.836000000000000631,-0.050515048509607516
0.837000000000000632,-0.050837204196588694
0.838000000000000633,-0.051153716509414138
0.839000000000000634,-0.051464687510788344
0.840000000000000635,-0.051770217696102308
0.841000000000000636,-0.052070406009705618
0.842000000000000637,-0.052365349861166241
0.843000000000000638,-0.052655145141445779
0.844000000000000639,-0.052939886239044810
0.845000000000000639,-0.053219666056081603
0.846000000000000640,-0.053494576024311666
0.847000000000000641,-0.053764706121105212
0.848000000000000642,-0.054030144885330686
0.849000000000000643,-0.054290979433193262
0.850000000000000644,-0.054547295474019805
0.851000000000000645,-0.054799177325928206
0.852000000000000646,-0.055046707931478124
0.853000000000000647,-0.055289968873214509
0.854000000000000647,-0.055529040389141790
0.855000000000000648,-0.055764001388130757
0.856000000000000649,-0.055994929465236654
0.857000000000000650,-0.056221900916947232
0.858000000000000651,-0.056444990756328604
0.859000000000000652,-0.056664272728106438
0.860000000000000653,-0.056879819323663663
0.861000000000000654,-0.057091701795925529
0.862000000000000655,-0.057299990174196423
0.863000000000000655,-0.057504753278862265
0.864000000000000656,-0.057706058736047103
0.865000000000000657,-0.057903972992135344
0.866000000000000658,-0.058098561328239054
0.867000000000000659,-0.058289887874550785
0.868000000000000660,-0.058478015624597576
0.869000000000000661,-0.058663006449410048
0.870000000000000662,-0.058844921111591633
0.871000000000000663,-0.059023819279297229
0.872000000000000663,-0.059199759540090956
0.873000000000000664,-0.059372799414729262
0.874000000000000665,-0.059542995370831339
0.875000000000000666,-0.059710402836454748
0.876000000000000667,-0.059875076213562563
0.877000000000000668,-0.060037068891392285
0.878000000000000669,-0.060196433259731785
0.879000000000000670,-0.060353220722071013
0.880000000000000671,-0.060507481708676057
0.881000000000000671,-0.060659265689531748
0.882000000000000672,-0.060808621187208180
0.883000000000000673,-0.060955595789601837
0.884000000000000674,-0.061100236162583220
0.885000000000000675,-0.061242588062530398
0.886000000000000676,-0.061382696348768875
0.887000000000000677,-0.061520604995897267
0.888000000000000678,-0.061656357106001702
0.889000000000000679,-0.061789994920785477
0.890000000000000679,-0.061921559833568021
0.891000000000000680,-0.062051092401198923
0.892000000000000681,-0.062178632355849597
0.893000000000000682,-0.062304218616707666
0.894000000000000683,-0.062427889301557772
0.895000000000000684,-0.062549681738272050
0.896000000000000685,-0.062669632476174769
0.897000000000000686,-0.062787777297313746
0.898000000000000687,-0.062904151227624980
0.899000000000000687,-0.063018788547981361
0.900000000000000688,-0.063131722805151960
0.901000000000000689,-0.063242986822639138
0.902000000000000690,-0.063352612711427947
0.903000000000000691,-0.063460631880611601
0.904000000000000692,-0.063567075047928662
0.905000000000000693,-0.063671972250184256
0.906000000000000694,-0.063775352853575842
0.907000000000000695,-0.063877245563903354
0.908000000000000695,-0.063977678436694399
0.909000000000000696,-0.064076678887200811
0.910000000000000697,-0.064174273700319320
0.911000000000000698,-0.064270489040384848
0.912000000000000699,-0.064365350460880238
0.913000000000000700,-0.064458882914040200
0.914000000000000701,-0.064551110760333347
0.915000000000000702,-0.064642057777882095
0.916000000000000703,-0.064731747171744250
0.917000000000000703,-0.064820201583119033
0.918000000000000704,-0.064907443098438877
0.919000000000000705,-0.064993493258367049
0.920000000000000706,-0.065078373066705969
0.921000000000000707,-0.065162102999185831
0.922000000000000708,-0.065244703012172445
0.923000000000000709,-0.065326192551280762
0.924000000000000710,-0.065406590559869443
0.925000000000000711,-0.065485915487465546
0.926000000000000711,-0.065564185298075228
0.927000000000000712,-0.065641417478406308
0.928000000000000713,-0.065717629045995846
0.929000000000000714,-0.065792836557247172
0.930000000000000715,-0.065867056115362449
0.931000000000000716,-0.065940303378189305
0.932000000000000717,-0.066012593565984351
0.933000000000000718,-0.066083941469062504
0.934000000000000719,-0.066154361455379118
0.935000000000000719,-0.066223867478005946
0.936000000000000720,-0.066292473082519981
0.937000000000000721,-0.066360191414306380
0.938000000000000722,-0.066427035225775782
0.939000000000000723,-0.066493016883479444
0.940000000000000724,-0.066558148375153975
0.941000000000000725,-0.066622441316664421
0.942000000000000726,-0.066685906958878716
0.943000000000000727,-0.066748556194431166
0.944000000000000727,-0.066810399564427733
0.945000000000000728,-0.066871447265056339
0.946000000000000729,-0.066931709154094438
0.947000000000000730,-0.066991194757375236
0.948000000000000731,-0.067049913275124468
0.949000000000000732,-0.067107873588259051
0.950000000000000733,-0.067165084264564912
0.951000000000000734,-0.067221553564833975
0.952000000000000735,-0.067277289448883726
0.953000000000000735,-0.067332299581520025
0.954000000000000736,-0.067386591338419483
0.955000000000000737,-0.067440171811929378
0.956000000000000738,-0.067493047816789775
0.957000000000000739,-0.067545225895784350
0.958000000000000740,-0.067596712325310948
0.959000000000000741,-0.067647513120875899
0.960000000000000742,-0.067697634042522561
0.961000000000000743,-0.067747080600175313
0.962000000000000743,-0.067795858058913194
0.963000000000000744,-0.067843971444174672
0.964000000000000745,-0.067891425546894896
0.965000000000000746,-0.067938224928554211
0.966000000000000747,-0.067984373926176705
0.967000000000000748,-0.068029876657238919
0.968000000000000749,-0.068074737024535925
0.969000000000000750,-0.068118958720945394
0.970000000000000751,-0.068162545234158878
0.971000000000000751,-0.068205499851311371
0.972000000000000752,-0.068247825663565437
0.973000000000000753,-0.068289525570639276
0.974000000000000754,-0.068330602285233757
0.975000000000000755,-0.068371058337431401
0.976000000000000756,-0.068410896079009659
0.977000000000000757,-0.068450117687697792
0.978000000000000758,-0.068488725171367754
0.979000000000000759,-0.068526720372179259
0.980000000000000759,-0.068564104970625692
0.981000000000000760,-0.068600880489562449
0.982000000000000761,-0.068637048298153411
0.983000000000000762,-0.068672609615751792
0.984000000000000763,-0.068707565515732635
0.985000000000000764,-0.068741916929272701
0.986000000000000765,-0.068775664649054630
0.987000000000000766,-0.068808809332926726
0.988000000000000766,-0.068841351507502174
0.989000000000000767,-0.068873291571708808
0.990000000000000768,-0.068904629800275549
0.991000000000000769,-0.068935366347158925
0.992000000000000770,-0.068965501248929445
0.993000000000000771,-0.068995034428106394
0.994000000000000772,-0.069023965696410589
0.995000000000000773,-0.069052294758008295
0.996000000000000774,-0.069080021212663614
0.997000000000000774,-0.069107144558865019
0.998000000000000775,-0.069133664196891098
0.999000000000000776,-0.069159579431826074
1.000000000000000666,-0.069184889476529982
1.001000000000000778,-0.069209593454558002
1.002000000000000668,-0.069233690403026821
1.003000000000000780,-0.069257179275444086
1.004000000000000670,-0.069280058944474560
1.005000000000000782,-0.069302328204681046
1.006000000000000671,-0.069323985775199617
1.007000000000000783,-0.069345030302373017
1.008000000000000673,-0.069365460362351361
1.009000000000000785,-0.069385274463635224
1.010000000000000675,-0.069404471049577379
1.011000000000000787,-0.069423048500842618
1.012000000000000677,-0.069441005137830830
1.013000000000000789,-0.069458339223046783
1.014000000000000679,-0.069475048963425851
1.015000000000000790,-0.069491132512639969
1.016000000000000680,-0.069506587973336989
1.017000000000000792,-0.069521413399353402
1.018000000000000682,-0.069535606797884134
1.019000000000000794,-0.069549166131610440
1.020000000000000684,-0.069562089320798492
1.021000000000000796,-0.069574374245345696
1.022000000000000686,-0.069586018746796485
1.023000000000000798,-0.069597020630324469
1.024000000000000687,-0.069607377666665346
1.025000000000000799,-0.069617087594028321
1.026000000000000689,-0.069626148119961886
1.027000000000000801,-0.069634556923183877
1.028000000000000691,-0.069642311655381137
1.029000000000000803,-0.069649409942972612
1.030000000000000693,-0.069655849388831292
1.031000000000000805,-0.069661627573992496
1.032000000000000695,-0.069666742059296322
1.033000000000000806,-0.069671190387035148
1.034000000000000696,-0.069674970082536217
1.035000000000000808,-0.069678078655727657
1.036000000000000698,-0.069680513602671718
1.037000000000000810,-0.069682272407076043
1.038000000000000700,-0.069683352541742488
1.039000000000000812,-0.069683751470022662
1.040000000000000702,-0.069683466647225314
1.041000000000000814,-0.069682495521998955
1.042000000000000703,-0.069680835537668490
1.043000000000000815,-0.069678484133577093
1.044000000000000705,-0.069675438746371832
1.045000000000000817,-0.069671696811262299
1.046000000000000707,-0.069667255763274080
1.047000000000000819,-0.069662113038450935
1.048000000000000709,-0.069656266075039261
1.049000000000000821,-0.069649712314652362
1.050000000000000711,-0.069642449203391771
1.051000000000000822,-0.069634474192968712
1.052000000000000712,-0.069625784741772140
1.053000000000000824,-0.069616378315929719
1.054000000000000714,-0.069606252390343570
1.055000000000000826,-0.069595404449690215
1.056000000000000716,-0.069583831989411135
1.057000000000000828,-0.069571532516667783
1.058000000000000718,-0.069558503551280348
1.059000000000000830,-0.069544742626640468
1.060000000000000719,-0.069530247290606750
1.061000000000000831,-0.069515015106368233
1.062000000000000721,-0.069499043653293444
1.063000000000000833,-0.069482330527764022
1.064000000000000723,-0.069464873343965297
1.065000000000000835,-0.069446669734679889
1.066000000000000725,-0.069427717352054039
1.067000000000000837,-0.069408013868324195
1.068000000000000727,-0.069387556976562473
1.069000000000000838,-0.069366344391359289
1.070000000000000728,-0.069344373849521454
1.071000000000000840,-0.069321643110730385
1.072000000000000730,-0.069298149958192029
1.073000000000000842,-0.069273892199262097
1.074000000000000732,-0.069248867666051886
1.075000000000000844,-0.069223074216029093
1.076000000000000734,-0.069196509732587369
1.077000000000000846,-0.069169172125596423
1.078000000000000735,-0.069141059331955509
1.079000000000000847,-0.069112169316101174
1.080000000000000737,-0.069082500070529573
1.081000000000000849,-0.069052049616271274
1.082000000000000739,-0.069020816003374480
1.083000000000000851,-0.068988797311359623
1.084000000000000741,-0.068955991649668522
1.085000000000000853,-0.068922397158081933
1.086000000000000743,-0.068888012007139898
1.087000000000000854,-0.068852834398537024
1.088000000000000744,-0.068816862565511727
1.089000000000000856,-0.068780094773202433
1.090000000000000746,-0.068742529319015380
1.091000000000000858,-0.068704164532962006
1.092000000000000748,-0.068664998777985625
1.093000000000000860,-0.068625030450279553
1.094000000000000750,-0.068584257979582897
1.095000000000000862,-0.068542679829475525
1.096000000000000751,-0.068500294497655573
1.097000000000000863,-0.068457100516190722
1.098000000000000753,-0.068413096451786615
1.099000000000000865,-0.068368280906018347
1.100000000000000755,-0.068322652515554361
1.101000000000000867,-0.068276209952380068
1.102000000000000757,-0.068228951923999831
1.103000000000000869,-0.068180877173634385
1.104000000000000759,-0.068131984480392913
1.105000000000000870,-0.068082272659462997
1.106000000000000760,-0.068031740562251197
1.107000000000000872,-0.067980387076553669
1.108000000000000762,-0.067928211126687468
1.109000000000000874,-0.067875211673622871
1.110000000000000764,-0.067821387715104570
1.111000000000000876,-0.067766738285763198
1.112000000000000766,-0.067711262457221671
1.113000000000000878,-0.067654959338182261
1.114000000000000767,-0.067597828074518529
1.115000000000000879,-0.067539867849339352
1.116000000000000769,-0.067481077883066218
1.117000000000000881,-0.067421457433484225
1.118000000000000771,-0.067361005795793918
1.119000000000000883,-0.067299722302653894
1.120000000000000773,-0.067237606324214133
1.121000000000000885,-0.067174657268136276
1.122000000000000774,-0.067110874579616661
1.123000000000000886,-0.067046257741392418
1.124000000000000776,-0.066980806273751983
1.125000000000000888,-0.066914519734515593
1.126000000000000778,-0.066847397719035945
1.127000000000000890,-0.066779439860180742
1.128000000000000780,-0.066710645828293599
1.129000000000000892,-0.066641015331174031
1.130000000000000782,-0.066570548114035830
1.131000000000000894,-0.066499243959456167
1.132000000000000783,-0.066427102687329889
1.133000000000000895,-0.066354124154813898
1.134000000000000785,-0.066280308256250531
1.135000000000000897,-0.066205654923116850
1.136000000000000787,-0.066130164123931107
1.137000000000000899,-0.066053835864186033
1.138000000000000789,-0.065976670186247616
1.139000000000000901,-0.065898667169284719
1.140000000000000790,-0.065819826929149713
1.141000000000000902,-0.065740149618285185
1.142000000000000792,-0.065659635425622073
1.143000000000000904,-0.065578284576458118
1.144000000000000794,-0.065496097332352080
1.145000000000000906,-0.065413073990985851
1.146000000000000796,-0.065329214886057738
1.147000000000000908,-0.065244520387136920
1.148000000000000798,-0.065158990899536293
1.149000000000000909,-0.065072626864172561
1.150000000000000799,-0.064985428757416946
1.151000000000000689,-0.064897397090957210
1.152000000000000801,-0.064808532411642070
1.153000000000000913,-0.064718835301326327
1.154000000000000803,-0.064628306376712422
1.155000000000000693,-0.064536946289186325
1.156000000000000805,-0.064444755724660768
1.157000000000000917,-0.064351735403391744
1.158000000000000806,-0.064257886079818999
1.159000000000000696,-0.064163208542384803
1.160000000000000808,-0.064067703613352817
1.161000000000000920,-0.063971372148632952
1.162000000000000810,-0.063874215037591858
1.163000000000000700,-0.063776233202866711
1.164000000000000812,-0.063677427600174905
1.165000000000000924,-0.063577799218118486
1.166000000000000814,-0.063477349077994322
1.167000000000000703,-0.063376078233589747
1.168000000000000815,-0.063273987770987014
1.169000000000000927,-0.063171078808353348
1.170000000000000817,-0.063067352495745840
1.171000000000000707,-0.062962810014890680
1.172000000000000819,-0.062857452578988227
1.173000000000000931,-0.062751281432490452
1.174000000000000821,-0.062644297850887418
1.175000000000000711,-0.062536503140498773
1.176000000000000822,-0.062427898638250878
1.177000000000000934,-0.062318485711457317
1.178000000000000824,-0.062208265757601612
1.179000000000000714,-0.062097240204105952
1.180000000000000826,-0.061985410508120585
1.181000000000000938,-0.061872778156283489
1.182000000000000828,-0.061759344664502516
1.183000000000000718,-0.061645111577723524
1.184000000000000830,-0.061530080469702708
1.185000000000000941,-0.061414252942765979
1.186000000000000831,-0.061297630627592116
1.187000000000000721,-0.061180215182962558
1.188000000000000833,-0.061062008295539497
1.189000000000000945,-0.060943011679623016
1.190000000000000835,-0.060823227076918618
1.191000000000000725,-0.060702656256288193
1.192000000000000837,-0.060581301013533428
1.193000000000000949,-0.060459163171128372
1.194000000000000838,-0.060336244578005481
1.195000000000000728,-0.060212547109293427
1.196000000000000840,-0.060088072666087955
1.197000000000000952,-0.059962823175208665
1.198000000000000842,-0.059836800588947116
1.199000000000000732,-0.059710006884838296
1.200000000000000844,-0.059582444065396881
1.201000000000000956,-0.059454114157891737
1.202000000000000846,-0.059325019214090745
1.203000000000000735,-0.059195161310017452
1.204000000000000847,-0.059064542545703022
1.205000000000000959,-0.058933165044950331
1.206000000000000849,-0.058801030955075974
1.207000000000000739,-0.058668142446667418
1.208000000000000851,-0.058534501713342499
1.209000000000000963,-0.058400110971494890
1.210000000000000853,-0.058264972460053119
1.211000000000000743,-0.058129088440231833
1.212000000000000854,-0.057992461195283986
1.213000000000000966,-0.057855093030254066
1.214000000000000856,-0.057716986271737478
1.215000000000000746,-0.057578143267623852
1.216000000000000858,-0.057438566386861165
1.217000000000000970,-0.057298258019201673
1.218000000000000860,-0.057157220574959477
1.219000000000000750,-0.057015456484764013
1.220000000000000862,-0.056872968199316996
1.221000000000000973,-0.056729758189140944
1.222000000000000863,-0.056585828944342796
1.223000000000000753,-0.056441182974361091
1.224000000000000865,-0.056295822807727748
1.225000000000000977,-0.056149750991822359
1.226000000000000867,-0.056002970092628702
1.227000000000000757,-0.055855482694490921
1.228000000000000869,-0.055707291399869019
1.229000000000000981,-0.055558398829110553
1.230000000000000870,-0.055408807620186726
1.231000000000000760,-0.055258520428468030
1.232000000000000872,-0.055107539926486794
1.233000000000000984,-0.054955868803677366
1.234000000000000874,-0.054803509766162349
1.235000000000000764,-0.054650465536494532
1.236000000000000876,-0.054496738853430239
1.237000000000000988,-0.054342332471688272
1.238000000000000878,-0.054187249161715342
1.239000000000000767,-0.054031491709447321
1.240000000000000879,-0.053875062916080851
1.241000000000000991,-0.053717965597832359
1.242000000000000881,-0.053560202585708594
1.243000000000000771,-0.053401776725273284
1.244000000000000883,-0.053242690876415921
1.245000000000000995,-0.053082947913121646
1.246000000000000885,-0.052922550723241132
1.247000000000000774,-0.052761502208258759
1.248000000000000886,-0.052599805283069290
1.249000000000000998,-0.052437462875746611
1.250000000000000888,-0.052274477927322274
1.251000000000000778,-0.052110853391553261
1.252000000000000890,-0.051946592234704526
1.253000000000001002,-0.051781697435318144
1.254000000000000892,-0.051616171984002181
1.255000000000000782,-0.051450018883195961
1.256000000000000894,-0.051283241146958647
1.257000000000001005,-0.051115841800747755
1.258000000000000895,-0.050947823881199152
1.259000000000000785,-0.050779190435911059
1.260000000000000897,-0.050609944523226549
1.261000000000001009,-0.050440089212022421
1.262000000000000899,-0.050269627581487120
1.263000000000000789,-0.050098562720915576
1.264000000000000901,-0.049926897729494504
1.265000000000001013,-0.049754635716088035
1.266000000000000902,-0.049581779799033408
1.267000000000000792,-0.049408333105928966
1.268000000000000904,-0.049234298773426874
1.269000000000001016,-0.049059679947028242
1.270000000000000906,-0.048884479780878128
1.271000000000000796,-0.048708701437558913
1.272000000000000908,-0.048532348087887187
1.273000000000001020,-0.048355422910716366
1.274000000000000909,-0.048177929092733822
1.275000000000000799,-0.047999869828255493
1.276000000000000911,-0.047821248319040680
1.277000000000001023,-0.047642067774081240
1.278000000000000913,-0.047462331409413562
1.279000000000000803,-0.047282042447924610
1.280000000000000915,-0.047101204119157601
1.281000000000001027,-0.046919819659108956
1.282000000000000917,-0.046737892310057726
1.283000000000000806,-0.046555425320357335
1.284000000000000918,-0.046372421944259896
1.285000000000001030,-0.046188885441718446
1.286000000000000920,-0.046004819078209871
1.287000000000000810,-0.045820226124541716
1.288000000000000922,-0.045635109856679477
1.289000000000001034,-0.045449473555552650
1.290000000000000924,-0.045263320506876668
1.291000000000000814,-0.045076654000982076
1.292000000000000925,-0.044889477332620220
1.293000000000001037,-0.044701793800801561
1.294000000000000927,-0.044513606708610383
1.295000000000000817,-0.044324919363028334
1.296000000000000929,-0.044135735074770074
1.297000000000001041,-0.043946057158099822
1.298000000000000931,-0.043755888930669673
1.299000000000000821,-0.043565233713345912
1.300000000000000933,-0.043374094830036444
1.301000000000001044,-0.043182475607531592
1.302000000000000934,-0.042990379375329804
1.303000000000000824,-0.042797809465483762
1.304000000000000936,-0.042604769212421019
1.305000000000001048,-0.042411261952797236
1.306000000000000938,-0.042217291025328445
1.307000000000000828,-0.042022859770628307
1.308000000000000940,-0.041827971531053096
1.309000000000001052,-0.041632629650549570
1.310000000000000941,-0.041436837474489278
1.311000000000000831,-0.041240598349519701
1.312000000000000943,-0.041043915623406105
1.313000000000001055,-0.040846792644891911
1.314000000000000945,-0.040649232763530427
1.315000000000000835,-0.040451239329545197
1.316000000000000947,-0.040252815693682151
1.317000000000001059,-0.040053965207061087
1.318000000000000949,-0.039854691221022871
1.319000000000000838,-0.039654997086999572
1.320000000000000950,-0.039454886156357741
1.321000000000001062,-0.039254361780259768
1.322000000000000952,-0.039053427309528023
1.323000000000000842,-0.038852086094497668
1.324000000000000954,-0.038650341484885921
1.325000000000001066,-0.038448196829645655
1.326000000000000956,-0.038245655476840806
1.327000000000000846,-0.038042720773500530
1.328000000000000957,-0.037839396065494781
1.329000000000001069,-0.037635684697393847
1.330000000000000959,-0.037431590012345660
1.331000000000000849,-0.037227115351941106
1.332000000000000961,-0.037022264056082818
1.333000000000001073,-0.036817039462862765
1.334000000000000963,-0.036611444908436666
1.335000000000000853,-0.036405483726892528
1.336000000000000965,-0.036199159250134991
1.337000000000001076,-0.035992474807756900
1.338000000000000966,-0.035785433726918933
1.339000000000000856,-0.035578039332231789
1.340000000000000968,-0.035370294945635580
1.341000000000001080,-0.035162203886279962
1.342000000000000970,-0.034953769470411782
1.343000000000000860,-0.034744995011255574
1.344000000000000972,-0.034535883818900867
1.345000000000001084,-0.034326439200192863
1.346000000000000973,-0.034116664458611910
1.347000000000000863,-0.033906562894170739
1.348000000000000975,-0.033696137803297409
1.349000000000001087,-0.033485392478734145
1.350000000000000977,-0.033274330209427494
1.351000000000000867,-0.033062954280420144
1.352000000000000979,-0.032851267972741675
1.353000000000001091,-0.032639274563317687
1.354000000000000981,-0.032426977324856311
1.355000000000000870,-0.032214379525745448
1.356000000000000982,-0.032001484429958885
1.357000000000001094,-0.031788295296955121
1.358000000000000984,-0.031574815381574063
1.359000000000000874,-0.031361047933943634
1.360000000000000986,-0.031146996199383402
1.361000000000001098,-0.030932663418311700
1.362000000000000988,-0.030718052826144492
1.363000000000000878,-0.030503167653207364
1.364000000000000989,-0.030288011124647872
1.365000000000001101,-0.030072586460333235
1.366000000000000991,-0.029856896874769730
1.367000000000000881,-0.029640945577012141
1.368000000000000993,-0.029424735770575288
1.369000000000001105,-0.029208270653346507
1.370000000000000995,-0.028991553417501377
1.371000000000000885,-0.028774587249417716
1.372000000000000997,-0.028557375329594747
1.373000000000001108,-0.028339920832570458
1.374000000000000998,-0.028122226926831168
1.375000000000000888,-0.027904296774748084
1.376000000000001000,-0.027686133532484187
1.377000000000001112,-0.027467740349917957
1.378000000000001002,-0.027249120370571773
1.379000000000000892,-0.027030276731528514
1.380000000000001004,-0.026811212563359943
1.381000000000001116,-0.026591930990054535
1.382000000000001005,-0.026372435128937333
1.383000000000000895,-0.026152728090601013
1.384000000000001007,-0.025932812978836900
1.385000000000001119,-0.025712692890560336
1.386000000000001009,-0.025492370915743655
1.387000000000000899,-0.025271850137340911
1.388000000000001011,-0.025051133631236417
1.389000000000001123,-0.024830224466157097
1.390000000000001013,-0.024609125703621025
1.391000000000000902,-0.024387840397867084
1.392000000000001014,-0.024166371595790815
1.393000000000001126,-0.023944722336883544
1.394000000000001016,-0.023722895653170185
1.395000000000000906,-0.023500894569145406
1.396000000000001018,-0.023278722101712168
1.397000000000001130,-0.023056381260127205
1.398000000000001020,-0.022833875045940522
1.399000000000000909,-0.022611206452934771
1.400000000000001021,-0.022388378467069727
1.401000000000001133,-0.022165394066430311
1.402000000000001023,-0.021942256221164802
1.403000000000000913,-0.021718967893433617
1.404000000000001025,-0.021495532037358996
1.405000000000001137,-0.021271951598966363
1.406000000000001027,-0.021048229516135476
1.407000000000000917,-0.020824368718554837
1.408000000000001029,-0.020600372127658407
1.409000000000001140,-0.020376242656590153
1.410000000000001030,-0.020151983210148102
1.411000000000000920,-0.019927596684738397
1.412000000000001032,-0.019703085968325706
1.413000000000001144,-0.019478453940394821
1.414000000000001034,-0.019253703471896838
1.415000000000000924,-0.019028837425207418
1.416000000000001036,-0.018803858654086507
1.417000000000001148,-0.018578770003634299
1.418000000000001037,-0.018353574310243745
1.419000000000000927,-0.018128274401563758
1.420000000000001039,-0.017902873096459448
1.421000000000001151,-0.017677373204971248
1.422000000000001041,-0.017451777528273552
1.423000000000000931,-0.017226088858639181
1.424000000000001043,-0.017000309979400368
1.425000000000001155,-0.016774443664912611
1.426000000000001044,-0.016548492680517009
1.427000000000000934,-0.016322459782508562
1.428000000000001046,-0.016096347718096565
1.429000000000001158,-0.015870159225371570
1.430000000000001048,-0.015643897033279071
1.431000000000000938,-0.015417563861573062
1.432000000000001050,-0.015191162420799011
1.433000000000001162,-0.014964695412254087
1.434000000000001052,-0.014738165527955377
1.435000000000000941,-0.014511575450618149
1.436000000000001053,-0.014284927853617591
1.437000000000001165,-0.014058225400964020
1.438000000000001055,-0.013831470747279778
1.439000000000000945,-0.013604666537762791
1.440000000000001057,-0.013377815408168497
1.441000000000001169,-0.013150919984775803
1.442000000000001059,-0.012923982884367618
1.443000000000000949,-0.012697006714209463
1.444000000000001060,-0.012469994072015092
1.445000000000001172,-0.012242947545928386
1.446000000000001062,-0.012015869714508146
1.447000000000000952,-0.011788763146690183
1.448000000000001064,-0.011561630401779511
1.449000000000001176,-0.011334474029423934
1.450000000000001066,-0.011107296569592830
1.451000000000000956,-0.010880100552558567
1.452000000000001068,-0.010652888498878868
1.453000000000001180,-0.010425662919375420
1.454000000000001069,-0.010198426315117479
1.455000000000000959,-0.009971181177405792
1.456000000000001071,-0.009743929987751051
1.457000000000001183,-0.009516675217864545
1.458000000000001073,-0.009289419329636731
1.459000000000000963,-0.009062164775124202
1.460000000000001075,-0.008834913996534350
1.461000000000001187,-0.008607669426210735
1.462000000000001076,-0.008380433486625885
1.463000000000000966,-0.008153208590356202
1.464000000000001078,-0.007925997140079940
1.465000000000001190,-0.007698801528562588
1.466000000000001080,-0.007471624138640937
1.467000000000000970,-0.007244467343218465
1.468000000000001082,-0.007017333505251758
1.469000000000001194,-0.006790224977739785
1.470000000000001084,-0.006563144103715978
1.471000000000000973,-0.006336093216238630
1.472000000000001085,-0.006109074638386487
1.473000000000001197,-0.005882090683241988
1.474000000000001087,-0.005655143653892946
1.475000000000000977,-0.005428235843418098
1.476000000000001089,-0.005201369534887425
1.477000000000001201,-0.004974547001352073
1.478000000000001091,-0.004747770505838651
1.479000000000000981,-0.004521042301345249
1.480000000000001092,-0.004294364630836265
1.481000000000001204,-0.004067739727239545
1.482000000000001094,-0.003841169813440362
1.483000000000000984,-0.003614657102282551
1.484000000000001096,-0.003388203796558533
1.485000000000001208,-0.003161812089010595
1.486000000000001098,-0.002935484162332664
1.487000000000000988,-0.002709222189163385
1.488000000000001100,-0.002483028332083071
1.489000000000001211,-0.002256904743622227
1.490000000000001101,-0.002030853566252319
1.491000000000000991,-0.001804876932388638
1.492000000000001103,-0.001578976964393025
1.493000000000001215,-0.001353155774572906
1.494000000000001105,-0.001127415465179695
1.495000000000000995,-0.000901758128415201
1.496000000000001107,-0.000676185846431972
1.497000000000001219,-0.000450700691334856
1.498000000000001108,-0.000225304725184650
1.499000000000000998,0.000000000000000000
