# ZnO10m10BOND_BSAI27
# h[nm],U(h)[kJ/mol]
0.149999999999999994,179.708498321314891655
0.150999999999999995,178.299276602647040590
0.151999999999999996,176.779954786266870315
0.152999999999999997,175.183920369630186542
0.153999999999999998,173.542280250972453359
0.154999999999999999,171.880888564402710017
0.156000000000000000,170.219102966799113119
0.157000000000000001,168.569790292318970160
0.158000000000000002,166.940114758003261386
0.159000000000000002,165.332723210643507628
0.160000000000000003,163.747043096682546093
0.161000000000000004,162.180504770607001319
0.162000000000000005,160.629579428889002202
0.163000000000000006,159.090584289637604343
0.164000000000000007,157.560248667048796278
0.165000000000000008,156.036061186774020371
0.166000000000000009,154.516432970625487542
0.167000000000000010,153.000717463785917971
0.168000000000000010,151.489127504097808696
0.169000000000000011,149.982586496637907203
0.170000000000000012,148.482544859323809305
0.171000000000000013,146.990786460418860315
0.172000000000000014,145.509243389198417162
0.173000000000000015,144.039831587089963705
0.174000000000000016,142.584314886712434145
0.175000000000000017,141.144200964616629790
0.176000000000000018,139.720669604541228637
0.177000000000000018,138.314531417872160546
0.178000000000000019,136.926213665633696337
0.179000000000000020,135.555768945086271060
0.180000000000000021,134.202902116313595116
0.181000000000000022,132.867010830823005563
0.182000000000000023,131.547235279512648276
0.183000000000000024,130.242513211654483030
0.184000000000000025,128.951636816507374306
0.185000000000000026,127.673308647108768810
0.186000000000000026,126.406194358110184339
0.187000000000000027,125.148970594860429628
0.188000000000000028,123.900366888163972590
0.189000000000000029,122.659200865421695426
0.190000000000000030,121.424406477873546351
0.191000000000000031,120.195055264009596385
0.192000000000000032,118.970370923090996484
0.193000000000000033,117.749737664758598044
0.194000000000000034,116.532702937106094510
0.195000000000000034,115.318975223372447658
0.196000000000000035,114.108417643898476967
0.197000000000000036,112.901038112399277225
0.198000000000000037,111.696976780768181925
0.199000000000000038,110.496491470802922663
0.200000000000000039,109.299941740028685899
0.201000000000000040,108.107772167038277189
0.202000000000000041,106.920495373617853829
0.203000000000000042,105.738675229805423328
0.204000000000000042,104.562910616706176370
0.205000000000000043,103.393820052543986776
0.206000000000000044,102.232027421696585634
0.207000000000000045,101.078148985528869730
0.208000000000000046,99.932781798488150571
0.209000000000000047,98.796493603613313894
0.210000000000000048,97.669814238526242889
0.211000000000000049,96.553228546095638762
0.212000000000000050,95.447170753090716744
0.213000000000000050,94.352020254972089219
0.214000000000000051,93.268098725085621936
0.215000000000000052,92.195668451476052496
0.216000000000000053,91.134931793830759261
0.217000000000000054,90.086031646186427224
0.218000000000000055,89.049052787489614502
0.219000000000000056,88.024024001403020634
0.220000000000000057,87.010920848434039954
0.221000000000000058,86.009668977102933241
0.222000000000000058,85.020147866062572461
0.223000000000000059,84.042194895483447681
0.224000000000000060,83.075609653297732393
0.225000000000000061,82.120158389782602626
0.226000000000000062,81.175578542206977772
0.227000000000000063,80.241583259664054140
0.228000000000000064,79.317865866586814150
0.229000000000000065,78.404104211653788070
0.230000000000000066,77.499964856718321471
0.231000000000000066,76.605107067949660404
0.232000000000000067,75.719186578484453776
0.233000000000000068,74.841859098507072190
0.234000000000000069,73.972783554772107095
0.235000000000000070,73.111625047133770749
0.236000000000000071,72.258057514651369502
0.237000000000000072,71.411766108296646394
0.238000000000000073,70.572449271217536193
0.239000000000000073,69.739820530924973241
0.240000000000000074,68.913610010693460595
0.241000000000000075,68.093565669930129047
0.242000000000000076,67.279454285300545280
0.243000000000000077,66.471062186032881414
0.244000000000000078,65.668195758094640269
0.245000000000000079,64.870681732874018621
0.246000000000000080,64.078367276640349814
0.247000000000000081,63.291119897433794961
0.248000000000000081,62.508827186175473400
0.249000000000000082,61.731396408727370329
0.250000000000000111,60.958753965390506835
0.251000000000000112,60.190844733941410993
0.252000000000000113,59.427631311789902213
0.253000000000000114,58.669093172223639954
0.254000000000000115,57.915225749002601674
0.255000000000000115,57.166039462800597448
0.256000000000000116,56.421558702178018052
0.257000000000000117,55.681820770924147723
0.258000000000000118,54.946874812742258598
0.259000000000000119,54.216780723378029450
0.260000000000000120,53.491608059421785981
0.261000000000000121,52.771434952155821918
0.262000000000000122,52.056347033976877015
0.263000000000000123,51.346436384108287143
0.264000000000000123,50.641800499529495028
0.265000000000000124,49.942541296296695918
0.266000000000000125,49.248764145713266771
0.267000000000000126,48.560576949130584978
0.268000000000000127,47.878089254522805618
0.269000000000000128,47.201411417385045866
0.270000000000000129,46.530653807950606904
0.271000000000000130,45.865926066212217904
0.272000000000000131,45.207336405762987397
0.273000000000000131,44.554990967043913486
0.274000000000000132,43.908993220196350649
0.275000000000000133,43.269443417366957760
0.276000000000000134,42.636438093999238674
0.277000000000000135,42.010069618368277133
0.278000000000000136,41.390425788369164195
0.279000000000000137,40.777589474357689880
0.280000000000000138,40.171638306658522310
0.281000000000000139,39.572644406199884770
0.282000000000000139,38.980674156605402914
0.283000000000000140,38.395788015967688978
0.284000000000000141,37.818040366445416112
0.285000000000000142,37.247479399762880803
0.286000000000000143,36.684147036646592710
0.287000000000000144,36.128078878206693503
0.288000000000000145,35.579304187258273373
0.289000000000000146,35.037845897580226051
0.290000000000000147,34.503720649122286090
0.291000000000000147,33.976938847196542781
0.292000000000000148,33.457504743722886076
0.293000000000000149,32.945416538641708826
0.294000000000000150,32.440666499655314681
0.295000000000000151,31.943241098516381271
0.296000000000000152,31.453121162141666645
0.297000000000000153,30.970282036894666078
0.298000000000000154,30.494693764448449258
0.299000000000000155,30.026321267711107765
0.300000000000000155,29.565124545368341558
0.301000000000000156,29.111058873671986191
0.302000000000000157,28.664075014176802370
0.303000000000000158,28.224119426203412075
0.304000000000000159,27.791134482878455003
0.305000000000000160,27.365058689677265846
0.306000000000000161,26.945826904466279927
0.307000000000000162,26.533370558113631432
0.308000000000000163,26.127617874805700637
0.309000000000000163,25.728494091274928479
0.310000000000000164,25.335921674209661347
0.311000000000000165,24.949820535179998870
0.312000000000000166,24.570108242474606897
0.313000000000000167,24.196700229301839613
0.314000000000000168,23.829509997864668946
0.315000000000000169,23.468449318872153242
0.316000000000000170,23.113428426101069846
0.317000000000000171,22.764356205669635358
0.318000000000000171,22.421140379730921666
0.319000000000000172,22.083687684336354096
0.320000000000000173,21.751904041260498701
0.321000000000000174,21.425694723616338422
0.322000000000000175,21.104964515125473667
0.323000000000000176,20.789617862941319970
0.324000000000000177,20.479559023953690655
0.325000000000000178,20.174692204532231443
0.326000000000000179,19.874921693692009228
0.327000000000000179,19.580151989689397851
0.328000000000000180,19.290287920078156958
0.329000000000000181,19.005234755276262604
0.330000000000000182,18.724898315712362518
0.331000000000000183,18.449185072637408922
0.332000000000000184,18.178002242702024915
0.333000000000000185,17.911257876413859691
0.334000000000000186,17.648860940600549441
0.335000000000000187,17.390721395015027895
0.336000000000000187,17.136750263228400115
0.337000000000000188,16.886859697964315075
0.338000000000000189,16.640963041034510184
0.339000000000000190,16.398974878041620684
0.340000000000000191,16.160811088019414683
0.341000000000000192,15.926388888184551007
0.342000000000000193,15.695626873976275206
0.343000000000000194,15.468445054562788954
0.344000000000000195,15.244764883994022853
0.345000000000000195,15.024509288180656341
0.346000000000000196,14.807602687879594328
0.347000000000000197,14.593971017864939554
0.348000000000000198,14.383541742462188751
0.349000000000000199,14.176243867621796113
0.350000000000000200,13.972007949705812280
0.351000000000000201,13.770766101158809391
0.352000000000000202,13.572451993231251066
0.353000000000000203,13.377000855920323730
0.354000000000000203,13.184349475289426579
0.355000000000000204,12.994436188324211656
0.356000000000000205,12.807200875478610413
0.357000000000000206,12.622584951060328962
0.358000000000000207,12.440531351601118004
0.359000000000000208,12.260984522352638137
0.360000000000000209,12.083890402044008994
0.361000000000000210,11.909196406033084159
0.362000000000000210,11.736851407978297956
0.363000000000000211,11.566805720153741532
0.364000000000000212,11.399011072525283339
0.365000000000000213,11.233420590700811559
0.366000000000000214,11.069988772863302628
0.367000000000000215,10.908671465790614974
0.368000000000000216,10.749425840061373805
0.369000000000000217,10.592210364541982059
0.370000000000000218,10.436984780245150972
0.371000000000000218,10.283710073646167515
0.372000000000000219,10.132348449538749691
0.373000000000000220,9.982863303508057840
0.374000000000000221,9.835219194094609207
0.375000000000000222,9.689381814718718289
0.376000000000000223,9.545317965430871965
0.377000000000000224,9.402995524550329165
0.378000000000000225,9.262383420249914678
0.379000000000000226,9.123451602141889438
0.380000000000000226,8.986171012915907141
0.381000000000000227,8.850513560077136077
0.382000000000000228,8.716452087829093642
0.383000000000000229,8.583960349142813584
0.384000000000000230,8.453012978050859161
0.385000000000000231,8.323585462201844365
0.386000000000000232,8.195654115708535414
0.387000000000000233,8.069196052319497880
0.388000000000000234,7.944189158942331019
0.389000000000000234,7.820612069543557254
0.390000000000000235,7.698444139448204382
0.391000000000000236,7.577665420059824797
0.392000000000000237,7.458256634019551079
0.393000000000000238,7.340199150820824414
0.394000000000000239,7.223474962894485429
0.395000000000000240,7.108066662177085604
0.396000000000000241,6.993957417173592539
0.397000000000000242,6.881130950524034340
0.398000000000000242,6.769571517081985235
0.399000000000000243,6.659263882511522681
0.400000000000000244,6.550193302407711471
0.401000000000000245,6.442345501944434893
0.402000000000000246,6.335706656052463082
0.403000000000000247,6.230263370128872324
0.404000000000000248,6.126002661278556971
0.405000000000000249,6.022911940087127824
0.406000000000000250,5.920978992923772388
0.407000000000000250,5.820191964771646909
0.408000000000000251,5.720539342582656950
0.409000000000000252,5.622009939152817104
0.410000000000000253,5.524592877513375910
0.411000000000000254,5.428277575832716195
0.412000000000000255,5.333053732823121784
0.413000000000000256,5.238911313645957080
0.414000000000000257,5.145840536308705637
0.415000000000000258,5.053831858546241840
0.416000000000000258,4.962875965179073923
0.417000000000000259,4.872963755940174835
0.418000000000000260,4.784086333762339827
0.419000000000000261,4.696234993517238721
0.420000000000000262,4.609401211197526216
0.421000000000000263,4.523576633532671920
0.422000000000000264,4.438753068029507531
0.423000000000000265,4.354922473427893514
0.424000000000000266,4.272076950562018638
0.425000000000000266,4.190208733617758696
0.426000000000000267,4.109310181776254289
0.427000000000000268,4.029373771234038948
0.428000000000000269,3.950392087589868595
0.429000000000000270,3.872357818588421985
0.430000000000000271,3.795263747211125693
0.431000000000000272,3.719102745104206242
0.432000000000000273,3.643867766334342839
0.433000000000000274,3.569551841462150321
0.434000000000000274,3.496148071923850686
0.435000000000000275,3.423649624711667450
0.436000000000000276,3.352049727343414443
0.437000000000000277,3.281341663111927431
0.438000000000000278,3.211518766605170327
0.439000000000000279,3.142574419487802917
0.440000000000000280,3.074502046535276811
0.441000000000000281,3.007295111911630237
0.442000000000000282,2.940947115682155832
0.443000000000000282,2.875451590552559722
0.444000000000000283,2.810802098826010287
0.445000000000000284,2.746992229569996891
0.446000000000000285,2.684015595984812652
0.447000000000000286,2.621865832965743159
0.448000000000000287,2.560536594851273939
0.449000000000000288,2.500021553349673908
0.450000000000000289,2.440314395636570488
0.451000000000000290,2.381408822616319920
0.452000000000000290,2.323298547339997189
0.453000000000000291,2.265977293573302465
0.454000000000000292,2.209438794507514903
0.455000000000000293,2.153676791607052721
0.456000000000000294,2.098685033587285087
0.457000000000000295,2.044457275516354589
0.458000000000000296,1.990987278035097008
0.459000000000000297,1.938268806689164236
0.460000000000000298,1.886295631367705727
0.461000000000000298,1.835061525843136199
0.462000000000000299,1.784560267406649858
0.463000000000000300,1.734785636594366576
0.464000000000000301,1.685731416999053378
0.465000000000000302,1.637391395162671959
0.466000000000000303,1.589759360545060840
0.467000000000000304,1.542829105564162973
0.468000000000000305,1.496594425703621667
0.469000000000000306,1.451049119683373245
0.470000000000000306,1.406186989689243161
0.471000000000000307,1.362001841657688672
0.472000000000000308,1.318487485611892440
0.473000000000000309,1.275637736045499127
0.474000000000000310,1.233446412350702959
0.475000000000000311,1.191907339287129775
0.476000000000000312,1.151014347488491296
0.477000000000000313,1.110761274003708721
0.478000000000000314,1.071141962869794684
0.479000000000000314,1.032150265713400739
0.480000000000000315,0.993780042378516804
0.481000000000000316,0.956025161577577998
0.482000000000000317,0.918879501563581336
0.483000000000000318,0.882336950820760579
0.484000000000000319,0.846391408771576592
0.485000000000000320,0.811036786497901341
0.486000000000000321,0.776267007474223947
0.487000000000000322,0.742076008310973534
0.488000000000000322,0.708457739506132889
0.489000000000000323,0.675406166203226688
0.490000000000000324,0.642915268954112218
0.491000000000000325,0.610979044484928457
0.492000000000000326,0.579591506463662198
0.493000000000000327,0.548746686267900574
0.494000000000000328,0.518438633751439948
0.495000000000000329,0.488661418008391191
0.496000000000000330,0.459409128133708045
0.497000000000000330,0.430675873978750068
0.498000000000000331,0.402455786901157520
0.499000000000000332,0.374743020507682378
0.500000000000000333,0.347531751389216825
0.501000000000000334,0.320816179847194016
0.502000000000000335,0.294590530610312595
0.503000000000000336,0.268849053541078797
0.504000000000000337,0.243586024331232970
0.505000000000000338,0.218795745185564661
0.506000000000000338,0.194472545493403898
0.507000000000000339,0.170610782487262330
0.508000000000000340,0.147204841888158189
0.509000000000000341,0.124249138537019951
0.510000000000000342,0.101738117011932611
0.511000000000000343,0.079666252230634255
0.512000000000000344,0.058028050038099369
0.513000000000000345,0.036818047778789872
0.514000000000000346,0.016030814853282570
0.515000000000000346,-0.004339046740853103
0.516000000000000347,-0.024296901884242227
0.517000000000000348,-0.043848081827108087
0.518000000000000349,-0.062997883696997020
0.519000000000000350,-0.081751570023021719
0.520000000000000351,-0.100114368276582821
0.521000000000000352,-0.118091470428846934
0.522000000000000353,-0.135688032524775570
0.523000000000000353,-0.152909174273932053
0.524000000000000354,-0.169759978657941069
0.525000000000000355,-0.186245491554647286
0.526000000000000356,-0.202370721378858948
0.527000000000000357,-0.218140638739716508
0.528000000000000358,-0.233560176114500473
0.529000000000000359,-0.248634227538905656
0.530000000000000360,-0.263367648313516056
0.531000000000000361,-0.277765254726529576
0.532000000000000361,-0.291831823792475464
0.533000000000000362,-0.305572093006827472
0.534000000000000363,-0.318990760116308780
0.535000000000000364,-0.332092482904818465
0.536000000000000365,-0.344881878994638846
0.537000000000000366,-0.357363525662904247
0.538000000000000367,-0.369541959672957554
0.539000000000000368,-0.381421677120590275
0.540000000000000369,-0.393007133294717814
0.541000000000000369,-0.404302742552521077
0.542000000000000370,-0.415312878208541569
0.543000000000000371,-0.426041872437788627
0.544000000000000372,-0.436494016192388312
0.545000000000000373,-0.446673559131669951
0.546000000000000374,-0.456584709565388547
0.547000000000000375,-0.466231634409812301
0.548000000000000376,-0.475618459156491202
0.549000000000000377,-0.484749267853364807
0.550000000000000377,-0.493628103098062432
0.551000000000000378,-0.502258966042964383
0.552000000000000379,-0.510645816411977371
0.553000000000000380,-0.518792572528570917
0.554000000000000381,-0.526703111354906439
0.555000000000000382,-0.534381268541825216
0.556000000000000383,-0.541830838489297917
0.557000000000000384,-0.549055574417263381
0.558000000000000385,-0.556059188446378805
0.559000000000000385,-0.562845351688607165
0.560000000000000386,-0.569417694347280623
0.561000000000000387,-0.575779805826387214
0.562000000000000388,-0.581935234848811267
0.563000000000000389,-0.587887489583363454
0.564000000000000390,-0.593640037780201690
0.565000000000000391,-0.599196306914492771
0.566000000000000392,-0.604559684338012659
0.567000000000000393,-0.609733517438492578
0.568000000000000393,-0.614721113806377950
0.569000000000000394,-0.619525741408810893
0.570000000000000395,-0.624150628770630100
0.571000000000000396,-0.628598965162022738
0.572000000000000397,-0.632873900792771282
0.573000000000000398,-0.636978547012670981
0.574000000000000399,-0.640915976518061536
0.575000000000000400,-0.644689223564109848
0.576000000000000401,-0.648301284182675963
0.577000000000000401,-0.651755116405612123
0.578000000000000402,-0.655053640493122091
0.579000000000000403,-0.658199739167076525
0.580000000000000404,-0.661196257849110847
0.581000000000000405,-0.664046004903130815
0.582000000000000406,-0.666751751882249444
0.583000000000000407,-0.669316233779727598
0.584000000000000408,-0.671742149283911183
0.585000000000000409,-0.674032161036868471
0.586000000000000409,-0.676188895896520981
0.587000000000000410,-0.678214945202231134
0.588000000000000411,-0.680112865043420167
0.589000000000000412,-0.681885176531320192
0.590000000000000413,-0.683534366073431432
0.591000000000000414,-0.685062885650691844
0.592000000000000415,-0.686473153097128863
0.593000000000000416,-0.687767552381782332
0.594000000000000417,-0.688948433892821677
0.595000000000000417,-0.690018114723702558
0.596000000000000418,-0.690978878961079235
0.597000000000000419,-0.691832977974530361
0.598000000000000420,-0.692582630707743840
0.599000000000000421,-0.693230023971198484
0.600000000000000422,-0.693777312736087892
0.601000000000000423,-0.694226620429357677
0.602000000000000424,-0.694580039229822477
0.603000000000000425,-0.694839630365143512
0.604000000000000425,-0.695007424409517460
0.605000000000000426,-0.695085421582071983
0.606000000000000427,-0.695075592045784063
0.607000000000000428,-0.694979876206701430
0.608000000000000429,-0.694800185013639271
0.609000000000000430,-0.694538400257872057
0.610000000000000431,-0.694196374873061184
0.611000000000000432,-0.693775933235083242
0.612000000000000433,-0.693278871461740942
0.613000000000000433,-0.692706957712308835
0.614000000000000434,-0.692061932486730536
0.615000000000000435,-0.691345508924436025
0.616000000000000436,-0.690559373102626273
0.617000000000000437,-0.689705184334104660
0.618000000000000438,-0.688784575464340909
0.619000000000000439,-0.687799153167839017
0.620000000000000440,-0.686750498243738905
0.621000000000000441,-0.685640165910488930
0.622000000000000441,-0.684469686099610120
0.623000000000000442,-0.683240563748387486
0.624000000000000443,-0.681954279091523508
0.625000000000000444,-0.680612287951636197
0.626000000000000445,-0.679216022028509281
0.627000000000000446,-0.677766889187125132
0.628000000000000447,-0.676266273744330348
0.629000000000000448,-0.674715536754144640
0.630000000000000449,-0.673116016291608998
0.631000000000000449,-0.671469027735188351
0.632000000000000450,-0.669775864047604363
0.633000000000000451,-0.668037796055139910
0.634000000000000452,-0.666256072725240567
0.635000000000000453,-0.664431921442562468
0.636000000000000454,-0.662566548283195722
0.637000000000000455,-0.660661138287267580
0.638000000000000456,-0.658716855729654216
0.639000000000000457,-0.656734844388955241
0.640000000000000457,-0.654716227814614915
0.641000000000000458,-0.652662109592105022
0.642000000000000459,-0.650573573606304634
0.643000000000000460,-0.648451684302836062
0.644000000000000461,-0.646297486947515987
0.645000000000000462,-0.644112007883808291
0.646000000000000463,-0.641896254788224541
0.647000000000000464,-0.639651216923744270
0.648000000000000465,-0.637377865391174692
0.649000000000000465,-0.635077153378406978
0.650000000000000466,-0.632750016407648053
0.651000000000000467,-0.630397372580468351
0.652000000000000468,-0.628020122820808657
0.653000000000000469,-0.625619151115785921
0.654000000000000470,-0.623195324754421298
0.655000000000000471,-0.620749494564162951
0.656000000000000472,-0.618282495145248356
0.657000000000000473,-0.615795145102905783
0.658000000000000473,-0.613288247277376741
0.659000000000000474,-0.610762588971713427
0.660000000000000475,-0.608218942177433108
0.661000000000000476,-0.605658063797901325
0.662000000000000477,-0.603080695869585015
0.663000000000000478,-0.600487565781015808
0.664000000000000479,-0.597879386489646891
0.665000000000000480,-0.595256856736354534
0.666000000000000481,-0.592620661257887371
0.667000000000000481,-0.589971470996939251
0.668000000000000482,-0.587309943310172833
0.669000000000000483,-0.584636722173888179
0.670000000000000484,-0.581952438387579374
0.671000000000000485,-0.579257709775247598
0.672000000000000486,-0.576553141384503309
0.673000000000000487,-0.573839325683520030
0.674000000000000488,-0.571116842755732046
0.675000000000000488,-0.568386260492384832
0.676000000000000489,-0.565648134782935075
0.677000000000000490,-0.562903009703192181
0.678000000000000491,-0.560151417701388765
0.679000000000000492,-0.557393879782031698
0.680000000000000493,-0.554630905687630182
0.681000000000000494,-0.551862994078289426
0.682000000000000495,-0.549090632709143489
0.683000000000000496,-0.546314298605713011
0.684000000000000496,-0.543534458237131757
0.685000000000000497,-0.540751567687242751
0.686000000000000498,-0.537966072823677366
0.687000000000000499,-0.535178409464789229
0.688000000000000500,-0.532389003544556649
0.689000000000000501,-0.529598271275428245
0.690000000000000502,-0.526806619309138746
0.691000000000000503,-0.524014444895487097
0.692000000000000504,-0.521222136039062534
0.693000000000000504,-0.518430071654073066
0.694000000000000505,-0.515638621717052215
0.695000000000000506,-0.512848147417716449
0.696000000000000507,-0.510059001307780480
0.697000000000000508,-0.507271527447856307
0.698000000000000509,-0.504486061552432696
0.699000000000000510,-0.501702931132919083
0.700000000000000511,-0.498922455638795559
0.701000000000000512,-0.496144946596889180
0.702000000000000512,-0.493370707748754356
0.703000000000000513,-0.490600035186220584
0.704000000000000514,-0.487833217485098003
0.705000000000000515,-0.485070535837040684
0.706000000000000516,-0.482312264179621919
0.707000000000000517,-0.479558669324624098
0.708000000000000518,-0.476810011084489282
0.709000000000000519,-0.474066542397126867
0.710000000000000520,-0.471328509448850852
0.711000000000000520,-0.468596151795674321
0.712000000000000521,-0.465869702482862080
0.713000000000000522,-0.463149388162766074
0.714000000000000523,-0.460435429211039859
0.715000000000000524,-0.457728039841127810
0.716000000000000525,-0.455027428217141316
0.717000000000000526,-0.452333796565126289
0.718000000000000527,-0.449647341282639168
0.719000000000000528,-0.446968253046804986
0.720000000000000528,-0.444296716920790591
0.721000000000000529,-0.441632912458631843
0.722000000000000530,-0.438977013808630467
0.723000000000000531,-0.436329189815103935
0.724000000000000532,-0.433689604118725924
0.725000000000000533,-0.431058415255298755
0.726000000000000534,-0.428435776753053166
0.727000000000000535,-0.425821837228511080
0.728000000000000536,-0.423216740480876319
0.729000000000000536,-0.420620625584983088
0.730000000000000537,-0.418033626982873496
0.731000000000000538,-0.415455874573904538
0.732000000000000539,-0.412887493803541006
0.733000000000000540,-0.410328605750723940
0.734000000000000541,-0.407779327213932841
0.735000000000000542,-0.405239770795848997
0.736000000000000543,-0.402710044986788085
0.737000000000000544,-0.400190254246724719
0.738000000000000544,-0.397680499086119688
0.739000000000000545,-0.395180876145410642
0.740000000000000546,-0.392691478273266503
0.741000000000000547,-0.390212394603586699
0.742000000000000548,-0.387743710631337779
0.743000000000000549,-0.385285508287047496
0.744000000000000550,-0.382837866010227068
0.745000000000000551,-0.380400858821538512
0.746000000000000552,-0.377974558393834870
0.747000000000000552,-0.375559033122025265
0.748000000000000553,-0.373154348191795382
0.749000000000000554,-0.370760565647221152
0.750000000000000555,-0.368377744457276723
0.751000000000000556,-0.366005940581221489
0.752000000000000557,-0.363645207032968487
0.753000000000000558,-0.361295593944268412
0.754000000000000559,-0.358957148626996680
0.755000000000000560,-0.356629915634262051
0.756000000000000560,-0.354313936820609410
0.757000000000000561,-0.352009251401095791
0.758000000000000562,-0.349715896009460625
0.759000000000000563,-0.347433904755278633
0.760000000000000564,-0.345163309280151598
0.761000000000000565,-0.342904138812917703
0.762000000000000566,-0.340656420223955592
0.763000000000000567,-0.338420178078527478
0.764000000000000568,-0.336195434689210537
0.765000000000000568,-0.333982210167458493
0.766000000000000569,-0.331780522474205142
0.767000000000000570,-0.329590387469662627
0.768000000000000571,-0.327411818962179524
0.769000000000000572,-0.325244828756298343
0.770000000000000573,-0.323089426699946891
0.771000000000000574,-0.320945620730812509
0.772000000000000575,-0.318813416921880199
0.773000000000000576,-0.316692819526168678
0.774000000000000576,-0.314583831020681715
0.775000000000000577,-0.312486452149569049
0.776000000000000578,-0.310400681966504943
0.777000000000000579,-0.308326517876332973
0.778000000000000580,-0.306263955675922517
0.779000000000000581,-0.304212989594322136
0.780000000000000582,-0.302173612332156283
0.781000000000000583,-0.300145815100341218
0.782000000000000584,-0.298129587658049089
0.783000000000000584,-0.296124918350005595
0.784000000000000585,-0.294131794143109304
0.785000000000000586,-0.292150200662336268
0.786000000000000587,-0.290180122226037118
0.787000000000000588,-0.288221541880524346
0.788000000000000589,-0.286274441434038684
0.789000000000000590,-0.284338801490106152
0.790000000000000591,-0.282414601480218963
0.791000000000000592,-0.280501819695933130
0.792000000000000592,-0.278600433320363383
0.793000000000000593,-0.276710418459051810
0.794000000000000594,-0.274831750170286437
0.795000000000000595,-0.272964402494826897
0.796000000000000596,-0.271108348485037010
0.797000000000000597,-0.269263560233495569
0.798000000000000598,-0.267430008901038796
0.799000000000000599,-0.265607664744239080
0.800000000000000600,-0.263796497142408826
0.801000000000000600,-0.261996474624001996
0.802000000000000601,-0.260207564892556031
0.803000000000000602,-0.258429734852102633
0.804000000000000603,-0.256662950632075781
0.805000000000000604,-0.254907177611755298
0.806000000000000605,-0.253162380444160506
0.807000000000000606,-0.251428523079544775
0.808000000000000607,-0.249705568788374688
0.809000000000000608,-0.247993480183844289
0.810000000000000608,-0.246292219243994748
0.811000000000000609,-0.244601747333262315
0.812000000000000610,-0.242922025223765214
0.813000000000000611,-0.241253013115974774
0.814000000000000612,-0.239594670659094566
0.815000000000000613,-0.237946956970974954
0.816000000000000614,-0.236309830657599473
0.817000000000000615,-0.234683249832187663
0.818000000000000616,-0.233067172133914535
0.819000000000000616,-0.231461554746209275
0.820000000000000617,-0.229866354414676094
0.821000000000000618,-0.228281527464668565
0.822000000000000619,-0.226707029818461248
0.823000000000000620,-0.225142817012063012
0.824000000000000621,-0.223588844211661197
0.825000000000000622,-0.222045066229754701
0.826000000000000623,-0.220511437540903577
0.827000000000000624,-0.218987912297130022
0.828000000000000624,-0.217474444343035200
0.829000000000000625,-0.215970987230517331
0.830000000000000626,-0.214477494233235089
0.831000000000000627,-0.212993918360707163
0.832000000000000628,-0.211520212372131061
0.833000000000000629,-0.210056328789860303
0.834000000000000630,-0.208602219912615461
0.835000000000000631,-0.207157837828380487
0.836000000000000631,-0.205723134427004350
0.837000000000000632,-0.204298061412553356
0.838000000000000633,-0.202882570315322142
0.839000000000000634,-0.201476612503618646
0.840000000000000635,-0.200080139195272094
0.841000000000000636,-0.198693101468847166
0.842000000000000637,-0.197315450274633403
0.843000000000000638,-0.195947136445355719
0.844000000000000639,-0.194588110706634954
0.845000000000000639,-0.193238323687220687
0.846000000000000640,-0.191897725928937335
0.847000000000000641,-0.190566267896471575
0.848000000000000642,-0.189243899986824338
0.849000000000000643,-0.187930572538608814
0.850000000000000644,-0.186626235841120897
0.851000000000000645,-0.185330840143130393
0.852000000000000646,-0.184044335661513875
0.853000000000000647,-0.182766672589656981
0.854000000000000647,-0.181497801105628909
0.855000000000000648,-0.180237671380177322
0.856000000000000649,-0.178986233584515042
0.857000000000000650,-0.177743437897903200
0.858000000000000651,-0.176509234515039998
0.859000000000000652,-0.175283573653257363
0.860000000000000653,-0.174066405559569037
0.861000000000000654,-0.172857680517454121
0.862000000000000655,-0.171657348853555630
0.863000000000000655,-0.170465360944127342
0.864000000000000656,-0.169281667221365228
0.865000000000000657,-0.168106218179505496
0.866000000000000658,-0.166938964380831611
0.867000000000000659,-0.165779856461471808
0.868000000000000660,-0.164628845137029606
0.869000000000000661,-0.163485881208081607
0.870000000000000662,-0.162350915565516868
0.871000000000000663,-0.161223899195740761
0.872000000000000663,-0.160104783185666733
0.873000000000000664,-0.158993518727661154
0.874000000000000665,-0.157890057124253247
0.875000000000000666,-0.156794349792787752
0.876000000000000667,-0.155706348269863376
0.877000000000000668,-0.154626004215693447
0.878000000000000669,-0.153553269418330085
0.879000000000000670,-0.152488095797720907
0.880000000000000671,-0.151430435409692282
0.881000000000000671,-0.150380240449757452
0.882000000000000672,-0.149337463256864644
0.883000000000000673,-0.148302056316960473
0.884000000000000674,-0.147273972266494912
0.885000000000000675,-0.146253163895771837
0.886000000000000676,-0.145239584152212858
0.887000000000000677,-0.144233186143505193
0.888000000000000678,-0.143233923140632935
0.889000000000000679,-0.142241748580825611
0.890000000000000679,-0.141256616070384589
0.891000000000000680,-0.140278479387421190
0.892000000000000681,-0.139307292484492834
0.893000000000000682,-0.138343009491138508
0.894000000000000683,-0.137385584716326392
0.895000000000000684,-0.136434972650816111
0.896000000000000685,-0.135491127969419589
0.897000000000000686,-0.134554005533173593
0.898000000000000687,-0.133623560391434804
0.899000000000000687,-0.132699747783888655
0.900000000000000688,-0.131782523142472019
0.901000000000000689,-0.130871842093210927
0.902000000000000690,-0.129967660458002288
0.903000000000000691,-0.129069934256282798
0.904000000000000692,-0.128178619706657171
0.905000000000000693,-0.127293673228419918
0.906000000000000694,-0.126415051443049847
0.907000000000000695,-0.125542711175576194
0.908000000000000695,-0.124676609455928372
0.909000000000000696,-0.123816703520179441
0.910000000000000697,-0.122962950811760147
0.911000000000000698,-0.122115308982570211
0.912000000000000699,-0.121273735894058432
0.913000000000000700,-0.120438189618231425
0.914000000000000701,-0.119608628438576142
0.915000000000000702,-0.118785010850981407
0.916000000000000703,-0.117967295564543190
0.917000000000000703,-0.117155441502346691
0.918000000000000704,-0.116349407802195978
0.919000000000000705,-0.115549153817259012
0.920000000000000706,-0.114754639116707108
0.921000000000000707,-0.113965823486259249
0.922000000000000708,-0.113182666928699494
0.923000000000000709,-0.112405129664365472
0.924000000000000710,-0.111633172131531830
0.925000000000000711,-0.110866754986809174
0.926000000000000711,-0.110105839105462427
0.927000000000000712,-0.109350385581694035
0.928000000000000713,-0.108600355728880646
0.929000000000000714,-0.107855711079800007
0.930000000000000715,-0.107116413386754150
0.931000000000000716,-0.106382424621703858
0.932000000000000717,-0.105653706976357634
0.933000000000000718,-0.104930222862202549
0.934000000000000719,-0.104211934910525009
0.935000000000000719,-0.103498805972371197
0.936000000000000720,-0.102790799118482074
0.937000000000000721,-0.102087877639203489
0.938000000000000722,-0.101390005044360354
0.939000000000000723,-0.100697145063079058
0.940000000000000724,-0.100009261643604533
0.941000000000000725,-0.099326318953075352
0.942000000000000726,-0.098648281377278393
0.943000000000000727,-0.097975113520346407
0.944000000000000727,-0.097306780204469742
0.945000000000000728,-0.096643246469555535
0.946000000000000729,-0.095984477572842633
0.947000000000000730,-0.095330438988554381
0.948000000000000731,-0.094681096407439852
0.949000000000000732,-0.094036415736371406
0.950000000000000733,-0.093396363097856636
0.951000000000000734,-0.092760904829585433
0.952000000000000735,-0.092130007483897797
0.953000000000000735,-0.091503637827262077
0.954000000000000736,-0.090881762839733371
0.955000000000000737,-0.090264349714380174
0.956000000000000738,-0.089651365856703469
0.957000000000000739,-0.089042778884015780
0.958000000000000740,-0.088438556624840917
0.959000000000000741,-0.087838667118237096
0.960000000000000742,-0.087243078613171529
0.961000000000000743,-0.086651759567825518
0.962000000000000743,-0.086064678648900564
0.963000000000000744,-0.085481804730917071
0.964000000000000745,-0.084903106895497335
0.965000000000000746,-0.084328554430610575
0.966000000000000747,-0.083758116829842036
0.967000000000000748,-0.083191763791606310
0.968000000000000749,-0.082629465218394385
0.969000000000000750,-0.082071191215960251
0.970000000000000751,-0.081516912092542818
0.971000000000000751,-0.080966598358028080
0.972000000000000752,-0.080420220723130514
0.973000000000000753,-0.079877750098576950
0.974000000000000754,-0.079339157594236542
0.975000000000000755,-0.078804414518276827
0.976000000000000756,-0.078273492376296161
0.977000000000000757,-0.077746362870443661
0.978000000000000758,-0.077222997898544948
0.979000000000000759,-0.076703369553214953
0.980000000000000759,-0.076187450120939415
0.981000000000000760,-0.075675212081182663
0.982000000000000761,-0.075166628105479985
0.983000000000000762,-0.074661671056500234
0.984000000000000763,-0.074160313987121168
0.985000000000000764,-0.073662530139509644
0.986000000000000765,-0.073168292944167768
0.987000000000000766,-0.072677576018993412
0.988000000000000766,-0.072190353168326171
0.989000000000000767,-0.071706598381992143
0.990000000000000768,-0.071226285834363981
0.991000000000000769,-0.070749389883359368
0.992000000000000770,-0.070275885069492422
0.993000000000000771,-0.069805746114919812
0.994000000000000772,-0.069338947922421651
0.995000000000000773,-0.068875465574463487
0.996000000000000774,-0.068415274332187762
0.997000000000000774,-0.067958349634442611
0.998000000000000775,-0.067504667096786639
0.999000000000000776,-0.067054202510500163
1.000000000000000666,-0.066606931841594705
1.001000000000000778,-0.066162831229821001
1.002000000000000668,-0.065721876987666045
1.003000000000000780,-0.065284045599368040
1.004000000000000670,-0.064849313719897064
1.005000000000000782,-0.064417658173980236
1.006000000000000671,-0.063989055955090551
1.007000000000000783,-0.063563484224435834
1.008000000000000673,-0.063140920309976853
1.009000000000000785,-0.062721341705409245
1.010000000000000675,-0.062304726069171590
1.011000000000000787,-0.061891051223437389
1.012000000000000677,-0.061480295153115969
1.013000000000000789,-0.061072436004861216
1.014000000000000679,-0.060667452086042739
1.015000000000000790,-0.060265321863781030
1.016000000000000680,-0.059866023963924465
1.017000000000000792,-0.059469537170069975
1.018000000000000682,-0.059075840422536739
1.019000000000000794,-0.058684912817400695
1.020000000000000684,-0.058296733605493978
1.021000000000000796,-0.057911282191397920
1.022000000000000686,-0.057528538132465758
1.023000000000000798,-0.057148481137830706
1.024000000000000687,-0.056771091067414313
1.025000000000000799,-0.056396347930944987
1.026000000000000689,-0.056024231886982710
1.027000000000000801,-0.055654723241919765
1.028000000000000691,-0.055287802449021359
1.029000000000000803,-0.054923450107438251
1.030000000000000693,-0.054561646961232405
1.031000000000000805,-0.054202373898423993
1.032000000000000695,-0.053845611949998616
1.033000000000000806,-0.053491342288959208
1.034000000000000696,-0.053139546229363489
1.035000000000000808,-0.052790205225352924
1.036000000000000698,-0.052443300870204393
1.037000000000000810,-0.052098814895392143
1.038000000000000700,-0.051756729169610625
1.039000000000000812,-0.051417025697841658
1.040000000000000702,-0.051079686620422581
1.041000000000000814,-0.050744694212090970
1.042000000000000703,-0.050412030881050361
1.043000000000000815,-0.050081679168050862
1.044000000000000705,-0.049753621745453933
1.045000000000000817,-0.049427841416293319
1.046000000000000707,-0.049104321113380270
1.047000000000000819,-0.048783043898370133
1.048000000000000709,-0.048463992960858335
1.049000000000000821,-0.048147151617456835
1.050000000000000711,-0.047832503310903697
1.051000000000000822,-0.047520031609157458
1.052000000000000712,-0.047209720204495854
1.053000000000000824,-0.046901552912632108
1.054000000000000714,-0.046595513671813624
1.055000000000000826,-0.046291586541952263
1.056000000000000716,-0.045989755703730831
1.057000000000000828,-0.045690005457739373
1.058000000000000718,-0.045392320223590812
1.059000000000000830,-0.045096684539062244
1.060000000000000719,-0.044803083059229788
1.061000000000000831,-0.044511500555617346
1.062000000000000721,-0.044221921915320830
1.063000000000000833,-0.043934332140189089
1.064000000000000723,-0.043648716345955928
1.065000000000000835,-0.043365059761405055
1.066000000000000725,-0.043083347727545948
1.067000000000000837,-0.042803565696755662
1.068000000000000727,-0.042525699231988248
1.069000000000000838,-0.042249734005918041
1.070000000000000728,-0.041975655800145326
1.071000000000000840,-0.041703450504371097
1.072000000000000730,-0.041433104115596787
1.073000000000000842,-0.041164602737320422
1.074000000000000732,-0.040897932578717100
1.075000000000000844,-0.040633079953875446
1.076000000000000734,-0.040370031280993694
1.077000000000000846,-0.040108773081587230
1.078000000000000735,-0.039849291979724269
1.079000000000000847,-0.039591574701225971
1.080000000000000737,-0.039335608072932800
1.081000000000000849,-0.039081379021903104
1.082000000000000739,-0.038828874574664919
1.083000000000000851,-0.038578081856462686
1.084000000000000741,-0.038328988090505729
1.085000000000000853,-0.038081580597211687
1.086000000000000743,-0.037835846793464821
1.087000000000000854,-0.037591774191894869
1.088000000000000744,-0.037349350400127705
1.089000000000000856,-0.037108563120056594
1.090000000000000746,-0.036869400147120937
1.091000000000000858,-0.036631849369598381
1.092000000000000748,-0.036395898767872317
1.093000000000000860,-0.036161536413740730
1.094000000000000750,-0.035928750469685113
1.095000000000000862,-0.035697529188202459
1.096000000000000751,-0.035467860911093371
1.097000000000000863,-0.035239734068755919
1.098000000000000753,-0.035013137179529939
1.099000000000000865,-0.034788058848997341
1.100000000000000755,-0.034564487769305798
1.101000000000000867,-0.034342412718497264
1.102000000000000757,-0.034121822559845978
1.103000000000000869,-0.033902706241189962
1.104000000000000759,-0.033685052794269553
1.105000000000000870,-0.033468851334086738
1.106000000000000760,-0.033254091058230739
1.107000000000000872,-0.033040761246264691
1.108000000000000762,-0.032828851259059225
1.109000000000000874,-0.032618350538177354
1.110000000000000764,-0.032409248605223359
1.111000000000000876,-0.032201535061222211
1.112000000000000766,-0.031995199586012511
1.113000000000000878,-0.031790231937607938
1.114000000000000767,-0.031586621951599059
1.115000000000000879,-0.031384359540528914
1.116000000000000769,-0.031183434693305111
1.117000000000000881,-0.030983837474587033
1.118000000000000771,-0.030785558024195837
1.119000000000000883,-0.030588586556523335
1.120000000000000773,-0.030392913359944467
1.121000000000000885,-0.030198528796235812
1.122000000000000774,-0.030005423299987753
1.123000000000000886,-0.029813587378039554
1.124000000000000776,-0.029623011608918403
1.125000000000000888,-0.029433686642247540
1.126000000000000778,-0.029245603198203501
1.127000000000000890,-0.029058752066970311
1.128000000000000780,-0.028873124108151266
1.129000000000000892,-0.028688710250252557
1.130000000000000782,-0.028505501490129037
1.131000000000000894,-0.028323488892428979
1.132000000000000783,-0.028142663589079391
1.133000000000000895,-0.027963016778745669
1.134000000000000785,-0.027784539726290674
1.135000000000000897,-0.027607223762275552
1.136000000000000787,-0.027431060282413301
1.137000000000000899,-0.027256040747072736
1.138000000000000789,-0.027082156680750331
1.139000000000000901,-0.026909399671579591
1.140000000000000790,-0.026737761370810242
1.141000000000000902,-0.026567233492313297
1.142000000000000792,-0.026397807812089315
1.143000000000000904,-0.026229476167762167
1.144000000000000794,-0.026062230458118719
1.145000000000000906,-0.025896062642581756
1.146000000000000796,-0.025730964740768570
1.147000000000000908,-0.025566928831991787
1.148000000000000798,-0.025403947054786789
1.149000000000000909,-0.025242011606453070
1.150000000000000799,-0.025081114742568807
1.151000000000000689,-0.024921248776548992
1.152000000000000801,-0.024762406079170851
1.153000000000000913,-0.024604579078135271
1.154000000000000803,-0.024447760257596096
1.155000000000000693,-0.024291942157715986
1.156000000000000805,-0.024137117374242810
1.157000000000000917,-0.023983278558035837
1.158000000000000806,-0.023830418414654914
1.159000000000000696,-0.023678529703915541
1.160000000000000808,-0.023527605239453526
1.161000000000000920,-0.023377637888308277
1.162000000000000810,-0.023228620570496978
1.163000000000000700,-0.023080546258593689
1.164000000000000812,-0.022933407977303699
1.165000000000000924,-0.022787198803060238
1.166000000000000814,-0.022641911863619774
1.167000000000000703,-0.022497540337635624
1.168000000000000815,-0.022354077454279243
1.169000000000000927,-0.022211516492818162
1.170000000000000817,-0.022069850782229637
1.171000000000000707,-0.021929073700804259
1.172000000000000819,-0.021789178675766869
1.173000000000000931,-0.021650159182869340
1.174000000000000821,-0.021512008746016813
1.175000000000000711,-0.021374720936889118
1.176000000000000822,-0.021238289374562697
1.177000000000000934,-0.021102707725128646
1.178000000000000824,-0.020967969701333734
1.179000000000000714,-0.020834069062190014
1.180000000000000826,-0.020700999612640002
1.181000000000000938,-0.020568755203161707
1.182000000000000828,-0.020437329729433084
1.183000000000000718,-0.020306717131970409
1.184000000000000830,-0.020176911395767431
1.185000000000000941,-0.020047906549942873
1.186000000000000831,-0.019919696667406978
1.187000000000000721,-0.019792275864501368
1.188000000000000833,-0.019665638300665911
1.189000000000000945,-0.019539778178097052
1.190000000000000835,-0.019414689741413551
1.191000000000000725,-0.019290367277311794
1.192000000000000837,-0.019166805114257605
1.193000000000000949,-0.019043997622128540
1.194000000000000838,-0.018921939211915602
1.195000000000000728,-0.018800624335381877
1.196000000000000840,-0.018680047484750346
1.197000000000000952,-0.018560203192391139
1.198000000000000842,-0.018441086030494241
1.199000000000000732,-0.018322690610774066
1.200000000000000844,-0.018205011584136916
1.201000000000000956,-0.018088043640397431
1.202000000000000846,-0.017971781507967466
1.203000000000000735,-0.017856219953539365
1.204000000000000847,-0.017741353781802461
1.205000000000000959,-0.017627177835153034
1.206000000000000849,-0.017513686993378241
1.207000000000000739,-0.017400876173377228
1.208000000000000851,-0.017288740328874942
1.209000000000000963,-0.017177274450122196
1.210000000000000853,-0.017066473563632230
1.211000000000000743,-0.016956332731869868
1.212000000000000854,-0.016846847053003395
1.213000000000000966,-0.016738011660593650
1.214000000000000856,-0.016629821723354702
1.215000000000000746,-0.016522272444851001
1.216000000000000858,-0.016415359063242339
1.217000000000000970,-0.016309076851013606
1.218000000000000860,-0.016203421114705054
1.219000000000000750,-0.016098387194647974
1.220000000000000862,-0.015993970464716505
1.221000000000000973,-0.015890166332045375
1.222000000000000863,-0.015786970236795546
1.223000000000000753,-0.015684377651881649
1.224000000000000865,-0.015582384082728129
1.225000000000000977,-0.015480985067022451
1.226000000000000867,-0.015380176174455090
1.227000000000000757,-0.015279953006480754
1.228000000000000869,-0.015180311196068969
1.229000000000000981,-0.015081246407477272
1.230000000000000870,-0.014982754335979153
1.231000000000000760,-0.014884830707657410
1.232000000000000872,-0.014787471279165026
1.233000000000000984,-0.014690671837457139
1.234000000000000874,-0.014594428199603488
1.235000000000000764,-0.014498736212530894
1.236000000000000876,-0.014403591752800546
1.237000000000000988,-0.014308990726384132
1.238000000000000878,-0.014214929068440223
1.239000000000000767,-0.014121402743083888
1.240000000000000879,-0.014028407743174681
1.241000000000000991,-0.013935940090095739
1.242000000000000881,-0.013843995833531153
1.243000000000000771,-0.013752571051255458
1.244000000000000883,-0.013661661848923095
1.245000000000000995,-0.013571264359848970
1.246000000000000885,-0.013481374744807503
1.247000000000000774,-0.013391989191813896
1.248000000000000886,-0.013303103915925974
1.249000000000000998,-0.013214715159037027
1.250000000000000888,-0.013126819189675948
1.251000000000000778,-0.013039412302797173
1.252000000000000890,-0.012952490819593409
1.253000000000001002,-0.012866051087285646
1.254000000000000892,-0.012780089478940524
1.255000000000000782,-0.012694602393260567
1.256000000000000894,-0.012609586254401100
1.257000000000001005,-0.012525037511778964
1.258000000000000895,-0.012440952639877059
1.259000000000000785,-0.012357328138065657
1.260000000000000897,-0.012274160530400740
1.261000000000001009,-0.012191446365461593
1.262000000000000899,-0.012109182216140249
1.263000000000000789,-0.012027364679484268
1.264000000000000901,-0.011945990376502149
1.265000000000001013,-0.011865055951985479
1.266000000000000902,-0.011784558074340992
1.267000000000000792,-0.011704493435399439
1.268000000000000904,-0.011624858750258159
1.269000000000001016,-0.011545650757093805
1.270000000000000906,-0.011466866217004216
1.271000000000000796,-0.011388501913825597
1.272000000000000908,-0.011310554653967107
1.273000000000001020,-0.011233021266254278
1.274000000000000909,-0.011155898601751741
1.275000000000000799,-0.011079183533595984
1.276000000000000911,-0.011002872956849326
1.277000000000001023,-0.010926963788320438
1.278000000000000913,-0.010851452966408368
1.279000000000000803,-0.010776337450954378
1.280000000000000915,-0.010701614223075900
1.281000000000001027,-0.010627280284998489
1.282000000000000917,-0.010553332659925248
1.283000000000000806,-0.010479768391863707
1.284000000000000918,-0.010406584545484683
1.285000000000001030,-0.010333778205961919
1.286000000000000920,-0.010261346478829071
1.287000000000000810,-0.010189286489827120
1.288000000000000922,-0.010117595384760399
1.289000000000001034,-0.010046270329348022
1.290000000000000924,-0.009975308509072594
1.291000000000000814,-0.009904707129054006
1.292000000000000925,-0.009834463413880341
1.293000000000001037,-0.009764574607496652
1.294000000000000927,-0.009695037973045911
1.295000000000000817,-0.009625850792719427
1.296000000000000929,-0.009557010367651287
1.297000000000001041,-0.009488514017752985
1.298000000000000931,-0.009420359081586435
1.299000000000000821,-0.009352542916239055
1.300000000000000933,-0.009285062897169568
1.301000000000001044,-0.009217916418095990
1.302000000000000934,-0.009151100890849900
1.303000000000000824,-0.009084613745262602
1.304000000000000936,-0.009018452429010188
1.305000000000001048,-0.008952614407511097
1.306000000000000938,-0.008887097163785163
1.307000000000000828,-0.008821898198330532
1.308000000000000940,-0.008757015028996182
1.309000000000001052,-0.008692445190867379
1.310000000000000941,-0.008628186236126727
1.311000000000000831,-0.008564235733950688
1.312000000000000943,-0.008500591270367943
1.313000000000001055,-0.008437250448162714
1.314000000000000945,-0.008374210886732776
1.315000000000000835,-0.008311470221984614
1.316000000000000947,-0.008249026106218166
1.317000000000001059,-0.008186876208003466
1.318000000000000949,-0.008125018212058872
1.319000000000000838,-0.008063449819162231
1.320000000000000950,-0.008002168746010171
1.321000000000001062,-0.007941172725117128
1.322000000000000952,-0.007880459504709263
1.323000000000000842,-0.007820026848597825
1.324000000000000954,-0.007759872536087184
1.325000000000001066,-0.007699994361850926
1.326000000000000956,-0.007640390135838672
1.327000000000000846,-0.007581057683153850
1.328000000000000957,-0.007521994843960334
1.329000000000001069,-0.007463199473363167
1.330000000000000959,-0.007404669441320792
1.331000000000000849,-0.007346402632531073
1.332000000000000961,-0.007288396946320936
1.333000000000001073,-0.007230650296558383
1.334000000000000963,-0.007173160611548351
1.335000000000000853,-0.007115925833927073
1.336000000000000965,-0.007058943920561706
1.337000000000001076,-0.007002212842461891
1.338000000000000966,-0.006945730584667069
1.339000000000000856,-0.006889495146157850
1.340000000000000968,-0.006833504539762739
1.341000000000001080,-0.006777756792050162
1.342000000000000970,-0.006722249943243224
1.343000000000000860,-0.006666982047127313
1.344000000000000972,-0.006611951170944113
1.345000000000001084,-0.006557155395312870
1.346000000000000973,-0.006502592814130900
1.347000000000000863,-0.006448261534481976
1.348000000000000975,-0.006394159676545892
1.349000000000001087,-0.006340285373508441
1.350000000000000977,-0.006286636771481563
1.351000000000000867,-0.006233212029402904
1.352000000000000979,-0.006180009318939651
1.353000000000001091,-0.006127026824431977
1.354000000000000981,-0.006074262742778088
1.355000000000000870,-0.006021715283357605
1.356000000000000982,-0.005969382667948961
1.357000000000001094,-0.005917263130645637
1.358000000000000984,-0.005865354917765677
1.359000000000000874,-0.005813656287774150
1.360000000000000986,-0.005762165511193816
1.361000000000001098,-0.005710880870540218
1.362000000000000988,-0.005659800660218137
1.363000000000000878,-0.005608923186452225
1.364000000000000989,-0.005558246767214852
1.365000000000001101,-0.005507769732125313
1.366000000000000991,-0.005457490422390599
1.367000000000000881,-0.005407407190720669
1.368000000000000993,-0.005357518401248207
1.369000000000001105,-0.005307822429455687
1.370000000000000995,-0.005258317662096189
1.371000000000000885,-0.005209002497117378
1.372000000000000997,-0.005159875343586985
1.373000000000001108,-0.005110934621623897
1.374000000000000998,-0.005062178762310393
1.375000000000000888,-0.005013606207630252
1.376000000000001000,-0.004965215410400382
1.377000000000001112,-0.004917004834173642
1.378000000000001002,-0.004868972953199500
1.379000000000000892,-0.004821118252327124
1.380000000000001004,-0.004773439226946832
1.381000000000001116,-0.004725934382920641
1.382000000000001005,-0.004678602236506639
1.383000000000000895,-0.004631441314290265
1.384000000000001007,-0.004584450153119568
1.385000000000001119,-0.004537627300034659
1.386000000000001009,-0.004490971312205047
1.387000000000000899,-0.004444480756844661
1.388000000000001011,-0.004398154211177720
1.389000000000001123,-0.004351990262338019
1.390000000000001013,-0.004305987507323204
1.391000000000000902,-0.004260144552927414
1.392000000000001014,-0.004214460015668444
1.393000000000001126,-0.004168932521732942
1.394000000000001016,-0.004123560706911394
1.395000000000000906,-0.004078343216528156
1.396000000000001018,-0.004033278705382480
1.397000000000001130,-0.003988365837688952
1.398000000000001020,-0.003943603287013099
1.399000000000000909,-0.003898989736208559
1.400000000000001021,-0.003854523877357444
1.401000000000001133,-0.003810204411713684
1.402000000000001023,-0.003766030049634664
1.403000000000000913,-0.003721999510522991
1.404000000000001025,-0.003678111522784072
1.405000000000001137,-0.003634364823736878
1.406000000000001027,-0.003590758159581954
1.407000000000000917,-0.003547290285336585
1.408000000000001029,-0.003503959964767006
1.409000000000001140,-0.003460765970342036
1.410000000000001030,-0.003417707083175749
1.411000000000000920,-0.003374782092965088
1.412000000000001032,-0.003331989797939389
1.413000000000001144,-0.003289329004807300
1.414000000000001034,-0.003246798528687188
1.415000000000000924,-0.003204397193070969
1.416000000000001036,-0.003162123829765601
1.417000000000001148,-0.003119977278828816
1.418000000000001037,-0.003077956388522716
1.419000000000000927,-0.003036060015260528
1.420000000000001039,-0.002994287023557476
1.421000000000001151,-0.002952636285971985
1.422000000000001041,-0.002911106683054325
1.423000000000000931,-0.002869697103300142
1.424000000000001043,-0.002828406443096812
1.425000000000001155,-0.002787233606667482
1.426000000000001044,-0.002746177506030360
1.427000000000000934,-0.002705237060940287
1.428000000000001046,-0.002664411198841483
1.429000000000001158,-0.002623698854817426
1.430000000000001048,-0.002583098971551299
1.431000000000000938,-0.002542610499253097
1.432000000000001050,-0.002502232395640726
1.433000000000001162,-0.002461963625874507
1.434000000000001052,-0.002421803162508443
1.435000000000000941,-0.002381749985455285
1.436000000000001053,-0.002341803081921937
1.437000000000001165,-0.002301961446379720
1.438000000000001055,-0.002262224080509118
1.439000000000000945,-0.002222589993153520
1.440000000000001057,-0.002183058200279051
1.441000000000001169,-0.002143627724919380
1.442000000000001059,-0.002104297597139285
1.443000000000000949,-0.002065066853989424
1.444000000000001060,-0.002025934539456091
1.445000000000001172,-0.001986899704418345
1.446000000000001062,-0.001947961406613549
1.447000000000000952,-0.001909118710579005
1.448000000000001064,-0.001870370687620216
1.449000000000001176,-0.001831716415762304
1.450000000000001066,-0.001793154979708718
1.451000000000000956,-0.001754685470798086
1.452000000000001068,-0.001716306986963065
1.453000000000001180,-0.001678018632689936
1.454000000000001069,-0.001639819518970427
1.455000000000000959,-0.001601708763271303
1.456000000000001071,-0.001563685489485546
1.457000000000001183,-0.001525748827891265
1.458000000000001073,-0.001487897915117234
1.459000000000000963,-0.001450131894095968
1.460000000000001075,-0.001412449914027290
1.461000000000001187,-0.001374851130338292
1.462000000000001076,-0.001337334704648017
1.463000000000000966,-0.001299899804717474
1.464000000000001078,-0.001262545604424263
1.465000000000001190,-0.001225271283711217
1.466000000000001080,-0.001188076028562740
1.467000000000000970,-0.001150959030949434
1.468000000000001082,-0.001113919488807796
1.469000000000001194,-0.001076956605984171
1.470000000000001084,-0.001040069592214894
1.471000000000000973,-0.001003257663080046
1.472000000000001085,-0.000966520039972687
1.473000000000001197,-0.000929855950046542
1.474000000000001087,-0.000893264626205021
1.475000000000000977,-0.000856745307041280
1.476000000000001089,-0.000820297236814942
1.477000000000001201,-0.000783919665418418
1.478000000000001091,-0.000747611848333848
1.479000000000000981,-0.000711373046596370
1.480000000000001092,-0.000675202526774722
1.481000000000001204,-0.000639099560915585
1.482000000000001094,-0.000603063426526936
1.483000000000000984,-0.000567093406537752
1.484000000000001096,-0.000531188789253180
1.485000000000001208,-0.000495348868338122
1.486000000000001098,-0.000459572942774972
1.487000000000000988,-0.000423860316829296
1.488000000000001100,-0.000388210300019265
1.489000000000001211,-0.000352622207083186
1.490000000000001101,-0.000317095357945716
1.491000000000000991,-0.000281629077685042
1.492000000000001103,-0.000246222696499061
1.493000000000001215,-0.000210875549682308
1.494000000000001105,-0.000175586977576810
1.495000000000000995,-0.000140356325558697
1.496000000000001107,-0.000105182943996529
1.497000000000001219,-0.000070066188223026
1.498000000000001108,-0.000035005418501567
1.499000000000000998,0.000000000000000000
