# Muscovite-001_CS-3530-AC
# h[nm],U(h)[kJ/mol]
0.149999999999999994,98.876929697935310060
0.150999999999999995,97.588437545022614472
0.151999999999999996,96.524552661091362893
0.152999999999999997,95.520385808850917897
0.153999999999999998,94.512533748692774793
0.154999999999999999,93.486196336757487302
0.156000000000000000,92.446414972044081537
0.157000000000000001,91.403539931617814318
0.158000000000000002,90.366760460392725918
0.159000000000000002,89.341946290050856305
0.160000000000000003,88.331589864159170133
0.161000000000000004,87.335602556176525013
0.162000000000000005,86.352306641892795369
0.163000000000000006,85.379312398543888207
0.164000000000000007,84.414165746564407300
0.165000000000000008,83.454754826435788573
0.166000000000000009,82.499511576326625573
0.167000000000000010,81.547460681164210428
0.168000000000000010,80.598168017047939315
0.169000000000000011,79.651632803649505377
0.170000000000000012,78.708157198637621832
0.171000000000000013,77.768216749968161139
0.172000000000000014,76.832346253412026726
0.173000000000000015,75.901048595466960478
0.174000000000000016,74.974729089181153086
0.175000000000000017,74.053654401357192683
0.176000000000000018,73.137933107206933414
0.177000000000000018,72.227513867879721943
0.178000000000000019,71.322196914239512466
0.179000000000000020,70.421654692278778498
0.180000000000000021,69.525457989299212613
0.181000000000000022,68.633104471796983148
0.182000000000000023,67.744047224115945482
0.183000000000000024,66.857721513645131495
0.184000000000000025,65.973568582330486265
0.185000000000000026,65.091055753845779464
0.186000000000000026,64.209692543146232424
0.187000000000000027,63.329042761891699342
0.188000000000000028,62.448732836781992717
0.189000000000000029,61.568456708826339252
0.190000000000000030,60.687977771945398331
0.191000000000000031,59.807128351122443632
0.192000000000000032,58.925807224886213476
0.193000000000000033,58.043975674299119305
0.194000000000000034,57.161652499487999535
0.195000000000000034,56.278908392220316159
0.196000000000000035,55.395859994793951842
0.197000000000000036,54.512663915947101145
0.198000000000000037,53.629510916816897748
0.199000000000000038,52.746620426417543115
0.200000000000000039,51.864235498090465626
0.201000000000000040,50.982618276679815494
0.202000000000000041,50.102046011083103849
0.203000000000000042,49.222807618228920035
0.204000000000000042,48.345200782083459501
0.205000000000000043,47.469529554457203346
0.206000000000000044,46.596102412537035775
0.207000000000000045,45.725230720526809591
0.208000000000000046,44.857227538853791771
0.209000000000000047,43.992406723423663095
0.210000000000000048,43.131082258764521953
0.211000000000000049,42.273567772032102141
0.212000000000000050,41.420176179252038651
0.213000000000000050,40.571219420430935543
0.214000000000000051,39.727008245908123740
0.215000000000000052,38.887852022251784945
0.216000000000000053,38.054058531888486527
0.217000000000000054,37.225933746309365802
0.218000000000000055,36.403781557982803463
0.219000000000000056,35.587903460929211974
0.220000000000000057,34.778598174212532967
0.221000000000000058,33.976161206350383281
0.222000000000000058,33.180884361823501649
0.223000000000000059,32.393055193493566435
0.224000000000000060,31.612956406833724543
0.225000000000000061,30.840865223476932044
0.226000000000000062,30.077052712733696183
0.227000000000000063,29.321783100468401528
0.228000000000000064,28.575313065102854182
0.229000000000000065,27.837891030582245122
0.230000000000000066,27.109756465944286674
0.231000000000000066,26.391139200718942703
0.232000000000000067,25.682258764800273809
0.233000000000000068,24.983323760710224093
0.234000000000000069,24.294531275354991351
0.235000000000000070,23.616066337488710758
0.236000000000000071,22.948101426175739448
0.237000000000000072,22.290796034604788645
0.238000000000000073,21.644296292678127713
0.239000000000000073,21.008734650893721607
0.240000000000000074,20.384229627169325738
0.241000000000000075,19.770885617440686843
0.242000000000000076,19.168792770105188339
0.243000000000000077,18.578026923685975191
0.244000000000000078,17.998649606463228423
0.245000000000000079,17.430708096260481454
0.246000000000000080,16.874235538086288955
0.247000000000000081,16.329251116912651298
0.248000000000000081,15.795760282521666085
0.249000000000000082,15.273755023067113967
0.250000000000000111,14.763214183774257648
0.251000000000000112,14.264103827036738181
0.252000000000000113,13.776377630057538681
0.253000000000000114,13.299977316120749293
0.254000000000000115,12.834833115562606309
0.255000000000000115,12.380864252534909298
0.256000000000000116,11.937979453711983879
0.257000000000000117,11.506077475182937775
0.258000000000000118,11.085047643887930846
0.259000000000000119,10.674770410096730444
0.260000000000000120,10.275117907586004407
0.261000000000000121,9.885954518346027342
0.262000000000000122,9.507137438832206300
0.263000000000000123,9.138517244971691156
0.264000000000000123,8.779938453334834136
0.265000000000000124,8.431240076084966617
0.266000000000000125,8.092256167524480404
0.267000000000000126,7.762816360258864457
0.268000000000000127,7.442746389200898705
0.269000000000000128,7.131868601834533195
0.270000000000000129,6.830002453348930302
0.271000000000000130,6.536964985437661468
0.272000000000000131,6.252571287735684713
0.273000000000000131,5.976634941035330328
0.274000000000000132,5.708968441583118114
0.275000000000000133,5.449383605910147921
0.276000000000000134,5.197691955790418206
0.277000000000000135,4.953705083053959513
0.278000000000000136,4.717234994103547407
0.279000000000000137,4.488094434097005703
0.280000000000000138,4.266097190860447697
0.281000000000000139,4.051058378691665851
0.282000000000000139,3.842794702298232945
0.283000000000000140,3.641124701190741497
0.284000000000000141,3.445868974919836347
0.285000000000000142,3.256850389605171703
0.286000000000000143,3.073894266256520069
0.287000000000000144,2.896828551432368837
0.288000000000000145,2.725483970818638024
0.289000000000000146,2.559694166342469934
0.290000000000000147,2.399295817460720848
0.291000000000000147,2.244128747283295588
0.292000000000000148,2.094036014205686413
0.293000000000000149,1.948863989735441837
0.294000000000000150,1.808462423202556790
0.295000000000000151,1.672684494045539427
0.296000000000000152,1.541386852362879090
0.297000000000000153,1.414429648414394336
0.298000000000000154,1.291676551748762503
0.299000000000000155,1.172994760622887878
0.300000000000000155,1.058255002365640962
0.301000000000000156,0.947331525323728108
0.302000000000000157,0.840102083010486944
0.303000000000000158,0.736447911060580940
0.304000000000000159,0.636253697573891386
0.305000000000000160,0.539407547411866473
0.306000000000000161,0.445800940988161976
0.307000000000000162,0.355328688073796861
0.308000000000000163,0.267888877114840884
0.309000000000000163,0.183382820538130098
0.310000000000000164,0.101714996497869595
0.311000000000000165,0.022792987493452356
0.312000000000000166,-0.053472583733906731
0.313000000000000167,-0.127168120640248017
0.314000000000000168,-0.198377121290366082
0.315000000000000169,-0.267180248400011422
0.316000000000000170,-0.333655400688488257
0.317000000000000171,-0.397877785241778081
0.318000000000000171,-0.459919990606733553
0.319000000000000172,-0.519852060356399970
0.320000000000000173,-0.577741566885440427
0.321000000000000174,-0.633653685212878681
0.322000000000000175,-0.687651266587140042
0.323000000000000176,-0.739794911705088820
0.324000000000000177,-0.790143043373137233
0.325000000000000178,-0.838751978453738056
0.326000000000000179,-0.885675998955674060
0.327000000000000179,-0.930967422140271395
0.328000000000000180,-0.974676669529145556
0.329000000000000181,-1.016852334711810135
0.330000000000000182,-1.057541249863133803
0.331000000000000183,-1.096788550892249914
0.332000000000000184,-1.134637741154755020
0.333000000000000185,-1.171130753670212021
0.334000000000000186,-1.206308011796174418
0.335000000000000187,-1.240208488318657931
0.336000000000000187,-1.272869762927151260
0.337000000000000188,-1.304328078049589834
0.338000000000000189,-1.334618393029979533
0.339000000000000190,-1.363774436637626986
0.340000000000000191,-1.391828757902823455
0.341000000000000192,-1.418812775279507887
0.342000000000000193,-1.444756824140202012
0.343000000000000194,-1.469690202613319396
0.344000000000000195,-1.493641215776716491
0.345000000000000195,-1.516637218225626471
0.346000000000000196,-1.538704655035943336
0.347000000000000197,-1.559869101147238979
0.348000000000000198,-1.580155299192399054
0.349000000000000199,-1.599587195803132689
0.350000000000000200,-1.618187976422782670
0.351000000000000201,-1.635980098659562287
0.352000000000000202,-1.652985324214896412
0.353000000000000203,-1.669224749422921095
0.354000000000000203,-1.684718834438213353
0.355000000000000204,-1.699487431109604874
0.356000000000000205,-1.713549809578769567
0.357000000000000206,-1.726924683642728553
0.358000000000000207,-1.739630234919553375
0.359000000000000208,-1.751684135857001223
0.360000000000000209,-1.763103571623717780
0.361000000000000210,-1.773905260922487015
0.362000000000000210,-1.784105475764979687
0.363000000000000211,-1.793720060246951631
0.364000000000000212,-1.802764448362622618
0.365000000000000213,-1.811253680896324214
0.366000000000000214,-1.819202421429039873
0.367000000000000215,-1.826624971496766836
0.368000000000000216,-1.833535284937045207
0.369000000000000217,-1.839946981459064546
0.370000000000000218,-1.845873359472230302
0.371000000000000218,-1.851327408206950853
0.372000000000000219,-1.856321819160835718
0.373000000000000220,-1.860868996902416139
0.374000000000000221,-1.864981069263681901
0.375000000000000222,-1.868669896951681064
0.376000000000000223,-1.871947082608766522
0.377000000000000224,-1.874823979349790504
0.378000000000000225,-1.877311698803832529
0.379000000000000226,-1.879421118686987358
0.380000000000000226,-1.881162889931891957
0.381000000000000227,-1.882547443398546294
0.382000000000000228,-1.883584996190264871
0.383000000000000229,-1.884285557597504823
0.384000000000000230,-1.884658934691427756
0.385000000000000231,-1.884714737588263800
0.386000000000000232,-1.884462384404467672
0.387000000000000233,-1.883911105921968643
0.388000000000000234,-1.883069949981799329
0.389000000000000234,-1.881947785623712788
0.390000000000000235,-1.880553306988424822
0.391000000000000236,-1.878895036998455392
0.392000000000000237,-1.876981330832653727
0.393000000000000238,-1.874820379208860910
0.394000000000000239,-1.872420211488275088
0.395000000000000240,-1.869788698614554878
0.396000000000000241,-1.866933555899866093
0.397000000000000242,-1.863862345669469178
0.398000000000000242,-1.860582479775831244
0.399000000000000243,-1.857101221992555562
0.400000000000000244,-1.853425690297885398
0.401000000000000245,-1.849562859056991471
0.402000000000000246,-1.845519561111541140
0.403000000000000247,-1.841302489784762741
0.404000000000000248,-1.836918200809484647
0.405000000000000249,-1.832373114186296448
0.406000000000000250,-1.827673515978395002
0.407000000000000250,-1.822825560049357474
0.408000000000000251,-1.817835269749525029
0.409000000000000252,-1.812708539556392440
0.410000000000000253,-1.807451136673931646
0.411000000000000254,-1.802068702595442273
0.412000000000000255,-1.796566754634152829
0.413000000000000256,-1.790950687425532761
0.414000000000000257,-1.785225774404788579
0.415000000000000258,-1.779397169262986633
0.416000000000000258,-1.773469907384649158
0.417000000000000259,-1.767448907269686842
0.418000000000000260,-1.761338971942065346
0.419000000000000261,-1.755144790347505701
0.420000000000000262,-1.748870938742192793
0.421000000000000263,-1.742521882074354878
0.422000000000000264,-1.736101975360256677
0.423000000000000265,-1.729615465056056678
0.424000000000000266,-1.723066490426835795
0.425000000000000266,-1.716459084913751543
0.426000000000000267,-1.709797177500373078
0.427000000000000268,-1.703084594078924097
0.428000000000000269,-1.696325058817080400
0.429000000000000270,-1.689522195525919201
0.430000000000000271,-1.682679529029346144
0.431000000000000272,-1.675800486535413913
0.432000000000000273,-1.668888399009660573
0.433000000000000274,-1.661946502550672111
0.434000000000000274,-1.654977939767849460
0.435000000000000275,-1.647985761161397278
0.436000000000000276,-1.640972926504421281
0.437000000000000277,-1.633942306226960239
0.438000000000000278,-1.626896682801763250
0.439000000000000279,-1.619838752131530057
0.440000000000000280,-1.612771124937302902
0.441000000000000281,-1.605696328147652618
0.442000000000000282,-1.598616806288318815
0.443000000000000282,-1.591534922871783442
0.444000000000000283,-1.584452961786463332
0.445000000000000284,-1.577373128684953496
0.446000000000000285,-1.570297552370842453
0.447000000000000286,-1.563228286183689253
0.448000000000000287,-1.556167309381493613
0.449000000000000288,-1.549116528520289693
0.450000000000000289,-1.542077778830203139
0.451000000000000290,-1.535052825587496894
0.452000000000000290,-1.528043365482078642
0.453000000000000291,-1.521051027979858805
0.454000000000000292,-1.514077376679504150
0.455000000000000293,-1.507123910662984567
0.456000000000000294,-1.500192065839415223
0.457000000000000295,-1.493283216281683368
0.458000000000000296,-1.486398675555292925
0.459000000000000297,-1.479539698038989659
0.460000000000000298,-1.472707480236605138
0.461000000000000298,-1.465903162079706501
0.462000000000000299,-1.459127828220517120
0.463000000000000300,-1.452382509314678938
0.464000000000000301,-1.445668183293434605
0.465000000000000302,-1.438985776624774671
0.466000000000000303,-1.432336165563128372
0.467000000000000304,-1.425720177387243215
0.468000000000000305,-1.419138591625834112
0.469000000000000306,-1.412592141270641921
0.470000000000000306,-1.406081513976607411
0.471000000000000307,-1.399607353248731867
0.472000000000000308,-1.393170259615410966
0.473000000000000309,-1.386770791787885315
0.474000000000000310,-1.380409467805551627
0.475000000000000311,-1.374086766166856544
0.476000000000000312,-1.367803126945568382
0.477000000000000313,-1.361558952892147456
0.478000000000000314,-1.355354610520021819
0.479000000000000314,-1.349190431176617411
0.480000000000000315,-1.343066712098879734
0.481000000000000316,-1.336983717453222864
0.482000000000000317,-1.330941679359666008
0.483000000000000318,-1.324940798900108074
0.484000000000000319,-1.318981247110566191
0.485000000000000320,-1.313063165957317535
0.486000000000000321,-1.307186669296839909
0.487000000000000322,-1.301351843819491760
0.488000000000000322,-1.295558749976839952
0.489000000000000323,-1.289807422892664812
0.490000000000000324,-1.284097873257536992
0.491000000000000325,-1.278430088206995219
0.492000000000000326,-1.272804032183291412
0.493000000000000327,-1.267219647780744918
0.494000000000000328,-1.261676856574686756
0.495000000000000329,-1.256175559934062935
0.496000000000000330,-1.250715639817691072
0.497000000000000330,-1.245296959554293981
0.498000000000000331,-1.239919364606260732
0.499000000000000332,-1.234582683317338336
0.500000000000000333,-1.229286727644250288
0.501000000000000334,-1.224031293872319015
0.502000000000000335,-1.218816163315267209
0.503000000000000336,-1.213641102999234223
0.504000000000000337,-1.208505866331157641
0.505000000000000338,-1.203410193751620394
0.506000000000000338,-1.198353813372314836
0.507000000000000339,-1.193336441598238373
0.508000000000000340,-1.188357783734748541
0.509000000000000341,-1.183417534579697783
0.510000000000000342,-1.178515379000687258
0.511000000000000343,-1.173650992497702550
0.512000000000000344,-1.168824041751214349
0.513000000000000345,-1.164034185155960577
0.514000000000000346,-1.159281073340584722
0.515000000000000346,-1.154564349673251389
0.516000000000000347,-1.149883650753463105
0.517000000000000348,-1.145238606890280675
0.518000000000000349,-1.140628842567057211
0.519000000000000350,-1.136053976892956507
0.520000000000000351,-1.131513624041373456
0.521000000000000352,-1.127007393675529823
0.522000000000000353,-1.122534891361351983
0.523000000000000353,-1.118095718967886398
0.524000000000000354,-1.113689475055451350
0.525000000000000355,-1.109315755251682578
0.526000000000000356,-1.104974152615705085
0.527000000000000357,-1.100664257990646044
0.528000000000000358,-1.096385660344635138
0.529000000000000359,-1.092137947100575657
0.530000000000000360,-1.087920704454796716
0.531000000000000361,-1.083733517684880354
0.532000000000000361,-1.079575971446792071
0.533000000000000362,-1.075447650061575278
0.534000000000000363,-1.071348137791758415
0.535000000000000364,-1.067277019107738756
0.536000000000000365,-1.063233878944274569
0.537000000000000366,-1.059218302947356527
0.538000000000000367,-1.055229877711582276
0.539000000000000368,-1.051268191008328357
0.540000000000000369,-1.047332832004801428
0.541000000000000369,-1.043423391474285200
0.542000000000000370,-1.039539461997671221
0.543000000000000371,-1.035680638156539768
0.544000000000000372,-1.031846516717954909
0.545000000000000373,-1.028036696811164719
0.546000000000000374,-1.024250780096392699
0.547000000000000375,-1.020488370925912047
0.548000000000000376,-1.016749076497597937
0.549000000000000377,-1.013032507001113469
0.550000000000000377,-1.009338275756945791
0.551000000000000378,-1.005665999348422712
0.552000000000000379,-1.002015297746950306
0.553000000000000380,-0.998385794430586393
0.554000000000000381,-0.994777116496143421
0.555000000000000382,-0.991188894765032913
0.556000000000000383,-0.987620763882918751
0.557000000000000384,-0.984072362413467516
0.558000000000000385,-0.980543332926252731
0.559000000000000385,-0.977033322079043365
0.560000000000000386,-0.973541980694604625
0.561000000000000387,-0.970068963832170339
0.562000000000000388,-0.966613930853728931
0.563000000000000389,-0.963176545485325386
0.564000000000000390,-0.959756475873440484
0.565000000000000391,-0.956353394636684007
0.566000000000000392,-0.952966978912866858
0.567000000000000393,-0.949596910401671379
0.568000000000000393,-0.946242875402970585
0.569000000000000394,-0.942904564851011484
0.570000000000000395,-0.939581674344553641
0.571000000000000396,-0.936273904173081539
0.572000000000000397,-0.932980959339287041
0.573000000000000398,-0.929702549577844040
0.574000000000000399,-0.926438389370708770
0.575000000000000400,-0.923188197958971779
0.576000000000000401,-0.919951699351436503
0.577000000000000401,-0.916728622330048815
0.578000000000000402,-0.913518700452232713
0.579000000000000403,-0.910321672050286801
0.580000000000000404,-0.907137280227975906
0.581000000000000405,-0.903965272854339141
0.582000000000000406,-0.900805402554918366
0.583000000000000407,-0.897657426700424366
0.584000000000000408,-0.894521107393005499
0.585000000000000409,-0.891396211450166120
0.586000000000000409,-0.888282510386460999
0.587000000000000410,-0.885179780393061000
0.588000000000000411,-0.882087802315231206
0.589000000000000412,-0.879006361627902244
0.590000000000000413,-0.875935248409313472
0.591000000000000414,-0.872874257312889368
0.592000000000000415,-0.869823187537421161
0.593000000000000416,-0.866781842795582791
0.594000000000000417,-0.863750031280914654
0.595000000000000417,-0.860727565633356839
0.596000000000000418,-0.857714262903317426
0.597000000000000419,-0.854709944514485565
0.598000000000000420,-0.851714436225323168
0.599000000000000421,-0.848727568089404860
0.600000000000000422,-0.845749174414613281
0.601000000000000423,-0.842779093721276573
0.602000000000000424,-0.839817168699313776
0.603000000000000425,-0.836863246164443852
0.604000000000000425,-0.833917177013504207
0.605000000000000426,-0.830978816178953417
0.606000000000000427,-0.828048022582643206
0.607000000000000428,-0.825124659088791290
0.608000000000000429,-0.822208592456426857
0.609000000000000430,-0.819299693291084763
0.610000000000000431,-0.816397835996067855
0.611000000000000432,-0.813502898723122314
0.612000000000000433,-0.810614763322659138
0.613000000000000433,-0.807733315293593490
0.614000000000000434,-0.804858443732776818
0.615000000000000435,-0.801990041284094901
0.616000000000000436,-0.799128004087275023
0.617000000000000437,-0.796272231726469659
0.618000000000000438,-0.793422627178586581
0.619000000000000439,-0.790579096761443445
0.620000000000000440,-0.787741550081802577
0.621000000000000441,-0.784909899983277204
0.622000000000000441,-0.782084062494176058
0.623000000000000442,-0.779263956775273381
0.624000000000000443,-0.776449505067594137
0.625000000000000444,-0.773640632640216208
0.626000000000000445,-0.770837267738080700
0.627000000000000446,-0.768039341529916042
0.628000000000000447,-0.765246788056231697
0.629000000000000448,-0.762459544177440995
0.630000000000000449,-0.759677549522133289
0.631000000000000449,-0.756900746435508087
0.632000000000000450,-0.754129079928003487
0.633000000000000451,-0.751362497624156411
0.634000000000000452,-0.748600949711652919
0.635000000000000453,-0.745844388890679499
0.636000000000000454,-0.743092770323507512
0.637000000000000455,-0.740346051584396370
0.638000000000000456,-0.737604192609776832
0.639000000000000457,-0.734867155648768922
0.640000000000000457,-0.732134905214055443
0.641000000000000458,-0.729407408033060034
0.642000000000000459,-0.726684632999551328
0.643000000000000460,-0.723966551125568847
0.644000000000000461,-0.721253135493789443
0.645000000000000462,-0.718544361210267324
0.646000000000000463,-0.715840205357592962
0.647000000000000464,-0.713140646948486223
0.648000000000000465,-0.710445666879826243
0.649000000000000465,-0.707755247887107530
0.650000000000000466,-0.705069374499378454
0.651000000000000467,-0.702388032994609501
0.652000000000000468,-0.699711211355559914
0.653000000000000469,-0.697038899226086306
0.654000000000000470,-0.694371087867981629
0.655000000000000471,-0.691707770118256016
0.656000000000000472,-0.689048940346942196
0.657000000000000473,-0.686394594415376647
0.658000000000000473,-0.683744729635016646
0.659000000000000474,-0.681099344726735056
0.660000000000000475,-0.678458439780648126
0.661000000000000476,-0.675822016216438781
0.662000000000000477,-0.673190076744227817
0.663000000000000478,-0.670562625325924699
0.664000000000000479,-0.667939667137163795
0.665000000000000480,-0.665321208529680908
0.666000000000000481,-0.662707256994312432
0.667000000000000481,-0.660097821124428608
0.668000000000000482,-0.657492910579983714
0.669000000000000483,-0.654892536052024798
0.670000000000000484,-0.652296709227772387
0.671000000000000485,-0.649705442756216445
0.672000000000000486,-0.647118750214234928
0.673000000000000487,-0.644536646073271102
0.674000000000000488,-0.641959145666497699
0.675000000000000488,-0.639386265156528077
0.676000000000000489,-0.636818021503680942
0.677000000000000490,-0.634254432434708471
0.678000000000000491,-0.631695516412104530
0.679000000000000492,-0.629141292603907276
0.680000000000000493,-0.626591780854010461
0.681000000000000494,-0.624047001653026179
0.682000000000000495,-0.621506976109619580
0.683000000000000496,-0.618971725922388361
0.684000000000000496,-0.616441273352236641
0.685000000000000497,-0.613915641195246109
0.686000000000000498,-0.611394852756075080
0.687000000000000499,-0.608878931821826286
0.688000000000000500,-0.606367902636426814
0.689000000000000501,-0.603861789875500543
0.690000000000000502,-0.601360618621729182
0.691000000000000503,-0.598864414340692264
0.692000000000000504,-0.596373202857181206
0.693000000000000504,-0.593887010332022736
0.694000000000000505,-0.591405863239322760
0.695000000000000506,-0.588929788344233485
0.696000000000000507,-0.586458812681147079
0.697000000000000508,-0.583992963532357967
0.698000000000000509,-0.581532268407195518
0.699000000000000510,-0.579076755021586953
0.700000000000000511,-0.576626451278080987
0.701000000000000512,-0.574181385246307463
0.702000000000000512,-0.571741585143872522
0.703000000000000513,-0.569307079317692755
0.704000000000000514,-0.566877896225751798
0.705000000000000515,-0.564454064419279478
0.706000000000000516,-0.562035612525351391
0.707000000000000517,-0.559622569229910050
0.708000000000000518,-0.557214963261159490
0.709000000000000519,-0.554812823373426300
0.710000000000000520,-0.552416178331344376
0.711000000000000520,-0.550025056894496878
0.712000000000000521,-0.547639487802410230
0.713000000000000522,-0.545259499759930821
0.714000000000000523,-0.542885121423010819
0.715000000000000524,-0.540516381384824163
0.716000000000000525,-0.538153308162291344
0.717000000000000526,-0.535795930182941915
0.718000000000000527,-0.533444275772137599
0.719000000000000528,-0.531098373140653335
0.720000000000000528,-0.528758250372622696
0.721000000000000529,-0.526423935413777411
0.722000000000000530,-0.524095456060093001
0.723000000000000531,-0.521772839946698541
0.724000000000000532,-0.519456114537167668
0.725000000000000533,-0.517145307113110242
0.726000000000000534,-0.514840444764071981
0.727000000000000535,-0.512541554377770270
0.728000000000000536,-0.510248662630617411
0.729000000000000536,-0.507961795978557618
0.730000000000000537,-0.505680980648212763
0.731000000000000538,-0.503406242628287037
0.732000000000000539,-0.501137607661302553
0.733000000000000540,-0.498875101235588037
0.734000000000000541,-0.496618748577566105
0.735000000000000542,-0.494368574644288128
0.736000000000000543,-0.492124604116279230
0.737000000000000544,-0.489886861390604278
0.738000000000000544,-0.487655370574238689
0.739000000000000545,-0.485430155477646008
0.740000000000000546,-0.483211239608652476
0.741000000000000547,-0.480998646166522992
0.742000000000000548,-0.478792398036346267
0.743000000000000549,-0.476592517783569924
0.744000000000000550,-0.474399027648835570
0.745000000000000551,-0.472211949543018483
0.746000000000000552,-0.470031305042495962
0.747000000000000552,-0.467857115384633815
0.748000000000000553,-0.465689401463484198
0.749000000000000554,-0.463528183825701046
0.750000000000000555,-0.461373482666671830
0.751000000000000556,-0.459225317826821744
0.752000000000000557,-0.457083708788171894
0.753000000000000558,-0.454948674671018183
0.754000000000000559,-0.452820234230875751
0.755000000000000560,-0.450698405855557094
0.756000000000000560,-0.448583207562475661
0.757000000000000561,-0.446474656996082964
0.758000000000000562,-0.444372771425515178
0.759000000000000563,-0.442277567742408895
0.760000000000000564,-0.440189062458873070
0.761000000000000565,-0.438107271705631629
0.762000000000000566,-0.436032211230327760
0.763000000000000567,-0.433963896395982651
0.764000000000000568,-0.431902342179604493
0.765000000000000568,-0.429847563170969948
0.766000000000000569,-0.427799573571515157
0.767000000000000570,-0.425758387193411802
0.768000000000000571,-0.423724017458736668
0.769000000000000572,-0.421696477398827152
0.770000000000000573,-0.419675779653732595
0.771000000000000574,-0.417661936471819206
0.772000000000000575,-0.415654959709485516
0.773000000000000576,-0.413654860831013882
0.774000000000000576,-0.411661650908532906
0.775000000000000577,-0.409675340622114081
0.776000000000000578,-0.407695940259958534
0.777000000000000579,-0.405723459718723756
0.778000000000000580,-0.403757908503933449
0.779000000000000581,-0.401799295730513761
0.780000000000000582,-0.399847630123416509
0.781000000000000583,-0.397902920018361250
0.782000000000000584,-0.395965173362658518
0.783000000000000584,-0.394034397716131080
0.784000000000000585,-0.392110600252144725
0.785000000000000586,-0.390193787758698618
0.786000000000000587,-0.388283966639632439
0.787000000000000588,-0.386381142915906417
0.788000000000000589,-0.384485322226946313
0.789000000000000590,-0.382596509832111464
0.790000000000000591,-0.380714710612192697
0.791000000000000592,-0.378839929071016823
0.792000000000000592,-0.376972169337113361
0.793000000000000593,-0.375111435165449481
0.794000000000000594,-0.373257729939235006
0.795000000000000595,-0.371411056671809681
0.796000000000000596,-0.369571418008554364
0.797000000000000597,-0.367738816228910248
0.798000000000000598,-0.365913253248431047
0.799000000000000599,-0.364094730620890927
0.800000000000000600,-0.362283249540474195
0.801000000000000600,-0.360478810843979702
0.802000000000000601,-0.358681415013114457
0.803000000000000602,-0.356891062176807883
0.804000000000000603,-0.355107752113598352
0.805000000000000604,-0.353331484254056694
0.806000000000000605,-0.351562257683229906
0.807000000000000606,-0.349800071143178293
0.808000000000000607,-0.348044923035509268
0.809000000000000608,-0.346296811423961570
0.810000000000000608,-0.344555734037056971
0.811000000000000609,-0.342821688270724789
0.812000000000000610,-0.341094671191037868
0.813000000000000611,-0.339374679536911195
0.814000000000000612,-0.337661709722877790
0.815000000000000613,-0.335955757841886471
0.816000000000000614,-0.334256819668104554
0.817000000000000615,-0.332564890659770407
0.818000000000000616,-0.330879965962074363
0.819000000000000616,-0.329202040410043528
0.820000000000000617,-0.327531108531459503
0.821000000000000618,-0.325867164549803690
0.822000000000000619,-0.324210202387223645
0.823000000000000620,-0.322560215667502981
0.824000000000000621,-0.320917197719053249
0.825000000000000622,-0.319281141577940741
0.826000000000000623,-0.317652039990910739
0.827000000000000624,-0.316029885418423806
0.828000000000000624,-0.314414670037723387
0.829000000000000625,-0.312806385745887594
0.830000000000000626,-0.311205024162923394
0.831000000000000627,-0.309610576634843093
0.832000000000000628,-0.308023034236775239
0.833000000000000629,-0.306442387776053593
0.834000000000000630,-0.304868627795337632
0.835000000000000631,-0.303301744575731502
0.836000000000000631,-0.301741728139898746
0.837000000000000632,-0.300188568255200239
0.838000000000000633,-0.298642254436810473
0.839000000000000634,-0.297102775950855935
0.840000000000000635,-0.295570121817553821
0.841000000000000636,-0.294044280814330095
0.842000000000000637,-0.292525241478971854
0.843000000000000638,-0.291012992112744173
0.844000000000000639,-0.289507520783529926
0.845000000000000639,-0.288008815328954726
0.846000000000000640,-0.286516863359503771
0.847000000000000641,-0.285031652261664548
0.848000000000000642,-0.283553169201019806
0.849000000000000643,-0.282081401125364284
0.850000000000000644,-0.280616334767827769
0.851000000000000645,-0.279157956649944250
0.852000000000000646,-0.277706253084767929
0.853000000000000647,-0.276261210179945982
0.854000000000000647,-0.274822813840789659
0.855000000000000648,-0.273391049773348938
0.856000000000000649,-0.271965903487467575
0.857000000000000650,-0.270547360299832285
0.858000000000000651,-0.269135405336998812
0.859000000000000652,-0.267730023538426620
0.860000000000000653,-0.266331199659497808
0.861000000000000654,-0.264938918274501334
0.862000000000000655,-0.263553163779646216
0.863000000000000655,-0.262173920396017279
0.864000000000000656,-0.260801172172556384
0.865000000000000657,-0.259434902988995908
0.866000000000000658,-0.258075096558808670
0.867000000000000659,-0.256721736432129866
0.868000000000000660,-0.255374805998653864
0.869000000000000661,-0.254034288490530613
0.870000000000000662,-0.252700166985245001
0.871000000000000663,-0.251372424408483064
0.872000000000000663,-0.250051043536960449
0.873000000000000664,-0.248736007001268022
0.874000000000000665,-0.247427297288669468
0.875000000000000666,-0.246124896745912258
0.876000000000000667,-0.244828787581986840
0.877000000000000668,-0.243538951870898968
0.878000000000000669,-0.242255371554414234
0.879000000000000670,-0.240978028444768178
0.880000000000000671,-0.239706904227392714
0.881000000000000671,-0.238441980463579867
0.882000000000000672,-0.237183238593175749
0.883000000000000673,-0.235930659937212406
0.884000000000000674,-0.234684225700551696
0.885000000000000675,-0.233443916974487881
0.886000000000000676,-0.232209714739348261
0.887000000000000677,-0.230981599867063098
0.888000000000000678,-0.229759553123716265
0.889000000000000679,-0.228543555172085883
0.890000000000000679,-0.227333586574153979
0.891000000000000680,-0.226129627793603349
0.892000000000000681,-0.224931659198289585
0.893000000000000682,-0.223739661062696993
0.894000000000000683,-0.222553613570363046
0.895000000000000684,-0.221373496816306081
0.896000000000000685,-0.220199290809404952
0.897000000000000686,-0.219030975474774514
0.898000000000000687,-0.217868530656122716
0.899000000000000687,-0.216711936118067106
0.900000000000000688,-0.215561171548457914
0.901000000000000689,-0.214416216560655210
0.902000000000000690,-0.213277050695806436
0.903000000000000691,-0.212143653425084094
0.904000000000000692,-0.211016004151915404
0.905000000000000693,-0.209894082214184652
0.906000000000000694,-0.208777866886422053
0.907000000000000695,-0.207667337381953171
0.908000000000000695,-0.206562472855056967
0.909000000000000696,-0.205463252403067065
0.910000000000000697,-0.204369655068487338
0.911000000000000698,-0.203281659841058809
0.912000000000000699,-0.202199245659816562
0.913000000000000700,-0.201122391415136825
0.914000000000000701,-0.200051075950728963
0.915000000000000702,-0.198985278065653332
0.916000000000000703,-0.197924976516274553
0.917000000000000703,-0.196870150018224388
0.918000000000000704,-0.195820777248324918
0.919000000000000705,-0.194776836846498602
0.920000000000000706,-0.193738307417663846
0.921000000000000707,-0.192705167533589600
0.922000000000000708,-0.191677395734748873
0.923000000000000709,-0.190654970532152745
0.924000000000000710,-0.189637870409138320
0.925000000000000711,-0.188626073823165069
0.926000000000000711,-0.187619559207575004
0.927000000000000712,-0.186618304973336591
0.928000000000000713,-0.185622289510766064
0.929000000000000714,-0.184631491191235841
0.930000000000000715,-0.183645888368847515
0.931000000000000716,-0.182665459382096884
0.932000000000000717,-0.181690182555521745
0.933000000000000718,-0.180720036201313744
0.934000000000000719,-0.179754998620928308
0.935000000000000719,-0.178795048106664412
0.936000000000000720,-0.177840162943221053
0.937000000000000721,-0.176890321409243351
0.938000000000000722,-0.175945501778852459
0.939000000000000723,-0.175005682323132794
0.940000000000000724,-0.174070841311629892
0.941000000000000725,-0.173140957013803720
0.942000000000000726,-0.172216007700487395
0.943000000000000727,-0.171295971645294198
0.944000000000000727,-0.170380827126040746
0.945000000000000728,-0.169470552426132570
0.946000000000000729,-0.168565125835920260
0.947000000000000730,-0.167664525654068836
0.948000000000000731,-0.166768730188870701
0.949000000000000732,-0.165877717759575188
0.950000000000000733,-0.164991466697667788
0.951000000000000734,-0.164109955348166997
0.952000000000000735,-0.163233162070865440
0.953000000000000735,-0.162361065241572067
0.954000000000000736,-0.161493643253344754
0.955000000000000737,-0.160630874517685401
0.956000000000000738,-0.159772737465733589
0.957000000000000739,-0.158919210549430534
0.958000000000000740,-0.158070272242677140
0.959000000000000741,-0.157225901042462229
0.960000000000000742,-0.156386075469986813
0.961000000000000743,-0.155550774071762710
0.962000000000000743,-0.154719975420691214
0.963000000000000744,-0.153893658117134458
0.964000000000000745,-0.153071800789971180
0.965000000000000746,-0.152254382097617436
0.966000000000000747,-0.151441380729057412
0.967000000000000748,-0.150632775404828945
0.968000000000000749,-0.149828544878028214
0.969000000000000750,-0.149028667935258763
0.970000000000000751,-0.148233123397603028
0.971000000000000751,-0.147441890121541325
0.972000000000000752,-0.146654946999881325
0.973000000000000753,-0.145872272962674077
0.974000000000000754,-0.145093846978085861
0.975000000000000755,-0.144319648053287064
0.976000000000000756,-0.143549655235308576
0.977000000000000757,-0.142783847611884729
0.978000000000000758,-0.142022204312283157
0.979000000000000759,-0.141264704508132471
0.980000000000000759,-0.140511327414201775
0.981000000000000760,-0.139762052289204408
0.982000000000000761,-0.139016858436568330
0.983000000000000762,-0.138275725205186439
0.984000000000000763,-0.137538631990164445
0.985000000000000764,-0.136805558233554475
0.986000000000000765,-0.136076483425067840
0.987000000000000766,-0.135351387102775000
0.988000000000000766,-0.134630248853797069
0.989000000000000767,-0.133913048314983879
0.990000000000000768,-0.133199765173579260
0.991000000000000769,-0.132490379167854500
0.992000000000000770,-0.131784870087758549
0.993000000000000771,-0.131083217775543021
0.994000000000000772,-0.130385402126358102
0.995000000000000773,-0.129691403088866897
0.996000000000000774,-0.129001200665817412
0.997000000000000774,-0.128314774914624202
0.998000000000000775,-0.127632105947923707
0.999000000000000776,-0.126953173934125307
1.000000000000000666,-0.126277959097944731
1.001000000000000778,-0.125606441720934214
1.002000000000000668,-0.124938602141988681
1.003000000000000780,-0.124274420757851181
1.004000000000000670,-0.123613878023597218
1.005000000000000782,-0.122956954453122019
1.006000000000000671,-0.122303630619600923
1.007000000000000783,-0.121653887155942164
1.008000000000000673,-0.121007704755240003
1.009000000000000785,-0.120365064171202490
1.010000000000000675,-0.119725946218577642
1.011000000000000787,-0.119090331773558655
1.012000000000000677,-0.118458201774197885
1.013000000000000789,-0.117829537220791772
1.014000000000000679,-0.117204319176253111
1.015000000000000790,-0.116582528766499730
1.016000000000000680,-0.115964147180803126
1.017000000000000792,-0.115349155672141906
1.018000000000000682,-0.114737535557543624
1.019000000000000794,-0.114129268218413737
1.020000000000000684,-0.113524335100861878
1.021000000000000796,-0.112922717716010840
1.022000000000000686,-0.112324397640299001
1.023000000000000798,-0.111729356515775313
1.024000000000000687,-0.111137576050381173
1.025000000000000799,-0.110549038018228601
1.026000000000000689,-0.109963724259867487
1.027000000000000801,-0.109381616682537472
1.028000000000000691,-0.108802697260424214
1.029000000000000803,-0.108226948034894438
1.030000000000000693,-0.107654351114724628
1.031000000000000805,-0.107084888676337323
1.032000000000000695,-0.106518542963998292
1.033000000000000806,-0.105955296290040482
1.034000000000000696,-0.105395131035050243
1.035000000000000808,-0.104838029648062742
1.036000000000000698,-0.104283974646742300
1.037000000000000810,-0.103732948617569695
1.038000000000000700,-0.103184934215989815
1.039000000000000812,-0.102639914166582399
1.040000000000000702,-0.102097871263217829
1.041000000000000814,-0.101558788369198100
1.042000000000000703,-0.101022648417387617
1.043000000000000815,-0.100489434410355433
1.044000000000000705,-0.099959129420496756
1.045000000000000817,-0.099431716590135971
1.046000000000000707,-0.098907179131655615
1.047000000000000819,-0.098385500327587305
1.048000000000000709,-0.097866663530710676
1.049000000000000821,-0.097350652164144375
1.050000000000000711,-0.096837449721421540
1.051000000000000822,-0.096327039766579817
1.052000000000000712,-0.095819405934220905
1.053000000000000824,-0.095314531929576257
1.054000000000000714,-0.094812401528567999
1.055000000000000826,-0.094312998577858687
1.056000000000000716,-0.093816306994898138
1.057000000000000828,-0.093322310767961075
1.058000000000000718,-0.092830993956184465
1.059000000000000830,-0.092342340689590643
1.060000000000000719,-0.091856335169119008
1.061000000000000831,-0.091372961666633445
1.062000000000000721,-0.090892204524936765
1.063000000000000833,-0.090414048157785865
1.064000000000000723,-0.089938477049876259
1.065000000000000835,-0.089465475756852542
1.066000000000000725,-0.088995028905296064
1.067000000000000837,-0.088527121192697525
1.068000000000000727,-0.088061737387460565
1.069000000000000838,-0.087598862328854318
1.070000000000000728,-0.087138480927000633
1.071000000000000840,-0.086680578162831021
1.072000000000000730,-0.086225139088055694
1.073000000000000842,-0.085772148825113054
1.074000000000000732,-0.085321592567123558
1.075000000000000844,-0.084873455577839846
1.076000000000000734,-0.084427723191593099
1.077000000000000846,-0.083984380813221043
1.078000000000000735,-0.083543413918016229
1.079000000000000847,-0.083104808051645079
1.080000000000000737,-0.082668548830087563
1.081000000000000849,-0.082234621939544478
1.082000000000000739,-0.081803013136366731
1.083000000000000851,-0.081373708246967685
1.084000000000000741,-0.080946693167733549
1.085000000000000853,-0.080521953864928164
1.086000000000000743,-0.080099476374599771
1.087000000000000854,-0.079679246802478537
1.088000000000000744,-0.079261251323879262
1.089000000000000856,-0.078845476183580773
1.090000000000000746,-0.078431907695725958
1.091000000000000858,-0.078020532243707572
1.092000000000000748,-0.077611336280043686
1.093000000000000860,-0.077204306326266431
1.094000000000000750,-0.076799428972785258
1.095000000000000862,-0.076396690878774626
1.096000000000000751,-0.075996078772036263
1.097000000000000863,-0.075597579448860891
1.098000000000000753,-0.075201179773902158
1.099000000000000865,-0.074806866680035777
1.100000000000000755,-0.074414627168210484
1.101000000000000867,-0.074024448307308977
1.102000000000000757,-0.073636317234000687
1.103000000000000869,-0.073250221152593262
1.104000000000000759,-0.072866147334871040
1.105000000000000870,-0.072484083119953385
1.106000000000000760,-0.072104015914121730
1.107000000000000872,-0.071725933190671359
1.108000000000000762,-0.071349822489746056
1.109000000000000874,-0.070975671418169212
1.110000000000000764,-0.070603467649278606
1.111000000000000876,-0.070233198922753787
1.112000000000000766,-0.069864853044453196
1.113000000000000878,-0.069498417886228736
1.114000000000000767,-0.069133881385758961
1.115000000000000879,-0.068771231546362055
1.116000000000000769,-0.068410456436823169
1.117000000000000881,-0.068051544191208041
1.118000000000000771,-0.067694483008678405
1.119000000000000883,-0.067339261153309168
1.120000000000000773,-0.066985866953899451
1.121000000000000885,-0.066634288803778696
1.122000000000000774,-0.066284515160619145
1.123000000000000886,-0.065936534546240322
1.124000000000000776,-0.065590335546420173
1.125000000000000888,-0.065245906810686649
1.126000000000000778,-0.064903237052127236
1.127000000000000890,-0.064562315047197394
1.128000000000000780,-0.064223129635497117
1.129000000000000892,-0.063885669719589339
1.130000000000000782,-0.063549924264786936
1.131000000000000894,-0.063215882298943982
1.132000000000000783,-0.062883532912254805
1.133000000000000895,-0.062552865257047618
1.134000000000000785,-0.062223868547560048
1.135000000000000897,-0.061896532059752138
1.136000000000000787,-0.061570845131070050
1.137000000000000899,-0.061246797160252220
1.138000000000000789,-0.060924377607097548
1.139000000000000901,-0.060603575992271286
1.140000000000000790,-0.060284381897068792
1.141000000000000902,-0.059966784963202624
1.142000000000000792,-0.059650774892594426
1.143000000000000904,-0.059336341447141429
1.144000000000000794,-0.059023474448509750
1.145000000000000906,-0.058712163777894212
1.146000000000000796,-0.058402399375818884
1.147000000000000908,-0.058094171241896329
1.148000000000000798,-0.057787469434611216
1.149000000000000909,-0.057482284071095388
1.150000000000000799,-0.057178605326896656
1.151000000000000689,-0.056876423435762269
1.152000000000000801,-0.056575728689403769
1.153000000000000913,-0.056276511437273392
1.154000000000000803,-0.055978762086337543
1.155000000000000693,-0.055682471100837516
1.156000000000000805,-0.055387629002078907
1.157000000000000917,-0.055094226368180718
1.158000000000000806,-0.054802253833860726
1.159000000000000696,-0.054511702090197421
1.160000000000000808,-0.054222561884397204
1.161000000000000920,-0.053934824019566244
1.162000000000000810,-0.053648479354479542
1.163000000000000700,-0.053363518803341413
1.164000000000000812,-0.053079933335559493
1.165000000000000924,-0.052797713975503549
1.166000000000000814,-0.052516851802282036
1.167000000000000703,-0.052237337949498183
1.168000000000000815,-0.051959163605021341
1.169000000000000927,-0.051682320010747976
1.170000000000000817,-0.051406798462373171
1.171000000000000707,-0.051132590309146242
1.172000000000000819,-0.050859686953647142
1.173000000000000931,-0.050588079851541311
1.174000000000000821,-0.050317760511344109
1.175000000000000711,-0.050048720494192997
1.176000000000000822,-0.049780951413605008
1.177000000000000934,-0.049514444935241896
1.178000000000000824,-0.049249192776677234
1.179000000000000714,-0.048985186707152809
1.180000000000000826,-0.048722418547353583
1.181000000000000938,-0.048460880169160295
1.182000000000000828,-0.048200563495419013
1.183000000000000718,-0.047941460499707655
1.184000000000000830,-0.047683563206096471
1.185000000000000941,-0.047426863688904787
1.186000000000000831,-0.047171354072481901
1.187000000000000721,-0.046917026530954004
1.188000000000000833,-0.046663873288000028
1.189000000000000945,-0.046411886616610276
1.190000000000000835,-0.046161058838856316
1.191000000000000725,-0.045911382325641972
1.192000000000000837,-0.045662849496492401
1.193000000000000949,-0.045415452819290054
1.194000000000000838,-0.045169184810066126
1.195000000000000728,-0.044924038032745563
1.196000000000000840,-0.044680005098925099
1.197000000000000952,-0.044437078667637284
1.198000000000000842,-0.044195251445110058
1.199000000000000732,-0.043954516184545780
1.200000000000000844,-0.043714865685868194
1.201000000000000956,-0.043476292795511462
1.202000000000000846,-0.043238790406172220
1.203000000000000735,-0.043002351456584889
1.204000000000000847,-0.042766968931280708
1.205000000000000959,-0.042532635860372113
1.206000000000000849,-0.042299345319304474
1.207000000000000739,-0.042067090428632457
1.208000000000000851,-0.041835864353792045
1.209000000000000963,-0.041605660304865781
1.210000000000000853,-0.041376471536355673
1.211000000000000743,-0.041148291346951436
1.212000000000000854,-0.040921113079304690
1.213000000000000966,-0.040694930119795539
1.214000000000000856,-0.040469735898314971
1.215000000000000746,-0.040245523888020038
1.216000000000000858,-0.040022287605126640
1.217000000000000970,-0.039800020608665984
1.218000000000000860,-0.039578716500268438
1.219000000000000750,-0.039358368923934926
1.220000000000000862,-0.039138971565812988
1.221000000000000973,-0.038920518153967562
1.222000000000000863,-0.038703002458164826
1.223000000000000753,-0.038486418289639966
1.224000000000000865,-0.038270759500880561
1.225000000000000977,-0.038056019985403804
1.226000000000000867,-0.037842193677529647
1.227000000000000757,-0.037629274552163514
1.228000000000000869,-0.037417256624572862
1.229000000000000981,-0.037206133950175961
1.230000000000000870,-0.036995900624304523
1.231000000000000760,-0.036786550782000646
1.232000000000000872,-0.036578078597797895
1.233000000000000984,-0.036370478285487270
1.234000000000000874,-0.036163744097922369
1.235000000000000764,-0.035957870326785289
1.236000000000000876,-0.035752851302379270
1.237000000000000988,-0.035548681393410123
1.238000000000000878,-0.035345355006777122
1.239000000000000767,-0.035142866587349206
1.240000000000000879,-0.034941210617760829
1.241000000000000991,-0.034740381618195419
1.242000000000000881,-0.034540374146171691
1.243000000000000771,-0.034341182796336044
1.244000000000000883,-0.034142802200247534
1.245000000000000995,-0.033945227026174106
1.246000000000000885,-0.033748451978877492
1.247000000000000774,-0.033552471799405806
1.248000000000000886,-0.033357281264887371
1.249000000000000998,-0.033162875188322179
1.250000000000000888,-0.032969248418378130
1.251000000000000778,-0.032776395839179219
1.252000000000000890,-0.032584312370107019
1.253000000000001002,-0.032392992965588917
1.254000000000000892,-0.032202432614905199
1.255000000000000782,-0.032012626341974784
1.256000000000000894,-0.031823569205158914
1.257000000000001005,-0.031635256297059107
1.258000000000000895,-0.031447682744316932
1.259000000000000785,-0.031260843707411383
1.260000000000000897,-0.031074734380460312
1.261000000000001009,-0.030889349991027003
1.262000000000000899,-0.030704685799912756
1.263000000000000789,-0.030520737100967900
1.264000000000000901,-0.030337499220893495
1.265000000000001013,-0.030154967519043029
1.266000000000000902,-0.029973137387230165
1.267000000000000792,-0.029792004249535143
1.268000000000000904,-0.029611563562109013
1.269000000000001016,-0.029431810812981775
1.270000000000000906,-0.029252741521875663
1.271000000000000796,-0.029074351240006797
1.272000000000000908,-0.028896635549896892
1.273000000000001020,-0.028719590065186977
1.274000000000000909,-0.028543210430447941
1.275000000000000799,-0.028367492320987054
1.276000000000000911,-0.028192431442670574
1.277000000000001023,-0.028018023531726853
1.278000000000000913,-0.027844264354569104
1.279000000000000803,-0.027671149707606212
1.280000000000000915,-0.027498675417064532
1.281000000000001027,-0.027326837338789933
1.282000000000000917,-0.027155631358085845
1.283000000000000806,-0.026985053389513687
1.284000000000000918,-0.026815099376725843
1.285000000000001030,-0.026645765292274297
1.286000000000000920,-0.026477047137438280
1.287000000000000810,-0.026308940942042686
1.288000000000000922,-0.026141442764284640
1.289000000000001034,-0.025974548690550679
1.290000000000000924,-0.025808254835240546
1.291000000000000814,-0.025642557340601158
1.292000000000000925,-0.025477452376537112
1.293000000000001037,-0.025312936140453303
1.294000000000000927,-0.025149004857069945
1.295000000000000817,-0.024985654778252007
1.296000000000000929,-0.024822882182845129
1.297000000000001041,-0.024660683376493915
1.298000000000000931,-0.024499054691482634
1.299000000000000821,-0.024337992486561110
1.300000000000000933,-0.024177493146774077
1.301000000000001044,-0.024017553083298483
1.302000000000000934,-0.023858168733273157
1.303000000000000824,-0.023699336559640176
1.304000000000000936,-0.023541053050965266
1.305000000000001048,-0.023383314721288802
1.306000000000000938,-0.023226118109955788
1.307000000000000828,-0.023069459781450096
1.308000000000000940,-0.022913336325234856
1.309000000000001052,-0.022757744355597763
1.310000000000000941,-0.022602680511480441
1.311000000000000831,-0.022448141456324639
1.312000000000000943,-0.022294123877907968
1.313000000000001055,-0.022140624488199093
1.314000000000000945,-0.021987640023184520
1.315000000000000835,-0.021835167242717828
1.316000000000000947,-0.021683202930369842
1.317000000000001059,-0.021531743893268424
1.318000000000000949,-0.021380786961938576
1.319000000000000838,-0.021230328990164603
1.320000000000000950,-0.021080366854823503
1.321000000000001062,-0.020930897455736182
1.322000000000000952,-0.020781917715522142
1.323000000000000842,-0.020633424579441687
1.324000000000000954,-0.020485415015253292
1.325000000000001066,-0.020337886013057117
1.326000000000000956,-0.020190834585157080
1.327000000000000846,-0.020044257765901116
1.328000000000000957,-0.019898152611549712
1.329000000000001069,-0.019752516200113500
1.330000000000000959,-0.019607345631224422
1.331000000000000849,-0.019462638025981104
1.332000000000000961,-0.019318390526806197
1.333000000000001073,-0.019174600297307103
1.334000000000000963,-0.019031264522136482
1.335000000000000853,-0.018888380406841498
1.336000000000000965,-0.018745945177734515
1.337000000000001076,-0.018603956081746479
1.338000000000000966,-0.018462410386289339
1.339000000000000856,-0.018321305379119770
1.340000000000000968,-0.018180638368200365
1.341000000000001080,-0.018040406681560234
1.342000000000000970,-0.017900607667165884
1.343000000000000860,-0.017761238692779475
1.344000000000000972,-0.017622297145827009
1.345000000000001084,-0.017483780433267527
1.346000000000000973,-0.017345685981453314
1.347000000000000863,-0.017208011236004336
1.348000000000000975,-0.017070753661669897
1.349000000000001087,-0.016933910742205321
1.350000000000000977,-0.016797479980237534
1.351000000000000867,-0.016661458897137757
1.352000000000000979,-0.016525845032885046
1.353000000000001091,-0.016390635945953334
1.354000000000000981,-0.016255829213172070
1.355000000000000870,-0.016121422429601746
1.356000000000000982,-0.015987413208411096
1.357000000000001094,-0.015853799180752116
1.358000000000000984,-0.015720577995633526
1.359000000000000874,-0.015587747319794395
1.360000000000000986,-0.015455304837588035
1.361000000000001098,-0.015323248250857341
1.362000000000000988,-0.015191575278808950
1.363000000000000878,-0.015060283657895088
1.364000000000000989,-0.014929371141698433
1.365000000000001101,-0.014798835500803775
1.366000000000000991,-0.014668674522682978
1.367000000000000881,-0.014538886011580387
1.368000000000000993,-0.014409467788390150
1.369000000000001105,-0.014280417690542346
1.370000000000000995,-0.014151733571885924
1.371000000000000885,-0.014023413302572502
1.372000000000000997,-0.013895454768943211
1.373000000000001108,-0.013767855873417129
1.374000000000000998,-0.013640614534365603
1.375000000000000888,-0.013513728686019863
1.376000000000001000,-0.013387196278340804
1.377000000000001112,-0.013261015276915689
1.378000000000001002,-0.013135183662847601
1.379000000000000892,-0.013009699432641037
1.380000000000001004,-0.012884560598098255
1.381000000000001116,-0.012759765186207344
1.382000000000001005,-0.012635311239031333
1.383000000000000895,-0.012511196813606327
1.384000000000001007,-0.012387419981830853
1.385000000000001119,-0.012263978830360327
1.386000000000001009,-0.012140871460504021
1.387000000000000899,-0.012018095988111687
1.388000000000001011,-0.011895650543486149
1.389000000000001123,-0.011773533271258380
1.390000000000001013,-0.011651742330300658
1.391000000000000902,-0.011530275893616241
1.392000000000001014,-0.011409132148239350
1.393000000000001126,-0.011288309295135246
1.394000000000001016,-0.011167805549100861
1.395000000000000906,-0.011047619138659400
1.396000000000001018,-0.010927748305964026
1.397000000000001130,-0.010808191306700899
1.398000000000001020,-0.010688946409990543
1.399000000000000909,-0.010570011898287162
1.400000000000001021,-0.010451386067282815
1.401000000000001133,-0.010333067225816868
1.402000000000001023,-0.010215053695769614
1.403000000000000913,-0.010097343811973979
1.404000000000001025,-0.009979935922124594
1.405000000000001137,-0.009862828386672790
1.406000000000001027,-0.009746019578742195
1.407000000000000917,-0.009629507884036222
1.408000000000001029,-0.009513291700736417
1.409000000000001140,-0.009397369439422886
1.410000000000001030,-0.009281739522974206
1.411000000000000920,-0.009166400386482121
1.412000000000001032,-0.009051350477157910
1.413000000000001144,-0.008936588254247308
1.414000000000001034,-0.008822112188936583
1.415000000000000924,-0.008707920764267008
1.416000000000001036,-0.008594012475049094
1.417000000000001148,-0.008480385827774387
1.418000000000001037,-0.008367039340524834
1.419000000000000927,-0.008253971542890089
1.420000000000001039,-0.008141180975882276
1.421000000000001151,-0.008028666191853006
1.422000000000001041,-0.007916425754403650
1.423000000000000931,-0.007804458238305116
1.424000000000001043,-0.007692762229414703
1.425000000000001155,-0.007581336324590666
1.426000000000001044,-0.007470179131613984
1.427000000000000934,-0.007359289269102533
1.428000000000001046,-0.007248665366433272
1.429000000000001158,-0.007138306063656986
1.430000000000001048,-0.007028210011426889
1.431000000000000938,-0.006918375870906701
1.432000000000001050,-0.006808802313702174
1.433000000000001162,-0.006699488021778943
1.434000000000001052,-0.006590431687380211
1.435000000000000941,-0.006481632012958443
1.436000000000001053,-0.006373087711087991
1.437000000000001165,-0.006264797504393502
1.438000000000001055,-0.006156760125477979
1.439000000000000945,-0.006048974316838533
1.440000000000001057,-0.005941438830799477
1.441000000000001169,-0.005834152429429705
1.442000000000001059,-0.005727113884474195
1.443000000000000949,-0.005620321977282335
1.444000000000001060,-0.005513775498729588
1.445000000000001172,-0.005407473249142532
1.446000000000001062,-0.005301414038239629
1.447000000000000952,-0.005195596685042599
1.448000000000001064,-0.005090020017819418
1.449000000000001176,-0.004984682874006318
1.450000000000001066,-0.004879584100137962
1.451000000000000956,-0.004774722551778009
1.452000000000001068,-0.004670097093453684
1.453000000000001180,-0.004565706598580613
1.454000000000001069,-0.004461549949398419
1.455000000000000959,-0.004357626036903770
1.456000000000001071,-0.004253933760777416
1.457000000000001183,-0.004150472029325235
1.458000000000001073,-0.004047239759406037
1.459000000000000963,-0.003944235876362856
1.460000000000001075,-0.003841459313967053
1.461000000000001187,-0.003738909014340475
1.462000000000001076,-0.003636583927905388
1.463000000000000966,-0.003534483013305585
1.464000000000001078,-0.003432605237350857
1.465000000000001190,-0.003330949574953073
1.466000000000001080,-0.003229515009060319
1.467000000000000970,-0.003128300530595535
1.468000000000001082,-0.003027305138396053
1.469000000000001194,-0.002926527839147429
1.470000000000001084,-0.002825967647327686
1.471000000000000973,-0.002725623585140510
1.472000000000001085,-0.002625494682462871
1.473000000000001197,-0.002525579976774524
1.474000000000001087,-0.002425878513107800
1.475000000000000977,-0.002326389343980109
1.476000000000001089,-0.002227111529342659
1.477000000000001201,-0.002128044136519240
1.478000000000001091,-0.002029186240143728
1.479000000000000981,-0.001930536922109315
1.480000000000001092,-0.001832095271505935
1.481000000000001204,-0.001733860384567277
1.482000000000001094,-0.001635831364612193
1.483000000000000984,-0.001538007321990050
1.484000000000001096,-0.001440387374023967
1.485000000000001208,-0.001342970644951814
1.486000000000001098,-0.001245756265881505
1.487000000000000988,-0.001148743374726308
1.488000000000001100,-0.001051931116153057
1.489000000000001211,-0.000955318641535345
1.490000000000001101,-0.000858905108889926
1.491000000000000991,-0.000762689682828904
1.492000000000001103,-0.000666671534509753
1.493000000000001215,-0.000570849841577992
1.494000000000001105,-0.000475223788116064
1.495000000000000995,-0.000379792564594713
1.496000000000001107,-0.000284555367819991
1.497000000000001219,-0.000189511400882457
1.498000000000001108,-0.000094659873106456
1.499000000000000998,0.000000000000000000
