# ZnO10m10NBDry_CS-12144-AC
# h[nm],U(h)[kJ/mol]
0.200000000000000011,91.323235897149260154
0.201000000000000012,89.676285463028946765
0.202000000000000013,88.086116951039187484
0.203000000000000014,86.536889452128775702
0.204000000000000015,85.017018678248660990
0.205000000000000016,83.518571533707770982
0.206000000000000016,82.036551827101803269
0.207000000000000017,80.568192804037792598
0.208000000000000018,79.112320327114773022
0.209000000000000019,77.668816487698464357
0.210000000000000020,76.238191912050453425
0.211000000000000021,74.821262162022350140
0.212000000000000022,73.418916636174401447
0.213000000000000023,72.031965252798698884
0.214000000000000024,70.661047529639034792
0.215000000000000024,69.306589483188815848
0.216000000000000025,67.968795382513746972
0.217000000000000026,66.647663362531758935
0.218000000000000027,65.343015943426820513
0.219000000000000028,64.054538442391532271
0.220000000000000029,62.781820004435338944
0.221000000000000030,61.524393475767865880
0.222000000000000031,60.281771585274519509
0.223000000000000032,59.053477896834543515
0.224000000000000032,57.839071769709107684
0.225000000000000033,56.638167143939256221
0.226000000000000034,55.450445382541964534
0.227000000000000035,54.275662681568555001
0.228000000000000036,53.113652729902888439
0.229000000000000037,51.964325387190072547
0.230000000000000038,50.827662171345743047
0.231000000000000039,49.703709324239618184
0.232000000000000040,48.592569169769078030
0.233000000000000040,47.494390404181011434
0.234000000000000041,46.409357873191375177
0.235000000000000042,45.337682301066216439
0.236000000000000043,44.279590348422871671
0.237000000000000044,43.235315291659873083
0.238000000000000045,42.205088539992900110
0.239000000000000046,41.189132137488186913
0.240000000000000047,40.187652337924660628
0.241000000000000048,39.200834289928842225
0.242000000000000048,38.228837828346570404
0.243000000000000049,37.271794334706022767
0.244000000000000050,36.329804604178363547
0.245000000000000051,35.402937637826347839
0.246000000000000052,34.491230266296000195
0.247000000000000053,33.594687503580829002
0.248000000000000054,32.713283526240829246
0.249000000000000055,31.846963173711777983
0.250000000000000056,30.995643868373651486
0.251000000000000056,30.159217859223524272
0.252000000000000057,29.337554699748501719
0.253000000000000058,28.530503878433268738
0.254000000000000059,27.737897528844559503
0.255000000000000060,26.959553155068640251
0.256000000000000061,26.195276317151012790
0.257000000000000062,25.444863229876371946
0.258000000000000063,24.708103236553640158
0.259000000000000064,23.984781127306483484
0.260000000000000064,23.274679278619377243
0.261000000000000065,22.577579597495667230
0.262000000000000066,21.893265259508758902
0.263000000000000067,21.221522235265840806
0.264000000000000068,20.562140604357033169
0.265000000000000069,19.914915659754033328
0.266000000000000070,19.279648808884864764
0.267000000000000071,18.656148280279829521
0.268000000000000071,18.044229646807917078
0.269000000000000072,17.443716178146274842
0.270000000000000073,16.854439036300252752
0.271000000000000074,16.276237328766409718
0.272000000000000075,15.708958034354093769
0.273000000000000076,15.152455816801321475
0.274000000000000077,14.606592741180836725
0.275000000000000078,14.071237907735113737
0.276000000000000079,13.546267017244010944
0.277000000000000079,13.031561881349196241
0.278000000000000080,12.527009890471020981
0.279000000000000081,12.032503451080856394
0.280000000000000082,11.547939403164267702
0.281000000000000083,11.073218427747223203
0.282000000000000084,10.608244453380510919
0.283000000000000085,10.152924069501526816
0.284000000000000086,9.707165953631683664
0.285000000000000087,9.270880318435187561
0.286000000000000087,8.843978383767133522
0.287000000000000088,8.426371877986081671
0.288000000000000089,8.017972572002159737
0.289000000000000090,7.618691848780963838
0.290000000000000091,7.228440310329714791
0.291000000000000092,6.847127423554285386
0.292000000000000093,6.474661205797529462
0.293000000000000094,6.110947950347949131
0.294000000000000095,5.755891991743340874
0.295000000000000095,5.409395510284037201
0.296000000000000096,5.071358374814169068
0.297000000000000097,4.741678022522229696
0.298000000000000098,4.420249374253757857
0.299000000000000099,4.106964783613792136
0.300000000000000100,3.801714017964292758
0.301000000000000101,3.504384269285956144
0.302000000000000102,3.214860192774813274
0.303000000000000103,2.933023970974762307
0.304000000000000103,2.658755401208735769
0.305000000000000104,2.391932004056773309
0.306000000000000105,2.132429150638436077
0.307000000000000106,1.880120206486113998
0.308000000000000107,1.634876689841858521
0.309000000000000108,1.396568442271947763
0.310000000000000109,1.165063809566641018
0.311000000000000110,0.940229830977745484
0.312000000000000111,0.721932434938180601
0.313000000000000111,0.510036639508089640
0.314000000000000112,0.304406755895796965
0.315000000000000113,0.104906593509981841
0.316000000000000114,-0.088600334890706997
0.317000000000000115,-0.276250609273208048
0.318000000000000116,-0.458180700842804878
0.319000000000000117,-0.634526774095057644
0.320000000000000118,-0.805424493400990427
0.321000000000000119,-0.971008835014340321
0.322000000000000119,-1.131413905287128818
0.323000000000000120,-1.286772765781082795
0.324000000000000121,-1.437217265868143468
0.325000000000000122,-1.582877883322502344
0.326000000000000123,-1.723883573321091323
0.327000000000000124,-1.860361626188359097
0.328000000000000125,-1.992437534145206968
0.329000000000000126,-2.120234867250531785
0.330000000000000127,-2.243875158657889113
0.331000000000000127,-2.363477799248326239
0.332000000000000128,-2.479159941644172527
0.333000000000000129,-2.591036413557008089
0.334000000000000130,-2.699219640375919216
0.335000000000000131,-2.803819576860223428
0.336000000000000132,-2.904943647762246339
0.337000000000000133,-3.002696697172456908
0.338000000000000134,-3.097180946349348485
0.339000000000000135,-3.188495959770249577
0.340000000000000135,-3.276738619117439022
0.341000000000000136,-3.362003104894578875
0.342000000000000137,-3.444380885353107935
0.343000000000000138,-3.523960712395338479
0.344000000000000139,-3.600828624111431786
0.345000000000000140,-3.675067953599917558
0.346000000000000141,-3.746759343716701718
0.347000000000000142,-3.815980767394801632
0.348000000000000143,-3.882807553176584214
0.349000000000000143,-3.947312415601294422
0.350000000000000144,-4.009565490093832452
0.351000000000000145,-4.069634372004816036
0.352000000000000146,-4.127584159458115742
0.353000000000000147,-4.183477499668566857
0.354000000000000148,-4.237374638400938309
0.355000000000000149,-4.289333472249855284
0.356000000000000150,-4.339409603430223861
0.357000000000000151,-4.387656396778011114
0.358000000000000151,-4.434125038672116936
0.359000000000000152,-4.478864597599480746
0.360000000000000153,-4.521922086097324822
0.361000000000000154,-4.563342523818262109
0.362000000000000155,-4.603169001476386413
0.363000000000000156,-4.641442745444575024
0.364000000000000157,-4.678203182785575009
0.365000000000000158,-4.713488006511957096
0.366000000000000159,-4.747333240881873806
0.367000000000000159,-4.779773306550067602
0.368000000000000160,-4.810841085405217044
0.369000000000000161,-4.840567984936583912
0.370000000000000162,-4.868984001984359544
0.371000000000000163,-4.896117785739324546
0.372000000000000164,-4.921996699868328662
0.373000000000000165,-4.946646883652681126
0.374000000000000166,-4.970093312036871325
0.375000000000000167,-4.992359854494655025
0.376000000000000167,-5.013469332629440167
0.377000000000000168,-5.033443576434683209
0.378000000000000169,-5.052303479148953613
0.379000000000000170,-5.070069050648603692
0.380000000000000171,-5.086759469328976380
0.381000000000000172,-5.102393132432597511
0.382000000000000173,-5.116987704789975666
0.383000000000000174,-5.130560165945538209
0.384000000000000175,-5.143126855647439655
0.385000000000000175,-5.154703517686098913
0.386000000000000176,-5.165305342072080919
0.387000000000000177,-5.174947005548912848
0.388000000000000178,-5.183642710441776380
0.389000000000000179,-5.191406221847185698
0.390000000000000180,-5.198250903173314619
0.391000000000000181,-5.204189750044446505
0.392000000000000182,-5.209235422586555586
0.393000000000000183,-5.213400276114534826
0.394000000000000183,-5.216696390244350390
0.395000000000000184,-5.219135596456429660
0.396000000000000185,-5.220729504138772015
0.397000000000000186,-5.221489525140681209
0.398000000000000187,-5.221426896869963308
0.399000000000000188,-5.220552703968114550
0.400000000000000189,-5.218877898599521004
0.401000000000000190,-5.216413319392181336
0.402000000000000191,-5.213169709068365520
0.403000000000000191,-5.209157730804649944
0.404000000000000192,-5.204387983361566050
0.405000000000000193,-5.198871015023582842
0.406000000000000194,-5.192617336390668470
0.407000000000000195,-5.185637432062963015
0.408000000000000196,-5.177941771260135440
0.409000000000000197,-5.169540817417217937
0.410000000000000198,-5.160445036798515517
0.411000000000000199,-5.150664906170901780
0.412000000000000199,-5.140210919577825166
0.413000000000000200,-5.129093594254588773
0.414000000000000201,-5.117323475725347848
0.415000000000000202,-5.104911142121465240
0.416000000000000203,-5.091867207760460090
0.417000000000000204,-5.078202326023964375
0.418000000000000205,-5.063927191572493491
0.419000000000000206,-5.049052541934011984
0.420000000000000207,-5.033589158502390859
0.421000000000000207,-5.017547866981251659
0.422000000000000208,-5.000939537307372618
0.423000000000000209,-4.983775083087422786
0.424000000000000210,-4.966065460580478153
0.425000000000000211,-4.947821667257884748
0.426000000000000212,-4.929054739971309829
0.427000000000000213,-4.909775752758418932
0.428000000000000214,-4.889995814315037492
0.429000000000000214,-4.869726065161351869
0.430000000000000215,-4.848977674528879511
0.431000000000000216,-4.827761836993890832
0.432000000000000217,-4.806089768881951052
0.433000000000000218,-4.783972704467238657
0.434000000000000219,-4.761421891989430222
0.435000000000000220,-4.738448589509843600
0.436000000000000221,-4.715064060627640607
0.437000000000000222,-4.691279570075874261
0.438000000000000222,-4.667106379216368950
0.439000000000000223,-4.642555741451378282
0.440000000000000224,-4.617638897569088741
0.441000000000000225,-4.592367071039198834
0.442000000000000226,-4.566751463273993394
0.443000000000000227,-4.540803248869252684
0.444000000000000228,-4.514533570838898946
0.445000000000000229,-4.487953535856119558
0.446000000000000230,-4.461074209513093081
0.447000000000000230,-4.433906611610791693
0.448000000000000231,-4.406461711489363609
0.449000000000000232,-4.378750423409037751
0.450000000000000233,-4.350783601990880101
0.451000000000000234,-4.322572037725803007
0.452000000000000235,-4.294126452559947182
0.453000000000000236,-4.265457495563514279
0.454000000000000237,-4.236575738690019577
0.455000000000000238,-4.207491672631893387
0.456000000000000238,-4.178215702778106611
0.457000000000000239,-4.148758145278906184
0.458000000000000240,-4.119129223222159908
0.459000000000000241,-4.089339062925370527
0.460000000000000242,-4.059397690347046783
0.461000000000000243,-4.029315027620453904
0.462000000000000244,-3.999100889712682516
0.463000000000000245,-3.968764981211061915
0.464000000000000246,-3.938316893239227401
0.465000000000000246,-3.907766100504149076
0.466000000000000247,-3.877121958475483243
0.467000000000000248,-3.846393700698139018
0.468000000000000249,-3.815590436238669447
0.469000000000000250,-3.784721147265773133
0.470000000000000251,-3.753794686764973854
0.471000000000000252,-3.722819776387171764
0.472000000000000253,-3.691805004430760651
0.473000000000000254,-3.660758823956398178
0.474000000000000254,-3.629689551033705275
0.475000000000000255,-3.598605363118647205
0.476000000000000256,-3.567514297560377745
0.477000000000000257,-3.536424250236053890
0.478000000000000258,-3.505342974311949966
0.479000000000000259,-3.474278079129148544
0.480000000000000260,-3.443237029211877687
0.481000000000000261,-3.412227143396389550
0.482000000000000262,-3.381255594078325544
0.483000000000000262,-3.350329406576253000
0.484000000000000263,-3.319455458608988607
0.485000000000000264,-3.288640479884357148
0.486000000000000265,-3.257891051796813375
0.487000000000000266,-3.227213607231334436
0.488000000000000267,-3.196614430471007573
0.489000000000000268,-3.166099657205579732
0.490000000000000269,-3.135675274638238363
0.491000000000000270,-3.105347121687910494
0.492000000000000270,-3.075120889284185033
0.493000000000000271,-3.045002120752165808
0.494000000000000272,-3.014996212284331456
0.495000000000000273,-2.985108413496569746
0.496000000000000274,-2.955343828065591705
0.497000000000000275,-2.925707414444799426
0.498000000000000276,-2.896203986655823126
0.499000000000000277,-2.866838215152870628
0.500000000000000222,-2.837614627757030217
0.501000000000000334,-2.808537610657782402
0.502000000000000224,-2.779611409478908168
0.503000000000000336,-2.750840130405979966
0.504000000000000226,-2.722227741372825083
0.505000000000000338,-2.693778073304086362
0.506000000000000227,-2.665494821411399151
0.507000000000000339,-2.637381546540367605
0.508000000000000229,-2.609441676565885437
0.509000000000000341,-2.581678507833102820
0.510000000000000231,-2.554095206641726179
0.511000000000000343,-2.526694810770902411
0.512000000000000233,-2.499480231042524370
0.513000000000000345,-2.472454252920352591
0.514000000000000234,-2.445619538142852711
0.515000000000000346,-2.418978626387171538
0.516000000000000236,-2.392533936962302654
0.517000000000000348,-2.366287770529039047
0.518000000000000238,-2.340242310844733886
0.519000000000000350,-2.314399626530632581
0.520000000000000240,-2.288761672859884744
0.521000000000000352,-2.263330293564172369
0.522000000000000242,-2.238107222657059303
0.523000000000000353,-2.213094086272154648
0.524000000000000243,-2.188292404514322165
0.525000000000000355,-2.163703593322108265
0.526000000000000245,-2.139328966339740123
0.527000000000000357,-2.115169736796934430
0.528000000000000247,-2.091227019395026865
0.529000000000000359,-2.067501832197737421
0.530000000000000249,-2.043995098525182019
0.531000000000000361,-2.020707648849565441
0.532000000000000250,-1.997640222691259071
0.533000000000000362,-1.974793470513796390
0.534000000000000252,-1.952167955616572970
0.535000000000000364,-1.929764156023927146
0.536000000000000254,-1.907582466369484253
0.537000000000000366,-1.885623199774435266
0.538000000000000256,-1.863886589718865894
0.539000000000000368,-1.842372791904833829
0.540000000000000258,-1.821081886110392123
0.541000000000000369,-1.800013878033354997
0.542000000000000259,-1.779168701124107743
0.543000000000000371,-1.758546218406356276
0.544000000000000261,-1.738146224285126440
0.545000000000000373,-1.717968446341097577
0.546000000000000263,-1.698012547110612003
0.547000000000000375,-1.678278125850457325
0.548000000000000265,-1.658764720286993732
0.549000000000000377,-1.639471808348678339
0.550000000000000266,-1.620398809881634206
0.551000000000000378,-1.601545088347495094
0.552000000000000268,-1.582909952503098294
0.553000000000000380,-1.564492658061451547
0.554000000000000270,-1.546292409333556161
0.555000000000000382,-1.528308360850541447
0.556000000000000272,-1.510539618965864195
0.557000000000000384,-1.492985243436970588
0.558000000000000274,-1.475644248986310192
0.559000000000000385,-1.458515606841147783
0.560000000000000275,-1.441598246252070892
0.561000000000000387,-1.424891055989787603
0.562000000000000277,-1.408392885820040963
0.563000000000000389,-1.392102547956402203
0.564000000000000279,-1.376018818490763795
0.565000000000000391,-1.360140438801333840
0.566000000000000281,-1.344466116938016542
0.567000000000000393,-1.328994528985028678
0.568000000000000282,-1.313724320400699197
0.569000000000000394,-1.298654107334270336
0.570000000000000284,-1.283782477919761522
0.571000000000000396,-1.269107993546741531
0.572000000000000286,-1.254629190108094372
0.573000000000000398,-1.240344579224627264
0.574000000000000288,-1.226252649446681442
0.575000000000000400,-1.212351867432673647
0.576000000000000290,-1.198640679104641560
0.577000000000000401,-1.185117510780839156
0.578000000000000291,-1.171780770285474338
0.579000000000000403,-1.158628848035630377
0.580000000000000293,-1.145660118105524150
0.581000000000000405,-1.132872939268139367
0.582000000000000295,-1.120265656014445721
0.583000000000000407,-1.107836599550237944
0.584000000000000297,-1.095584088770806597
0.585000000000000409,-1.083506431213569154
0.586000000000000298,-1.071601923988828808
0.587000000000000410,-1.059868854688818640
0.588000000000000300,-1.048305502275239443
0.589000000000000412,-1.036910137945432853
0.590000000000000302,-1.025681025977432492
0.591000000000000414,-1.014616424554089402
0.592000000000000304,-1.003714586566446521
0.593000000000000416,-0.992973760396595018
0.594000000000000306,-0.982392190680274724
0.595000000000000417,-0.971968119049375745
0.596000000000000307,-0.961699784854617823
0.597000000000000419,-0.951585425868640478
0.598000000000000309,-0.941623278969750288
0.599000000000000421,-0.931811580806514939
0.600000000000000311,-0.922148568443557304
0.601000000000000423,-0.912632479988688017
0.602000000000000313,-0.903261555201732458
0.603000000000000425,-0.894034036085201600
0.604000000000000314,-0.884948167457212831
0.605000000000000426,-0.876002197506741909
0.606000000000000316,-0.867194378331645588
0.607000000000000428,-0.858522966459581482
0.608000000000000318,-0.849986223352203751
0.609000000000000430,-0.841582415892792590
0.610000000000000320,-0.833309816857698671
0.611000000000000432,-0.825166705371771059
0.612000000000000322,-0.817151367348109225
0.613000000000000433,-0.809262095912370638
0.614000000000000323,-0.801497191811919030
0.615000000000000435,-0.793854963810087244
0.616000000000000325,-0.786333729065795017
0.617000000000000437,-0.778931813498824788
0.618000000000000327,-0.771647552141018656
0.619000000000000439,-0.764479289473621426
0.620000000000000329,-0.757425379751094141
0.621000000000000441,-0.750484187311629802
0.622000000000000330,-0.743654086874632525
0.623000000000000442,-0.736933463825434010
0.624000000000000332,-0.730320714487493694
0.625000000000000444,-0.723814246382365023
0.626000000000000334,-0.717412478477653659
0.627000000000000446,-0.711113841423239745
0.628000000000000336,-0.704916777776012804
0.629000000000000448,-0.698819742213373285
0.630000000000000338,-0.692821201735742909
0.631000000000000449,-0.686919635858332489
0.632000000000000339,-0.681113536792404051
0.633000000000000451,-0.675401409616283255
0.634000000000000341,-0.669781772436338185
0.635000000000000453,-0.664253156538197609
0.636000000000000343,-0.658814106528378352
0.637000000000000455,-0.653463180466627436
0.638000000000000345,-0.648198949989159390
0.639000000000000457,-0.643020000423004001
0.640000000000000346,-0.637924930891745734
0.641000000000000458,-0.632912354412795475
0.642000000000000348,-0.627980897986485487
0.643000000000000460,-0.623129202677138894
0.644000000000000350,-0.618355923686372710
0.645000000000000462,-0.613659730418807614
0.646000000000000352,-0.609039306540411607
0.647000000000000464,-0.604493350029652321
0.648000000000000353,-0.600020573221712317
0.649000000000000465,-0.595619702845872845
0.650000000000000355,-0.591289480056359840
0.651000000000000467,-0.587028660456750173
0.652000000000000357,-0.582836014118205403
0.653000000000000469,-0.578710325591639374
0.654000000000000359,-0.574650393914076685
0.655000000000000471,-0.570655032609299395
0.656000000000000361,-0.566723069683041203
0.657000000000000473,-0.562853347612811250
0.658000000000000362,-0.559044723332604465
0.659000000000000474,-0.555296068212581040
0.660000000000000364,-0.551606268033952851
0.661000000000000476,-0.547974222959165203
0.662000000000000366,-0.544398847497588045
0.663000000000000478,-0.540879070466836587
0.664000000000000368,-0.537413834949880598
0.665000000000000480,-0.534002098248097079
0.666000000000000369,-0.530642831830391626
0.667000000000000481,-0.527335021278558025
0.668000000000000371,-0.524077666228988326
0.669000000000000483,-0.520869780310874608
0.670000000000000373,-0.517710391081075527
0.671000000000000485,-0.514598539955678613
0.672000000000000375,-0.511533282138533218
0.673000000000000487,-0.508513686546729238
0.674000000000000377,-0.505538835733241987
0.675000000000000488,-0.502607825806829167
0.676000000000000378,-0.499719766349301930
0.677000000000000490,-0.496873780330279291
0.678000000000000380,-0.494069004019534685
0.679000000000000492,-0.491304586897058637
0.680000000000000382,-0.488579691560937945
0.681000000000000494,-0.485893493633143270
0.682000000000000384,-0.483245181663346457
0.683000000000000496,-0.480633957030851655
0.684000000000000385,-0.478059033844742742
0.685000000000000497,-0.475519638842347436
0.686000000000000387,-0.473015011286100961
0.687000000000000499,-0.470544402858894872
0.688000000000000389,-0.468107077558034157
0.689000000000000501,-0.465702311587820550
0.690000000000000391,-0.463329393250925037
0.691000000000000503,-0.460987622838563815
0.692000000000000393,-0.458676312519601115
0.693000000000000504,-0.456394786228628946
0.694000000000000394,-0.454142379553123476
0.695000000000000506,-0.451918439619712564
0.696000000000000396,-0.449722324979672738
0.697000000000000508,-0.447553405493690437
0.698000000000000398,-0.445411062215970710
0.699000000000000510,-0.443294687277739297
0.700000000000000400,-0.441203683770240940
0.701000000000000512,-0.439137465627243428
0.702000000000000401,-0.437095457507147511
0.703000000000000513,-0.435077094674751641
0.704000000000000403,-0.433081822882704137
0.705000000000000515,-0.431109098252737355
0.706000000000000405,-0.429158387156701404
0.707000000000000517,-0.427229166097469026
0.708000000000000407,-0.425320921589749656
0.709000000000000519,-0.423433150040873396
0.710000000000000409,-0.421565357631580373
0.711000000000000520,-0.419717060196862335
0.712000000000000410,-0.417887783106908994
0.713000000000000522,-0.416077061148181382
0.714000000000000412,-0.414284438404683375
0.715000000000000524,-0.412509468139439561
0.716000000000000414,-0.410751712676238889
0.717000000000000526,-0.409010743281670752
0.718000000000000416,-0.407286140047487977
0.719000000000000528,-0.405577491773337406
0.720000000000000417,-0.403884395849890165
0.721000000000000529,-0.402206458142394752
0.722000000000000419,-0.400543292874699142
0.723000000000000531,-0.398894522513742911
0.724000000000000421,-0.397259777654585311
0.725000000000000533,-0.395638696905969034
0.726000000000000423,-0.394030926776455237
0.727000000000000535,-0.392436121561143714
0.728000000000000425,-0.390853943229026446
0.729000000000000536,-0.389284061310970597
0.730000000000000426,-0.387726152788374079
0.731000000000000538,-0.386179901982494356
0.732000000000000428,-0.384645000444485796
0.733000000000000540,-0.383121146846165828
0.734000000000000430,-0.381608046871508455
0.735000000000000542,-0.380105413108908496
0.736000000000000432,-0.378612964944216590
0.737000000000000544,-0.377130428454558353
0.738000000000000433,-0.375657536302966277
0.739000000000000545,-0.374194027633823534
0.740000000000000435,-0.372739647969145882
0.741000000000000547,-0.371294149105707738
0.742000000000000437,-0.369857289013016122
0.743000000000000549,-0.368428831732158457
0.744000000000000439,-0.367008547275531949
0.745000000000000551,-0.365596211527444592
0.746000000000000441,-0.364191606145635227
0.747000000000000552,-0.362794518463670834
0.748000000000000442,-0.361404741394277085
0.749000000000000554,-0.360022073333589099
0.750000000000000444,-0.358646318066301706
0.751000000000000556,-0.357277284671781492
0.752000000000000446,-0.355914787431107382
0.753000000000000558,-0.354558645735041478
0.754000000000000448,-0.353208683992951467
0.755000000000000560,-0.351864731542708864
0.756000000000000449,-0.350526622561492474
0.757000000000000561,-0.349194195977588273
0.758000000000000451,-0.347867295383137987
0.759000000000000563,-0.346545768947843780
0.760000000000000453,-0.345229469333626415
0.761000000000000565,-0.343918253610283720
0.762000000000000455,-0.342611983172063039
0.763000000000000567,-0.341310523655241838
0.764000000000000457,-0.340013744856653033
0.765000000000000568,-0.338721520653175290
0.766000000000000458,-0.337433728922186482
0.767000000000000570,-0.336150251462999983
0.768000000000000460,-0.334870973919227211
0.769000000000000572,-0.333595785702137160
0.770000000000000462,-0.332324579914942242
0.771000000000000574,-0.331057253278060903
0.772000000000000464,-0.329793706055326763
0.773000000000000576,-0.328533841981142272
0.774000000000000465,-0.327277568188591661
0.775000000000000577,-0.326024795138481593
0.776000000000000467,-0.324775436549339436
0.777000000000000579,-0.323529409328328521
0.778000000000000469,-0.322286633503118258
0.779000000000000581,-0.321047032154660461
0.780000000000000471,-0.319810531350901150
0.781000000000000583,-0.318577060081405183
0.782000000000000473,-0.317346550192903976
0.783000000000000584,-0.316118936325738731
0.784000000000000474,-0.314894155851218716
0.785000000000000586,-0.313672148809870266
0.786000000000000476,-0.312452857850576415
0.787000000000000588,-0.311236228170618079
0.788000000000000478,-0.310022207456574272
0.789000000000000590,-0.308810745826112232
0.790000000000000480,-0.307601795770647946
0.791000000000000592,-0.306395312098852124
0.792000000000000481,-0.305191251881035630
0.793000000000000593,-0.303989574394365802
0.794000000000000483,-0.302790241068929267
0.795000000000000595,-0.301593215434646400
0.796000000000000485,-0.300398463068990762
0.797000000000000597,-0.299205951545549187
0.798000000000000487,-0.298015650383396558
0.799000000000000599,-0.296827530997266442
0.800000000000000488,-0.295641566648538245
0.801000000000000600,-0.294457732397011784
0.802000000000000490,-0.293276005053465183
0.803000000000000602,-0.292096363133005910
0.804000000000000492,-0.290918786809178709
0.805000000000000604,-0.289743257868847026
0.806000000000000494,-0.288569759667837322
0.807000000000000606,-0.287398277087325849
0.808000000000000496,-0.286228796490961723
0.809000000000000608,-0.285061305682748567
0.810000000000000497,-0.283895793865629242
0.811000000000000609,-0.282732251600803175
0.812000000000000499,-0.281570670767757270
0.813000000000000611,-0.280411044524998765
0.814000000000000501,-0.279253367271480757
0.815000000000000613,-0.278097634608731603
0.816000000000000503,-0.276943843303648574
0.817000000000000615,-0.275791991251982505
0.818000000000000504,-0.274642077442474597
0.819000000000000616,-0.273494101921670119
0.820000000000000506,-0.272348065759361879
0.821000000000000618,-0.271203971014699285
0.822000000000000508,-0.270061820702918620
0.823000000000000620,-0.268921618762708536
0.824000000000000510,-0.267783370024194611
0.825000000000000622,-0.266647080177548845
0.826000000000000512,-0.265512755742174922
0.827000000000000624,-0.264380404036534511
0.828000000000000513,-0.263250033148525631
0.829000000000000625,-0.262121651906474962
0.830000000000000515,-0.260995269850685940
0.831000000000000627,-0.259870897205562223
0.832000000000000517,-0.258748544852292928
0.833000000000000629,-0.257628224302100584
0.834000000000000519,-0.256509947670018446
0.835000000000000631,-0.255393727649215974
0.836000000000000520,-0.254279577485867492
0.837000000000000632,-0.253167510954522612
0.838000000000000522,-0.252057542334015117
0.839000000000000634,-0.250949686383871107
0.840000000000000524,-0.249843958321229215
0.841000000000000636,-0.248740373798246678
0.842000000000000526,-0.247638948880004678
0.843000000000000638,-0.246539700022896741
0.844000000000000528,-0.245442644053477987
0.845000000000000639,-0.244347798147809409
0.846000000000000529,-0.243255179811235372
0.847000000000000641,-0.242164806858643666
0.848000000000000531,-0.241076697395149975
0.849000000000000643,-0.239990869797243628
0.850000000000000533,-0.238907342694366115
0.851000000000000645,-0.237826134950892693
0.852000000000000535,-0.236747265648586780
0.853000000000000647,-0.235670754069415900
0.854000000000000536,-0.234596619678823115
0.855000000000000648,-0.233524882109366061
0.856000000000000538,-0.232455561144778722
0.857000000000000650,-0.231388676704409491
0.858000000000000540,-0.230324248828051914
0.859000000000000652,-0.229262297661148085
0.860000000000000542,-0.228202843440369257
0.861000000000000654,-0.227145906479562232
0.862000000000000544,-0.226091507156061355
0.863000000000000655,-0.225039665897334318
0.864000000000000545,-0.223990403168011554
0.865000000000000657,-0.222943739457230283
0.866000000000000547,-0.221899695266330743
0.867000000000000659,-0.220858291096872383
0.868000000000000549,-0.219819547438998730
0.869000000000000661,-0.218783484760097263
0.870000000000000551,-0.217750123493792636
0.871000000000000663,-0.216719484029237991
0.872000000000000552,-0.215691586700731713
0.873000000000000664,-0.214666451777599854
0.874000000000000554,-0.213644099454409819
0.875000000000000666,-0.212624549841446381
0.876000000000000556,-0.211607822955488023
0.877000000000000668,-0.210593938710848860
0.878000000000000558,-0.209582916910708322
0.879000000000000670,-0.208574777238704268
0.880000000000000560,-0.207569539250779922
0.881000000000000671,-0.206567222367317116
0.882000000000000561,-0.205567845865489929
0.883000000000000673,-0.204571428871897693
0.884000000000000563,-0.203577990355434751
0.885000000000000675,-0.202587549120385235
0.886000000000000565,-0.201600123799778347
0.887000000000000677,-0.200615732848962003
0.888000000000000567,-0.199634394539408178
0.889000000000000679,-0.198656126952739098
0.890000000000000568,-0.197680947974969573
0.891000000000000680,-0.196708875290977359
0.892000000000000570,-0.195739926379168649
0.893000000000000682,-0.194774118506353899
0.894000000000000572,-0.193811468722837443
0.895000000000000684,-0.192851993857683451
0.896000000000000574,-0.191895710514205675
0.897000000000000686,-0.190942635065614097
0.898000000000000576,-0.189992783650876407
0.899000000000000687,-0.189046172170749427
0.900000000000000577,-0.188102816283992086
0.901000000000000689,-0.187162731403746063
0.902000000000000579,-0.186225932694108753
0.903000000000000691,-0.185292435066846339
0.904000000000000581,-0.184362253178297658
0.905000000000000693,-0.183435401426424727
0.906000000000000583,-0.182511893948025861
0.907000000000000695,-0.181591744616092704
0.908000000000000584,-0.180674967037336570
0.909000000000000696,-0.179761574549852476
0.910000000000000586,-0.178851580220920070
0.911000000000000698,-0.177944996844965647
0.912000000000000588,-0.177041836941642605
0.913000000000000700,-0.176142112754058555
0.914000000000000590,-0.175245836247126807
0.915000000000000702,-0.174353019106052415
0.916000000000000592,-0.173463672734950614
0.917000000000000703,-0.172577808255567261
0.918000000000000593,-0.171695436506146271
0.919000000000000705,-0.170816568040387029
0.920000000000000595,-0.169941213126547280
0.921000000000000707,-0.169069381746622505
0.922000000000000597,-0.168201083595670986
0.923000000000000709,-0.167336328081213931
0.924000000000000599,-0.166475124322762041
0.925000000000000711,-0.165617481151434098
0.926000000000000600,-0.164763407109667109
0.927000000000000712,-0.163912910451042171
0.928000000000000602,-0.163065999140186935
0.929000000000000714,-0.162222680852774248
0.930000000000000604,-0.161382962975621991
0.931000000000000716,-0.160546852606852475
0.932000000000000606,-0.159714356556167808
0.933000000000000718,-0.158885481345192675
0.934000000000000608,-0.158060233207885398
0.935000000000000719,-0.157238618091052551
0.936000000000000609,-0.156420641654923531
0.937000000000000721,-0.155606309273797538
0.938000000000000611,-0.154795626036771133
0.939000000000000723,-0.153988596748528161
0.940000000000000613,-0.153185225930200120
0.941000000000000725,-0.152385517820296329
0.942000000000000615,-0.151589476375687815
0.943000000000000727,-0.150797105272665100
0.944000000000000616,-0.150008407908048008
0.945000000000000728,-0.149223387400352930
0.946000000000000618,-0.148442046591029497
0.947000000000000730,-0.147664388045725736
0.948000000000000620,-0.146890414055641960
0.949000000000000732,-0.146120126638901976
0.950000000000000622,-0.145353527541996597
0.951000000000000734,-0.144590618241267455
0.952000000000000624,-0.143831399944430699
0.953000000000000735,-0.143075873592161479
0.954000000000000625,-0.142324039859706153
0.955000000000000737,-0.141575899158544433
0.956000000000000627,-0.140831451638093214
0.957000000000000739,-0.140090697187440855
0.958000000000000629,-0.139353635437131140
0.959000000000000741,-0.138620265760969058
0.960000000000000631,-0.137890587277877785
0.961000000000000743,-0.137164598853774022
0.962000000000000632,-0.136442299103482101
0.963000000000000744,-0.135723686392684867
0.964000000000000634,-0.135008758839891191
0.965000000000000746,-0.134297514318436922
0.966000000000000636,-0.133589950458524426
0.967000000000000748,-0.132886064649268804
0.968000000000000638,-0.132185854040778844
0.969000000000000750,-0.131489315546269775
0.970000000000000639,-0.130796445844178516
0.971000000000000751,-0.130107241380318539
0.972000000000000641,-0.129421698370044552
0.973000000000000753,-0.128739812800440084
0.974000000000000643,-0.128061580432528355
0.975000000000000755,-0.127386996803489444
0.976000000000000645,-0.126716057228900225
0.977000000000000757,-0.126048756804991446
0.978000000000000647,-0.125385090410917416
0.979000000000000759,-0.124725052711032514
0.980000000000000648,-0.124068638157195071
0.981000000000000760,-0.123415840991067241
0.982000000000000650,-0.122766655246434125
0.983000000000000762,-0.122121074751534886
0.984000000000000652,-0.121479093131392227
0.985000000000000764,-0.120840703810167399
0.986000000000000654,-0.120205900013502592
0.987000000000000766,-0.119574674770889233
0.988000000000000655,-0.118947020918028751
0.989000000000000767,-0.118322931099205220
0.990000000000000657,-0.117702397769659295
0.991000000000000769,-0.117085413197967836
0.992000000000000659,-0.116471969468429790
0.993000000000000771,-0.115862058483450242
0.994000000000000661,-0.115255671965924206
0.995000000000000773,-0.114652801461630191
0.996000000000000663,-0.114053438341620558
0.997000000000000774,-0.113457573804601392
0.998000000000000664,-0.112865198879333592
0.999000000000000776,-0.112276304427013002
1.000000000000000666,-0.111690881143658285
1.001000000000000778,-0.111108919562498618
1.002000000000000668,-0.110530410056353293
1.003000000000000780,-0.109955342840007408
1.004000000000000670,-0.109383707972587715
1.005000000000000782,-0.108815495359934664
1.006000000000000671,-0.108250694756973104
1.007000000000000783,-0.107689295770058743
1.008000000000000673,-0.107131287859348667
1.009000000000000785,-0.106576660341140911
1.010000000000000675,-0.106025402390222664
1.011000000000000787,-0.105477503042203186
1.012000000000000677,-0.104932951195845628
1.013000000000000789,-0.104391735615380732
1.014000000000000679,-0.103853844932834422
1.015000000000000790,-0.103319267650316252
1.016000000000000680,-0.102787992142327728
1.017000000000000792,-0.102260006658042621
1.018000000000000682,-0.101735299323588352
1.019000000000000794,-0.101213858144314231
1.020000000000000684,-0.100695671007047322
1.021000000000000796,-0.100180725682339183
1.022000000000000686,-0.099669009826711091
1.023000000000000798,-0.099160510984869624
1.024000000000000687,-0.098655216591926082
1.025000000000000799,-0.098153113975606401
1.026000000000000689,-0.097654190358433063
1.027000000000000801,-0.097158432859914851
1.028000000000000691,-0.096665828498706419
1.029000000000000803,-0.096176364194766314
1.030000000000000693,-0.095690026771511533
1.031000000000000805,-0.095206802957928646
1.032000000000000695,-0.094726679390700452
1.033000000000000806,-0.094249642616318394
1.034000000000000696,-0.093775679093157566
1.035000000000000808,-0.093304775193564948
1.036000000000000698,-0.092836917205918315
1.037000000000000810,-0.092372091336674927
1.038000000000000700,-0.091910283712413970
1.039000000000000812,-0.091451480381846625
1.040000000000000702,-0.090995667317833012
1.041000000000000814,-0.090542830419371167
1.042000000000000703,-0.090092955513569689
1.043000000000000815,-0.089646028357617175
1.044000000000000705,-0.089202034640734215
1.045000000000000817,-0.088760959986087573
1.046000000000000707,-0.088322789952734446
1.047000000000000819,-0.087887510037502739
1.048000000000000709,-0.087455105676894782
1.049000000000000821,-0.087025562248949292
1.050000000000000711,-0.086598865075100867
1.051000000000000822,-0.086174999422021697
1.052000000000000712,-0.085753950503451609
1.053000000000000824,-0.085335703481998398
1.054000000000000714,-0.084920243470939155
1.055000000000000826,-0.084507555535998799
1.056000000000000716,-0.084097624697106119
1.057000000000000828,-0.083690435930148716
1.058000000000000718,-0.083285974168696375
1.059000000000000830,-0.082884224305723356
1.060000000000000719,-0.082485171195301271
1.061000000000000831,-0.082088799654278066
1.062000000000000721,-0.081695094463959436
1.063000000000000833,-0.081304040371739009
1.064000000000000723,-0.080915622092756614
1.065000000000000835,-0.080529824311489334
1.066000000000000725,-0.080146631683377462
1.067000000000000837,-0.079766028836395456
1.068000000000000727,-0.079388000372630135
1.069000000000000838,-0.079012530869832537
1.070000000000000728,-0.078639604882947176
1.071000000000000840,-0.078269206945648789
1.072000000000000730,-0.077901321571835561
1.073000000000000842,-0.077535933257119688
1.074000000000000732,-0.077173026480306300
1.075000000000000844,-0.076812585704849556
1.076000000000000734,-0.076454595380285317
1.077000000000000846,-0.076099039943666180
1.078000000000000735,-0.075745903820962759
1.079000000000000847,-0.075395171428465371
1.080000000000000737,-0.075046827174151315
1.081000000000000849,-0.074700855459055443
1.082000000000000739,-0.074357240678606162
1.083000000000000851,-0.074015967223960935
1.084000000000000741,-0.073677019483323503
1.085000000000000853,-0.073340381843230676
1.086000000000000743,-0.073006038689847869
1.087000000000000854,-0.072673974410221734
1.088000000000000744,-0.072344173393548011
1.089000000000000856,-0.072016620032390871
1.090000000000000746,-0.071691298723913457
1.091000000000000858,-0.071368193871082522
1.092000000000000748,-0.071047289883847758
1.093000000000000860,-0.070728571180332725
1.094000000000000750,-0.070412022187980358
1.095000000000000862,-0.070097627344698460
1.096000000000000751,-0.069785371099995039
1.097000000000000863,-0.069475237916086577
1.098000000000000753,-0.069167212268998232
1.099000000000000865,-0.068861278649650887
1.100000000000000755,-0.068557421564924878
1.101000000000000867,-0.068255625538712839
1.102000000000000757,-0.067955875112975350
1.103000000000000869,-0.067658154848743490
1.104000000000000759,-0.067362449327142943
1.105000000000000870,-0.067068743150393725
1.106000000000000760,-0.066777020942778570
1.107000000000000872,-0.066487267351624552
1.108000000000000762,-0.066199467048244670
1.109000000000000874,-0.065913604728891323
1.110000000000000764,-0.065629665115665675
1.111000000000000876,-0.065347632957441226
1.112000000000000766,-0.065067493030758400
1.113000000000000878,-0.064789230140703175
1.114000000000000767,-0.064512829121788295
1.115000000000000879,-0.064238274838797377
1.116000000000000769,-0.063965552187637637
1.117000000000000881,-0.063694646096167373
1.118000000000000771,-0.063425541525012452
1.119000000000000883,-0.063158223468364388
1.120000000000000773,-0.062892676954779778
1.121000000000000885,-0.062628887047952247
1.122000000000000774,-0.062366838847477048
1.123000000000000886,-0.062106517489602511
1.124000000000000776,-0.061847908147971156
1.125000000000000888,-0.061590996034343981
1.126000000000000778,-0.061335766399312895
1.127000000000000890,-0.061082204533003760
1.128000000000000780,-0.060830295765766526
1.129000000000000892,-0.060580025468847623
1.130000000000000782,-0.060331379055054368
1.131000000000000894,-0.060084341979414514
1.132000000000000783,-0.059838899739807681
1.133000000000000895,-0.059595037877599365
1.134000000000000785,-0.059352741978252743
1.135000000000000897,-0.059111997671940621
1.136000000000000787,-0.058872790634128945
1.137000000000000899,-0.058635106586169258
1.138000000000000789,-0.058398931295863619
1.139000000000000901,-0.058164250578021548
1.140000000000000790,-0.057931050295013511
1.141000000000000902,-0.057699316357303673
1.142000000000000792,-0.057469034723977644
1.143000000000000904,-0.057240191403258367
1.144000000000000794,-0.057012772453003735
1.145000000000000906,-0.056786763981212809
1.146000000000000796,-0.056562152146495646
1.147000000000000908,-0.056338923158551914
1.148000000000000798,-0.056117063278633320
1.149000000000000909,-0.055896558819991823
1.150000000000000799,-0.055677396148326300
1.151000000000000911,-0.055459561682204617
1.152000000000000801,-0.055243041893498865
1.153000000000000913,-0.055027823307780666
1.154000000000000803,-0.054813892504733043
1.155000000000000915,-0.054601236118538010
1.156000000000000805,-0.054389840838266576
1.157000000000000917,-0.054179693408234100
1.158000000000000806,-0.053970780628383008
1.159000000000000918,-0.053763089354624170
1.160000000000000808,-0.053556606499181980
1.161000000000000920,-0.053351319030934638
1.162000000000000810,-0.053147213975738107
1.163000000000000922,-0.052944278416742561
1.164000000000000812,-0.052742499494698822
1.165000000000000924,-0.052541864408264492
1.166000000000000814,-0.052342360414288712
1.167000000000000925,-0.052143974828093298
1.168000000000000815,-0.051946695023752397
1.169000000000000927,-0.051750508434356024
1.170000000000000817,-0.051555402552262167
1.171000000000000929,-0.051361364929349319
1.172000000000000819,-0.051168383177256825
1.173000000000000931,-0.050976444967619217
1.174000000000000821,-0.050785538032286734
1.175000000000000933,-0.050595650163544260
1.176000000000000822,-0.050406769214323577
1.177000000000000934,-0.050218883098390933
1.178000000000000824,-0.050031979790558477
1.179000000000000936,-0.049846047326861820
1.180000000000000826,-0.049661073804735292
1.181000000000000938,-0.049477047383189462
1.182000000000000828,-0.049293956282971799
1.183000000000000940,-0.049111788786724613
1.184000000000000830,-0.048930533239131067
1.185000000000000941,-0.048750178047064018
1.186000000000000831,-0.048570711679718340
1.187000000000000943,-0.048392122668738755
1.188000000000000833,-0.048214399608344741
1.189000000000000945,-0.048037531155443243
1.190000000000000835,-0.047861506029740278
1.191000000000000947,-0.047686313013839229
1.192000000000000837,-0.047511940953345308
1.193000000000000949,-0.047338378756942051
1.194000000000000838,-0.047165615396486713
1.195000000000000950,-0.046993639907081053
1.196000000000000840,-0.046822441387144351
1.197000000000000952,-0.046652008998475825
1.198000000000000842,-0.046482331966320740
1.199000000000000954,-0.046313399579413370
1.200000000000000844,-0.046145201190032931
1.201000000000000734,-0.045977726214038978
1.202000000000000846,-0.045810964130916461
1.203000000000000957,-0.045644904483790986
1.204000000000000847,-0.045479536879474224
1.205000000000000737,-0.045314850988462399
1.206000000000000849,-0.045150836544965108
1.207000000000000961,-0.044987483346908677
1.208000000000000851,-0.044824781255942719
1.209000000000000741,-0.044662720197431796
1.210000000000000853,-0.044501290160460769
1.211000000000000965,-0.044340481197810130
1.212000000000000854,-0.044180283425951303
1.213000000000000744,-0.044020687025017484
1.214000000000000856,-0.043861682238782868
1.215000000000000968,-0.043703259374627268
1.216000000000000858,-0.043545408803505929
1.217000000000000748,-0.043388120959905983
1.218000000000000860,-0.043231386341802833
1.219000000000000972,-0.043075195510616789
1.220000000000000862,-0.042919539091148200
1.221000000000000751,-0.042764407771531412
1.222000000000000863,-0.042609792303168456
1.223000000000000975,-0.042455683500663817
1.224000000000000865,-0.042302072241754987
1.225000000000000755,-0.042148949467234333
1.226000000000000867,-0.041996306180879919
1.227000000000000979,-0.041844133449366494
1.228000000000000869,-0.041692422402181226
1.229000000000000759,-0.041541164231539231
1.230000000000000870,-0.041390350192281447
1.231000000000000982,-0.041239971601784074
1.232000000000000872,-0.041090019839859646
1.233000000000000762,-0.040940486348646818
1.234000000000000874,-0.040791362632506281
1.235000000000000986,-0.040642640257915238
1.236000000000000876,-0.040494310853338246
1.237000000000000766,-0.040346366109128860
1.238000000000000878,-0.040198797777394754
1.239000000000000989,-0.040051597671874536
1.240000000000000879,-0.039904757667823990
1.241000000000000769,-0.039758269701864787
1.242000000000000881,-0.039612125771870239
1.243000000000000993,-0.039466317936815619
1.244000000000000883,-0.039320838316650772
1.245000000000000773,-0.039175679092145158
1.246000000000000885,-0.039030832504751409
1.247000000000000997,-0.038886290856458519
1.248000000000000886,-0.038742046509635440
1.249000000000000776,-0.038598091886880952
1.250000000000000888,-0.038454419470870652
1.251000000000001000,-0.038311021804195752
1.252000000000000890,-0.038167891489199156
1.253000000000000780,-0.038025021187818801
1.254000000000000892,-0.037882403621420202
1.255000000000001004,-0.037740031570624465
1.256000000000000894,-0.037597897875139424
1.257000000000000783,-0.037455995433591141
1.258000000000000895,-0.037314317203345583
1.259000000000001007,-0.037172856200330298
1.260000000000000897,-0.037031605498858491
1.261000000000000787,-0.036890558231444812
1.262000000000000899,-0.036749707588622671
1.263000000000001011,-0.036609046818762425
1.264000000000000901,-0.036468569227877265
1.265000000000000790,-0.036328268179440508
1.266000000000000902,-0.036188137094189096
1.267000000000001014,-0.036048169449936399
1.268000000000000904,-0.035908358781370497
1.269000000000000794,-0.035768698679865055
1.270000000000000906,-0.035629182793272762
1.271000000000001018,-0.035489804825734966
1.272000000000000908,-0.035350558537474291
1.273000000000000798,-0.035211437744588334
1.274000000000000909,-0.035072436318852186
1.275000000000001021,-0.034933548187510891
1.276000000000000911,-0.034794767333065885
1.277000000000000801,-0.034656087793074844
1.278000000000000913,-0.034517503659927326
1.279000000000001025,-0.034379009080653680
1.280000000000000915,-0.034240598256692317
1.281000000000000805,-0.034102265443684138
1.282000000000000917,-0.033964004951256635
1.283000000000001029,-0.033825811142804280
1.284000000000000918,-0.033687678435273545
1.285000000000000808,-0.033549601298941106
1.286000000000000920,-0.033411574257191420
1.287000000000001032,-0.033273591886304639
1.288000000000000922,-0.033135648815220978
1.289000000000000812,-0.032997739725323792
1.290000000000000924,-0.032859859350219484
1.291000000000001036,-0.032722002475501832
1.292000000000000925,-0.032584163938534236
1.293000000000000815,-0.032446338628216179
1.294000000000000927,-0.032308521484760697
1.295000000000001039,-0.032170707499458294
1.296000000000000929,-0.032032891714455558
1.297000000000000819,-0.031895069222516954
1.298000000000000931,-0.031757235166797390
1.299000000000001043,-0.031619384740611718
1.300000000000000933,-0.031481513187192334
1.301000000000000822,-0.031343615799472826
1.302000000000000934,-0.031205687919835114
1.303000000000001046,-0.031067724939892193
1.304000000000000936,-0.030929722300234868
1.305000000000000826,-0.030791675490214422
1.306000000000000938,-0.030653580047691170
1.307000000000001050,-0.030515431558805334
1.308000000000000940,-0.030377225657740842
1.309000000000000830,-0.030238958026483159
1.310000000000000941,-0.030100624394581353
1.311000000000001053,-0.029962220538914387
1.312000000000000943,-0.029823742283445497
1.313000000000000833,-0.029685185498990956
1.314000000000000945,-0.029546546102971499
1.315000000000001057,-0.029407820059178514
1.316000000000000947,-0.029269003377533430
1.317000000000000837,-0.029130092113845107
1.318000000000000949,-0.028991082369570560
1.319000000000001060,-0.028851970291573575
1.320000000000000950,-0.028712752071883091
1.321000000000000840,-0.028573423947452568
1.322000000000000952,-0.028433982199919595
1.323000000000001064,-0.028294423155367322
1.324000000000000954,-0.028154743184070040
1.325000000000000844,-0.028014938700268378
1.326000000000000956,-0.027875006161917144
1.327000000000001068,-0.027734942070446533
1.328000000000000957,-0.027594742970516485
1.329000000000000847,-0.027454405449783871
1.330000000000000959,-0.027313926138651780
1.331000000000001071,-0.027173301710028845
1.332000000000000961,-0.027032528879094873
1.333000000000000851,-0.026891604403052417
1.334000000000000963,-0.026750525080882204
1.335000000000001075,-0.026609287753112342
1.336000000000000965,-0.026467889301566606
1.337000000000000854,-0.026326326649128141
1.338000000000000966,-0.026184596759499711
1.339000000000001078,-0.026042696636956859
1.340000000000000968,-0.025900623326115889
1.341000000000000858,-0.025758373911682536
1.342000000000000970,-0.025615945518221810
1.343000000000001082,-0.025473335309913379
1.344000000000000972,-0.025330540490307817
1.345000000000000862,-0.025187558302099112
1.346000000000000973,-0.025044386026867295
1.347000000000001085,-0.024901020984858701
1.348000000000000975,-0.024757460534732260
1.349000000000000865,-0.024613702073328213
1.350000000000000977,-0.024469743035429134
1.351000000000001089,-0.024325580893523071
1.352000000000000979,-0.024181213157563084
1.353000000000000869,-0.024036637374732651
1.354000000000000981,-0.023891851129207296
1.355000000000001092,-0.023746852041923679
1.356000000000000982,-0.023601637770333653
1.357000000000000872,-0.023456206008179610
1.358000000000000984,-0.023310554485252301
1.359000000000001096,-0.023164680967162624
1.360000000000000986,-0.023018583255094139
1.361000000000000876,-0.022872259185593036
1.362000000000000988,-0.022725706630306441
1.363000000000001100,-0.022578923495777066
1.364000000000000989,-0.022431907723191598
1.365000000000000879,-0.022284657288154291
1.366000000000000991,-0.022137170200463682
1.367000000000001103,-0.021989444503871882
1.368000000000000993,-0.021841478275856745
1.369000000000000883,-0.021693269627399231
1.370000000000000995,-0.021544816702743746
1.371000000000001107,-0.021396117679180982
1.372000000000000997,-0.021247170766807315
1.373000000000000886,-0.021097974208314503
1.374000000000000998,-0.020948526278740838
1.375000000000001110,-0.020798825285270512
1.376000000000001000,-0.020648869566985886
1.377000000000000890,-0.020498657494658210
1.378000000000001002,-0.020348187470512345
1.379000000000001114,-0.020197457928012398
1.380000000000001004,-0.020046467331634309
1.381000000000000894,-0.019895214176639343
1.382000000000001005,-0.019743696988865585
1.383000000000001117,-0.019591914324490624
1.384000000000001007,-0.019439864769825510
1.385000000000000897,-0.019287546941084997
1.386000000000001009,-0.019134959484174974
1.387000000000001121,-0.018982101074472183
1.388000000000001011,-0.018828970416606420
1.389000000000000901,-0.018675566244241139
1.390000000000001013,-0.018521887319865947
1.391000000000001124,-0.018367932434569936
1.392000000000001014,-0.018213700407837489
1.393000000000000904,-0.018059190087325504
1.394000000000001016,-0.017904400348657614
1.395000000000001128,-0.017749330095205622
1.396000000000001018,-0.017593978257883929
1.397000000000000908,-0.017438343794931695
1.398000000000001020,-0.017282425691709739
1.399000000000001132,-0.017126222960486319
1.400000000000001021,-0.016969734640225949
1.401000000000000911,-0.016812959796393762
1.402000000000001023,-0.016655897520734448
1.403000000000001135,-0.016498546931070286
1.404000000000001025,-0.016340907171099962
1.405000000000000915,-0.016182977410191996
1.406000000000001027,-0.016024756843173071
1.407000000000001139,-0.015866244690140186
1.408000000000001029,-0.015707440196239836
1.409000000000000918,-0.015548342631484673
1.410000000000001030,-0.015388951290538837
1.411000000000001142,-0.015229265492521770
1.412000000000001032,-0.015069284580812987
1.413000000000000922,-0.014909007922852782
1.414000000000001034,-0.014748434909940999
1.415000000000001146,-0.014587564957038546
1.416000000000001036,-0.014426397502583527
1.417000000000000925,-0.014264932008282615
1.418000000000001037,-0.014103167958919968
1.419000000000001149,-0.013941104862172166
1.420000000000001039,-0.013778742248403036
1.421000000000000929,-0.013616079670484693
1.422000000000001041,-0.013453116703596646
1.423000000000001153,-0.013289852945037001
1.424000000000001043,-0.013126288014042730
1.425000000000000933,-0.012962421551586379
1.426000000000001044,-0.012798253220201439
1.427000000000001156,-0.012633782703785613
1.428000000000001046,-0.012469009707427727
1.429000000000000936,-0.012303933957209419
1.430000000000001048,-0.012138555200025811
1.431000000000001160,-0.011972873203404399
1.432000000000001050,-0.011806887755323410
1.433000000000000940,-0.011640598664024554
1.434000000000001052,-0.011474005757838005
1.435000000000001164,-0.011307108884998489
1.436000000000001053,-0.011139907913467861
1.437000000000000943,-0.010972402730760269
1.438000000000001055,-0.010804593243759472
1.439000000000001167,-0.010636479378545531
1.440000000000001057,-0.010468061080216501
1.441000000000000947,-0.010299338312718285
1.442000000000001059,-0.010130311058667548
1.443000000000001171,-0.009960979319180309
1.444000000000001060,-0.009791343113695273
1.445000000000000950,-0.009621402479811445
1.446000000000001062,-0.009451157473106833
1.447000000000001174,-0.009280608166980835
1.448000000000001064,-0.009109754652477349
1.449000000000000954,-0.008938597038114780
1.450000000000001066,-0.008767135449730228
1.451000000000001178,-0.008595370030304982
1.452000000000001068,-0.008423300939797290
1.453000000000000957,-0.008250928354985181
1.454000000000001069,-0.008078252469299345
1.455000000000001181,-0.007905273492660358
1.456000000000001071,-0.007731991651317274
1.457000000000000961,-0.007558407187688403
1.458000000000001073,-0.007384520360197233
1.459000000000001185,-0.007210331443118873
1.460000000000001075,-0.007035840726417868
1.461000000000000965,-0.006861048515590815
1.462000000000001076,-0.006685955131511002
1.463000000000001188,-0.006510560910272588
1.464000000000001078,-0.006334866203036899
1.465000000000000968,-0.006158871375877377
1.466000000000001080,-0.005982576809623661
1.467000000000001192,-0.005805982899712727
1.468000000000001082,-0.005629090056039214
1.469000000000000972,-0.005451898702798645
1.470000000000001084,-0.005274409278344924
1.471000000000001195,-0.005096622235036989
1.472000000000001085,-0.004918538039089458
1.473000000000000975,-0.004740157170431804
1.474000000000001087,-0.004561480122550763
1.475000000000001199,-0.004382507402363234
1.476000000000001089,-0.004203239530050871
1.477000000000000979,-0.004023677038931378
1.478000000000001091,-0.003843820475308258
1.479000000000001203,-0.003663670398328142
1.480000000000001092,-0.003483227379847524
1.481000000000000982,-0.003302492004283432
1.482000000000001094,-0.003121464868477913
1.483000000000001206,-0.002940146581557597
1.484000000000001096,-0.002758537764799199
1.485000000000000986,-0.002576639051486049
1.486000000000001098,-0.002394451086780486
1.487000000000001210,-0.002211974527581351
1.488000000000001100,-0.002029210042392157
1.489000000000000989,-0.001846158311183613
1.490000000000001101,-0.001662820025270607
1.491000000000001213,-0.001479195887167889
1.492000000000001103,-0.001295286610465483
1.493000000000000993,-0.001111092919699291
1.494000000000001105,-0.000926615550216393
1.495000000000001217,-0.000741855248047019
1.496000000000001107,-0.000556812769783743
1.497000000000000997,-0.000371488882443323
1.498000000000001108,-0.000185884363349530
1.499000000000001220,0.000000000000000000
