# ZnO10m10NBDry_GLU-AC
# h[nm],U(h)[kJ/mol]
0.149999999999999994,179.691744744132790856
0.150999999999999995,175.155980836464351569
0.151999999999999996,172.151315306957314988
0.152999999999999997,169.450158838829565866
0.153999999999999998,166.614337023699306428
0.154999999999999999,163.575045934921348589
0.156000000000000000,160.405798308808414276
0.157000000000000001,157.209289754677598694
0.158000000000000002,154.068725790813573440
0.159000000000000002,151.033428847449442856
0.160000000000000003,148.120900873192283598
0.161000000000000004,145.325284775763606149
0.162000000000000005,142.626930811540546529
0.163000000000000006,140.000599037710145467
0.164000000000000007,137.421427453822445841
0.165000000000000008,134.868636324517694902
0.166000000000000009,132.327326978597795915
0.167000000000000010,129.788862497155747633
0.168000000000000010,127.250309366817461409
0.169000000000000011,124.713346713058328419
0.170000000000000012,122.182955616548312605
0.171000000000000013,119.666108265226895924
0.172000000000000014,117.170596384225220277
0.173000000000000015,114.704074554281575615
0.174000000000000016,112.273346803354300505
0.175000000000000017,109.883892394907817902
0.176000000000000018,107.539606402351409997
0.177000000000000018,105.242719687863655054
0.178000000000000019,102.993858756801358822
0.179000000000000020,100.792206481990675115
0.180000000000000021,98.635728159938423687
0.181000000000000022,96.521432457379958691
0.182000000000000023,94.445642575078224468
0.183000000000000024,92.404258737726152617
0.184000000000000025,90.392998491292175345
0.185000000000000026,88.407606008551454124
0.186000000000000026,86.444025557007876159
0.187000000000000027,84.498537449238625641
0.188000000000000028,82.567857212077655049
0.189000000000000029,80.649200452320457089
0.190000000000000030,78.740317055716602113
0.191000000000000031,76.839499032130291312
0.192000000000000032,74.945566610034560995
0.193000000000000033,73.057837177793658157
0.194000000000000034,71.176081447063111796
0.195000000000000034,69.300470843096533713
0.196000000000000035,67.431519664052089524
0.197000000000000036,65.570025041611572192
0.198000000000000037,63.717007213256025011
0.199000000000000038,61.873652108349155299
0.200000000000000039,60.041257774127032576
0.201000000000000040,58.221185735838659525
0.202000000000000041,56.414818004620130409
0.203000000000000042,54.623520120234637432
0.204000000000000042,52.848610343580602944
0.205000000000000043,51.091334893689499097
0.206000000000000044,49.352848952115195402
0.207000000000000045,47.634203029527689921
0.208000000000000046,45.936334199807312473
0.209000000000000047,44.260061650657959831
0.210000000000000048,42.606085971455463834
0.211000000000000049,40.974991593706377557
0.212000000000000050,39.367251812465944738
0.213000000000000050,37.783235844160792283
0.214000000000000051,36.223217413759982719
0.215000000000000052,34.687384408922895318
0.216000000000000053,33.175849187884999481
0.217000000000000054,31.688659179145211908
0.218000000000000055,30.225807462639199485
0.219000000000000056,28.787243072555952494
0.220000000000000057,27.372880810145819197
0.221000000000000058,25.982610399964848114
0.222000000000000058,24.616304864409688236
0.223000000000000059,23.273828028784652844
0.224000000000000060,21.955041102313042956
0.225000000000000061,20.659808309434364304
0.226000000000000062,19.388001570494576953
0.227000000000000063,18.139504251706920712
0.228000000000000064,16.914214021271188670
0.229000000000000065,15.712044862062748862
0.230000000000000066,14.532928301654305159
0.231000000000000066,13.376813927926548331
0.232000000000000067,12.243669263493581312
0.233000000000000068,11.133479074930928476
0.234000000000000069,10.046244193663781630
0.235000000000000070,8.981979924643756164
0.236000000000000071,7.940714116891728125
0.237000000000000072,6.922484966861931710
0.238000000000000073,5.927338621624530290
0.239000000000000073,4.955326644274694381
0.240000000000000074,4.006503398935255866
0.241000000000000075,3.080923407396692237
0.242000000000000076,2.178638723962376567
0.243000000000000077,1.299696369560635612
0.244000000000000078,0.444135860747221056
0.245000000000000079,-0.388013136069049858
0.246000000000000080,-1.196732999919830620
0.247000000000000081,-1.982020179646020397
0.248000000000000081,-2.743887031406157195
0.249000000000000082,-3.482363457569232601
0.250000000000000111,-4.197498339070763862
0.251000000000000112,-4.889360756788544649
0.252000000000000113,-5.558041000617347294
0.253000000000000114,-6.203651367687274210
0.254000000000000115,-6.826326753597099284
0.255000000000000115,-7.426225042624229111
0.256000000000000116,-8.003527304650898344
0.257000000000000117,-8.558437808025271210
0.258000000000000118,-9.091183858776206606
0.259000000000000119,-9.602015477545055688
0.260000000000000120,-10.091204926305564982
0.261000000000000121,-10.559046097434912070
0.262000000000000122,-11.005853777999702103
0.263000000000000123,-11.431962802246086852
0.264000000000000123,-11.837727105258531779
0.265000000000000124,-12.223518690591479441
0.266000000000000125,-12.589726524404188268
0.267000000000000126,-12.936755368255916210
0.268000000000000127,-13.265024562264661867
0.269000000000000128,-13.574966769809686085
0.270000000000000129,-13.867026694382900587
0.271000000000000130,-14.141659778577130524
0.272000000000000131,-14.399330894551715332
0.273000000000000131,-14.640513034648986235
0.274000000000000132,-14.865686010156462515
0.275000000000000133,-15.075335165528475301
0.276000000000000134,-15.269950114703116029
0.277000000000000135,-15.450023505481913944
0.278000000000000136,-15.616049817287365187
0.279000000000000137,-15.768524196979067042
0.280000000000000138,-15.907941336798037568
0.281000000000000139,-16.034794397923917586
0.282000000000000139,-16.149573982571862274
0.283000000000000140,-16.252767157028809919
0.284000000000000141,-16.344856527531728574
0.285000000000000142,-16.426319370426060829
0.286000000000000143,-16.497626817609667427
0.287000000000000144,-16.559243097867160088
0.288000000000000145,-16.611624834331731648
0.289000000000000146,-16.655220397973948820
0.290000000000000147,-16.690469316711954662
0.291000000000000147,-16.717801739460849575
0.292000000000000148,-16.737637954192607026
0.293000000000000149,-16.750387958858077297
0.294000000000000150,-16.756451083830238957
0.295000000000000151,-16.756215664360269102
0.296000000000000152,-16.750058761394122087
0.297000000000000153,-16.738345928976283261
0.298000000000000154,-16.721431026366676775
0.299000000000000155,-16.699656072916404526
0.300000000000000155,-16.673351143685238185
0.301000000000000156,-16.642834303737821244
0.302000000000000157,-16.608411579025638360
0.303000000000000158,-16.570376961745083122
0.304000000000000159,-16.529012448059056339
0.305000000000000160,-16.484588106077033842
0.306000000000000161,-16.437362172007766503
0.307000000000000162,-16.387581172426486376
0.308000000000000163,-16.335480070634332606
0.309000000000000163,-16.281282435131586794
0.310000000000000164,-16.225200628275704418
0.311000000000000165,-16.167436013250146232
0.312000000000000166,-16.108179177530097093
0.313000000000000167,-16.047610171094131459
0.314000000000000168,-15.985898757697885486
0.315000000000000169,-15.923204677594593903
0.316000000000000170,-15.859677920158537390
0.317000000000000171,-15.795459004939242931
0.318000000000000171,-15.730679269747543714
0.319000000000000172,-15.665461164447885167
0.320000000000000173,-15.599918549204470963
0.321000000000000174,-15.534156996001524220
0.322000000000000175,-15.468274092330180025
0.323000000000000176,-15.402359746005419794
0.324000000000000177,-15.336496490146036109
0.325000000000000178,-15.270759787418711539
0.326000000000000179,-15.205218332714039775
0.327000000000000179,-15.139934353486278695
0.328000000000000180,-15.074963907051364131
0.329000000000000181,-15.010357174198436070
0.330000000000000182,-14.946158748527219373
0.331000000000000183,-14.882407920980790905
0.332000000000000184,-14.819138959095374375
0.333000000000000185,-14.756381380540933179
0.334000000000000186,-14.694160220574469022
0.335000000000000187,-14.632496293074336080
0.336000000000000187,-14.571406444868079788
0.337000000000000188,-14.510903803107208176
0.338000000000000189,-14.450998015482245052
0.339000000000000190,-14.391695483107810105
0.340000000000000191,-14.332999585942058474
0.341000000000000192,-14.274910900637754807
0.342000000000000193,-14.217427410751671601
0.343000000000000194,-14.160544709268231500
0.344000000000000195,-14.104256193418274634
0.345000000000000195,-14.048553251799209107
0.346000000000000196,-13.993425443824088816
0.347000000000000197,-13.938860671548383152
0.348000000000000198,-13.884845343941563556
0.349000000000000199,-13.831364533687837692
0.350000000000000200,-13.778402126615949541
0.351000000000000201,-13.725940963871781975
0.352000000000000202,-13.673962976960146065
0.353000000000000203,-13.622449315793383917
0.354000000000000203,-13.571380469894219090
0.355000000000000204,-13.520736382908864925
0.356000000000000205,-13.470496560594165558
0.357000000000000206,-13.420640172448903726
0.358000000000000207,-13.371146147164498785
0.359000000000000208,-13.321993262075389808
0.360000000000000209,-13.273160226792523275
0.361000000000000210,-13.224625761206146635
0.362000000000000210,-13.176368668046450239
0.363000000000000211,-13.128367900191346251
0.364000000000000212,-13.080602622911834843
0.365000000000000213,-13.033052271244869758
0.366000000000000214,-12.985696602683592715
0.367000000000000215,-12.938515745373269539
0.368000000000000216,-12.891490242000173794
0.369000000000000217,-12.844601089558278062
0.370000000000000218,-12.797829775176698064
0.371000000000000218,-12.751158308187642731
0.372000000000000219,-12.704569248612212817
0.373000000000000220,-12.658045732237681591
0.374000000000000221,-12.611571492456517873
0.375000000000000222,-12.565130879033659994
0.376000000000000223,-12.518708873964845552
0.377000000000000224,-12.472291104584348531
0.378000000000000225,-12.425863854076663273
0.379000000000000226,-12.379414069542038490
0.380000000000000226,-12.332929367761817474
0.381000000000000227,-12.286398038804367872
0.382000000000000228,-12.239809047608734005
0.383000000000000229,-12.193152033677922219
0.384000000000000230,-12.146417309009404306
0.385000000000000231,-12.099595854386084426
0.386000000000000232,-12.052679314146022449
0.387000000000000233,-12.005659989544996691
0.388000000000000234,-11.958530830821269220
0.389000000000000234,-11.911285428067873937
0.390000000000000235,-11.863918001012640602
0.391000000000000236,-11.816423387802773348
0.392000000000000237,-11.768797032885604636
0.393000000000000238,-11.721034974073793578
0.394000000000000239,-11.673133828878450302
0.395000000000000240,-11.625090780190163287
0.396000000000000241,-11.576903561383732111
0.397000000000000242,-11.528570440918537443
0.398000000000000242,-11.480090206503071215
0.399000000000000243,-11.431462148888000385
0.400000000000000244,-11.382686045349123205
0.401000000000000245,-11.333762142917937155
0.402000000000000246,-11.284691141414043614
0.403000000000000247,-11.235474176330747298
0.404000000000000248,-11.186112801621824531
0.405000000000000249,-11.136608972434647313
0.406000000000000250,-11.086965027831718444
0.407000000000000250,-11.037183673540081230
0.408000000000000251,-10.987267964765317529
0.409000000000000252,-10.937221289104247290
0.410000000000000253,-10.887047349587952283
0.411000000000000254,-10.836750147884410822
0.412000000000000255,-10.786333967687721014
0.413000000000000256,-10.735803358318786849
0.414000000000000257,-10.685163118560002005
0.415000000000000258,-10.634418280744883489
0.416000000000000258,-10.583574095121312197
0.417000000000000259,-10.532636014505452948
0.418000000000000260,-10.481609679241636002
0.419000000000000261,-10.430500902481846026
0.420000000000000262,-10.379315655796869322
0.421000000000000263,-10.328060055129842709
0.422000000000000264,-10.276740347101171125
0.423000000000000265,-10.225362895672935437
0.424000000000000266,-10.173934169179371878
0.425000000000000266,-10.122460727728789465
0.426000000000000267,-10.070949210981352095
0.427000000000000268,-10.019406326306059540
0.428000000000000269,-9.967838837319144218
0.429000000000000270,-9.916253552805411431
0.430000000000000271,-9.864657316022935163
0.431000000000000272,-9.813056994390993992
0.432000000000000273,-9.761459469560033853
0.433000000000000274,-9.709871627862222354
0.434000000000000274,-9.658300351139921247
0.435000000000000275,-9.606752507949384068
0.436000000000000276,-9.555234945136040992
0.437000000000000277,-9.503754479777313691
0.438000000000000278,-9.452317891488586810
0.439000000000000279,-9.400931915087348045
0.440000000000000280,-9.349603233610167763
0.441000000000000281,-9.298338471676878214
0.442000000000000282,-9.247144189196072617
0.443000000000000282,-9.196026875405406642
0.444000000000000283,-9.144992943240488614
0.445000000000000284,-9.094048724025350694
0.446000000000000285,-9.043200462477654966
0.447000000000000286,-8.992454312021624929
0.448000000000000287,-8.941816330401142210
0.449000000000000288,-8.891292475585983013
0.450000000000000289,-8.840888601963387217
0.451000000000000290,-8.790610456807527839
0.452000000000000290,-8.740463677019322475
0.453000000000000291,-8.690453786128683689
0.454000000000000292,-8.640586191551756556
0.455000000000000293,-8.590866182095210135
0.456000000000000294,-8.541298925700038680
0.457000000000000295,-8.491889467417106374
0.458000000000000296,-8.442642727606733288
0.459000000000000297,-8.393563500354861873
0.460000000000000298,-8.344656452098041299
0.461000000000000298,-8.295926120449916397
0.462000000000000299,-8.247376913221726724
0.463000000000000300,-8.199013107629415487
0.464000000000000301,-8.150838849680265952
0.465000000000000302,-8.102858153731798296
0.466000000000000303,-8.055074902215901389
0.467000000000000304,-8.007492845521330338
0.468000000000000305,-7.960115602027711290
0.469000000000000306,-7.912946658284377932
0.470000000000000306,-7.865989369327538228
0.471000000000000307,-7.819246959129164232
0.472000000000000308,-7.772722521171583132
0.473000000000000309,-7.726419019141339106
0.474000000000000310,-7.680339287736442699
0.475000000000000311,-7.634486033581093345
0.476000000000000312,-7.588861836242193348
0.477000000000000313,-7.543469149341888169
0.478000000000000314,-7.498310301760831464
0.479000000000000314,-7.453387498926868027
0.480000000000000315,-7.408702824183786007
0.481000000000000316,-7.364258240235367126
0.482000000000000317,-7.320055590659658940
0.483000000000000318,-7.276096601488819537
0.484000000000000319,-7.232382882849913486
0.485000000000000320,-7.188915930662266085
0.486000000000000321,-7.145697128386994557
0.487000000000000322,-7.102727748824595899
0.488000000000000322,-7.060008955956499577
0.489000000000000323,-7.017541806826789852
0.490000000000000324,-6.975327253460283039
0.491000000000000325,-6.933366144813317256
0.492000000000000326,-6.891659228753761468
0.493000000000000327,-6.850207154066957571
0.494000000000000328,-6.809010472484248844
0.495000000000000329,-6.768069640731089187
0.496000000000000330,-6.727385022591607644
0.497000000000000330,-6.686956890986976987
0.498000000000000331,-6.646785430064520384
0.499000000000000332,-6.606870737295283291
0.500000000000000333,-6.567212825577260382
0.501000000000000334,-6.527811625341998436
0.502000000000000335,-6.488666986662235736
0.503000000000000336,-6.449778681358438348
0.504000000000000337,-6.411146405102047474
0.505000000000000338,-6.372769779513496324
0.506000000000000338,-6.334648354253110014
0.507000000000000339,-6.296781609103060617
0.508000000000000340,-6.259168956038654308
0.509000000000000341,-6.221809741287423812
0.510000000000000342,-6.184703247374354618
0.511000000000000343,-6.147848695151931331
0.512000000000000344,-6.111245245813536897
0.513000000000000345,-6.074892002888989673
0.514000000000000346,-6.038788014221036171
0.515000000000000346,-6.002932273921548045
0.516000000000000347,-5.967323724306475619
0.517000000000000348,-5.931961257808609389
0.518000000000000349,-5.896843718867037509
0.519000000000000350,-5.861969905792681068
0.520000000000000351,-5.827338572608941725
0.521000000000000352,-5.792948430866855958
0.522000000000000353,-5.758798151433997425
0.523000000000000353,-5.724886366256534131
0.524000000000000354,-5.691211670093985653
0.525000000000000355,-5.657772622226000081
0.526000000000000356,-5.624567748130841593
0.527000000000000357,-5.591595541135135683
0.528000000000000358,-5.558854464034491016
0.529000000000000359,-5.526342950684749233
0.530000000000000360,-5.494059407563502972
0.531000000000000361,-5.462002215301755115
0.532000000000000361,-5.430169730185455457
0.533000000000000362,-5.398560285626807342
0.534000000000000363,-5.367172193605204811
0.535000000000000364,-5.336003746077749632
0.536000000000000365,-5.305053216359265633
0.537000000000000366,-5.274318860471851167
0.538000000000000367,-5.243798918463882686
0.539000000000000368,-5.213491615698690573
0.540000000000000369,-5.183395164112747366
0.541000000000000369,-5.153507763443691658
0.542000000000000370,-5.123827602428145944
0.543000000000000371,-5.094352859969546898
0.544000000000000372,-5.065081706276146178
0.545000000000000373,-5.036012303969375381
0.546000000000000374,-5.007142809162745678
0.547000000000000375,-4.978471372511521054
0.548000000000000376,-4.949996140233476005
0.549000000000000377,-4.921715255100886921
0.550000000000000377,-4.893626857404089314
0.551000000000000378,-4.865729085886890459
0.552000000000000379,-4.838020078654132305
0.553000000000000380,-4.810497974051716419
0.554000000000000381,-4.783160911519372505
0.555000000000000382,-4.756007032416652791
0.556000000000000383,-4.729034480822233988
0.557000000000000384,-4.702241404307205386
0.558000000000000385,-4.675625954682410601
0.559000000000000385,-4.649186288720413174
0.560000000000000386,-4.622920568852353362
0.561000000000000387,-4.596826963840149105
0.562000000000000388,-4.570903649424343129
0.563000000000000389,-4.545148808948100694
0.564000000000000390,-4.519560633957641294
0.565000000000000391,-4.494137324779591935
0.566000000000000392,-4.468877091075609265
0.567000000000000393,-4.443778152374721735
0.568000000000000393,-4.418838738583749759
0.569000000000000394,-4.394057090476245264
0.570000000000000395,-4.369431460160386749
0.571000000000000396,-4.344960111526150470
0.572000000000000397,-4.320641320672303110
0.573000000000000398,-4.296473376313470816
0.574000000000000399,-4.272454580167877047
0.575000000000000400,-4.248583247325956158
0.576000000000000401,-4.224857706600416485
0.577000000000000401,-4.201276300858117096
0.578000000000000402,-4.177837387334095709
0.579000000000000403,-4.154539337928218501
0.580000000000000404,-4.131380539484875491
0.581000000000000405,-4.108359394056025238
0.582000000000000406,-4.085474319148092448
0.583000000000000407,-4.062723747953015163
0.584000000000000408,-4.040106129563918458
0.585000000000000409,-4.017619929175731741
0.586000000000000409,-3.995263628271155998
0.587000000000000410,-3.973035724792396195
0.588000000000000411,-3.950934733298947066
0.589000000000000412,-3.928959185111934538
0.590000000000000413,-3.907107628445197101
0.591000000000000414,-3.885378628523652900
0.592000000000000415,-3.863770767689226115
0.593000000000000416,-3.842282645494627502
0.594000000000000417,-3.820912878785437616
0.595000000000000417,-3.799660101770850673
0.596000000000000418,-3.778522966083221579
0.597000000000000419,-3.757500140827062296
0.598000000000000420,-3.736590312617498633
0.599000000000000421,-3.715792185608755460
0.600000000000000422,-3.695104481512834216
0.601000000000000423,-3.674525939608776159
0.602000000000000424,-3.654055316742790716
0.603000000000000425,-3.633691387319556210
0.604000000000000425,-3.613432943284986099
0.605000000000000426,-3.593278794100739582
0.606000000000000427,-3.573227766710867392
0.607000000000000428,-3.553278705500602541
0.608000000000000429,-3.533430472248014986
0.609000000000000430,-3.513681946068271778
0.610000000000000431,-3.494032023351272276
0.611000000000000432,-3.474479617692548317
0.612000000000000433,-3.455023659817838766
0.613000000000000433,-3.435663097501646668
0.614000000000000434,-3.416396895479890894
0.615000000000000435,-3.397224035356937399
0.616000000000000436,-3.378143515507294747
0.617000000000000437,-3.359154350972194614
0.618000000000000438,-3.340255573351191831
0.619000000000000439,-3.321446230689089951
0.620000000000000440,-3.302725387358413034
0.621000000000000441,-3.284092123937564001
0.622000000000000441,-3.265545537084968863
0.623000000000000442,-3.247084739409268117
0.624000000000000443,-3.228708859335914561
0.625000000000000444,-3.210417040970273916
0.626000000000000445,-3.192208443957365915
0.627000000000000446,-3.174082243338589571
0.628000000000000447,-3.156037629405426870
0.629000000000000448,-3.138073807550422423
0.630000000000000449,-3.120189998115551422
0.631000000000000449,-3.102385436238132232
0.632000000000000450,-3.084659371694503438
0.633000000000000451,-3.067011068741553714
0.634000000000000452,-3.049439805956258631
0.635000000000000453,-3.031944876073443318
0.636000000000000454,-3.014525585821798082
0.637000000000000455,-2.997181255758412100
0.638000000000000456,-2.979911220101836733
0.639000000000000457,-2.962714826563901394
0.640000000000000457,-2.945591436180385436
0.641000000000000458,-2.928540423140597149
0.642000000000000459,-2.911561174616132952
0.643000000000000460,-2.894653090588731548
0.644000000000000461,-2.877815583677537425
0.645000000000000462,-2.861048078965731989
0.646000000000000463,-2.844350013826683288
0.647000000000000464,-2.827720837749764904
0.648000000000000465,-2.811160012165882627
0.649000000000000465,-2.794667010272794183
0.650000000000000466,-2.778241316860401433
0.651000000000000467,-2.761882428135975065
0.652000000000000468,-2.745589851549525839
0.653000000000000469,-2.729363105619287300
0.654000000000000470,-2.713201719757516006
0.655000000000000471,-2.697105234096551563
0.656000000000000472,-2.681073199315327393
0.657000000000000473,-2.665105176466290526
0.658000000000000473,-2.649200736802943990
0.659000000000000474,-2.633359461607913676
0.660000000000000475,-2.617580942021745738
0.661000000000000476,-2.601864778872374551
0.662000000000000477,-2.586210582505433564
0.663000000000000478,-2.570617972615358848
0.664000000000000479,-2.555086578077458093
0.665000000000000480,-2.539616036780810049
0.666000000000000481,-2.524205995462314611
0.667000000000000481,-2.508856109541624857
0.668000000000000482,-2.493566042957318984
0.669000000000000483,-2.478335468004078557
0.670000000000000484,-2.463164065171113304
0.671000000000000485,-2.448051522981773864
0.672000000000000486,-2.432997537834385327
0.673000000000000487,-2.418001813844429915
0.674000000000000488,-2.403064062687965130
0.675000000000000488,-2.388184003446415460
0.676000000000000489,-2.373361362452797607
0.677000000000000490,-2.358595873139232246
0.678000000000000491,-2.343887275886001653
0.679000000000000492,-2.329235317871992006
0.680000000000000493,-2.314639752926609617
0.681000000000000494,-2.300100341383255476
0.682000000000000495,-2.285616849934234196
0.683000000000000496,-2.271189051487285226
0.684000000000000496,-2.256816725023592873
0.685000000000000497,-2.242499655457420360
0.686000000000000498,-2.228237633497305303
0.687000000000000499,-2.214030455508860573
0.688000000000000500,-2.199877923379160993
0.689000000000000501,-2.185779844382792270
0.690000000000000502,-2.171736031049511961
0.691000000000000503,-2.157746301033538483
0.692000000000000504,-2.143810476984488567
0.693000000000000504,-2.129928386420018249
0.694000000000000505,-2.116099861600029719
0.695000000000000506,-2.102324739402638976
0.696000000000000507,-2.088602861201754646
0.697000000000000508,-2.074934072746324798
0.698000000000000509,-2.061318224041313041
0.699000000000000510,-2.047755169230260908
0.700000000000000511,-2.034244766479612387
0.701000000000000512,-2.020786877864644282
0.702000000000000512,-2.007381369257109860
0.703000000000000513,-1.994028110214532301
0.704000000000000514,-1.980726973871171026
0.705000000000000515,-1.967477836830649807
0.706000000000000516,-1.954280579060255096
0.707000000000000517,-1.941135083786876603
0.708000000000000518,-1.928041237394577889
0.709000000000000519,-1.914998929323883159
0.710000000000000520,-1.902008051972600811
0.711000000000000520,-1.889068500598361400
0.712000000000000521,-1.876180173222733227
0.713000000000000522,-1.863342970536947307
0.714000000000000523,-1.850556795809287447
0.715000000000000524,-1.837821554793978240
0.716000000000000525,-1.825137155641768150
0.717000000000000526,-1.812503508812014719
0.718000000000000527,-1.799920526986359182
0.719000000000000528,-1.787388124983962712
0.720000000000000528,-1.774906219678315411
0.721000000000000529,-1.762474729915496807
0.722000000000000530,-1.750093576434075926
0.723000000000000531,-1.737762681786415131
0.724000000000000532,-1.725481970261541820
0.725000000000000533,-1.713251367809496939
0.726000000000000534,-1.701070801967120572
0.727000000000000535,-1.688940201785346762
0.728000000000000536,-1.676859497757909434
0.729000000000000536,-1.664828621751503590
0.730000000000000537,-1.652847506937384470
0.731000000000000538,-1.640916087724311634
0.732000000000000539,-1.629034299692968757
0.733000000000000540,-1.617202079531698589
0.734000000000000541,-1.605419364973649454
0.735000000000000542,-1.593686094735210501
0.736000000000000543,-1.582002208455880465
0.737000000000000544,-1.570367646639344805
0.738000000000000544,-1.558782350595981914
0.739000000000000545,-1.547246262386529736
0.740000000000000546,-1.535759324767155265
0.741000000000000547,-1.524321481135674228
0.742000000000000548,-1.512932675479150779
0.743000000000000549,-1.501592852322582328
0.744000000000000550,-1.490301956678897310
0.745000000000000551,-1.479059934000145127
0.746000000000000552,-1.467866730129843811
0.747000000000000552,-1.456722291256528523
0.748000000000000553,-1.445626563868435799
0.749000000000000554,-1.434579494709329550
0.750000000000000555,-1.423581030735493025
0.751000000000000556,-1.412631119073755048
0.752000000000000557,-1.401729706980718415
0.753000000000000558,-1.390876741802943517
0.754000000000000559,-1.380072170938316356
0.755000000000000560,-1.369315941798384895
0.756000000000000560,-1.358608001771790530
0.757000000000000561,-1.347948298188659688
0.758000000000000562,-1.337336778286039474
0.759000000000000563,-1.326773389174330742
0.760000000000000564,-1.316258077804677296
0.761000000000000565,-1.305790790937313650
0.762000000000000566,-1.295371475110881132
0.763000000000000567,-1.285000076612653919
0.764000000000000568,-1.274676541449677902
0.765000000000000568,-1.264400815320858573
0.766000000000000569,-1.254172843589866915
0.767000000000000570,-1.243992571258990321
0.768000000000000571,-1.233859942943760668
0.769000000000000572,-1.223774902848525414
0.770000000000000573,-1.213737394742764986
0.771000000000000574,-1.203747361938281690
0.772000000000000575,-1.193804747267163346
0.773000000000000576,-1.183909493060545826
0.774000000000000576,-1.174061541128146979
0.775000000000000577,-1.164260832738591933
0.776000000000000578,-1.154507308600421833
0.777000000000000579,-1.144800908843923271
0.778000000000000580,-1.135141573003604298
0.779000000000000581,-1.125529240001429843
0.780000000000000582,-1.115963848130722802
0.781000000000000583,-1.106445335040778577
0.782000000000000584,-1.096973637722120198
0.783000000000000584,-1.087548692492422253
0.784000000000000585,-1.078170434983107384
0.785000000000000586,-1.068838800126515221
0.786000000000000587,-1.059553722143758758
0.787000000000000588,-1.050315134533161832
0.788000000000000589,-1.041122970059255248
0.789000000000000590,-1.031977160742445943
0.790000000000000591,-1.022877637849169075
0.791000000000000592,-1.013824331882662300
0.792000000000000592,-1.004817172574263839
0.793000000000000593,-0.995856088875252232
0.794000000000000594,-0.986941008949217546
0.795000000000000595,-0.978071860164966500
0.796000000000000596,-0.969248569089878997
0.797000000000000597,-0.960471061483832989
0.798000000000000598,-0.951739262293559762
0.799000000000000599,-0.943053095647483852
0.800000000000000600,-0.934412484851056435
0.801000000000000600,-0.925817352382492409
0.802000000000000601,-0.917267619888990859
0.803000000000000602,-0.908763208183362203
0.804000000000000603,-0.900304037241106636
0.805000000000000604,-0.891890026197885710
0.806000000000000605,-0.883521093347368947
0.807000000000000606,-0.875197156139559285
0.808000000000000607,-0.866918131179406748
0.809000000000000608,-0.858683934225852319
0.810000000000000608,-0.850494480191257951
0.811000000000000609,-0.842349683141101258
0.812000000000000610,-0.834249456294148262
0.813000000000000611,-0.826193712022844196
0.814000000000000612,-0.818182361854112195
0.815000000000000613,-0.810215316470471292
0.816000000000000614,-0.802292485711408210
0.817000000000000615,-0.794413778575123741
0.818000000000000616,-0.786579103220551801
0.819000000000000616,-0.778788366969657586
0.820000000000000617,-0.771041476310020069
0.821000000000000618,-0.763338336897706360
0.822000000000000619,-0.755678853560418307
0.823000000000000620,-0.748062930300856799
0.824000000000000621,-0.740490470300369963
0.825000000000000622,-0.732961375922849601
0.826000000000000623,-0.725475548718856555
0.827000000000000624,-0.718032889429963794
0.828000000000000624,-0.710633297993355728
0.829000000000000625,-0.703276673546599396
0.830000000000000626,-0.695962914432671997
0.831000000000000627,-0.688691918205156739
0.832000000000000628,-0.681463581633671267
0.833000000000000629,-0.674277800709438435
0.834000000000000630,-0.667134470651086553
0.835000000000000631,-0.660033485910611839
0.836000000000000631,-0.652974740179498303
0.837000000000000632,-0.645958126395042354
0.838000000000000633,-0.638983536746782654
0.839000000000000634,-0.632050862683140591
0.840000000000000635,-0.625159994918187745
0.841000000000000636,-0.618310823438524393
0.842000000000000637,-0.611503237510374609
0.843000000000000638,-0.604737125686729438
0.844000000000000639,-0.598012375814673369
0.845000000000000639,-0.591328875042818614
0.846000000000000640,-0.584686509828834855
0.847000000000000641,-0.578085165947150870
0.848000000000000642,-0.571524728496692003
0.849000000000000643,-0.565005081908754425
0.850000000000000644,-0.558526109955025385
0.851000000000000645,-0.552087695755583807
0.852000000000000646,-0.545689721787111170
0.853000000000000647,-0.539332069891117372
0.854000000000000647,-0.533014621282252521
0.855000000000000648,-0.526737256556723432
0.856000000000000649,-0.520499855700771730
0.857000000000000650,-0.514302298099210020
0.858000000000000651,-0.508144462544021125
0.859000000000000652,-0.502026227243043022
0.860000000000000653,-0.495947469828693754
0.861000000000000654,-0.489908067366733146
0.862000000000000655,-0.483907896365124379
0.863000000000000655,-0.477946832782877806
0.864000000000000656,-0.472024752038998741
0.865000000000000657,-0.466141529021419809
0.866000000000000658,-0.460297038096013911
0.867000000000000659,-0.454491153115629654
0.868000000000000660,-0.448723747429124298
0.869000000000000661,-0.442994693890464308
0.870000000000000662,-0.437303864867830516
0.871000000000000663,-0.431651132252759084
0.872000000000000663,-0.426036367469265098
0.873000000000000664,-0.420459441483026997
0.874000000000000665,-0.414920224810542138
0.875000000000000666,-0.409418587528332711
0.876000000000000667,-0.403954399282111076
0.877000000000000668,-0.398527529295993832
0.878000000000000669,-0.393137846381700462
0.879000000000000670,-0.387785218947727162
0.880000000000000671,-0.382469515008575733
0.881000000000000671,-0.377190602193900382
0.882000000000000672,-0.371948347757730446
0.883000000000000673,-0.366742618587608482
0.884000000000000674,-0.361573281213775410
0.885000000000000675,-0.356440201818290947
0.886000000000000676,-0.351343246244189333
0.887000000000000677,-0.346282280004570953
0.888000000000000678,-0.341257168291695723
0.889000000000000679,-0.336267775986066608
0.890000000000000679,-0.331313967665460063
0.891000000000000680,-0.326395607613960415
0.892000000000000681,-0.321512559830944400
0.893000000000000682,-0.316664688040052211
0.894000000000000683,-0.311851855698109914
0.895000000000000684,-0.307073926004052311
0.896000000000000685,-0.302330761907775192
0.897000000000000686,-0.297622226118970545
0.898000000000000687,-0.292948181115946782
0.899000000000000687,-0.288308489154353975
0.900000000000000688,-0.283703012275927979
0.901000000000000689,-0.279131612317163103
0.902000000000000690,-0.274594150917953028
0.903000000000000691,-0.270090489530188604
0.904000000000000692,-0.265620489426300121
0.905000000000000693,-0.261184011707770669
0.906000000000000694,-0.256780917313600365
0.907000000000000695,-0.252411067028696812
0.908000000000000695,-0.248074321492270711
0.909000000000000696,-0.243770541206117908
0.910000000000000697,-0.239499586542908427
0.911000000000000698,-0.235261317754380611
0.912000000000000699,-0.231055594979502066
0.913000000000000700,-0.226882278252600239
0.914000000000000701,-0.222741227511369100
0.915000000000000702,-0.218632302604912260
0.916000000000000703,-0.214555363301656143
0.917000000000000703,-0.210510269297248337
0.918000000000000704,-0.206496880222380941
0.919000000000000705,-0.202515055650557885
0.920000000000000706,-0.198564655105823357
0.921000000000000707,-0.194645538070392921
0.922000000000000708,-0.190757563992255019
0.923000000000000709,-0.186900592292727818
0.924000000000000710,-0.183074482373890346
0.925000000000000711,-0.179279093626030728
0.926000000000000711,-0.175514285434977269
0.927000000000000712,-0.171779917189393228
0.928000000000000713,-0.168075848288000346
0.929000000000000714,-0.164401938146754079
0.930000000000000715,-0.160758046205920269
0.931000000000000716,-0.157144031937129225
0.932000000000000717,-0.153559754850346314
0.933000000000000718,-0.150005074500771635
0.934000000000000719,-0.146479850495690622
0.935000000000000719,-0.142983942501257760
0.936000000000000720,-0.139517210249194362
0.937000000000000721,-0.136079513543450659
0.938000000000000722,-0.132670712266790530
0.939000000000000723,-0.129290666387293834
0.940000000000000724,-0.125939235964826507
0.941000000000000725,-0.122616281157408219
0.942000000000000726,-0.119321662227554665
0.943000000000000727,-0.116055239548502470
0.944000000000000727,-0.112816873610421253
0.945000000000000728,-0.109606425026528953
0.946000000000000729,-0.106423754539131624
0.947000000000000730,-0.103268723025633127
0.948000000000000731,-0.100141191504435456
0.949000000000000732,-0.097041021140812728
0.950000000000000733,-0.093968073252680556
0.951000000000000734,-0.090922209316346120
0.952000000000000735,-0.087903290972137768
0.953000000000000735,-0.084911180029997382
0.954000000000000736,-0.081945738475018085
0.955000000000000737,-0.079006828472887758
0.956000000000000738,-0.076094312375290435
0.957000000000000739,-0.073208052725217951
0.958000000000000740,-0.070347912262238951
0.959000000000000741,-0.067513753927686035
0.960000000000000742,-0.064705440869790964
0.961000000000000743,-0.061922836448737195
0.962000000000000743,-0.059165804241655670
0.963000000000000744,-0.056434208047557798
0.964000000000000745,-0.053727911892215575
0.965000000000000746,-0.051046780032938513
0.966000000000000747,-0.048390676963326759
0.967000000000000748,-0.045759467417929023
0.968000000000000749,-0.043153016376875609
0.969000000000000750,-0.040571189070388133
0.970000000000000751,-0.038013850983294975
0.971000000000000751,-0.035480867859418008
0.972000000000000752,-0.032972105705929990
0.973000000000000753,-0.030487430797674187
0.974000000000000754,-0.028026709681350716
0.975000000000000755,-0.025589809179709589
0.976000000000000756,-0.023176596395644268
0.977000000000000757,-0.020786938716228508
0.978000000000000758,-0.018420703816695805
0.979000000000000759,-0.016077759664374868
0.980000000000000759,-0.013757974522516170
0.981000000000000760,-0.011461216954106391
0.982000000000000761,-0.009187355825612375
0.983000000000000762,-0.006936260310637332
0.984000000000000763,-0.004707799893540920
0.985000000000000764,-0.002501844373009732
0.986000000000000765,-0.000318263865541168
0.987000000000000766,0.001843071191120105
0.988000000000000766,0.003982290034596237
0.989000000000000767,0.006099521574546208
0.990000000000000768,0.008194894389411466
0.991000000000000769,0.010268536723212740
0.992000000000000770,0.012320576482395396
0.993000000000000771,0.014351141232722664
0.994000000000000772,0.016360358196265013
0.995000000000000773,0.018348354248389299
0.996000000000000774,0.020315255914857899
0.997000000000000774,0.022261189368941836
0.998000000000000775,0.024186280428609052
0.999000000000000776,0.026090654553765257
1.000000000000000666,0.027974436843545801
1.001000000000000778,0.029837752033652253
1.002000000000000668,0.031680724493761733
1.003000000000000780,0.033503478224977144
1.004000000000000670,0.035306136857324810
1.005000000000000782,0.037088823647315118
1.006000000000000671,0.038851661475541123
1.007000000000000783,0.040594772844355712
1.008000000000000673,0.042318279875561096
1.009000000000000785,0.044022304308177884
1.010000000000000675,0.045706967496250694
1.011000000000000787,0.047372390406718742
1.012000000000000677,0.049018693617302281
1.013000000000000789,0.050645997314473765
1.014000000000000679,0.052254421291472772
1.015000000000000790,0.053844084946332950
1.016000000000000680,0.055415107279998613
1.017000000000000792,0.056967606894475498
1.018000000000000682,0.058501701991015419
1.019000000000000794,0.060017510368363725
1.020000000000000684,0.061515149421038730
1.021000000000000796,0.062994736137666776
1.022000000000000686,0.064456387099362689
1.023000000000000798,0.065900218478144645
1.024000000000000687,0.067326346035404619
1.025000000000000799,0.068734885120412620
1.026000000000000689,0.070125950668872769
1.027000000000000801,0.071499657201519587
1.028000000000000691,0.072856118822748464
1.029000000000000803,0.074195449219305126
1.030000000000000693,0.075517761659006893
1.031000000000000805,0.076823168989493262
1.032000000000000695,0.078111783637049126
1.033000000000000806,0.079383717605430643
1.034000000000000696,0.080639082474759760
1.035000000000000808,0.081877989400450366
1.036000000000000698,0.083100549112170324
1.037000000000000810,0.084306871912824877
1.038000000000000700,0.085497067677630420
1.039000000000000812,0.086671245853173234
1.040000000000000702,0.087829515456523830
1.041000000000000814,0.088971985074392829
1.042000000000000703,0.090098762862336826
1.043000000000000815,0.091209956543964049
1.044000000000000705,0.092305673410200489
1.045000000000000817,0.093386020318608765
1.046000000000000707,0.094451103692694327
1.047000000000000819,0.095501029521288486
1.048000000000000709,0.096535903357956324
1.049000000000000821,0.097555830320418285
1.050000000000000711,0.098560915090042805
1.051000000000000822,0.099551261911324837
1.052000000000000712,0.100526974591442594
1.053000000000000824,0.101488156499824497
1.054000000000000714,0.102434910567742052
1.055000000000000826,0.103367339287953275
1.056000000000000716,0.104285544714358872
1.057000000000000828,0.105189628461709359
1.058000000000000718,0.106079691705322082
1.059000000000000830,0.106955835180846878
1.060000000000000719,0.107818159184040627
1.061000000000000831,0.108666763570601760
1.062000000000000721,0.109501747756003992
1.063000000000000833,0.110323210715364953
1.064000000000000723,0.111131250983371468
1.065000000000000835,0.111925966654189635
1.066000000000000725,0.112707455381425653
1.067000000000000837,0.113475814378137849
1.068000000000000727,0.114231140416808735
1.069000000000000838,0.114973529829425741
1.070000000000000728,0.115703078507518597
1.071000000000000840,0.116419881902270150
1.072000000000000730,0.117124035024620807
1.073000000000000842,0.117815632445421453
1.074000000000000732,0.118494768295606526
1.075000000000000844,0.119161536266374574
1.076000000000000734,0.119816029609409916
1.077000000000000846,0.120458341137135785
1.078000000000000735,0.121088563222962214
1.079000000000000847,0.121706787801589389
1.080000000000000737,0.122313106369304286
1.081000000000000849,0.122907609984334892
1.082000000000000739,0.123490389267191289
1.083000000000000851,0.124061534401049348
1.084000000000000741,0.124621135132148148
1.085000000000000853,0.125169280770221825
1.086000000000000743,0.125706060188932545
1.087000000000000854,0.126231561826340904
1.088000000000000744,0.126745873685377014
1.089000000000000856,0.127249083334371627
1.090000000000000746,0.127741277907556988
1.091000000000000858,0.128222544105613206
1.092000000000000748,0.128692968196248009
1.093000000000000860,0.129152636014757599
1.094000000000000750,0.129601632964651881
1.095000000000000862,0.130040044018248258
1.096000000000000751,0.130467953717326640
1.097000000000000863,0.130885446173785669
1.098000000000000753,0.131292605070303825
1.099000000000000865,0.131689513661034152
1.100000000000000755,0.132076254772324153
1.101000000000000867,0.132452910803424084
1.102000000000000757,0.132819563727234413
1.103000000000000869,0.133176295091057550
1.104000000000000759,0.133523186017385304
1.105000000000000870,0.133860317204665430
1.106000000000000760,0.134187768928128864
1.107000000000000872,0.134505621040590551
1.108000000000000762,0.134813952973286189
1.109000000000000874,0.135112843736730548
1.110000000000000764,0.135402371921569176
1.111000000000000876,0.135682615699468101
1.112000000000000766,0.135953652823988330
1.113000000000000878,0.136215560631504112
1.114000000000000767,0.136468416042110963
1.115000000000000879,0.136712295560565550
1.116000000000000769,0.136947275277223918
1.117000000000000881,0.137173430868999857
1.118000000000000771,0.137390837600333715
1.119000000000000883,0.137599570324170140
1.120000000000000773,0.137799703482953201
1.121000000000000885,0.137991311109637860
1.122000000000000774,0.138174466828697440
1.123000000000000886,0.138349243857155024
1.124000000000000776,0.138515715005615048
1.125000000000000888,0.138673952679329970
1.126000000000000778,0.138824028879247663
1.127000000000000890,0.138966015203068005
1.128000000000000780,0.139099982846361103
1.129000000000000892,0.139226002603622445
1.130000000000000782,0.139344144869390285
1.131000000000000894,0.139454479639350731
1.132000000000000783,0.139557076511464595
1.133000000000000895,0.139652004687075254
1.134000000000000785,0.139739332972083075
1.135000000000000897,0.139819129778042617
1.136000000000000787,0.139891463123366172
1.137000000000000899,0.139956400634449696
1.138000000000000789,0.140014009546871987
1.139000000000000901,0.140064356706542770
1.140000000000000790,0.140107508570917638
1.141000000000000902,0.140143531210190353
1.142000000000000792,0.140172490308474923
1.143000000000000904,0.140194451165030654
1.144000000000000794,0.140209478695470041
1.145000000000000906,0.140217637433003028
1.146000000000000796,0.140218991529630937
1.147000000000000908,0.140213604757413929
1.148000000000000798,0.140201540509699241
1.149000000000000909,0.140182861802370995
1.150000000000000799,0.140157631275115074
1.151000000000000689,0.140125911192667457
1.152000000000000801,0.140087763446083979
1.153000000000000913,0.140043249554018812
1.154000000000000803,0.139992430663992334
1.155000000000000693,0.139935367553688239
1.156000000000000805,0.139872120632216490
1.157000000000000917,0.139802749941438653
1.158000000000000806,0.139727315157234189
1.159000000000000696,0.139645875590823976
1.160000000000000808,0.139558490190066220
1.161000000000000920,0.139465217540773095
1.162000000000000810,0.139366115868012452
1.163000000000000700,0.139261243037451965
1.164000000000000812,0.139150656556649377
1.165000000000000924,0.139034413576411747
1.166000000000000814,0.138912570892098436
1.167000000000000703,0.138785184944972217
1.168000000000000815,0.138652311823524693
1.169000000000000927,0.138514007264827516
1.170000000000000817,0.138370326655860187
1.171000000000000707,0.138221325034877829
1.172000000000000819,0.138067057092732620
1.173000000000000931,0.137907577174247287
1.174000000000000821,0.137742939279564797
1.175000000000000711,0.137573197065493230
1.176000000000000822,0.137398403846875988
1.177000000000000934,0.137218612597948791
1.178000000000000824,0.137033875953701756
1.179000000000000714,0.136844246211248882
1.180000000000000826,0.136649775331183138
1.181000000000000938,0.136450514938959461
1.182000000000000828,0.136246516326255451
1.183000000000000718,0.136037830452341246
1.184000000000000830,0.135824507945457418
1.185000000000000941,0.135606599104193981
1.186000000000000831,0.135384153898847670
1.187000000000000721,0.135157221972819208
1.188000000000000833,0.134925852643971916
1.189000000000000945,0.134690094906024821
1.190000000000000835,0.134449997429916174
1.191000000000000725,0.134205608565207357
1.192000000000000837,0.133956976341423617
1.193000000000000949,0.133704148469480311
1.194000000000000838,0.133447172343022613
1.195000000000000728,0.133186095039837082
1.196000000000000840,0.132920963323216013
1.197000000000000952,0.132651823643336414
1.198000000000000842,0.132378722138659088
1.199000000000000732,0.132101704637280465
1.200000000000000844,0.131820816658354156
1.201000000000000956,0.131536103413426642
1.202000000000000846,0.131247609807854826
1.203000000000000735,0.130955380442154545
1.204000000000000847,0.130659459613413770
1.205000000000000959,0.130359891316632004
1.206000000000000849,0.130056719246131880
1.207000000000000739,0.129749986796921540
1.208000000000000851,0.129439737066068539
1.209000000000000963,0.129126012854078931
1.210000000000000853,0.128808856666272398
1.211000000000000743,0.128488310714155396
1.212000000000000854,0.128164416916791757
1.213000000000000966,0.127837216902175088
1.214000000000000856,0.127506752008587798
1.215000000000000746,0.127173063285998367
1.216000000000000858,0.126836191497384121
1.217000000000000970,0.126496177120140552
1.218000000000000860,0.126153060347416968
1.219000000000000750,0.125806881089484179
1.220000000000000862,0.125457678975100684
1.221000000000000973,0.125105493352869551
1.222000000000000863,0.124750363292587416
1.223000000000000753,0.124392327586613893
1.224000000000000865,0.124031424751209846
1.225000000000000977,0.123667693027893558
1.226000000000000867,0.123301170384794961
1.227000000000000757,0.122931894517992940
1.228000000000000869,0.122559902852875213
1.229000000000000981,0.122185232545452702
1.230000000000000870,0.121807920483735496
1.231000000000000760,0.121428003289043490
1.232000000000000872,0.121045517317344725
1.233000000000000984,0.120660498660611432
1.234000000000000874,0.120272983148112994
1.235000000000000764,0.119883006347779736
1.236000000000000876,0.119490603567502962
1.237000000000000988,0.119095809856476581
1.238000000000000878,0.118698660006496606
1.239000000000000767,0.118299188553295492
1.240000000000000879,0.117897429777851753
1.241000000000000991,0.117493417707695766
1.242000000000000881,0.117087186118229478
1.243000000000000771,0.116678768534018790
1.244000000000000883,0.116268198230114778
1.245000000000000995,0.115855508233331600
1.246000000000000885,0.115440731323559656
1.247000000000000774,0.115023900035054208
1.248000000000000886,0.114605046657728499
1.249000000000000998,0.114184203238437393
1.250000000000000888,0.113761401582260918
1.251000000000000778,0.113336673253794082
1.252000000000000890,0.112910049578413635
1.253000000000001002,0.112481561643569261
1.254000000000000892,0.112051240300030039
1.255000000000000782,0.111619116163177962
1.256000000000000894,0.111185219614255398
1.257000000000001005,0.110749580801636327
1.258000000000000895,0.110312229642074877
1.259000000000000785,0.109873195821973454
1.260000000000000897,0.109432508798620098
1.261000000000001009,0.108990197801438524
1.262000000000000899,0.108546291833240632
1.263000000000000789,0.108100819671460763
1.264000000000000901,0.107653809869384512
1.265000000000001013,0.107205290757396154
1.266000000000000902,0.106755290444200332
1.267000000000000792,0.106303836818046851
1.268000000000000904,0.105850957547954219
1.269000000000001016,0.105396680084930902
1.270000000000000906,0.104941031663180515
1.271000000000000796,0.104484039301320858
1.272000000000000908,0.104025729803591191
1.273000000000001020,0.103566129761049466
1.274000000000000909,0.103105265552773467
1.275000000000000799,0.102643163347063429
1.276000000000000911,0.102179849102614503
1.277000000000001023,0.101715348569729164
1.278000000000000913,0.101249687291478763
1.279000000000000803,0.100782890604901129
1.280000000000000915,0.100314983642154118
1.281000000000001027,0.099845991331715567
1.282000000000000917,0.099375938399526562
1.283000000000000806,0.098904849370168815
1.284000000000000918,0.098432748568014067
1.285000000000001030,0.097959660118393771
1.286000000000000920,0.097485607948734440
1.287000000000000810,0.097010615789720103
1.288000000000000922,0.096534707176419668
1.289000000000001034,0.096057905449439610
1.290000000000000924,0.095580233756062213
1.291000000000000814,0.095101715051350719
1.292000000000000925,0.094622372099315691
1.293000000000001037,0.094142227473995643
1.294000000000000927,0.093661303560612710
1.295000000000000817,0.093179622556659764
1.296000000000000929,0.092697206473026345
1.297000000000001041,0.092214077135103587
1.298000000000000931,0.091730256183875175
1.299000000000000821,0.091245765077023866
1.300000000000000933,0.090760625090026914
1.301000000000001044,0.090274857317239693
1.302000000000000934,0.089788482672983533
1.303000000000000824,0.089301521892621555
1.304000000000000936,0.088813995533647633
1.305000000000001048,0.088325923976743936
1.306000000000000938,0.087837327426853060
1.307000000000000828,0.087348225914251815
1.308000000000000940,0.086858639295604445
1.309000000000001052,0.086368587255003779
1.310000000000000941,0.085878089305043620
1.311000000000000831,0.085387164787858613
1.312000000000000943,0.084895832876169669
1.313000000000001055,0.084404112574300555
1.314000000000000945,0.083912022719239657
1.315000000000000835,0.083419581981662605
1.316000000000000947,0.082926808866947602
1.317000000000001059,0.082433721716198366
1.318000000000000949,0.081940338707277696
1.319000000000000838,0.081446677855791919
1.320000000000000950,0.080952757016121590
1.321000000000001062,0.080458593882421686
1.322000000000000952,0.079964205989610598
1.323000000000000842,0.079469610714376332
1.324000000000000954,0.078974825276158317
1.325000000000001066,0.078479866738146692
1.326000000000000956,0.077984752008247463
1.327000000000000846,0.077489497840080718
1.328000000000000957,0.076994120833930424
1.329000000000001069,0.076498637437743128
1.330000000000000959,0.076003063948060973
1.331000000000000849,0.075507416511007189
1.332000000000000961,0.075011711123235819
1.333000000000001073,0.074515963632881391
1.334000000000000963,0.074020189740502201
1.335000000000000853,0.073524405000038276
1.336000000000000965,0.073028624819736626
1.337000000000001076,0.072532864463094135
1.338000000000000966,0.072037139049789339
1.339000000000000856,0.071541463556598572
1.340000000000000968,0.071045852818335115
1.341000000000001080,0.070550321528755469
1.342000000000000970,0.070054884241474311
1.343000000000000860,0.069559555370880335
1.344000000000000972,0.069064349193035168
1.345000000000001084,0.068569279846572392
1.346000000000000973,0.068074361333607711
1.347000000000000863,0.067579607520615773
1.348000000000000975,0.067085032139331965
1.349000000000001087,0.066590648787626036
1.350000000000000977,0.066096470930391144
1.351000000000000867,0.065602511900407140
1.352000000000000979,0.065108784899234246
1.353000000000001091,0.064615302998055874
1.354000000000000981,0.064122079138553334
1.355000000000000870,0.063629126133773167
1.356000000000000982,0.063136456668966584
1.357000000000001094,0.062644083302447598
1.358000000000000984,0.062152018466442582
1.359000000000000874,0.061660274467930667
1.360000000000000986,0.061168863489477962
1.361000000000001098,0.060677797590072448
1.362000000000000988,0.060187088705966639
1.363000000000000878,0.059696748651489592
1.364000000000000989,0.059206789119864545
1.365000000000001101,0.058717221684046472
1.366000000000000991,0.058228057797523679
1.367000000000000881,0.057739308795121624
1.368000000000000993,0.057250985893822118
1.369000000000001105,0.056763100193554863
1.370000000000000995,0.056275662678001770
1.371000000000000885,0.055788684215383522
1.372000000000000997,0.055302175559256136
1.373000000000001108,0.054816147349281884
1.374000000000000998,0.054330610112047949
1.375000000000000888,0.053845574261785212
1.376000000000001000,0.053361050101196204
1.377000000000001112,0.052877047822194323
1.378000000000001002,0.052393577506678370
1.379000000000000892,0.051910649127293630
1.380000000000001004,0.051428272548191781
1.381000000000001116,0.050946457525773571
1.382000000000001005,0.050465213709456370
1.383000000000000895,0.049984550642405076
1.384000000000001007,0.049504477762280182
1.385000000000001119,0.049025004401975256
1.386000000000001009,0.048546139790346464
1.387000000000000899,0.048067893052959346
1.388000000000001011,0.047590273212781288
1.389000000000001123,0.047113289190946719
1.390000000000001013,0.046636949807441222
1.391000000000000902,0.046161263781839192
1.392000000000001014,0.045686239733997325
1.393000000000001126,0.045211886184775764
1.394000000000001016,0.044738211556728052
1.395000000000000906,0.044265224174815598
1.396000000000001018,0.043792932267096366
1.397000000000001130,0.043321343965411985
1.398000000000001020,0.042850467306081649
1.399000000000000909,0.042380310230590815
1.400000000000001021,0.041910880586265034
1.401000000000001133,0.041442186126943614
1.402000000000001023,0.040974234513668183
1.403000000000000913,0.040507033315341390
1.404000000000001025,0.040040590009389046
1.405000000000001137,0.039574911982433972
1.406000000000001027,0.039110006530950668
1.407000000000000917,0.038645880861910412
1.408000000000001029,0.038182542093452565
1.409000000000001140,0.037719997255512935
1.410000000000001030,0.037258253290482046
1.411000000000000920,0.036797317053836529
1.412000000000001032,0.036337195314784729
1.413000000000001144,0.035877894756891786
1.414000000000001034,0.035419421978713658
1.415000000000000924,0.034961783494431603
1.416000000000001036,0.034504985734456706
1.417000000000001148,0.034049035046062340
1.418000000000001037,0.033593937694002159
1.419000000000000927,0.033139699861115035
1.420000000000001039,0.032686327648943594
1.421000000000001151,0.032233827078320842
1.422000000000001041,0.031782204089994458
1.423000000000000931,0.031331464545214419
1.424000000000001043,0.030881614226329596
1.425000000000001155,0.030432658837379112
1.426000000000001044,0.029984604004681358
1.427000000000000934,0.029537455277418162
1.428000000000001046,0.029091218128216929
1.429000000000001158,0.028645897953736753
1.430000000000001048,0.028201500075227176
1.431000000000000938,0.027758029739113611
1.432000000000001050,0.027315492117561319
1.433000000000001162,0.026873892309035825
1.434000000000001052,0.026433235338877724
1.435000000000000941,0.025993526159840463
1.436000000000001053,0.025554769652666055
1.437000000000001165,0.025116970626633407
1.438000000000001055,0.024680133820086748
1.439000000000000945,0.024244263901010098
1.440000000000001057,0.023809365467547718
1.441000000000001169,0.023375443048560100
1.442000000000001059,0.022942501104147309
1.443000000000000949,0.022510544026181911
1.444000000000001060,0.022079576138846549
1.445000000000001172,0.021649601699160144
1.446000000000001062,0.021220624897486464
1.447000000000000952,0.020792649858079153
1.448000000000001064,0.020365680639574630
1.449000000000001176,0.019939721235515979
1.450000000000001066,0.019514775574871329
1.451000000000000956,0.019090847522534066
1.452000000000001068,0.018667940879819784
1.453000000000001180,0.018246059384986371
1.454000000000001069,0.017825206713717866
1.455000000000000959,0.017405386479624932
1.456000000000001071,0.016986602234744404
1.457000000000001183,0.016568857470012112
1.458000000000001073,0.016152155615764358
1.459000000000000963,0.015736500042225574
1.460000000000001075,0.015321894059966923
1.461000000000001187,0.014908340920413671
1.462000000000001076,0.014495843816288854
1.463000000000000966,0.014084405882112145
1.464000000000001078,0.013674030194659409
1.465000000000001190,0.013264719773418259
1.466000000000001080,0.012856477581073375
1.467000000000000970,0.012449306523946619
1.468000000000001082,0.012043209452464485
1.469000000000001194,0.011638189161614937
1.470000000000001084,0.011234248391393331
1.471000000000000973,0.010831389827260765
1.472000000000001085,0.010429616100574857
1.473000000000001197,0.010028929789050256
1.474000000000001087,0.009629333417189714
1.475000000000000977,0.009230829456731416
1.476000000000001089,0.008833420327070938
1.477000000000001201,0.008437108395701066
1.478000000000001091,0.008041895978651067
1.479000000000000981,0.007647785340895892
1.480000000000001092,0.007254778696797465
1.481000000000001204,0.006862878210516285
1.482000000000001094,0.006472085996434097
1.483000000000000984,0.006082404119570723
1.484000000000001096,0.005693834595994100
1.485000000000001208,0.005306379393249200
1.486000000000001098,0.004920040430735125
1.487000000000000988,0.004534819580142123
1.488000000000001100,0.004150718665841577
1.489000000000001211,0.003767739465282219
1.490000000000001101,0.003385883709398783
1.491000000000000991,0.003005153083009211
1.492000000000001103,0.002625549225188853
1.493000000000001215,0.002247073729687598
1.494000000000001105,0.001869728145303830
1.495000000000000995,0.001493513976270871
1.496000000000001107,0.001118432682641000
1.497000000000001219,0.000744485680669513
1.498000000000001108,0.000371674343190598
1.499000000000000998,0.000000000000000000
