# C-amorph-3_MAMM-AC
# h[nm],U(h)[kJ/mol]
0.149999999999999994,92.177668775224674391
0.150999999999999995,91.021988973441665394
0.151999999999999996,89.214100767864806585
0.152999999999999997,87.266466875262295844
0.153999999999999998,85.388839132200729409
0.154999999999999999,83.636565159443549078
0.156000000000000000,81.996084855334373742
0.157000000000000001,80.431341441741508902
0.158000000000000002,78.906642548184819930
0.159000000000000002,77.395950550520694833
0.160000000000000003,75.884857615076271031
0.161000000000000004,74.369042040512482572
0.162000000000000005,72.851408365607085216
0.163000000000000006,71.339104032209917250
0.164000000000000007,69.840985317154121503
0.165000000000000008,68.365740520646127720
0.166000000000000009,66.920677472908309369
0.167000000000000010,65.511083643298022139
0.168000000000000010,64.140029618187213600
0.169000000000000011,62.808483853871869940
0.170000000000000012,61.515621528576261312
0.171000000000000013,60.259232659351411598
0.172000000000000014,59.036158369643558785
0.173000000000000015,57.842706029311386828
0.174000000000000016,56.675012426363231555
0.175000000000000017,55.529338708203852093
0.176000000000000018,54.402291687281170596
0.177000000000000018,53.290973684398601051
0.178000000000000019,52.193067948338956796
0.179000000000000020,51.106869423500398852
0.180000000000000021,50.031271774062439306
0.181000000000000022,48.965721576732690323
0.182000000000000023,47.910149844817432552
0.183000000000000024,46.864889843921694990
0.184000000000000025,45.830588730797856556
0.185000000000000026,44.808119056051204154
0.186000000000000026,43.798494731593379470
0.187000000000000027,42.802794747245229701
0.188000000000000028,41.822096768886559914
0.189000000000000029,40.857421781136338268
0.190000000000000030,39.909690152454487588
0.191000000000000031,38.979688890506849930
0.192000000000000032,38.068049404484611387
0.193000000000000033,37.175234778936967928
0.194000000000000034,36.301535369238521866
0.195000000000000034,35.447071430887675092
0.196000000000000035,34.611801473457497025
0.197000000000000036,33.795535067092565384
0.198000000000000037,32.997948909070018431
0.199000000000000038,32.218605066555525696
0.200000000000000039,31.456970438017556546
0.201000000000000040,30.712436610704408224
0.202000000000000041,29.984339427996882677
0.203000000000000042,29.271977712910931757
0.204000000000000042,28.574630718619726366
0.205000000000000043,27.891573990931600946
0.206000000000000044,27.222093429562665534
0.207000000000000045,26.565497423978818858
0.208000000000000046,25.921127015390414527
0.209000000000000047,25.288364099493865211
0.210000000000000048,24.666637735452972890
0.211000000000000049,24.055428666325568088
0.212000000000000050,23.454272185747161217
0.213000000000000050,22.862759506341920002
0.214000000000000051,22.280537798220287016
0.215000000000000052,21.707309072201731226
0.216000000000000053,21.142828083175263743
0.217000000000000054,20.586899425308921252
0.218000000000000055,20.039373983585228700
0.219000000000000056,19.500144896215328316
0.220000000000000057,18.969143170614266580
0.221000000000000058,18.446333082452131436
0.222000000000000058,17.931707473375187334
0.223000000000000059,17.425283048783931861
0.224000000000000060,16.927095762934150969
0.225000000000000061,16.437196364896799139
0.226000000000000062,15.955646165807646497
0.227000000000000063,15.482513075533230307
0.228000000000000064,15.017867945501052418
0.229000000000000065,14.561781244068225050
0.230000000000000066,14.114320081479410973
0.231000000000000066,13.675545593202240724
0.232000000000000067,13.245510683217043280
0.233000000000000068,12.824258122643659163
0.234000000000000069,12.411818993866296168
0.235000000000000070,12.008211466008610557
0.236000000000000071,11.613439884150189130
0.237000000000000072,11.227494151990873306
0.238000000000000073,10.850349385687840353
0.239000000000000073,10.481965815238643458
0.240000000000000074,10.122288908985774825
0.241000000000000075,9.771249696507743110
0.242000000000000076,9.428765265267021078
0.243000000000000077,9.094739406844160712
0.244000000000000078,8.769063389340788106
0.245000000000000079,8.451616833526026440
0.246000000000000080,8.142268671482806752
0.247000000000000081,7.840878167835521495
0.248000000000000081,7.547295985070324953
0.249000000000000082,7.261365275957312626
0.250000000000000111,6.982922787618629279
0.251000000000000112,6.711799963332592434
0.252000000000000113,6.447824029696394454
0.253000000000000114,6.190819058272398756
0.254000000000000115,5.940606992296163291
0.255000000000000115,5.697008630418820552
0.256000000000000116,5.459844560779486322
0.257000000000000117,5.228936039949057424
0.258000000000000118,5.004105812449384239
0.259000000000000119,4.785178867627220889
0.260000000000000120,4.571983131649349552
0.261000000000000121,4.364350093283747789
0.262000000000000122,4.162115362941190000
0.263000000000000123,3.965119165175733595
0.264000000000000123,3.773206765481963654
0.265000000000000124,3.586228832786733989
0.266000000000000125,3.404041739515663689
0.267000000000000126,3.226507801525391184
0.268000000000000127,3.053495460534743966
0.269000000000000128,2.884879411967685048
0.270000000000000129,2.720540681341386602
0.271000000000000130,2.560366652499959983
0.272000000000000131,2.404251051112503035
0.273000000000000131,2.252093886927970523
0.274000000000000132,2.103801358313339254
0.275000000000000133,1.959285722600190294
0.276000000000000134,1.818465135732064253
0.277000000000000135,1.681263464645156747
0.278000000000000136,1.547610075731067347
0.279000000000000137,1.417439602626764827
0.280000000000000138,1.290691696456395920
0.281000000000000139,1.167310761514987139
0.282000000000000139,1.047245679238692606
0.283000000000000140,0.930449523152013569
0.284000000000000141,0.816879267322124014
0.285000000000000142,0.706495490685698946
0.286000000000000143,0.599262079446691631
0.287000000000000144,0.495145929575960042
0.288000000000000145,0.394116651276285590
0.289000000000000146,0.296146277111965006
0.290000000000000147,0.201208975339749990
0.291000000000000147,0.109280769820671669
0.292000000000000148,0.020339267738999901
0.293000000000000149,-0.065636603792412623
0.294000000000000150,-0.148666851302617864
0.295000000000000151,-0.228770657905801755
0.296000000000000152,-0.305966614942053794
0.297000000000000153,-0.380272941761379601
0.298000000000000154,-0.451707693210284422
0.299000000000000155,-0.520288954486605615
0.300000000000000155,-0.586035023127352117
0.301000000000000156,-0.648964577986005819
0.302000000000000157,-0.709096835140539783
0.303000000000000158,-0.766451690750802106
0.304000000000000159,-0.821049850954910232
0.305000000000000160,-0.872912948958135315
0.306000000000000161,-0.922063649525722617
0.307000000000000162,-0.968525741142487684
0.308000000000000163,-1.012324216147649114
0.309000000000000163,-1.053485339193501069
0.310000000000000164,-1.092036704411162962
0.311000000000000165,-1.128007281696281838
0.312000000000000166,-1.161427452552614037
0.313000000000000167,-1.192329035951813720
0.314000000000000168,-1.220745304684143218
0.315000000000000169,-1.246710992687313224
0.316000000000000170,-1.270262293849667934
0.317000000000000171,-1.291436852789457745
0.318000000000000171,-1.310273748114633374
0.319000000000000172,-1.326813468667512597
0.320000000000000173,-1.341097883255945700
0.321000000000000174,-1.353170204367730278
0.322000000000000175,-1.363074946358144413
0.323000000000000176,-1.370857878591664969
0.324000000000000177,-1.376565974008613136
0.325000000000000178,-1.380247353575620117
0.326000000000000179,-1.381951227066030352
0.327000000000000179,-1.381727830602062834
0.328000000000000180,-1.379628361375746071
0.329000000000000181,-1.375704909950136390
0.330000000000000182,-1.370010390525676636
0.331000000000000183,-1.362598469540346802
0.332000000000000184,-1.353523492954743057
0.333000000000000185,-1.342840412556222995
0.334000000000000186,-1.330604711598730727
0.335000000000000187,-1.316872330077433428
0.336000000000000187,-1.301699589920015887
0.337000000000000188,-1.285143120358958280
0.338000000000000189,-1.267259783732336942
0.339000000000000190,-1.248106601943594685
0.340000000000000191,-1.227740683794235066
0.341000000000000192,-1.206219153387382059
0.342000000000000193,-1.183599079784049657
0.343000000000000194,-1.159937408078978605
0.344000000000000195,-1.135290892047553513
0.345000000000000195,-1.109716028501392504
0.346000000000000196,-1.083268993475831943
0.347000000000000197,-1.056005580359466567
0.348000000000000198,-1.027981140062907084
0.349000000000000199,-0.999250523311615568
0.350000000000000200,-0.969868025136025658
0.351000000000000201,-0.939887331620795408
0.352000000000000202,-0.909361468964537734
0.353000000000000203,-0.878342754891233923
0.354000000000000203,-0.846882752444941600
0.355000000000000204,-0.815032226190458786
0.356000000000000205,-0.782841100834131831
0.357000000000000206,-0.750358422271065972
0.358000000000000207,-0.717632321057438016
0.359000000000000208,-0.684709978299882449
0.360000000000000209,-0.651637593947315796
0.361000000000000210,-0.618460357464645893
0.362000000000000210,-0.585222420862311465
0.363000000000000211,-0.551966874050501266
0.364000000000000212,-0.518735722482310813
0.365000000000000213,-0.485569867045790082
0.366000000000000214,-0.452509086161073715
0.367000000000000215,-0.419592020035283675
0.368000000000000216,-0.386856157024860370
0.369000000000000217,-0.354337822052151252
0.370000000000000218,-0.322072167020769795
0.371000000000000218,-0.290093163172031043
0.372000000000000219,-0.258433595323087795
0.373000000000000220,-0.227125057925751939
0.374000000000000221,-0.196197952883857635
0.375000000000000222,-0.165681489065843485
0.376000000000000223,-0.135603683448707157
0.377000000000000224,-0.105991363828682905
0.378000000000000225,-0.076870173033866687
0.379000000000000226,-0.048264574573704630
0.380000000000000226,-0.020197859660464727
0.381000000000000227,0.007307844462182134
0.382000000000000228,0.034231564947800525
0.383000000000000229,0.060553472596964933
0.384000000000000230,0.086254869991508623
0.385000000000000231,0.111318178575654778
0.386000000000000232,0.135726924745779493
0.387000000000000233,0.159465725009414860
0.388000000000000234,0.182520270273196283
0.389000000000000234,0.204877309318153733
0.390000000000000235,0.226524631519726960
0.391000000000000236,0.247451048868392365
0.392000000000000237,0.267646377345702846
0.393000000000000238,0.287101417708904183
0.394000000000000239,0.305807935736091385
0.395000000000000240,0.323758641982253237
0.396000000000000241,0.340947171095146939
0.397000000000000242,0.357368060738404825
0.398000000000000242,0.373016730167729293
0.399000000000000243,0.387889458504519280
0.400000000000000244,0.401983362749744888
0.401000000000000245,0.415296375579162824
0.402000000000000246,0.427827222959704656
0.403000000000000247,0.439575401625017848
0.404000000000000248,0.450541156446782165
0.405000000000000249,0.460725457736818833
0.406000000000000250,0.470129978513518954
0.407000000000000250,0.478757071764559616
0.408000000000000251,0.486609747736485965
0.409000000000000252,0.493691651280150690
0.410000000000000253,0.500007039279693588
0.411000000000000254,0.505560758191199500
0.412000000000000255,0.510358221715916716
0.413000000000000256,0.514405388631393956
0.414000000000000257,0.517708740802772627
0.415000000000000258,0.520275261394926303
0.416000000000000258,0.522112413305120815
0.417000000000000259,0.523228117834396267
0.418000000000000260,0.523630733614867006
0.419000000000000261,0.523329035808821064
0.420000000000000262,0.522332195594455539
0.421000000000000263,0.520649759951899882
0.422000000000000264,0.518291631762225480
0.423000000000000265,0.515268050230994423
0.424000000000000266,0.511589571646916985
0.425000000000000266,0.507267050485339488
0.426000000000000267,0.502311620865180553
0.427000000000000268,0.496734678367163229
0.428000000000000269,0.490547862220296504
0.429000000000000270,0.483763037862701029
0.430000000000000271,0.476392279882116854
0.431000000000000272,0.468447855340643482
0.432000000000000273,0.459942207487562094
0.433000000000000274,0.450887939863348741
0.434000000000000274,0.441297800797345263
0.435000000000000275,0.431184668300947371
0.436000000000000276,0.420561535357485528
0.437000000000000277,0.409441495609476180
0.438000000000000278,0.397837729443334509
0.439000000000000279,0.385763490471105031
0.440000000000000280,0.373232092408310401
0.441000000000000281,0.360256896346554278
0.442000000000000282,0.346851298418976051
0.443000000000000282,0.333028717856440060
0.444000000000000283,0.318802585431692542
0.445000000000000284,0.304186332288598815
0.446000000000000285,0.289193379153071806
0.447000000000000286,0.273837125922000935
0.448000000000000287,0.258130941626287080
0.449000000000000288,0.242088154763672569
0.450000000000000289,0.225722043996902239
0.451000000000000290,0.209045829212471113
0.452000000000000290,0.192072662934965666
0.453000000000000291,0.174815622091881534
0.454000000000000292,0.157287700123515756
0.455000000000000293,0.139501799432443507
0.456000000000000294,0.121470724166900940
0.457000000000000295,0.103207173332251517
0.458000000000000296,0.084723734224608507
0.459000000000000297,0.066032876180586023
0.460000000000000298,0.047146944636993496
0.461000000000000298,0.028078155494324041
0.462000000000000299,0.008838589777668071
0.463000000000000300,-0.010559811411227660
0.464000000000000301,-0.030105251657209987
0.465000000000000302,-0.049786083716657090
0.466000000000000303,-0.069590813730618858
0.467000000000000304,-0.089508105172585561
0.468000000000000305,-0.109526782537404305
0.469000000000000306,-0.129635834777807435
0.470000000000000306,-0.149824418495037498
0.471000000000000307,-0.170081860890017283
0.472000000000000308,-0.190397662481504970
0.473000000000000309,-0.210761499597647978
0.474000000000000310,-0.231163226647256359
0.475000000000000311,-0.251592878177206880
0.476000000000000312,-0.272040670722129008
0.477000000000000313,-0.292497004452728526
0.478000000000000314,-0.312952464628789562
0.479000000000000314,-0.333397822863043869
0.480000000000000315,-0.353824038201872526
0.481000000000000316,-0.374222258028854837
0.482000000000000317,-0.394583818796993169
0.483000000000000318,-0.414900246595471589
0.484000000000000319,-0.435163257556629879
0.485000000000000320,-0.455364758108820933
0.486000000000000321,-0.475496845080695341
0.487000000000000322,-0.495551805662374112
0.488000000000000322,-0.515522117228891963
0.489000000000000323,-0.535400447031176285
0.490000000000000324,-0.555179651759777570
0.491000000000000325,-0.574852776986408021
0.492000000000000326,-0.594413056488309999
0.493000000000000327,-0.613853911460333856
0.494000000000000328,-0.633168949619535182
0.495000000000000329,-0.652351964206981827
0.496000000000000330,-0.671396932891365816
0.497000000000000330,-0.690298016578954621
0.498000000000000331,-0.709049558134216218
0.499000000000000332,-0.727646081015467461
0.500000000000000333,-0.746082287829749613
0.501000000000000334,-0.764353058810975372
0.502000000000000335,-0.782453450225410352
0.503000000000000336,-0.800378692708336836
0.504000000000000337,-0.818124189535739177
0.505000000000000338,-0.835685514834681564
0.506000000000000338,-0.853058411736008160
0.507000000000000339,-0.870238790472864232
0.508000000000000340,-0.887222726428431918
0.509000000000000341,-0.904006458136244140
0.510000000000000342,-0.920586385236240923
0.511000000000000343,-0.936959066389755457
0.512000000000000344,-0.953121217156417067
0.513000000000000345,-0.969069707835951810
0.514000000000000346,-0.984801561277746984
0.515000000000000346,-1.000313950660900009
0.516000000000000347,-1.015604197247480300
0.517000000000000348,-1.030669768111596607
0.518000000000000349,-1.045508273846758707
0.519000000000000350,-1.060117466253973628
0.520000000000000351,-1.074495236012935173
0.521000000000000352,-1.088639610338571373
0.522000000000000353,-1.102548750625104157
0.523000000000000353,-1.116220950079796825
0.524000000000000354,-1.129654631348358418
0.525000000000000355,-1.142848344134023142
0.526000000000000356,-1.155800762812133620
0.527000000000000357,-1.168510684042100900
0.528000000000000358,-1.180977024378460083
0.529000000000000359,-1.193198817882690888
0.530000000000000360,-1.205175213737427864
0.531000000000000361,-1.216905473864609011
0.532000000000000361,-1.228388970549038950
0.533000000000000362,-1.239625184068771535
0.534000000000000363,-1.250613700333689682
0.535000000000000364,-1.261354208533580046
0.536000000000000365,-1.271846498796916691
0.537000000000000366,-1.282090459861574105
0.538000000000000367,-1.292086076758549806
0.539000000000000368,-1.301833428509834523
0.540000000000000369,-1.311332685841376522
0.541000000000000369,-1.320584108912182142
0.542000000000000370,-1.329588045060404955
0.543000000000000371,-1.338344926567350823
0.544000000000000372,-1.346855268440196429
0.545000000000000373,-1.355119666214200214
0.546000000000000374,-1.363138793775151125
0.547000000000000375,-1.370913401202731974
0.548000000000000376,-1.378444312635467961
0.549000000000000377,-1.385732424157841702
0.550000000000000377,-1.392778701710181810
0.551000000000000378,-1.399584179021803543
0.552000000000000379,-1.406149955567956411
0.553000000000000380,-1.412477194550990633
0.554000000000000381,-1.418567120906175427
0.555000000000000382,-1.424421019332600125
0.556000000000000383,-1.430040232349435669
0.557000000000000384,-1.435426158377977934
0.558000000000000385,-1.440580249849675143
0.559000000000000385,-1.445504011340492223
0.560000000000000386,-1.450198997731784178
0.561000000000000387,-1.454666812397928499
0.562000000000000388,-1.458909105420876040
0.563000000000000389,-1.462927571831817319
0.564000000000000390,-1.466723949880048172
0.565000000000000391,-1.470300019329189301
0.566000000000000392,-1.473657599780831884
0.567000000000000393,-1.476798549025676310
0.568000000000000393,-1.479724761422209101
0.569000000000000394,-1.482438166302950222
0.570000000000000395,-1.484940726408287892
0.571000000000000396,-1.487234436347848687
0.572000000000000397,-1.489321321089435157
0.573000000000000398,-1.491203434475434797
0.574000000000000399,-1.492882857766660187
0.575000000000000400,-1.494361698213543921
0.576000000000000401,-1.495642087654575736
0.577000000000000401,-1.496726181141922352
0.578000000000000402,-1.497616155594046372
0.579000000000000403,-1.498314208475239884
0.580000000000000404,-1.498822556501920866
0.581000000000000405,-1.499143434375503237
0.582000000000000406,-1.499279093541730834
0.583000000000000407,-1.499231800976219775
0.584000000000000408,-1.499003837996117472
0.585000000000000409,-1.498597499097585217
0.586000000000000409,-1.498015090818960449
0.587000000000000410,-1.497258930629376428
0.588000000000000411,-1.496331345842575988
0.589000000000000412,-1.495234672555761923
0.590000000000000413,-1.493971254613166266
0.591000000000000414,-1.492543442594153724
0.592000000000000415,-1.490953592825603025
0.593000000000000416,-1.489204066418270411
0.594000000000000417,-1.487297228326919685
0.595000000000000417,-1.485235446433961215
0.596000000000000418,-1.483021090656252650
0.597000000000000419,-1.480656532074908771
0.598000000000000420,-1.478144142087720825
0.599000000000000421,-1.475486291584000798
0.600000000000000422,-1.472685350141509586
0.601000000000000423,-1.469743685245194609
0.602000000000000424,-1.466663661527469520
0.603000000000000425,-1.463447640029726937
0.604000000000000425,-1.460097977484770215
0.605000000000000426,-1.456617025619916905
0.606000000000000427,-1.453007130480454157
0.607000000000000428,-1.449270631773103890
0.608000000000000429,-1.445409862229313669
0.609000000000000430,-1.441427146987923846
0.610000000000000431,-1.437324802997060225
0.611000000000000432,-1.433105138434833226
0.612000000000000433,-1.428770452148607095
0.613000000000000433,-1.424323033112541603
0.614000000000000434,-1.419765159903074725
0.615000000000000435,-1.415099100192053205
0.616000000000000436,-1.410327110257237671
0.617000000000000437,-1.405451434509877640
0.618000000000000438,-1.400474305039035139
0.619000000000000439,-1.395397941172371592
0.620000000000000440,-1.390224549053141523
0.621000000000000441,-1.384956321233036469
0.622000000000000441,-1.379595436280655729
0.623000000000000442,-1.374144058405235791
0.624000000000000443,-1.368604337095435053
0.625000000000000444,-1.362978406772841877
0.626000000000000445,-1.357268386459896004
0.627000000000000446,-1.351476379462018595
0.628000000000000447,-1.345604473063598316
0.629000000000000448,-1.339654738237596288
0.630000000000000449,-1.333629229368470615
0.631000000000000449,-1.327529983988176676
0.632000000000000450,-1.321359022524944971
0.633000000000000451,-1.315118348064595155
0.634000000000000452,-1.308809946124082968
0.635000000000000453,-1.302435784437068866
0.636000000000000454,-1.295997812751196632
0.637000000000000455,-1.289497962636878103
0.638000000000000456,-1.282938147307273180
0.639000000000000457,-1.276320261449260141
0.640000000000000457,-1.269646181065138268
0.641000000000000458,-1.262917763324778786
0.642000000000000459,-1.256136846428056675
0.643000000000000460,-1.249305249477238533
0.644000000000000461,-1.242424772359163487
0.645000000000000462,-1.235497195636938050
0.646000000000000463,-1.228524280450924211
0.647000000000000464,-1.221507768428808482
0.648000000000000465,-1.214449381604519207
0.649000000000000465,-1.207350822345757191
0.650000000000000466,-1.200213773289950714
0.651000000000000467,-1.193039897288383999
0.652000000000000468,-1.185830837358332168
0.653000000000000469,-1.178588216642933340
0.654000000000000470,-1.171313638378673527
0.655000000000000471,-1.164008685870200122
0.656000000000000472,-1.156674922472314293
0.657000000000000473,-1.149313891578934044
0.658000000000000473,-1.141927116618836946
0.659000000000000474,-1.134516101057980730
0.660000000000000475,-1.127082328408240297
0.661000000000000476,-1.119627262242334664
0.662000000000000477,-1.112152346214823506
0.663000000000000478,-1.104659004088927254
0.664000000000000479,-1.097148639769071066
0.665000000000000480,-1.089622637338888422
0.666000000000000481,-1.082082361104634183
0.667000000000000481,-1.074529155643699330
0.668000000000000482,-1.066964345858216534
0.669000000000000483,-1.059389237033469211
0.670000000000000484,-1.051805114901017468
0.671000000000000485,-1.044213245706375748
0.672000000000000486,-1.036614876281060083
0.673000000000000487,-1.029011234118925922
0.674000000000000488,-1.021403527456552496
0.675000000000000488,-1.013792945357616881
0.676000000000000489,-1.006180657801096778
0.677000000000000490,-0.998567815773113265
0.678000000000000491,-0.990955551362362796
0.679000000000000492,-0.983344977858940039
0.680000000000000493,-0.975737189856446308
0.681000000000000494,-0.968133263357277563
0.682000000000000495,-0.960534255880916454
0.683000000000000496,-0.952941206575170341
0.684000000000000496,-0.945355136330187862
0.685000000000000497,-0.937777047895153926
0.686000000000000498,-0.930207925997559970
0.687000000000000499,-0.922648737464923707
0.688000000000000500,-0.915100431348847443
0.689000000000000501,-0.907563939051328261
0.690000000000000502,-0.900040174453203390
0.691000000000000503,-0.892530034044613840
0.692000000000000504,-0.885034397057407718
0.693000000000000504,-0.877554125599404045
0.694000000000000505,-0.870090064790348783
0.695000000000000506,-0.862643042899576384
0.696000000000000507,-0.855213871485182686
0.697000000000000508,-0.847803345534688169
0.698000000000000509,-0.840412243607094545
0.699000000000000510,-0.833041327976210666
0.700000000000000511,-0.825691344775225877
0.701000000000000512,-0.818363024142396034
0.702000000000000512,-0.811057080367802663
0.703000000000000513,-0.803774212041081904
0.704000000000000514,-0.796515102200073488
0.705000000000000515,-0.789280418480288626
0.706000000000000516,-0.782070813265156373
0.707000000000000517,-0.774886923836956121
0.708000000000000518,-0.767729372528368814
0.709000000000000519,-0.760598766874625576
0.710000000000000520,-0.753495699766103089
0.711000000000000520,-0.746420749601403588
0.712000000000000521,-0.739374480440781023
0.713000000000000522,-0.732357442159893846
0.714000000000000523,-0.725370170603831022
0.715000000000000524,-0.718413187741316905
0.716000000000000525,-0.711487001819098963
0.717000000000000526,-0.704592107516413657
0.718000000000000527,-0.697728986099503401
0.719000000000000528,-0.690898105576138066
0.720000000000000528,-0.684099920850100740
0.721000000000000529,-0.677334873875537813
0.722000000000000530,-0.670603393811225024
0.723000000000000531,-0.663905897174595916
0.724000000000000532,-0.657242787995586220
0.725000000000000533,-0.650614457970192905
0.726000000000000534,-0.644021286613719823
0.727000000000000535,-0.637463641413693827
0.728000000000000536,-0.630941877982389876
0.729000000000000536,-0.624456340208933924
0.730000000000000537,-0.618007360410974038
0.731000000000000538,-0.611595259485827714
0.732000000000000539,-0.605220347061152131
0.733000000000000540,-0.598882921645026878
0.734000000000000541,-0.592583270775487003
0.735000000000000542,-0.586321671169410807
0.736000000000000543,-0.580098388870816106
0.737000000000000544,-0.573913679398436516
0.738000000000000544,-0.567767787892662468
0.739000000000000545,-0.561660949261714615
0.740000000000000546,-0.555593388327113802
0.741000000000000547,-0.549565319968357557
0.742000000000000548,-0.543576949266853959
0.743000000000000549,-0.537628471648990525
0.744000000000000550,-0.531720073028412843
0.745000000000000551,-0.525851929947453112
0.746000000000000552,-0.520024209717676156
0.747000000000000552,-0.514237070559559917
0.748000000000000553,-0.508490661741256122
0.749000000000000554,-0.502785123716436688
0.750000000000000555,-0.497120588261224960
0.751000000000000556,-0.491497178610143137
0.752000000000000557,-0.485915009591142422
0.753000000000000558,-0.480374187759599280
0.754000000000000559,-0.474874811531383390
0.755000000000000560,-0.469416971314876086
0.756000000000000560,-0.464000749642012766
0.757000000000000561,-0.458626221298265524
0.758000000000000562,-0.453293453451620365
0.759000000000000563,-0.448002505780503768
0.760000000000000564,-0.442753430600654752
0.761000000000000565,-0.437546272990936014
0.762000000000000566,-0.432381070918077370
0.763000000000000567,-0.427257855360349048
0.764000000000000568,-0.422176650430141798
0.765000000000000568,-0.417137473495476585
0.766000000000000569,-0.412140335300398786
0.767000000000000570,-0.407185240084296740
0.768000000000000571,-0.402272185700090268
0.769000000000000572,-0.397401163731335383
0.770000000000000573,-0.392572159608206739
0.771000000000000574,-0.387785152722365578
0.772000000000000575,-0.383040116540713016
0.773000000000000576,-0.378337018718014173
0.774000000000000576,-0.373675821208413417
0.775000000000000577,-0.369056480375824059
0.776000000000000578,-0.364478947103174078
0.777000000000000579,-0.359943166900561162
0.778000000000000580,-0.355449080012243290
0.779000000000000581,-0.350996621522531804
0.780000000000000582,-0.346585721460538343
0.781000000000000583,-0.342216304903817825
0.782000000000000584,-0.337888292080863351
0.783000000000000584,-0.333601598472487104
0.784000000000000585,-0.329356134912093090
0.785000000000000586,-0.325151807684796679
0.786000000000000587,-0.320988518625463237
0.787000000000000588,-0.316866165215605622
0.788000000000000589,-0.312784640679166115
0.789000000000000590,-0.308743834077217449
0.790000000000000591,-0.304743630401515531
0.791000000000000592,-0.300783910666981180
0.792000000000000592,-0.296864552003060223
0.793000000000000593,-0.292985427743998827
0.794000000000000594,-0.289146407518017567
0.795000000000000595,-0.285347357335410057
0.796000000000000596,-0.281588139675530258
0.797000000000000597,-0.277868613572735401
0.798000000000000598,-0.274188634701226397
0.799000000000000599,-0.270548055458824821
0.800000000000000600,-0.266946725049701739
0.801000000000000600,-0.263384489566015678
0.802000000000000601,-0.259861192068525593
0.803000000000000602,-0.256376672666136785
0.804000000000000603,-0.252930768594413602
0.805000000000000604,-0.249523314293056631
0.806000000000000605,-0.246154141482327449
0.807000000000000606,-0.242823079238487255
0.808000000000000607,-0.239529954068176953
0.809000000000000608,-0.236274589981808447
0.810000000000000608,-0.233056808565957368
0.811000000000000609,-0.229876429054715864
0.812000000000000610,-0.226733268400111404
0.813000000000000611,-0.223627141341486035
0.814000000000000612,-0.220557860473929696
0.815000000000000613,-0.217525236315738668
0.816000000000000614,-0.214529077374889132
0.817000000000000615,-0.211569190214573821
0.818000000000000616,-0.208645379517783031
0.819000000000000616,-0.205757448150936328
0.820000000000000617,-0.202905197226578515
0.821000000000000618,-0.200088426165158484
0.822000000000000619,-0.197306932755877046
0.823000000000000620,-0.194560513216622738
0.824000000000000621,-0.191848962252996885
0.825000000000000622,-0.189172073116451428
0.826000000000000623,-0.186529637661532022
0.827000000000000624,-0.183921446402225242
0.828000000000000624,-0.181347288567454995
0.829000000000000625,-0.178806952155678850
0.830000000000000626,-0.176300223988657190
0.831000000000000627,-0.173826889764346459
0.832000000000000628,-0.171386734108963656
0.833000000000000629,-0.168979540628197394
0.834000000000000630,-0.166605091957604617
0.835000000000000631,-0.164263169812182003
0.836000000000000631,-0.161953555035117602
0.837000000000000632,-0.159676027645752366
0.838000000000000633,-0.157430366886721601
0.839000000000000634,-0.155216351270327457
0.840000000000000635,-0.153033758624124439
0.841000000000000636,-0.150882366135716012
0.842000000000000637,-0.148761950396811005
0.843000000000000638,-0.146672287446499350
0.844000000000000639,-0.144613152813789558
0.845000000000000639,-0.142584321559399069
0.846000000000000640,-0.140585568316804743
0.847000000000000641,-0.138616667332587207
0.848000000000000642,-0.136677392506027284
0.849000000000000643,-0.134767517428004108
0.850000000000000644,-0.132886815419209048
0.851000000000000645,-0.131035059567618628
0.852000000000000646,-0.129212022765325146
0.853000000000000647,-0.127417477744658753
0.854000000000000647,-0.125651197113643920
0.855000000000000648,-0.123912953390792183
0.856000000000000649,-0.122202519039240995
0.857000000000000650,-0.120519666500232783
0.858000000000000651,-0.118864168225954026
0.859000000000000652,-0.117235796711745624
0.860000000000000653,-0.115634324527683477
0.861000000000000654,-0.114059524349524377
0.862000000000000655,-0.112511168989069321
0.863000000000000655,-0.110989031423883985
0.864000000000000656,-0.109492884826456333
0.865000000000000657,-0.108022502592732855
0.866000000000000658,-0.106577658370092074
0.867000000000000659,-0.105158126084740150
0.868000000000000660,-0.103763679968518735
0.869000000000000661,-0.102394094585169459
0.870000000000000662,-0.101049144856034820
0.871000000000000663,-0.099728606085222243
0.872000000000000663,-0.098432253984201426
0.873000000000000664,-0.097159864695895742
0.874000000000000665,-0.095911214818226856
0.875000000000000666,-0.094686081427152471
0.876000000000000667,-0.093484242099175913
0.877000000000000668,-0.092305474933361720
0.878000000000000669,-0.091149558572845096
0.879000000000000670,-0.090016272225841215
0.880000000000000671,-0.088905395686186092
0.881000000000000671,-0.087816709353370631
0.882000000000000672,-0.086749994252128038
0.883000000000000673,-0.085705032051529739
0.884000000000000674,-0.084681605083637951
0.885000000000000675,-0.083679496361692002
0.886000000000000676,-0.082698489597848979
0.887000000000000677,-0.081738369220489646
0.888000000000000678,-0.080798920391069715
0.889000000000000679,-0.079879929020563761
0.890000000000000679,-0.078981181785467605
0.891000000000000680,-0.078102466143393862
0.892000000000000681,-0.077243570348248650
0.893000000000000682,-0.076404283465001499
0.894000000000000683,-0.075584395384061157
0.895000000000000684,-0.074783696835255070
0.896000000000000685,-0.074001979401417478
0.897000000000000686,-0.073239035531591820
0.898000000000000687,-0.072494658553873464
0.899000000000000687,-0.071768642687849979
0.900000000000000688,-0.071060783056707585
0.901000000000000689,-0.070370875698952548
0.902000000000000690,-0.069698717579794192
0.903000000000000691,-0.069044106602169683
0.904000000000000692,-0.068406841617423969
0.905000000000000693,-0.067786722435651786
0.906000000000000694,-0.067183549835714826
0.907000000000000695,-0.066597125574910154
0.908000000000000695,-0.066027252398339162
0.909000000000000696,-0.065473734047934856
0.910000000000000697,-0.064936375271197444
0.911000000000000698,-0.064414981829602841
0.912000000000000699,-0.063909360506718443
0.913000000000000700,-0.063419319116024830
0.914000000000000701,-0.062944666508418734
0.915000000000000702,-0.062485212579464058
0.916000000000000703,-0.062040768276325022
0.917000000000000703,-0.061611145604443793
0.918000000000000704,-0.061196157633923429
0.919000000000000705,-0.060795618505655478
0.920000000000000706,-0.060409343437177264
0.921000000000000707,-0.060037148728261491
0.922000000000000708,-0.059678851766251394
0.923000000000000709,-0.059334271031158646
0.924000000000000710,-0.059003226100481157
0.925000000000000711,-0.058685537653807976
0.926000000000000711,-0.058381027477164463
0.927000000000000712,-0.058089518467131972
0.928000000000000713,-0.057810834634728116
0.929000000000000714,-0.057544801109070051
0.930000000000000715,-0.057291244140799023
0.931000000000000716,-0.057049991105296641
0.932000000000000717,-0.056820870505691477
0.933000000000000718,-0.056603711975626393
0.934000000000000719,-0.056398346281855485
0.935000000000000719,-0.056204605326606608
0.936000000000000720,-0.056022322149755999
0.937000000000000721,-0.055851330930806145
0.938000000000000722,-0.055691466990671422
0.939000000000000723,-0.055542566793265392
0.940000000000000724,-0.055404467946913540
0.941000000000000725,-0.055277009205576079
0.942000000000000726,-0.055160030469897758
0.943000000000000727,-0.055053372788071944
0.944000000000000727,-0.054956878356545190
0.945000000000000728,-0.054870390520547194
0.946000000000000729,-0.054793753774445252
0.947000000000000730,-0.054726813761961181
0.948000000000000731,-0.054669417276198770
0.949000000000000732,-0.054621412259542049
0.950000000000000733,-0.054582647803378924
0.951000000000000734,-0.054552974147699884
0.952000000000000735,-0.054532242680519906
0.953000000000000735,-0.054520305937180366
0.954000000000000736,-0.054517017599502338
0.955000000000000737,-0.054522232494797984
0.956000000000000738,-0.054535806594755133
0.957000000000000739,-0.054557597014184875
0.958000000000000740,-0.054587462009637946
0.959000000000000741,-0.054625260977899645
0.960000000000000742,-0.054670854454360387
0.961000000000000743,-0.054724104111259685
0.962000000000000743,-0.054784872755818462
0.963000000000000744,-0.054853024328250399
0.964000000000000745,-0.054928423899667213
0.965000000000000746,-0.055010937669862169
0.966000000000000747,-0.055100432964997482
0.967000000000000748,-0.055196778235173459
0.968000000000000749,-0.055299843051911449
0.969000000000000750,-0.055409498105514252
0.970000000000000751,-0.055525615202351573
0.971000000000000751,-0.055648067262027069
0.972000000000000752,-0.055776728314462787
0.973000000000000753,-0.055911473496903563
0.974000000000000754,-0.056052179050802696
0.975000000000000755,-0.056198722318649433
0.976000000000000756,-0.056350981740694375
0.977000000000000757,-0.056508836851599166
0.978000000000000758,-0.056672168276998849
0.979000000000000759,-0.056840857730001672
0.980000000000000759,-0.057014788007587733
0.981000000000000760,-0.057193842986951737
0.982000000000000761,-0.057377907621772528
0.983000000000000762,-0.057566867938400393
0.984000000000000763,-0.057760611031980505
0.985000000000000764,-0.057959025062521749
0.986000000000000765,-0.058161999250879184
0.987000000000000766,-0.058369423874688998
0.988000000000000766,-0.058581190264237151
0.989000000000000767,-0.058797190798269408
0.990000000000000768,-0.059017318899744306
0.991000000000000769,-0.059241469031520957
0.992000000000000770,-0.059469536692006886
0.993000000000000771,-0.059701418410749121
0.994000000000000772,-0.059937011743959955
0.995000000000000773,-0.060176215270017833
0.996000000000000774,-0.060418928584896670
0.997000000000000774,-0.060665052297565324
0.998000000000000775,-0.060914488025331906
0.999000000000000776,-0.061167138389153906
1.000000000000000666,-0.061422907008896500
1.001000000000000778,-0.061681698498560457
1.002000000000000668,-0.061943418461462160
1.003000000000000780,-0.062207973485382172
1.004000000000000670,-0.062475271137675058
1.005000000000000782,-0.062745219960348098
1.006000000000000671,-0.063017729465099953
1.007000000000000783,-0.063292710128331445
1.008000000000000673,-0.063570073386127982
1.009000000000000785,-0.063849731629206125
1.010000000000000675,-0.064131598197836495
1.011000000000000787,-0.064415587376738651
1.012000000000000677,-0.064701614389951118
1.013000000000000789,-0.064989595395675753
1.014000000000000679,-0.065279447481091685
1.015000000000000790,-0.065571088657164697
1.016000000000000680,-0.065864437853417668
1.017000000000000792,-0.066159414912689271
1.018000000000000682,-0.066455940585871218
1.019000000000000794,-0.066753936526628949
1.020000000000000684,-0.067053325286107607
1.021000000000000796,-0.067354030307615692
1.022000000000000686,-0.067655975921299391
1.023000000000000798,-0.067959087338802973
1.024000000000000687,-0.068263290647908786
1.025000000000000799,-0.068568512807180862
1.026000000000000689,-0.068874681640578361
1.027000000000000801,-0.069181725832074659
1.028000000000000691,-0.069489574920258645
1.029000000000000803,-0.069798159292931677
1.030000000000000693,-0.070107410181690186
1.031000000000000805,-0.070417259656518655
1.032000000000000695,-0.070727640620350835
1.033000000000000806,-0.071038486803652462
1.034000000000000696,-0.071349732758984041
1.035000000000000808,-0.071661313855558989
1.036000000000000698,-0.071973166273811118
1.037000000000000810,-0.072285226999955474
1.038000000000000700,-0.072597433820537044
1.039000000000000812,-0.072909725316993884
1.040000000000000702,-0.073222040860218857
1.041000000000000814,-0.073534320605113945
1.042000000000000703,-0.073846505485146360
1.043000000000000815,-0.074158537206923322
1.044000000000000705,-0.074470358244750859
1.045000000000000817,-0.074781911835201761
1.046000000000000707,-0.075093141971697031
1.047000000000000819,-0.075403993399081423
1.048000000000000709,-0.075714411608205467
1.049000000000000821,-0.076024342830523089
1.050000000000000711,-0.076333734032679956
1.051000000000000822,-0.076642532911130073
1.052000000000000712,-0.076950687886738117
1.053000000000000824,-0.077258148099406981
1.054000000000000714,-0.077564863402704132
1.055000000000000826,-0.077870784358503156
1.056000000000000716,-0.078175862231632781
1.057000000000000828,-0.078480048984535533
1.058000000000000718,-0.078783297271939667
1.059000000000000830,-0.079085560435538077
1.060000000000000719,-0.079386792498686437
1.061000000000000831,-0.079686948161105442
1.062000000000000721,-0.079985982793599267
1.063000000000000833,-0.080283852432793373
1.064000000000000723,-0.080580513775868334
1.065000000000000835,-0.080875924175329322
1.066000000000000725,-0.081170041633776904
1.067000000000000837,-0.081462824798687244
1.068000000000000727,-0.081754232957229236
1.069000000000000838,-0.082044226031068368
1.070000000000000728,-0.082332764571211692
1.071000000000000840,-0.082619809752853407
1.072000000000000730,-0.082905323370243728
1.073000000000000842,-0.083189267831571184
1.074000000000000732,-0.083471606153861011
1.075000000000000844,-0.083752301957899011
1.076000000000000734,-0.084031319463163293
1.077000000000000846,-0.084308623482777831
1.078000000000000735,-0.084584179418489586
1.079000000000000847,-0.084857953255648863
1.080000000000000737,-0.085129911558234531
1.081000000000000849,-0.085400021463866244
1.082000000000000739,-0.085668250678863106
1.083000000000000851,-0.085934567473307910
1.084000000000000741,-0.086198940676135552
1.085000000000000853,-0.086461339670237253
1.086000000000000743,-0.086721734387592730
1.087000000000000854,-0.086980095304415708
1.088000000000000744,-0.087236393436327539
1.089000000000000856,-0.087490600333537477
1.090000000000000746,-0.087742688076062184
1.091000000000000858,-0.087992629268957942
1.092000000000000748,-0.088240397037567392
1.093000000000000860,-0.088485965022805105
1.094000000000000750,-0.088729307376443467
1.095000000000000862,-0.088970398756441221
1.096000000000000751,-0.089209214322283681
1.097000000000000863,-0.089445729730337514
1.098000000000000753,-0.089679921129249038
1.099000000000000865,-0.089911765155348516
1.100000000000000755,-0.090141238928075240
1.101000000000000867,-0.090368320045441083
1.102000000000000757,-0.090592986579502072
1.103000000000000869,-0.090815217071862936
1.104000000000000759,-0.091034990529193296
1.105000000000000870,-0.091252286418786147
1.106000000000000760,-0.091467084664111659
1.107000000000000872,-0.091679365640428404
1.108000000000000762,-0.091889110170389671
1.109000000000000874,-0.092096299519688063
1.110000000000000764,-0.092300915392719091
1.111000000000000876,-0.092502939928266692
1.112000000000000766,-0.092702355695223754
1.113000000000000878,-0.092899145688320667
1.114000000000000767,-0.093093293323891643
1.115000000000000879,-0.093284782435652983
1.116000000000000769,-0.093473597270516545
1.117000000000000881,-0.093659722484421365
1.118000000000000771,-0.093843143138189408
1.119000000000000883,-0.094023844693409367
1.120000000000000773,-0.094201813008342433
1.121000000000000885,-0.094377034333847851
1.122000000000000774,-0.094549495309342230
1.123000000000000886,-0.094719182958776210
1.124000000000000776,-0.094886084686641572
1.125000000000000888,-0.095050188273990255
1.126000000000000778,-0.095211481874494117
1.127000000000000890,-0.095369954010525365
1.128000000000000780,-0.095525593569244019
1.129000000000000892,-0.095678389798737218
1.130000000000000782,-0.095828332304163696
1.131000000000000894,-0.095975411043927733
1.132000000000000783,-0.096119616325879592
1.133000000000000895,-0.096260938803543430
1.134000000000000785,-0.096399369472356347
1.135000000000000897,-0.096534899665952606
1.136000000000000787,-0.096667521052450883
1.137000000000000899,-0.096797225630783718
1.138000000000000789,-0.096924005727033719
1.139000000000000901,-0.097047853990821137
1.140000000000000790,-0.097168763391682275
1.141000000000000902,-0.097286727215491781
1.142000000000000792,-0.097401739060915538
1.143000000000000904,-0.097513792835869764
1.144000000000000794,-0.097622882754019813
1.145000000000000906,-0.097729003331285480
1.146000000000000796,-0.097832149382397343
1.147000000000000908,-0.097932316017448937
1.148000000000000798,-0.098029498638490670
1.149000000000000909,-0.098123692936144882
1.150000000000000799,-0.098214894886235166
1.151000000000000689,-0.098303100746456790
1.152000000000000801,-0.098388307053054805
1.153000000000000913,-0.098470510617536366
1.154000000000000803,-0.098549708523401378
1.155000000000000693,-0.098625898122896155
1.156000000000000805,-0.098699077033803942
1.157000000000000917,-0.098769243136231505
1.158000000000000806,-0.098836394569452091
1.159000000000000696,-0.098900529728746939
1.160000000000000808,-0.098961647262281266
1.161000000000000920,-0.099019746068001985
1.162000000000000810,-0.099074825290561136
1.163000000000000700,-0.099126884318253769
1.164000000000000812,-0.099175922779990350
1.165000000000000924,-0.099221940542281811
1.166000000000000814,-0.099264937706259007
1.167000000000000703,-0.099304914604701561
1.168000000000000815,-0.099341871799104836
1.169000000000000927,-0.099375810076751794
1.170000000000000817,-0.099406730447826025
1.171000000000000707,-0.099434634142532258
1.172000000000000819,-0.099459522608251735
1.173000000000000931,-0.099481397506709729
1.174000000000000821,-0.099500260711167687
1.175000000000000711,-0.099516114303646541
1.176000000000000822,-0.099528960572160763
1.177000000000000934,-0.099538802007980182
1.178000000000000824,-0.099545641302912463
1.179000000000000714,-0.099549481346604921
1.180000000000000826,-0.099550325223879840
1.181000000000000938,-0.099548176212071238
1.182000000000000828,-0.099543037778403232
1.183000000000000718,-0.099534913577378328
1.184000000000000830,-0.099523807448191420
1.185000000000000941,-0.099509723412158052
1.186000000000000831,-0.099492665670182487
1.187000000000000721,-0.099472638600220140
1.188000000000000833,-0.099449646754786944
1.189000000000000945,-0.099423694858470496
1.190000000000000835,-0.099394787805475726
1.191000000000000725,-0.099362930657173859
1.192000000000000837,-0.099328128639704638
1.193000000000000949,-0.099290387141552111
1.194000000000000838,-0.099249711711188585
1.195000000000000728,-0.099206108054703174
1.196000000000000840,-0.099159582033470292
1.197000000000000952,-0.099110139661836807
1.198000000000000842,-0.099057787104813708
1.199000000000000732,-0.099002530675812508
1.200000000000000844,-0.098944376834374348
1.201000000000000956,-0.098883332183946543
1.202000000000000846,-0.098819403469655426
1.203000000000000735,-0.098752597576111545
1.204000000000000847,-0.098682921525228812
1.205000000000000959,-0.098610382474072111
1.206000000000000849,-0.098534987712708827
1.207000000000000739,-0.098456744662092158
1.208000000000000851,-0.098375660871960410
1.209000000000000963,-0.098291744018751251
1.210000000000000853,-0.098205001903540035
1.211000000000000743,-0.098115442449994220
1.212000000000000854,-0.098023073702344893
1.213000000000000966,-0.097927903823379736
1.214000000000000856,-0.097829941092456602
1.215000000000000746,-0.097729193903525011
1.216000000000000858,-0.097625670763180544
1.217000000000000970,-0.097519380288724616
1.218000000000000860,-0.097410331206247910
1.219000000000000750,-0.097298532348734659
1.220000000000000862,-0.097183992654178597
1.221000000000000973,-0.097066721163716035
1.222000000000000863,-0.096946727019788154
1.223000000000000753,-0.096824019464302566
1.224000000000000865,-0.096698607836827571
1.225000000000000977,-0.096570501572799033
1.226000000000000867,-0.096439710201739068
1.227000000000000757,-0.096306243345499282
1.228000000000000869,-0.096170110716512130
1.229000000000000981,-0.096031322116077775
1.230000000000000870,-0.095889887432636864
1.231000000000000760,-0.095745816640089881
1.232000000000000872,-0.095599119796122262
1.233000000000000984,-0.095449807040528190
1.234000000000000874,-0.095297888593590341
1.235000000000000764,-0.095143374754431576
1.236000000000000876,-0.094986275899414913
1.237000000000000988,-0.094826602480544475
1.238000000000000878,-0.094664365023886698
1.239000000000000767,-0.094499574128005637
1.240000000000000879,-0.094332240462415645
1.241000000000000991,-0.094162374766047413
1.242000000000000881,-0.093989987845731898
1.243000000000000771,-0.093815090574698279
1.244000000000000883,-0.093637693891085699
1.245000000000000995,-0.093457808796473751
1.246000000000000885,-0.093275446354427471
1.247000000000000774,-0.093090617689050387
1.248000000000000886,-0.092903333983561792
1.249000000000000998,-0.092713606478885463
1.250000000000000888,-0.092521446472250843
1.251000000000000778,-0.092326865315807277
1.252000000000000890,-0.092129874415262353
1.253000000000001002,-0.091930485228519543
1.254000000000000892,-0.091728709264348313
1.255000000000000782,-0.091524558081046328
1.256000000000000894,-0.091318043285138942
1.257000000000001005,-0.091109176530073915
1.258000000000000895,-0.090897969514940821
1.259000000000000785,-0.090684433983199614
1.260000000000000897,-0.090468581721422914
1.261000000000001009,-0.090250424558057138
1.262000000000000899,-0.090029974362185655
1.263000000000000789,-0.089807243042318519
1.264000000000000901,-0.089582242545187180
1.265000000000001013,-0.089354984854553135
1.266000000000000902,-0.089125481990031910
1.267000000000000792,-0.088893746005928836
1.268000000000000904,-0.088659788990088181
1.269000000000001016,-0.088423623062753517
1.270000000000000906,-0.088185260375443816
1.271000000000000796,-0.087944713109837563
1.272000000000000908,-0.087701993476671000
1.273000000000001020,-0.087457113714654880
1.274000000000000909,-0.087210086089393346
1.275000000000000799,-0.086960922892317827
1.276000000000000911,-0.086709636439643883
1.277000000000001023,-0.086456239071320842
1.278000000000000913,-0.086200743150009751
1.279000000000000803,-0.085943161060064596
1.280000000000000915,-0.085683505206532520
1.281000000000001027,-0.085421788014147834
1.282000000000000917,-0.085158021926367358
1.283000000000000806,-0.084892219404387084
1.284000000000000918,-0.084624392926190922
1.285000000000001030,-0.084354554985598143
1.286000000000000920,-0.084082718091332012
1.287000000000000810,-0.083808894766088410
1.288000000000000922,-0.083533097545628737
1.289000000000001034,-0.083255338977870033
1.290000000000000924,-0.082975631621993048
1.291000000000000814,-0.082693988047567418
1.292000000000000925,-0.082410420833668077
1.293000000000001037,-0.082124942568028048
1.294000000000000927,-0.081837565846179031
1.295000000000000817,-0.081548303270611494
1.296000000000000929,-0.081257167449952455
1.297000000000001041,-0.080964170998135992
1.298000000000000931,-0.080669326533603952
1.299000000000000821,-0.080372646678500775
1.300000000000000933,-0.080074144057881685
1.301000000000001044,-0.079773831298941666
1.302000000000000934,-0.079471721030237641
1.303000000000000824,-0.079167825880937071
1.304000000000000936,-0.078862158480054623
1.305000000000001048,-0.078554731455726876
1.306000000000000938,-0.078245557434470828
1.307000000000000828,-0.077934649040463738
1.308000000000000940,-0.077622018894830558
1.309000000000001052,-0.077307679614945973
1.310000000000000941,-0.076991643813732760
1.311000000000000831,-0.076673924098979496
1.312000000000000943,-0.076354533072662295
1.313000000000001055,-0.076033483330286311
1.314000000000000945,-0.075710787460215478
1.315000000000000835,-0.075386458043027710
1.316000000000000947,-0.075060507650877434
1.317000000000001059,-0.074732948846859243
1.318000000000000949,-0.074403794184381394
1.319000000000000838,-0.074073056206559212
1.320000000000000950,-0.073740747445601107
1.321000000000001062,-0.073406880422209317
1.322000000000000952,-0.073071467644994739
1.323000000000000842,-0.072734521609889302
1.324000000000000954,-0.072396054799575879
1.325000000000001066,-0.072056079682918189
1.326000000000000956,-0.071714608714407768
1.327000000000000846,-0.071371654333607065
1.328000000000000957,-0.071027228964613359
1.329000000000001069,-0.070681345015518010
1.330000000000000959,-0.070334014877885237
1.331000000000000849,-0.069985250926229065
1.332000000000000961,-0.069635065517498429
1.333000000000001073,-0.069283470990578383
1.334000000000000963,-0.068930479665791508
1.335000000000000853,-0.068576103844403588
1.336000000000000965,-0.068220355808147476
1.337000000000001076,-0.067863247818743117
1.338000000000000966,-0.067504792117430559
1.339000000000000856,-0.067145000924509618
1.340000000000000968,-0.066783886438883916
1.341000000000001080,-0.066421460837613536
1.342000000000000970,-0.066057736275476980
1.343000000000000860,-0.065692724884534801
1.344000000000000972,-0.065326438773703005
1.345000000000001084,-0.064958890028336921
1.346000000000000973,-0.064590090709809922
1.347000000000000863,-0.064220052855113480
1.348000000000000975,-0.063848788476449869
1.349000000000001087,-0.063476309560843686
1.350000000000000977,-0.063102628069752850
1.351000000000000867,-0.062727755938685320
1.352000000000000979,-0.062351705076820141
1.353000000000001091,-0.061974487366648158
1.354000000000000981,-0.061596114663602618
1.355000000000000870,-0.061216598795698095
1.356000000000000982,-0.060835951563188481
1.357000000000001094,-0.060454184738217176
1.358000000000000984,-0.060071310064476649
1.359000000000000874,-0.059687339256878039
1.360000000000000986,-0.059302284001220583
1.361000000000001098,-0.058916155953876170
1.362000000000000988,-0.058528966741462608
1.363000000000000878,-0.058140727960541948
1.364000000000000989,-0.057751451177314304
1.365000000000001101,-0.057361147927310986
1.366000000000000991,-0.056969829715109610
1.367000000000000881,-0.056577508014041156
1.368000000000000993,-0.056184194265905943
1.369000000000001105,-0.055789899880695881
1.370000000000000995,-0.055394636236323201
1.371000000000000885,-0.054998414678350829
1.372000000000000997,-0.054601246519729828
1.373000000000001108,-0.054203143040546145
1.374000000000000998,-0.053804115487755252
1.375000000000000888,-0.053404175074953694
1.376000000000001000,-0.053003332982121384
1.377000000000001112,-0.052601600355387523
1.378000000000001002,-0.052198988306801343
1.379000000000000892,-0.051795507914099960
1.380000000000001004,-0.051391170220484894
1.381000000000001116,-0.050985986234406602
1.382000000000001005,-0.050579966929346500
1.383000000000000895,-0.050173123243606996
1.384000000000001007,-0.049765466080111558
1.385000000000001119,-0.049357006306196306
1.386000000000001009,-0.048947754753422321
1.387000000000000899,-0.048537722217372306
1.388000000000001011,-0.048126919457479489
1.389000000000001123,-0.047715357196825604
1.390000000000001013,-0.047303046121975535
1.391000000000000902,-0.046889996882795978
1.392000000000001014,-0.046476220092287072
1.393000000000001126,-0.046061726326415156
1.394000000000001016,-0.045646526123951696
1.395000000000000906,-0.045230629986311818
1.396000000000001018,-0.044814048377400016
1.397000000000001130,-0.044396791723462926
1.398000000000001020,-0.043978870412940560
1.399000000000000909,-0.043560294796321918
1.400000000000001021,-0.043141075186006295
1.401000000000001133,-0.042721221856173303
1.402000000000001023,-0.042300745042642286
1.403000000000000913,-0.041879654942749270
1.404000000000001025,-0.041457961715225845
1.405000000000001137,-0.041035675480071795
1.406000000000001027,-0.040612806318440213
1.407000000000000917,-0.040189364272531065
1.408000000000001029,-0.039765359345467113
1.409000000000001140,-0.039340801501198529
1.410000000000001030,-0.038915700664397757
1.411000000000000920,-0.038490066720355140
1.412000000000001032,-0.038063909514883768
1.413000000000001144,-0.037637238854232778
1.414000000000001034,-0.037210064504986505
1.415000000000000924,-0.036782396193983907
1.416000000000001036,-0.036354243608237205
1.417000000000001148,-0.035925616394846552
1.418000000000001037,-0.035496524160922943
1.419000000000000927,-0.035066976473515407
1.420000000000001039,-0.034636982859539936
1.421000000000001151,-0.034206552805711742
1.422000000000001041,-0.033775695758476956
1.423000000000000931,-0.033344421123952750
1.424000000000001043,-0.032912738267866171
1.425000000000001155,-0.032480656515498682
1.426000000000001044,-0.032048185151632914
1.427000000000000934,-0.031615333420499367
1.428000000000001046,-0.031182110525729910
1.429000000000001158,-0.030748525630309088
1.430000000000001048,-0.030314587856537963
1.431000000000000938,-0.029880306285984620
1.432000000000001050,-0.029445689959454902
1.433000000000001162,-0.029010747876954353
1.434000000000001052,-0.028575488997650205
1.435000000000000941,-0.028139922239853433
1.436000000000001053,-0.027704056480978491
1.437000000000001165,-0.027267900557526915
1.438000000000001055,-0.026831463265063173
1.439000000000000945,-0.026394753358191005
1.440000000000001057,-0.025957779550540426
1.441000000000001169,-0.025520550514747924
1.442000000000001059,-0.025083074882444645
1.443000000000000949,-0.024645361244252238
1.444000000000001060,-0.024207418149762402
1.445000000000001172,-0.023769254107537201
1.446000000000001062,-0.023330877585109988
1.447000000000000952,-0.022892297008971503
1.448000000000001064,-0.022453520764580355
1.449000000000001176,-0.022014557196362038
1.450000000000001066,-0.021575414607711108
1.451000000000000956,-0.021136101261000177
1.452000000000001068,-0.020696625377588380
1.453000000000001180,-0.020256995137831770
1.454000000000001069,-0.019817218681094362
1.455000000000000959,-0.019377304105765832
1.456000000000001071,-0.018937259469273163
1.457000000000001183,-0.018497092788105692
1.458000000000001073,-0.018056812037829040
1.459000000000000963,-0.017616425153109346
1.460000000000001075,-0.017175940027739867
1.461000000000001187,-0.016735364514660990
1.462000000000001076,-0.016294706425996258
1.463000000000000966,-0.015853973533071306
1.464000000000001078,-0.015413173566453470
1.465000000000001190,-0.014972314215981261
1.466000000000001080,-0.014531403130796977
1.467000000000000970,-0.014090447919385570
1.468000000000001082,-0.013649456149612623
1.469000000000001194,-0.013208435348759586
1.470000000000001084,-0.012767393003569816
1.471000000000000973,-0.012326336560287329
1.472000000000001085,-0.011885273424705269
1.473000000000001197,-0.011444210962205891
1.474000000000001087,-0.011003156497811079
1.475000000000000977,-0.010562117316229677
1.476000000000001089,-0.010121100661909818
1.477000000000001201,-0.009680113739087915
1.478000000000001091,-0.009239163711841455
1.479000000000000981,-0.008798257704144875
1.480000000000001092,-0.008357402799923485
1.481000000000001204,-0.007916606043114078
1.482000000000001094,-0.007475874437717360
1.483000000000000984,-0.007035214947865376
1.484000000000001096,-0.006594634497875407
1.485000000000001208,-0.006154139972312994
1.486000000000001098,-0.005713738216062492
1.487000000000000988,-0.005273436034383838
1.488000000000001100,-0.004833240192980532
1.489000000000001211,-0.004393157418070124
1.490000000000001101,-0.003953194396450649
1.491000000000000991,-0.003513357775566526
1.492000000000001103,-0.003073654163586489
1.493000000000001215,-0.002634090129469457
1.494000000000001105,-0.002194672203038409
1.495000000000000995,-0.001755406875056990
1.496000000000001107,-0.001316300597303557
1.497000000000001219,-0.000877359782645186
1.498000000000001108,-0.000438590805117398
1.499000000000000998,0.000000000000000000
