# ZnS-sphalerite-110_HMA
# h[nm],U(h)[kJ/mol]
0.149999999999999994,166.948250628539341278
0.150999999999999995,164.964313095990917191
0.151999999999999996,163.266471481792990517
0.152999999999999997,161.666179525429953401
0.153999999999999998,160.073843273894510730
0.154999999999999999,158.456898797332229378
0.156000000000000000,156.812557720359365021
0.157000000000000001,155.150974716160476419
0.158000000000000002,153.485566865421645844
0.159000000000000002,151.828047362191483671
0.160000000000000003,150.186413266728834515
0.161000000000000004,148.564657580988296104
0.162000000000000005,146.963378378250411060
0.163000000000000006,145.380753850806428318
0.164000000000000007,143.813563393614771257
0.165000000000000008,142.258080488500468164
0.166000000000000009,140.710759549971868410
0.167000000000000010,139.168699364815267927
0.168000000000000010,137.629900807435205934
0.169000000000000011,136.093354189080713468
0.170000000000000012,134.558997904090773545
0.171000000000000013,133.027589327131806840
0.172000000000000014,131.500524262644432838
0.173000000000000015,129.979634741493924821
0.174000000000000016,128.466987961359450310
0.175000000000000017,126.964702509736142133
0.176000000000000018,125.474792152487182761
0.177000000000000018,123.999042624190863648
0.178000000000000019,122.538923061340412346
0.179000000000000020,121.095530916707772917
0.180000000000000021,119.669567267694105794
0.181000000000000022,118.261338242796412601
0.182000000000000023,116.870777693018254695
0.183000000000000024,115.497486091312865142
0.184000000000000025,114.140780829823228260
0.185000000000000026,112.799753496606101066
0.186000000000000026,111.473330264301964121
0.187000000000000027,110.160332144457100867
0.188000000000000028,108.859532500843243952
0.189000000000000029,107.569709835255864050
0.190000000000000030,106.289694433899541082
0.191000000000000031,105.018407975238417862
0.192000000000000032,103.754895642376055775
0.193000000000000033,102.498350651688724611
0.194000000000000034,101.248131405887377809
0.195000000000000034,100.003771708191294465
0.196000000000000035,98.764984641042516955
0.197000000000000036,97.531660825050408903
0.198000000000000037,96.303861839367996822
0.199000000000000038,95.081809611199560095
0.200000000000000039,93.865872577032021695
0.201000000000000040,92.656549388321721494
0.202000000000000041,91.454450885920365977
0.203000000000000042,90.260281005909433816
0.204000000000000042,89.074817209369257398
0.205000000000000043,87.898890953838446194
0.206000000000000044,86.733368647995547462
0.207000000000000045,85.579133455962079324
0.208000000000000046,84.437068245526148758
0.209000000000000047,83.308039906968872401
0.210000000000000048,82.192885207038330009
0.211000000000000049,81.092398286595710033
0.212000000000000050,80.007319860880954820
0.213000000000000050,78.938328138295133840
0.214000000000000051,77.886031436959640928
0.215000000000000052,76.850962447830170277
0.216000000000000053,75.833574068447518357
0.217000000000000054,74.834236712053183282
0.218000000000000055,73.853236982300671798
0.219000000000000056,72.890777593633828246
0.220000000000000057,71.946978411068499781
0.221000000000000058,71.021878480090990138
0.222000000000000058,70.115438917186537537
0.223000000000000059,69.227546533672040141
0.224000000000000060,68.358018069600291255
0.225000000000000061,67.506604920136894066
0.226000000000000062,66.672998243629109538
0.227000000000000063,65.856834348277672575
0.228000000000000064,65.057700262608378239
0.229000000000000065,64.275139403578947395
0.230000000000000066,63.508657264948908505
0.231000000000000066,62.757727057305679352
0.232000000000000067,62.021795239743916284
0.233000000000000068,61.300286891516591936
0.234000000000000069,60.592610879926816381
0.235000000000000070,59.898164788239753875
0.236000000000000071,59.216339574413950686
0.237000000000000072,58.546523937946133742
0.238000000000000073,57.888108378075322946
0.239000000000000073,57.240488931993795063
0.240000000000000074,56.603070586562900246
0.241000000000000075,55.975270361347689629
0.242000000000000076,55.356520064577594553
0.243000000000000077,54.746268726936634152
0.244000000000000078,54.143984720911909392
0.245000000000000079,53.549157575810305332
0.246000000000000080,52.961299500526322959
0.247000000000000081,52.379946627733943387
0.248000000000000081,51.804659994421932367
0.249000000000000082,51.235026274622498477
0.250000000000000111,50.670658280830956244
0.251000000000000112,50.111195251010450136
0.252000000000000113,49.556302938248244061
0.253000000000000114,49.005673520109134245
0.254000000000000115,48.459025344540769709
0.255000000000000115,47.916102528851411080
0.256000000000000116,47.376674427824482905
0.257000000000000117,46.840534986478196799
0.258000000000000118,46.307501992340604602
0.259000000000000119,45.777416241407998143
0.260000000000000120,45.250140631204068598
0.261000000000000121,44.725559193571832850
0.262000000000000122,44.203576079022283807
0.263000000000000123,43.684114503644387639
0.264000000000000123,43.167115668759777236
0.265000000000000124,42.652537662689880449
0.266000000000000125,42.140354353201274762
0.267000000000000126,41.630554278411629809
0.268000000000000127,41.123139543178950817
0.269000000000000128,40.618124727265808360
0.270000000000000129,40.115535810869182853
0.271000000000000130,39.615409122439174894
0.272000000000000131,39.117790313078387499
0.273000000000000131,38.622733361217328252
0.274000000000000132,38.130299610703119129
0.275000000000000133,37.640556844916950752
0.276000000000000134,37.153578399051546910
0.277000000000000135,36.669442312232789050
0.278000000000000136,36.188230520757244335
0.279000000000000137,35.710028093341080080
0.280000000000000138,35.234922508933621543
0.281000000000000139,34.763002977337272625
0.282000000000000139,34.294359802597732312
0.283000000000000140,33.829083788878072880
0.284000000000000141,33.367265688309331040
0.285000000000000142,32.908995690115055766
0.286000000000000143,32.454362950137486621
0.287000000000000144,32.003455159746025060
0.288000000000000145,31.556358152983573717
0.289000000000000146,31.113155550701538488
0.290000000000000147,30.673928440347413726
0.291000000000000147,30.238755089999624914
0.292000000000000148,29.807710695190603900
0.293000000000000149,29.380867157019110891
0.294000000000000150,28.958292890026701372
0.295000000000000151,28.540052658297543786
0.296000000000000152,28.126207438236775715
0.297000000000000153,27.716814306487215447
0.298000000000000154,27.311926351457049833
0.299000000000000155,26.911592606951824536
0.300000000000000155,26.515858006430551796
0.301000000000000156,26.124763356438144513
0.302000000000000157,25.738345327803095586
0.303000000000000158,25.356636463230532996
0.304000000000000159,24.979665199964649958
0.305000000000000160,24.607455906241931132
0.306000000000000161,24.240028930305118848
0.307000000000000162,23.877400660798649312
0.308000000000000163,23.519583597418481702
0.309000000000000163,23.166586430741126890
0.310000000000000164,22.818414130210086910
0.311000000000000165,22.475068039310432511
0.312000000000000166,22.136545977015220643
0.313000000000000167,21.802842344639156380
0.314000000000000168,21.473948237286556662
0.315000000000000169,21.149851559130759426
0.316000000000000170,20.830537141811472424
0.317000000000000171,20.515986865284482121
0.318000000000000171,20.206179780504676557
0.319000000000000172,19.901092233368203210
0.320000000000000173,19.600697989383370157
0.321000000000000174,19.304968358581398036
0.322000000000000175,19.013872320218389689
0.323000000000000176,18.727376646858452602
0.324000000000000177,18.445446027464168282
0.325000000000000178,18.168043189156122708
0.326000000000000179,17.895129017335754895
0.327000000000000179,17.626662673897925515
0.328000000000000180,17.362601713288814409
0.329000000000000181,17.102902196193195294
0.330000000000000182,16.847518800661454463
0.331000000000000183,16.596404930511571507
0.332000000000000184,16.349512820864543272
0.333000000000000185,16.106793640693656045
0.334000000000000186,15.868197592288003861
0.335000000000000187,15.633674007549879903
0.336000000000000187,15.403171441062786684
0.337000000000000188,15.176637759883565337
0.338000000000000189,14.954020230026491944
0.339000000000000190,14.735265599621332200
0.340000000000000191,14.520320178739861916
0.341000000000000192,14.309129915896999563
0.342000000000000193,14.101640471242792074
0.343000000000000194,13.897797286471433864
0.344000000000000195,13.697545651482116114
0.345000000000000195,13.500830767833642554
0.346000000000000196,13.307597809042334802
0.347000000000000197,13.117791977778418655
0.348000000000000198,12.931358560021649851
0.349000000000000199,12.748242976241538571
0.350000000000000200,12.568390829671750808
0.351000000000000201,12.391747951751545642
0.352000000000000202,12.218260444810258747
0.353000000000000203,12.047874722073057541
0.354000000000000203,11.880537545068222016
0.355000000000000204,11.716196058517777345
0.356000000000000205,11.554797822794331097
0.357000000000000206,11.396290844027531008
0.358000000000000207,11.240623601944410126
0.359000000000000208,11.087745075527490002
0.360000000000000209,10.937604766574491322
0.361000000000000210,10.790152721243206457
0.362000000000000210,10.645339549664114998
0.363000000000000211,10.503116443702648297
0.364000000000000212,10.363435192951799380
0.365000000000000213,10.226248199034603914
0.366000000000000214,10.091508488294637758
0.367000000000000215,9.959169722951054737
0.368000000000000216,9.829186210793139367
0.369000000000000217,9.701512913487647438
0.370000000000000218,9.576105453570322723
0.371000000000000218,9.452920120191162567
0.372000000000000219,9.331913873681036975
0.373000000000000220,9.213044349005267364
0.374000000000000221,9.096269858167824296
0.375000000000000222,8.981549391627886791
0.376000000000000223,8.868842618787970977
0.377000000000000224,8.758109887611444933
0.378000000000000225,8.649312223424715285
0.379000000000000226,8.542411326957545015
0.380000000000000226,8.437369571672709512
0.381000000000000227,8.334150000434522809
0.382000000000000228,8.232716321563406936
0.383000000000000229,8.133032904321952472
0.384000000000000230,8.035064773875912891
0.385000000000000231,7.938777605771550228
0.386000000000000232,7.844137719969197065
0.387000000000000233,7.751112074470597690
0.388000000000000234,7.659668258576372679
0.389000000000000234,7.569774485807715614
0.390000000000000235,7.481399586525010470
0.391000000000000236,7.394513000274369752
0.392000000000000237,7.309084767891439682
0.393000000000000238,7.225085523390274211
0.394000000000000239,7.142486485663678941
0.395000000000000240,7.061259450019804262
0.396000000000000241,6.981376779578485348
0.397000000000000242,6.902811396549497935
0.398000000000000242,6.825536773413415581
0.399000000000000243,6.749526924024766394
0.400000000000000244,6.674756394655697811
0.401000000000000245,6.601200254997354300
0.402000000000000246,6.528834089135202134
0.403000000000000247,6.457633986512993474
0.404000000000000248,6.387576532899617021
0.405000000000000249,6.318638801371691649
0.406000000000000250,6.250798343324026618
0.407000000000000250,6.184033179519090595
0.408000000000000251,6.118321791185789671
0.409000000000000252,6.053643111177136049
0.410000000000000253,5.989976515195458262
0.411000000000000254,5.927301813093204252
0.412000000000000255,5.865599240256692326
0.413000000000000256,5.804849449079300783
0.414000000000000257,5.745033500530343673
0.415000000000000258,5.686132855824818755
0.416000000000000258,5.628129368199128457
0.417000000000000259,5.571005274796890561
0.418000000000000260,5.514743188668893126
0.419000000000000261,5.459326090890360028
0.420000000000000262,5.404737322798626842
0.421000000000000263,5.350960578353592290
0.422000000000000264,5.297979896623191465
0.423000000000000265,5.245779654395561487
0.424000000000000266,5.194344558919289589
0.425000000000000266,5.143659640772980879
0.426000000000000267,5.093710246864707969
0.427000000000000268,5.044482033562072587
0.428000000000000269,4.995960959953031022
0.429000000000000270,4.948133281237447889
0.430000000000000271,4.900985542249326699
0.431000000000000272,4.854504571109119482
0.432000000000000273,4.808677473005664282
0.433000000000000274,4.763491624106888089
0.434000000000000274,4.718934665598352396
0.435000000000000275,4.674994497848589781
0.436000000000000276,4.631659274699980067
0.437000000000000277,4.588917397883837346
0.438000000000000278,4.546757511558288556
0.439000000000000279,4.505168496967353775
0.440000000000000280,4.464139467219622404
0.441000000000000281,4.423659762184845690
0.442000000000000282,4.383718943506573318
0.443000000000000282,4.344306789729108331
0.444000000000000283,4.305413291536789089
0.445000000000000284,4.267028647103720651
0.446000000000000285,4.229143257551992718
0.447000000000000286,4.191747722516264041
0.448000000000000287,4.154832835812863223
0.449000000000000288,4.118389581211169492
0.450000000000000289,4.082409128305352297
0.451000000000000290,4.046882828484324790
0.452000000000000290,4.011802210997808871
0.453000000000000291,3.977158979116518278
0.454000000000000292,3.942945006384315665
0.455000000000000293,3.909152332960284415
0.456000000000000294,3.875773162048707032
0.457000000000000295,3.842799856414814919
0.458000000000000296,3.810224934984404399
0.459000000000000297,3.778041069525202911
0.460000000000000298,3.746241081408071327
0.461000000000000298,3.714817938446032919
0.462000000000000299,3.683764751809231797
0.463000000000000300,3.653074773013904153
0.464000000000000301,3.622741390983440279
0.465000000000000302,3.592758129179744575
0.466000000000000303,3.563118642803073666
0.467000000000000304,3.533816716058469698
0.468000000000000305,3.504846259487185645
0.469000000000000306,3.476201307361276527
0.470000000000000306,3.447876015139667683
0.471000000000000307,3.419864656984128004
0.472000000000000308,3.392161623333476150
0.473000000000000309,3.364761418534418791
0.474000000000000310,3.337658658527540290
0.475000000000000311,3.310848068586885518
0.476000000000000312,3.284324481111708049
0.477000000000000313,3.258082833468853856
0.478000000000000314,3.232118165884533934
0.479000000000000314,3.206425619383951986
0.480000000000000315,3.181000433777589897
0.481000000000000316,3.155837945692762769
0.482000000000000317,3.130933586649263578
0.483000000000000318,3.106282881177786059
0.484000000000000319,3.081881444979992501
0.485000000000000320,3.057724983129077589
0.486000000000000321,3.033809288309637253
0.487000000000000322,3.010130239095772708
0.488000000000000322,2.986683798266455803
0.489000000000000323,2.963466011156968172
0.490000000000000324,2.940473004045525585
0.491000000000000325,2.917700982574086943
0.492000000000000326,2.895146230202422899
0.493000000000000327,2.872805106694464872
0.494000000000000328,2.850674046636157311
0.495000000000000329,2.828749557983842866
0.496000000000000330,2.807028220642477923
0.497000000000000330,2.785506685072694388
0.498000000000000331,2.764181670926185053
0.499000000000000332,2.743049965708387994
0.500000000000000333,2.722108423467893168
0.501000000000000334,2.701353963511927692
0.502000000000000335,2.680783569147016987
0.503000000000000336,2.660394286444399459
0.504000000000000337,2.640183223029403781
0.505000000000000338,2.620147546894221691
0.506000000000000338,2.600284485233502529
0.507000000000000339,2.580591323302128259
0.508000000000000340,2.561065403294723097
0.509000000000000341,2.541704123246186775
0.510000000000000342,2.522504935952940563
0.511000000000000343,2.503465347914177741
0.512000000000000344,2.484582918292807197
0.513000000000000345,2.465855257895504860
0.514000000000000346,2.447280028171443522
0.515000000000000346,2.428854940229313364
0.516000000000000347,2.410577753872153117
0.517000000000000348,2.392446276649586867
0.518000000000000349,2.374458362927116983
0.519000000000000350,2.356611912972014888
0.520000000000000351,2.338904872055552975
0.521000000000000352,2.321335229571052317
0.522000000000000353,2.303901018167610282
0.523000000000000353,2.286600312898971588
0.524000000000000354,2.269431230387369602
0.525000000000000355,2.252391928001936883
0.526000000000000356,2.235480603051445136
0.527000000000000357,2.218695491991013569
0.528000000000000358,2.202034869642584436
0.529000000000000359,2.185497048428803435
0.530000000000000360,2.169080377620137057
0.531000000000000361,2.152783242594880075
0.532000000000000361,2.136604064111868428
0.533000000000000362,2.120541297595615937
0.534000000000000363,2.104593432433693234
0.535000000000000364,2.088758991286041145
0.536000000000000365,2.073036529406099060
0.537000000000000366,2.057424633973442774
0.538000000000000367,2.041921923437826525
0.539000000000000368,2.026527046874291305
0.540000000000000369,2.011238683349311884
0.541000000000000369,1.996055541297628633
0.542000000000000370,1.980976357909739693
0.543000000000000371,1.965999898529733114
0.544000000000000372,1.951124956063389204
0.545000000000000373,1.936350350396320419
0.546000000000000374,1.921674927822028422
0.547000000000000375,1.907097560479690035
0.548000000000000376,1.892617145801533285
0.549000000000000377,1.878232605969649693
0.550000000000000377,1.863942887382059821
0.551000000000000378,1.849746960127979900
0.552000000000000379,1.835643817472023542
0.553000000000000380,1.821632475347305657
0.554000000000000381,1.807711971857279165
0.555000000000000382,1.793881366786132414
0.556000000000000383,1.780139741117710672
0.557000000000000384,1.766486196562706557
0.558000000000000385,1.752919855094164259
0.559000000000000385,1.739439858491013124
0.560000000000000386,1.726045367889606386
0.561000000000000387,1.712735563343136036
0.562000000000000388,1.699509643388814606
0.563000000000000389,1.686366824622657301
0.564000000000000390,1.673306341281842746
0.565000000000000391,1.660327444834483801
0.566000000000000392,1.647429403576732287
0.567000000000000393,1.634611502237073299
0.568000000000000393,1.621873041587785114
0.569000000000000394,1.609213338063377963
0.570000000000000395,1.596631723385968371
0.571000000000000396,1.584127544197498239
0.572000000000000397,1.571700161698622811
0.573000000000000398,1.559348951294313945
0.574000000000000399,1.547073302245923987
0.575000000000000400,1.534872617329767319
0.576000000000000401,1.522746312502040400
0.577000000000000401,1.510693816569986136
0.578000000000000402,1.498714570869276397
0.579000000000000403,1.486808028947510962
0.580000000000000404,1.474973656253660836
0.581000000000000405,1.463210929833528962
0.582000000000000406,1.451519338030981654
0.583000000000000407,1.439898380194997163
0.584000000000000408,1.428347566392372148
0.585000000000000409,1.416866417126031896
0.586000000000000409,1.405454463058893877
0.587000000000000410,1.394111244743119427
0.588000000000000411,1.382836312354814190
0.589000000000000412,1.371629225433933286
0.590000000000000413,1.360489552629478016
0.591000000000000414,1.349416871449789612
0.592000000000000415,1.338410768017922914
0.593000000000000416,1.327470836832019385
0.594000000000000417,1.316596680530608410
0.595000000000000417,1.305787909662718738
0.596000000000000418,1.295044142462831172
0.597000000000000419,1.284365004630476870
0.598000000000000420,1.273750129114531671
0.599000000000000421,1.263199155902034798
0.600000000000000422,1.252711731811518181
0.601000000000000423,1.242287510290812413
0.602000000000000424,1.231926151219157939
0.603000000000000425,1.221627320713641218
0.604000000000000425,1.211390690939892822
0.605000000000000426,1.201215939926927323
0.606000000000000427,1.191102751386059921
0.607000000000000428,1.181050814533976645
0.608000000000000429,1.171059823919608389
0.609000000000000430,1.161129479255115449
0.610000000000000431,1.151259485250570425
0.611000000000000432,1.141449551452518696
0.612000000000000433,1.131699392086263467
0.613000000000000433,1.122008725901786130
0.614000000000000434,1.112377276023325257
0.615000000000000435,1.102804769802477880
0.616000000000000436,1.093290938674843726
0.617000000000000437,1.083835518020035416
0.618000000000000438,1.074438247025135018
0.619000000000000439,1.065098868551463296
0.620000000000000440,1.055817129004598121
0.621000000000000441,1.046592778207628083
0.622000000000000441,1.037425569277549808
0.623000000000000442,1.028315258504801655
0.624000000000000443,1.019261605235824097
0.625000000000000444,1.010264371758615498
0.626000000000000445,1.001323323191265269
0.627000000000000446,0.992438227373364290
0.628000000000000447,0.983608854760249507
0.629000000000000448,0.974834978320064161
0.630000000000000449,0.966116373433568931
0.631000000000000449,0.957452817796610511
0.632000000000000450,0.948844091325282024
0.633000000000000451,0.940289976063629518
0.634000000000000452,0.931790256093979918
0.635000000000000453,0.923344717449686270
0.636000000000000454,0.914953148030414276
0.637000000000000455,0.906615337519762532
0.638000000000000456,0.898331077305306591
0.639000000000000457,0.890100160400943530
0.640000000000000457,0.881922381371474606
0.641000000000000458,0.873797536259497853
0.642000000000000459,0.865725422514402987
0.643000000000000460,0.857705838923580766
0.644000000000000461,0.849738585545693148
0.645000000000000462,0.841823463646015013
0.646000000000000463,0.833960275633814363
0.647000000000000464,0.826148825001690845
0.648000000000000465,0.818388916266854061
0.649000000000000465,0.810680354914321888
0.650000000000000466,0.803022947341944571
0.651000000000000467,0.795416500807302862
0.652000000000000468,0.787860823376328900
0.653000000000000469,0.780355723873741969
0.654000000000000470,0.772901011835128493
0.655000000000000471,0.765496497460730341
0.656000000000000472,0.758141991570882134
0.657000000000000473,0.750837305563033519
0.658000000000000473,0.743582251370320080
0.659000000000000474,0.736376641421710665
0.660000000000000475,0.729220288603616318
0.661000000000000476,0.722113006222996234
0.662000000000000477,0.715054607971864709
0.663000000000000478,0.708044907893234599
0.664000000000000479,0.701083720348374628
0.665000000000000480,0.694170859985489219
0.666000000000000481,0.687306141709604690
0.667000000000000481,0.680489380653825804
0.668000000000000482,0.673720392151750169
0.669000000000000483,0.666998991711181710
0.670000000000000484,0.660324994988966796
0.671000000000000485,0.653698217767018308
0.672000000000000486,0.647118475929486126
0.673000000000000487,0.640585585440973881
0.674000000000000488,0.634099362325904581
0.675000000000000488,0.627659622648886861
0.676000000000000489,0.621266182496092223
0.677000000000000490,0.614918857957690301
0.678000000000000491,0.608617465111187972
0.679000000000000492,0.602361820005757442
0.680000000000000493,0.596151738647473950
0.681000000000000494,0.589987036985430868
0.682000000000000495,0.583867530898772857
0.683000000000000496,0.577793036184531150
0.684000000000000496,0.571763368546308159
0.685000000000000497,0.565778343583786869
0.686000000000000498,0.559837776782968199
0.687000000000000499,0.553941483507233490
0.688000000000000500,0.548089278989099205
0.689000000000000501,0.542280978322715712
0.690000000000000502,0.536516396457040523
0.691000000000000503,0.530795348189707306
0.692000000000000504,0.525117648161570028
0.693000000000000504,0.519483110851822749
0.694000000000000505,0.513891550573828959
0.695000000000000506,0.508342781471458172
0.696000000000000507,0.502836617516070672
0.697000000000000508,0.497372872504048602
0.698000000000000509,0.491951360054861897
0.699000000000000510,0.486571893609660577
0.700000000000000511,0.481234286430419211
0.701000000000000512,0.475938351599513532
0.702000000000000512,0.470683902019836786
0.703000000000000513,0.465470750415343748
0.704000000000000514,0.460298709332044087
0.705000000000000515,0.455167591139447048
0.706000000000000516,0.450077208032413689
0.707000000000000517,0.445027372033385216
0.708000000000000518,0.440017894995077541
0.709000000000000519,0.435048588603426822
0.710000000000000520,0.430119264381026767
0.711000000000000520,0.425229733690817124
0.712000000000000521,0.420379807740143885
0.713000000000000522,0.415569297585156927
0.714000000000000523,0.410798014135467959
0.715000000000000524,0.406065768159151852
0.716000000000000525,0.401372370287999547
0.717000000000000526,0.396717631023049688
0.718000000000000527,0.392101360740404192
0.719000000000000528,0.387523369697267639
0.720000000000000528,0.382983468038202657
0.721000000000000529,0.378481465801686012
0.722000000000000530,0.374017172926794317
0.723000000000000531,0.369590399260174340
0.724000000000000532,0.365200954563139502
0.725000000000000533,0.360848648518995785
0.726000000000000534,0.356533290740549902
0.727000000000000535,0.352254690777749679
0.728000000000000536,0.348012658125509355
0.729000000000000536,0.343807002231688585
0.730000000000000537,0.339637532505176754
0.731000000000000538,0.335504058324161969
0.732000000000000539,0.331406389044475502
0.733000000000000540,0.327344334008084270
0.734000000000000541,0.323317702551671304
0.735000000000000542,0.319326304015342288
0.736000000000000543,0.315369947751388713
0.737000000000000544,0.311448443133178821
0.738000000000000544,0.307561599564086185
0.739000000000000545,0.303709226486519379
0.740000000000000546,0.299891133391012199
0.741000000000000547,0.296107129825376625
0.742000000000000548,0.292357025403853166
0.743000000000000549,0.288640629816423577
0.744000000000000550,0.284957752838046807
0.745000000000000551,0.281308204338001411
0.746000000000000552,0.277691794289219696
0.747000000000000552,0.274108332777661889
0.748000000000000553,0.270557630011719064
0.749000000000000554,0.267039496331604176
0.750000000000000555,0.263553742218768206
0.751000000000000556,0.260100178305320451
0.752000000000000557,0.256678615383416908
0.753000000000000558,0.253288864414714543
0.754000000000000559,0.249930736539723558
0.755000000000000560,0.246604043087217339
0.756000000000000560,0.243308595583570403
0.757000000000000561,0.240044205762133395
0.758000000000000562,0.236810685572530571
0.759000000000000563,0.233607847189936713
0.760000000000000564,0.230435503024334215
0.761000000000000565,0.227293465729728528
0.762000000000000566,0.224181548213316484
0.763000000000000567,0.221099563644614250
0.764000000000000568,0.218047325464547498
0.765000000000000568,0.215024647394458229
0.766000000000000569,0.212031343445106157
0.767000000000000570,0.209067227925567367
0.768000000000000571,0.206132115452119624
0.769000000000000572,0.203225820957027986
0.770000000000000573,0.200348159697286560
0.771000000000000574,0.197498947263284874
0.772000000000000575,0.194677999587410389
0.773000000000000576,0.191885132952587106
0.774000000000000576,0.189120164000729091
0.775000000000000577,0.186382909741120317
0.776000000000000578,0.183673187558731937
0.777000000000000579,0.180990815222431961
0.778000000000000580,0.178335610893154639
0.779000000000000581,0.175707393131951439
0.780000000000000582,0.173105980907981488
0.781000000000000583,0.170531193606396791
0.782000000000000584,0.167982851036160341
0.783000000000000584,0.165460773437772823
0.784000000000000585,0.162964781490888860
0.785000000000000586,0.160494696321877794
0.786000000000000587,0.158050339511252830
0.787000000000000588,0.155631533101049158
0.788000000000000589,0.153238099602079736
0.789000000000000590,0.150869862001091148
0.790000000000000591,0.148526643767852684
0.791000000000000592,0.146208268862127705
0.792000000000000592,0.143914561740549313
0.793000000000000593,0.141645347363406643
0.794000000000000594,0.139400451201324965
0.795000000000000595,0.137179699241837122
0.796000000000000596,0.134982917995889740
0.797000000000000597,0.132809934504209026
0.798000000000000598,0.130660576343581220
0.799000000000000599,0.128534671633053238
0.800000000000000600,0.126432049039979288
0.801000000000000600,0.124352537786027464
0.802000000000000601,0.122295967653044180
0.803000000000000602,0.120262168988826579
0.804000000000000603,0.118250972712794875
0.805000000000000604,0.116262210321549112
0.806000000000000605,0.114295713894357887
0.807000000000000606,0.112351316098503060
0.808000000000000607,0.110428850194540379
0.809000000000000608,0.108528150041471164
0.810000000000000608,0.106649050101761761
0.811000000000000609,0.104791385446356994
0.812000000000000610,0.102954991759454370
0.813000000000000611,0.101139705343316594
0.814000000000000612,0.099345363122883404
0.815000000000000613,0.097571802650313302
0.816000000000000614,0.095818862109438074
0.817000000000000615,0.094086380320108520
0.818000000000000616,0.092374196742412193
0.819000000000000616,0.090682151480829171
0.820000000000000617,0.089010085288275295
0.821000000000000618,0.087357839570028711
0.822000000000000619,0.085725256387567533
0.823000000000000620,0.084112178462321052
0.824000000000000621,0.082518449179319373
0.825000000000000622,0.080943912590714581
0.826000000000000623,0.079388413419240328
0.827000000000000624,0.077851797061565114
0.828000000000000624,0.076333909591532814
0.829000000000000625,0.074834597763343294
0.830000000000000626,0.073353709014585849
0.831000000000000627,0.071891091469229479
0.832000000000000628,0.070446593940475435
0.833000000000000629,0.069020065933558972
0.834000000000000630,0.067611357648419940
0.835000000000000631,0.066220319982306416
0.836000000000000631,0.064846804532276897
0.837000000000000632,0.063490663597602082
0.838000000000000633,0.062151750182102526
0.839000000000000634,0.060829917996380878
0.840000000000000635,0.059525021459947182
0.841000000000000636,0.058236915703302715
0.842000000000000637,0.056965456569885033
0.843000000000000638,0.055710500617966799
0.844000000000000639,0.054471905122445138
0.845000000000000639,0.053249528076553129
0.846000000000000640,0.052043228193506021
0.847000000000000641,0.050852864908005321
0.848000000000000642,0.049678298377748245
0.849000000000000643,0.048519389484786166
0.850000000000000644,0.047375999836807993
0.851000000000000645,0.046247991768391408
0.852000000000000646,0.045135228342126132
0.853000000000000647,0.044037573349668679
0.854000000000000647,0.042954891312748024
0.855000000000000648,0.041887047484054640
0.856000000000000649,0.040833907848079366
0.857000000000000650,0.039795339121862186
0.858000000000000651,0.038771208755684752
0.859000000000000652,0.037761384933680420
0.860000000000000653,0.036765736574343712
0.861000000000000654,0.035784133331038359
0.862000000000000655,0.034816445592345424
0.863000000000000655,0.033862544482420834
0.864000000000000656,0.032922301861223371
0.865000000000000657,0.031995590324729616
0.866000000000000658,0.031082283205022886
0.867000000000000659,0.030182254570352396
0.868000000000000660,0.029295379225129325
0.869000000000000661,0.028421532709844453
0.870000000000000662,0.027560591300924510
0.871000000000000663,0.026712432010501996
0.872000000000000663,0.025876932586193880
0.873000000000000664,0.025053971510725349
0.874000000000000665,0.024243428001568219
0.875000000000000666,0.023445182010470651
0.876000000000000667,0.022659114222962056
0.877000000000000668,0.021885106057781805
0.878000000000000669,0.021123039666239480
0.879000000000000670,0.020372797931556060
0.880000000000000671,0.019634264468104495
0.881000000000000671,0.018907323620642964
0.882000000000000672,0.018191860463437310
0.883000000000000673,0.017487760799389868
0.884000000000000674,0.016794911159067710
0.885000000000000675,0.016113198799713641
0.886000000000000676,0.015442511704184637
0.887000000000000677,0.014782738579847465
0.888000000000000678,0.014133768857435263
0.889000000000000679,0.013495492689836869
0.890000000000000679,0.012867800950850550
0.891000000000000680,0.012250585233890349
0.892000000000000681,0.011643737850641555
0.893000000000000682,0.011047151829683211
0.894000000000000683,0.010460720915052530
0.895000000000000684,0.009884339564768158
0.896000000000000685,0.009317902949312767
0.897000000000000686,0.008761306950082825
0.898000000000000687,0.008214448157785669
0.899000000000000687,0.007677223870789401
0.900000000000000688,0.007149532093456423
0.901000000000000689,0.006631271534420407
0.902000000000000690,0.006122341604818854
0.903000000000000691,0.005622642416513385
0.904000000000000692,0.005132074780246259
0.905000000000000693,0.004650540203783499
0.906000000000000694,0.004177940889998083
0.907000000000000695,0.003714179734946227
0.908000000000000695,0.003259160325882909
0.909000000000000696,0.002812786939274031
0.910000000000000697,0.002374964538735197
0.911000000000000698,0.001945598772986434
0.912000000000000699,0.001524595973738080
0.913000000000000700,0.001111863153551773
0.914000000000000701,0.000707308003710616
0.915000000000000702,0.000310838891993248
0.916000000000000703,-0.000077635139523380
0.917000000000000703,-0.000458204376714105
0.918000000000000704,-0.000830958435688389
0.919000000000000705,-0.001195986265072163
0.920000000000000706,-0.001553376148353852
0.921000000000000707,-0.001903215706221950
0.922000000000000708,-0.002245591898943522
0.923000000000000709,-0.002580591028776508
0.924000000000000710,-0.002908298742374760
0.925000000000000711,-0.003228800033247198
0.926000000000000711,-0.003542179244226046
0.927000000000000712,-0.003848520069949068
0.928000000000000713,-0.004147905559375037
0.929000000000000714,-0.004440418118331274
0.930000000000000715,-0.004726139512042815
0.931000000000000716,-0.005005150867710695
0.932000000000000717,-0.005277532677114177
0.933000000000000718,-0.005543364799202771
0.934000000000000719,-0.005802726462740710
0.935000000000000719,-0.006055696268937866
0.936000000000000720,-0.006302352194111377
0.937000000000000721,-0.006542771592363733
0.938000000000000722,-0.006777031198285793
0.939000000000000723,-0.007005207129647878
0.940000000000000724,-0.007227374890126331
0.941000000000000725,-0.007443609372048088
0.942000000000000726,-0.007653984859138138
0.943000000000000727,-0.007858575029271012
0.944000000000000727,-0.008057452957262101
0.945000000000000728,-0.008250691117652984
0.946000000000000729,-0.008438361387492752
0.947000000000000730,-0.008620535049184091
0.948000000000000731,-0.008797282793264156
0.949000000000000732,-0.008968674721272735
0.950000000000000733,-0.009134780348564742
0.951000000000000734,-0.009295668607192156
0.952000000000000735,-0.009451407848741650
0.953000000000000735,-0.009602065847207204
0.954000000000000736,-0.009747709801874029
0.955000000000000737,-0.009888406340201050
0.956000000000000738,-0.010024221520713677
0.957000000000000739,-0.010155220835900442
0.958000000000000740,-0.010281469215129619
0.959000000000000741,-0.010403031027540524
0.960000000000000742,-0.010519970084986448
0.961000000000000743,-0.010632349644942174
0.962000000000000743,-0.010740232413434830
0.963000000000000744,-0.010843680547978268
0.964000000000000745,-0.010942755660517511
0.965000000000000746,-0.011037518820354215
0.966000000000000747,-0.011128030557111115
0.967000000000000748,-0.011214350863657328
0.968000000000000749,-0.011296539199083171
0.969000000000000750,-0.011374654491633399
0.970000000000000751,-0.011448755141683680
0.971000000000000751,-0.011518899024677376
0.972000000000000752,-0.011585143494088285
0.973000000000000753,-0.011647545384401801
0.974000000000000754,-0.011706161014049480
0.975000000000000755,-0.011761046188387431
0.976000000000000756,-0.011812256202653415
0.977000000000000757,-0.011859845844923386
0.978000000000000758,-0.011903869399082228
0.979000000000000759,-0.011944380647790215
0.980000000000000759,-0.011981432875420401
0.981000000000000760,-0.012015078871040547
0.982000000000000761,-0.012045370931369268
0.983000000000000762,-0.012072360863718238
0.984000000000000763,-0.012096099988953411
0.985000000000000764,-0.012116639144456374
0.986000000000000765,-0.012134028687061645
0.987000000000000766,-0.012148318496008075
0.988000000000000766,-0.012159557975880404
0.989000000000000767,-0.012167796059552613
0.990000000000000768,-0.012173081211136369
0.991000000000000769,-0.012175461428891875
0.992000000000000770,-0.012174984248164092
0.993000000000000771,-0.012171696744334975
0.994000000000000772,-0.012165645535698400
0.995000000000000773,-0.012156876786420721
0.996000000000000774,-0.012145436209424145
0.997000000000000774,-0.012131369069306192
0.998000000000000775,-0.012114720185240496
0.999000000000000776,-0.012095533933868695
1.000000000000000666,-0.012073854252193808
1.001000000000000778,-0.012049724640469599
1.002000000000000668,-0.012023188165070210
1.003000000000000780,-0.011994287461374733
1.004000000000000670,-0.011963064736618066
1.005000000000000782,-0.011929561772768410
1.006000000000000671,-0.011893819929374074
1.007000000000000783,-0.011855880146399770
1.008000000000000673,-0.011815782947084030
1.009000000000000785,-0.011773568440757861
1.010000000000000675,-0.011729276325676047
1.011000000000000787,-0.011682945891828795
1.012000000000000677,-0.011634616023761049
1.013000000000000789,-0.011584325203372015
1.014000000000000679,-0.011532111512692948
1.015000000000000790,-0.011478012636699028
1.016000000000000680,-0.011422065866071881
1.017000000000000792,-0.011364308099977186
1.018000000000000682,-0.011304775848805100
1.019000000000000794,-0.011243505236950117
1.020000000000000684,-0.011180532005542188
1.021000000000000796,-0.011115891515178748
1.022000000000000686,-0.011049618748653536
1.023000000000000798,-0.010981748313673222
1.024000000000000687,-0.010912314445563228
1.025000000000000799,-0.010841351009966187
1.026000000000000689,-0.010768891505538135
1.027000000000000801,-0.010694969066613345
1.028000000000000691,-0.010619616465883882
1.029000000000000803,-0.010542866117057553
1.030000000000000693,-0.010464750077499613
1.031000000000000805,-0.010385300050893043
1.032000000000000695,-0.010304547389842360
1.033000000000000806,-0.010222523098512687
1.034000000000000696,-0.010139257835232365
1.035000000000000808,-0.010054781915089652
1.036000000000000698,-0.009969125312518685
1.037000000000000810,-0.009882317663900396
1.038000000000000700,-0.009794388270098238
1.039000000000000812,-0.009705366099030640
1.040000000000000702,-0.009615279788226953
1.041000000000000814,-0.009524157647350581
1.042000000000000703,-0.009432027660718925
1.043000000000000815,-0.009338917489833948
1.044000000000000705,-0.009244854475880845
1.045000000000000817,-0.009149865642202198
1.046000000000000707,-0.009053977696806232
1.047000000000000819,-0.008957217034818927
1.048000000000000709,-0.008859609740952942
1.049000000000000821,-0.008761181591945017
1.050000000000000711,-0.008661958058999157
1.051000000000000822,-0.008561964310212344
1.052000000000000712,-0.008461225212983448
1.053000000000000824,-0.008359765336421875
1.054000000000000714,-0.008257608953731324
1.055000000000000826,-0.008154780044596636
1.056000000000000716,-0.008051302297545429
1.057000000000000828,-0.007947199112310821
1.058000000000000718,-0.007842493602167272
1.059000000000000830,-0.007737208596270117
1.060000000000000719,-0.007631366641977377
1.061000000000000831,-0.007524990007161480
1.062000000000000721,-0.007418100682491128
1.063000000000000833,-0.007310720383748096
1.064000000000000723,-0.007202870554071816
1.065000000000000835,-0.007094572366236086
1.066000000000000725,-0.006985846724907391
1.067000000000000837,-0.006876714268858825
1.068000000000000727,-0.006767195373233552
1.069000000000000838,-0.006657310151724632
1.070000000000000728,-0.006547078458803752
1.071000000000000840,-0.006436519891903206
1.072000000000000730,-0.006325653793595190
1.073000000000000842,-0.006214499253767489
1.074000000000000732,-0.006103075111761135
1.075000000000000844,-0.005991399958537048
1.076000000000000734,-0.005879492138801466
1.077000000000000846,-0.005767369753111607
1.078000000000000735,-0.005655050660011001
1.079000000000000847,-0.005542552478091838
1.080000000000000737,-0.005429892588119658
1.081000000000000849,-0.005317088135074328
1.082000000000000739,-0.005204156030219243
1.083000000000000851,-0.005091112953157065
1.084000000000000741,-0.004977975353866657
1.085000000000000853,-0.004864759454715340
1.086000000000000743,-0.004751481252481217
1.087000000000000854,-0.004638156520361186
1.088000000000000744,-0.004524800809949081
1.089000000000000856,-0.004411429453216554
1.090000000000000746,-0.004298057564475959
1.091000000000000858,-0.004184700042342221
1.092000000000000748,-0.004071371571667064
1.093000000000000860,-0.003958086625477412
1.094000000000000750,-0.003844859466876938
1.095000000000000862,-0.003731704150975267
1.096000000000000751,-0.003618634526770724
1.097000000000000863,-0.003505664239022225
1.098000000000000753,-0.003392806730145879
1.099000000000000865,-0.003280075242055150
1.100000000000000755,-0.003167482818014730
1.101000000000000867,-0.003055042304475011
1.102000000000000757,-0.002942766352901965
1.103000000000000869,-0.002830667421585002
1.104000000000000759,-0.002718757777434540
1.105000000000000870,-0.002607049497786917
1.106000000000000760,-0.002495554472156650
1.107000000000000872,-0.002384284404032005
1.108000000000000762,-0.002273250812609935
1.109000000000000874,-0.002162465034554070
1.110000000000000764,-0.002051938225708239
1.111000000000000876,-0.001941681362831145
1.112000000000000766,-0.001831705245306388
1.113000000000000878,-0.001722020496834201
1.114000000000000767,-0.001612637567123287
1.115000000000000879,-0.001503566733558392
1.116000000000000769,-0.001394818102873398
1.117000000000000881,-0.001286401612796494
1.118000000000000771,-0.001178327033696429
1.119000000000000883,-0.001070603970214994
1.120000000000000773,-0.000963241862879863
1.121000000000000885,-0.000856249989721645
1.122000000000000774,-0.000749637467857799
1.123000000000000886,-0.000643413255087456
1.124000000000000776,-0.000537586151476595
1.125000000000000888,-0.000432164800897208
1.126000000000000778,-0.000327157692596493
1.127000000000000890,-0.000222573162751027
1.128000000000000780,-0.000118419395966837
1.129000000000000892,-0.000014704426828541
1.130000000000000782,0.000088563858601336
1.131000000000000894,0.000191377721292071
1.132000000000000783,0.000293729567738964
1.133000000000000895,0.000395611948492569
1.134000000000000785,0.000497017556704173
1.135000000000000897,0.000597939226644040
1.136000000000000787,0.000698369932279075
1.137000000000000899,0.000798302785819423
1.138000000000000789,0.000897731036311449
1.139000000000000901,0.000996648068197290
1.140000000000000790,0.001095047399934988
1.141000000000000902,0.001192922682596417
1.142000000000000792,0.001290267698474735
1.143000000000000904,0.001387076359729100
1.144000000000000794,0.001483342706990984
1.145000000000000906,0.001579060908050552
1.146000000000000796,0.001674225256479185
1.147000000000000908,0.001768830170312097
1.148000000000000798,0.001862870190725595
1.149000000000000909,0.001956339980717181
1.150000000000000799,0.002049234323813920
1.151000000000000689,0.002141548122764324
1.152000000000000801,0.002233276398265695
1.153000000000000913,0.002324414287681033
1.154000000000000803,0.002414957043785708
1.155000000000000693,0.002504900033511322
1.156000000000000805,0.002594238736685642
1.157000000000000917,0.002682968744824378
1.158000000000000806,0.002771085759879145
1.159000000000000696,0.002858585593037620
1.160000000000000808,0.002945464163517369
1.161000000000000920,0.003031717497358359
1.162000000000000810,0.003117341726240157
1.163000000000000700,0.003202333086305285
1.164000000000000812,0.003286687916990998
1.165000000000000924,0.003370402659870453
1.166000000000000814,0.003453473857488883
1.167000000000000703,0.003535898152243951
1.168000000000000815,0.003617672285229088
1.169000000000000927,0.003698793095133245
1.170000000000000817,0.003779257517110141
1.171000000000000707,0.003859062581682746
1.172000000000000819,0.003938205413632235
1.173000000000000931,0.004016683230929544
1.174000000000000821,0.004094493343644395
1.175000000000000711,0.004171633152878900
1.176000000000000822,0.004248100149699917
1.177000000000000934,0.004323891914098027
1.178000000000000824,0.004399006113926759
1.179000000000000714,0.004473440503891269
1.180000000000000826,0.004547192924490713
1.181000000000000938,0.004620261301029655
1.182000000000000828,0.004692643642586039
1.183000000000000718,0.004764338041015381
1.184000000000000830,0.004835342669960593
1.185000000000000941,0.004905655783871940
1.186000000000000831,0.004975275717012244
1.187000000000000721,0.005044200882508626
1.188000000000000833,0.005112429771377320
1.189000000000000945,0.005179960951576268
1.190000000000000835,0.005246793067058610
1.191000000000000725,0.005312924836846257
1.192000000000000837,0.005378355054078958
1.193000000000000949,0.005443082585121580
1.194000000000000838,0.005507106368627996
1.195000000000000728,0.005570425414650158
1.196000000000000840,0.005633038803737726
1.197000000000000952,0.005694945686038127
1.198000000000000842,0.005756145280434317
1.199000000000000732,0.005816636873647143
1.200000000000000844,0.005876419819396754
1.201000000000000956,0.005935493537515370
1.202000000000000846,0.005993857513109270
1.203000000000000735,0.006051511295720606
1.204000000000000847,0.006108454498482126
1.205000000000000959,0.006164686797278737
1.206000000000000849,0.006220207929945380
1.207000000000000739,0.006275017695440650
1.208000000000000851,0.006329115953036066
1.209000000000000963,0.006382502621528598
1.210000000000000853,0.006435177678425666
1.211000000000000743,0.006487141159184385
1.212000000000000854,0.006538393156407103
1.213000000000000966,0.006588933819097880
1.214000000000000856,0.006638763351861284
1.215000000000000746,0.006687882014174524
1.216000000000000858,0.006736290119621111
1.217000000000000970,0.006783988035147829
1.218000000000000860,0.006830976180328244
1.219000000000000750,0.006877255026632646
1.220000000000000862,0.006922825096694162
1.221000000000000973,0.006967686963604829
1.222000000000000863,0.007011841250190378
1.223000000000000753,0.007055288628315806
1.224000000000000865,0.007098029818177680
1.225000000000000977,0.007140065587619322
1.226000000000000867,0.007181396751437258
1.227000000000000757,0.007222024170712223
1.228000000000000869,0.007261948752129331
1.229000000000000981,0.007301171447301451
1.230000000000000870,0.007339693252136893
1.231000000000000760,0.007377515206155834
1.232000000000000872,0.007414638391845528
1.233000000000000984,0.007451063934046528
1.234000000000000874,0.007486792999276383
1.235000000000000764,0.007521826795127744
1.236000000000000876,0.007556166569634333
1.237000000000000988,0.007589813610651320
1.238000000000000878,0.007622769245244736
1.239000000000000767,0.007655034839089049
1.240000000000000879,0.007686611795857246
1.241000000000000991,0.007717501556632586
1.242000000000000881,0.007747705599320098
1.243000000000000771,0.007777225438059511
1.244000000000000883,0.007806062622646852
1.245000000000000995,0.007834218737964169
1.246000000000000885,0.007861695403410418
1.247000000000000774,0.007888494272347790
1.248000000000000886,0.007914617031533204
1.249000000000000998,0.007940065400578768
1.250000000000000888,0.007964841131400859
1.251000000000000778,0.007988946007682502
1.252000000000000890,0.008012381844337255
1.253000000000001002,0.008035150486988999
1.254000000000000892,0.008057253811428879
1.255000000000000782,0.008078693723118022
1.256000000000000894,0.008099472156663741
1.257000000000001005,0.008119591075308536
1.258000000000000895,0.008139052470434527
1.259000000000000785,0.008157858361056539
1.260000000000000897,0.008176010793341397
1.261000000000001009,0.008193511840102662
1.262000000000000899,0.008210363600335812
1.263000000000000789,0.008226568198724724
1.264000000000000901,0.008242127785174993
1.265000000000001013,0.008257044534349741
1.266000000000000902,0.008271320645192950
1.267000000000000792,0.008284958340485631
1.268000000000000904,0.008297959866378690
1.269000000000001016,0.008310327491950280
1.270000000000000906,0.008322063508755582
1.271000000000000796,0.008333170230393006
1.272000000000000908,0.008343649992064762
1.273000000000001020,0.008353505150143162
1.274000000000000909,0.008362738081745112
1.275000000000000799,0.008371351184315838
1.276000000000000911,0.008379346875197854
1.277000000000001023,0.008386727591230979
1.278000000000000913,0.008393495788339318
1.279000000000000803,0.008399653941115691
1.280000000000000915,0.008405204542430340
1.281000000000001027,0.008410150103046431
1.282000000000000917,0.008414493151199191
1.283000000000000806,0.008418236232236193
1.284000000000000918,0.008421381908211348
1.285000000000001030,0.008423932757523355
1.286000000000000920,0.008425891374527638
1.287000000000000810,0.008427260369172204
1.288000000000000922,0.008428042366622304
1.289000000000001034,0.008428240006905029
1.290000000000000924,0.008427855944551279
1.291000000000000814,0.008426892848223380
1.292000000000000925,0.008425353400391581
1.293000000000001037,0.008423240296955303
1.294000000000000927,0.008420556246916377
1.295000000000000817,0.008417303972049945
1.296000000000000929,0.008413486206535061
1.297000000000001041,0.008409105696656158
1.298000000000000931,0.008404165200451789
1.299000000000000821,0.008398667487396429
1.300000000000000933,0.008392615338086763
1.301000000000001044,0.008386011543907270
1.302000000000000934,0.008378858906732213
1.303000000000000824,0.008371160238596079
1.304000000000000936,0.008362918361412243
1.305000000000001048,0.008354136106642738
1.306000000000000938,0.008344816315013333
1.307000000000000828,0.008334961836212003
1.308000000000000940,0.008324575528600223
1.309000000000001052,0.008313660258909150
1.310000000000000941,0.008302218901972714
1.311000000000000831,0.008290254340423691
1.312000000000000943,0.008277769464435057
1.313000000000001055,0.008264767171418743
1.314000000000000945,0.008251250365775882
1.315000000000000835,0.008237221958610446
1.316000000000000947,0.008222684867466429
1.317000000000001059,0.008207642016062616
1.318000000000000949,0.008192096334043959
1.319000000000000838,0.008176050756696557
1.320000000000000950,0.008159508224721142
1.321000000000001062,0.008142471683966484
1.322000000000000952,0.008124944085180909
1.323000000000000842,0.008106928383774562
1.324000000000000954,0.008088427539568234
1.325000000000001066,0.008069444516560069
1.326000000000000956,0.008049982282682036
1.327000000000000846,0.008030043809571712
1.328000000000000957,0.008009632072337614
1.329000000000001069,0.007988750049336291
1.330000000000000959,0.007967400721938602
1.331000000000000849,0.007945587074310447
1.332000000000000961,0.007923312093201421
1.333000000000001073,0.007900578767717685
1.334000000000000963,0.007877390089106708
1.335000000000000853,0.007853749050551417
1.336000000000000965,0.007829658646961023
1.337000000000001076,0.007805121874758109
1.338000000000000966,0.007780141731685887
1.339000000000000856,0.007754721216596610
1.340000000000000968,0.007728863329254860
1.341000000000001080,0.007702571070151326
1.342000000000000970,0.007675847440296877
1.343000000000000860,0.007648695441035953
1.344000000000000972,0.007621118073863261
1.345000000000001084,0.007593118340228936
1.346000000000000973,0.007564699241361381
1.347000000000000863,0.007535863778084032
1.348000000000000975,0.007506614950639023
1.349000000000001087,0.007476955758509818
1.350000000000000977,0.007446889200238577
1.351000000000000867,0.007416418273265388
1.352000000000000979,0.007385545973767287
1.353000000000001091,0.007354275296462522
1.354000000000000981,0.007322609234471209
1.355000000000000870,0.007290550779145544
1.356000000000000982,0.007258102919906992
1.357000000000001094,0.007225268644086619
1.358000000000000984,0.007192050936777434
1.359000000000000874,0.007158452780671953
1.360000000000000986,0.007124477155920168
1.361000000000001098,0.007090127039963101
1.362000000000000988,0.007055405407405768
1.363000000000000878,0.007020315229862012
1.364000000000000989,0.006984859475803891
1.365000000000001101,0.006949041110440231
1.366000000000000991,0.006912863095557090
1.367000000000000881,0.006876328389394152
1.368000000000000993,0.006839439946500795
1.369000000000001105,0.006802200717610313
1.370000000000000995,0.006764613649502521
1.371000000000000885,0.006726681684880503
1.372000000000000997,0.006688407762239466
1.373000000000001108,0.006649794815737370
1.374000000000000998,0.006610845775083364
1.375000000000000888,0.006571563565403453
1.376000000000001000,0.006531951107122899
1.377000000000001112,0.006492011315861143
1.378000000000001002,0.006451747102293725
1.379000000000000892,0.006411161372057500
1.380000000000001004,0.006370257025628864
1.381000000000001116,0.006329036958208074
1.382000000000001005,0.006287504059620313
1.383000000000000895,0.006245661214205172
1.384000000000001007,0.006203511300706298
1.385000000000001119,0.006161057192171795
1.386000000000001009,0.006118301755846061
1.387000000000000899,0.006075247853086479
1.388000000000001011,0.006031898339230606
1.389000000000001123,0.005988256063535305
1.390000000000001013,0.005944323869059731
1.391000000000000902,0.005900104592572808
1.392000000000001014,0.005855601064470026
1.393000000000001126,0.005810816108671507
1.394000000000001016,0.005765752542533052
1.395000000000000906,0.005720413176767808
1.396000000000001018,0.005674800815350847
1.397000000000001130,0.005628918255436408
1.398000000000001020,0.005582768287274165
1.399000000000000909,0.005536353694125676
1.400000000000001021,0.005489677252189593
1.401000000000001133,0.005442741730510827
1.402000000000001023,0.005395549890915891
1.403000000000000913,0.005348104487929875
1.404000000000001025,0.005300408268695412
1.405000000000001137,0.005252463972913753
1.406000000000001027,0.005204274332758997
1.407000000000000917,0.005155842072808054
1.408000000000001029,0.005107169909982370
1.409000000000001140,0.005058260553468725
1.410000000000001030,0.005009116704652814
1.411000000000000920,0.004959741057061096
1.412000000000001032,0.004910136296288128
1.413000000000001144,0.004860305099934273
1.414000000000001034,0.004810250137551327
1.415000000000000924,0.004759974070576444
1.416000000000001036,0.004709479552263819
1.417000000000001148,0.004658769227641350
1.418000000000001037,0.004607845733449032
1.419000000000000927,0.004556711698080075
1.420000000000001039,0.004505369741524727
1.421000000000001151,0.004453822475319844
1.422000000000001041,0.004402072502500272
1.423000000000000931,0.004350122417538745
1.424000000000001043,0.004297974806299995
1.425000000000001155,0.004245632245996354
1.426000000000001044,0.004193097305130580
1.427000000000000934,0.004140372543456075
1.428000000000001046,0.004087460511927991
1.429000000000001158,0.004034363752663485
1.430000000000001048,0.003981084798882305
1.431000000000000938,0.003927626174892367
1.432000000000001050,0.003873990396018624
1.433000000000001162,0.003820179968578081
1.434000000000001052,0.003766197389841703
1.435000000000000941,0.003712045147986095
1.436000000000001053,0.003657725722067253
1.437000000000001165,0.003603241581974851
1.438000000000001055,0.003548595188397544
1.439000000000000945,0.003493788992795983
1.440000000000001057,0.003438825437357935
1.441000000000001169,0.003383706954977270
1.442000000000001059,0.003328435969212884
1.443000000000000949,0.003273014894258798
1.444000000000001060,0.003217446134919650
1.445000000000001172,0.003161732086579510
1.446000000000001062,0.003105875135163859
1.447000000000000952,0.003049877657128514
1.448000000000001064,0.002993742019421390
1.449000000000001176,0.002937470579459638
1.450000000000001066,0.002881065685105196
1.451000000000000956,0.002824529674643000
1.452000000000001068,0.002767864876753731
1.453000000000001180,0.002711073610491588
1.454000000000001069,0.002654158185271135
1.455000000000000959,0.002597120900829396
1.456000000000001071,0.002539964047222708
1.457000000000001183,0.002482689904798756
1.458000000000001073,0.002425300744179073
1.459000000000000963,0.002367798826242243
1.460000000000001075,0.002310186402110131
1.461000000000001187,0.002252465713124255
1.462000000000001076,0.002194638990833479
1.463000000000000966,0.002136708456984950
1.464000000000001078,0.002078676323498324
1.465000000000001190,0.002020544792465685
1.466000000000001080,0.001962316056125428
1.467000000000000970,0.001903992296861637
1.468000000000001082,0.001845575687183712
1.469000000000001194,0.001787068389725782
1.470000000000001084,0.001728472557226347
1.471000000000000973,0.001669790332524644
1.472000000000001085,0.001611023848545331
1.473000000000001197,0.001552175228307552
1.474000000000001087,0.001493246584892152
1.475000000000000977,0.001434240021457552
1.476000000000001089,0.001375157631221173
1.477000000000001201,0.001316001497454536
1.478000000000001091,0.001256773693482509
1.479000000000000981,0.001197476282679425
1.480000000000001092,0.001138111318456947
1.481000000000001204,0.001078680844272875
1.482000000000001094,0.001019186893616724
1.483000000000000984,0.000959631490010971
1.484000000000001096,0.000900016647021119
1.485000000000001208,0.000840344368235566
1.486000000000001098,0.000780616647278235
1.487000000000000988,0.000720835467804154
1.488000000000001100,0.000661002803502278
1.489000000000001211,0.000601120618091647
1.490000000000001101,0.000541190865327578
1.491000000000000991,0.000481215489002724
1.492000000000001103,0.000421196422950811
1.493000000000001215,0.000361135591041802
1.494000000000001105,0.000301034907200945
1.495000000000000995,0.000240896275398114
1.496000000000001107,0.000180721589658297
1.497000000000001219,0.000120512734066154
1.498000000000001108,0.000060271582773324
1.499000000000000998,0.000000000000000000
