# ZnS-sphalerite-110_BSAI4
# h[nm],U(h)[kJ/mol]
0.149999999999999994,151.097981188281607956
0.150999999999999995,149.229412452844030668
0.151999999999999996,147.942337785013165785
0.152999999999999997,146.742611997237105470
0.153999999999999998,145.459344640760804168
0.154999999999999999,144.071303733537490643
0.156000000000000000,142.613424671915851150
0.157000000000000001,141.130572470219419756
0.158000000000000002,139.657995622622223664
0.159000000000000002,138.215920023586193111
0.160000000000000003,136.810871065904507304
0.161000000000000004,135.439546334311700093
0.162000000000000005,134.093046347194984946
0.163000000000000006,132.760448986607372035
0.164000000000000007,131.431380033073025970
0.165000000000000008,130.097582589612159154
0.166000000000000009,128.753649039339109095
0.167000000000000010,127.397131667905910035
0.168000000000000010,126.028242906261311873
0.169000000000000011,124.649324057996679471
0.170000000000000012,123.264220229114926042
0.171000000000000013,121.877658688169319134
0.172000000000000014,120.494692750832655292
0.173000000000000015,119.120245237251850767
0.174000000000000016,117.758764666968460233
0.175000000000000017,116.413992868189581031
0.176000000000000018,115.088833472819231929
0.177000000000000018,113.785305670906836895
0.178000000000000019,112.504565522267810707
0.179000000000000020,111.246977141685079005
0.180000000000000021,110.012217439083343606
0.181000000000000022,108.799400231798784944
0.182000000000000023,107.607208029639565439
0.183000000000000024,106.434022329372510285
0.184000000000000025,105.278045649814288254
0.185000000000000026,104.137410676098937756
0.186000000000000026,103.010273703779219545
0.187000000000000027,101.894891062747504407
0.188000000000000028,100.789678367430227013
0.189000000000000029,99.693253310235519393
0.190000000000000030,98.604463326146202462
0.191000000000000031,97.522399847852767607
0.192000000000000032,96.446401083285223876
0.193000000000000033,95.376045318860434463
0.194000000000000034,94.311136716521971834
0.195000000000000034,93.251685460521755999
0.196000000000000035,92.197883945999109301
0.197000000000000036,91.150080506303339689
0.198000000000000037,90.108751965980928844
0.199000000000000038,89.074476093935700760
0.200000000000000039,88.047904825710730847
0.201000000000000040,87.029738931622006248
0.202000000000000041,86.020704632811529677
0.203000000000000042,85.021532512586446728
0.204000000000000042,84.032938936659235196
0.205000000000000043,83.055610083028454937
0.206000000000000044,82.090188589387764750
0.207000000000000045,81.137262751748039591
0.208000000000000046,80.197358150685062128
0.209000000000000047,79.270931539386992881
0.210000000000000048,78.358366798513060303
0.211000000000000049,77.459972744851626203
0.212000000000000050,76.575982572030667939
0.213000000000000050,75.706554700376983646
0.214000000000000051,74.851774817871927326
0.215000000000000052,74.011658903627846939
0.216000000000000053,73.186157038192192203
0.217000000000000054,72.375157820228537275
0.218000000000000055,71.578493225849030068
0.219000000000000056,70.795943764346276339
0.220000000000000057,70.027243801704258885
0.221000000000000058,69.272086940592132009
0.222000000000000058,68.530131362195106703
0.223000000000000059,67.801005050954643139
0.224000000000000060,67.084310837884771672
0.225000000000000061,66.379631211485133235
0.226000000000000062,65.686532857322177392
0.227000000000000063,65.004570898077403740
0.228000000000000064,64.333292815283442678
0.229000000000000065,63.672242042127990658
0.230000000000000066,63.020961223667882223
0.231000000000000066,62.378995146637997493
0.232000000000000067,61.745893345850753064
0.233000000000000068,61.121212398055071446
0.234000000000000069,60.504517917152305984
0.235000000000000070,59.895386266948868581
0.236000000000000071,59.293406009248279531
0.237000000000000072,58.698179106140017325
0.238000000000000073,58.109321895910660771
0.239000000000000073,57.526465862160556242
0.240000000000000074,56.949258215525254911
0.241000000000000075,56.377362306942153225
0.242000000000000076,55.810457890722389607
0.243000000000000077,55.248241254838504233
0.244000000000000078,54.690425234863859316
0.245000000000000079,54.136739126937428068
0.246000000000000080,53.586928514011788138
0.247000000000000081,53.040755018500078677
0.248000000000000081,52.497995993290849981
0.249000000000000082,51.958444161972650477
0.250000000000000111,51.421907218009302198
0.251000000000000112,50.888207391554480807
0.252000000000000113,50.357180991589856944
0.253000000000000114,49.828677930129444462
0.254000000000000115,49.302561234352445751
0.255000000000000115,48.778706551713604256
0.256000000000000116,48.257001652334345465
0.257000000000000117,47.737345932298389073
0.258000000000000118,47.219649920863211889
0.259000000000000119,46.703834794048752599
0.260000000000000120,46.189831896576606596
0.261000000000000121,45.677582273703080773
0.262000000000000122,45.167036214112471271
0.263000000000000123,44.658152804712415218
0.264000000000000123,44.150899497893611567
0.265000000000000124,43.645251691580696729
0.266000000000000125,43.141192322203401943
0.267000000000000126,42.638711470555321625
0.268000000000000127,42.137805980376562331
0.269000000000000128,41.638479089393612753
0.270000000000000129,41.140740072471636779
0.271000000000000130,40.644603896476482419
0.272000000000000131,40.150090886405962465
0.273000000000000131,39.657226402326479331
0.274000000000000132,39.166040526641559438
0.275000000000000133,38.676567761220709940
0.276000000000000134,38.188846733926510524
0.277000000000000135,37.702919914097428489
0.278000000000000136,37.218833336564941305
0.279000000000000137,36.736636333812597854
0.280000000000000138,36.256381275914968398
0.281000000000000139,35.778123317925668800
0.282000000000000139,35.301920154418311881
0.283000000000000140,34.827831780916490345
0.284000000000000141,34.355920261982149100
0.285000000000000142,33.886249505763601064
0.286000000000000143,33.418885044834418352
0.287000000000000144,32.953893823183094014
0.288000000000000145,32.491343989239375389
0.289000000000000146,32.031304694847982262
0.290000000000000147,31.573845900120851127
0.291000000000000147,31.119038184119524715
0.292000000000000148,30.666952561334920091
0.293000000000000149,30.217660303946747291
0.294000000000000150,29.771232769856066369
0.295000000000000151,29.327741236494382804
0.296000000000000152,28.887256740419580581
0.297000000000000153,28.449849922714740558
0.298000000000000154,28.015590880208328883
0.299000000000000155,27.584549022536418050
0.300000000000000155,27.156792935066960126
0.301000000000000156,26.732390247704596931
0.302000000000000157,26.311407509591010268
0.303000000000000158,25.893910069712369193
0.304000000000000159,25.479961963419295756
0.305000000000000160,25.069625804859111184
0.306000000000000161,24.662962685313150502
0.307000000000000162,24.260032077424231289
0.308000000000000163,23.860891745291723964
0.309000000000000163,23.465597660402899294
0.310000000000000164,23.074203923361181978
0.311000000000000165,22.686762691362687860
0.312000000000000166,22.303324111364183580
0.313000000000000167,21.923936258876466354
0.314000000000000168,21.548645082309000998
0.315000000000000169,21.177494352782854747
0.316000000000000170,20.810525619321278867
0.317000000000000171,20.447778169319036579
0.318000000000000171,20.089288994184663295
0.319000000000000172,19.735092760042100224
0.320000000000000173,19.385221783372251991
0.321000000000000174,19.039706011468393143
0.322000000000000175,18.698573007573696003
0.323000000000000176,18.361847940564349102
0.324000000000000177,18.029553579036399213
0.325000000000000178,17.701710289651110486
0.326000000000000179,17.378336039589093787
0.327000000000000179,17.059446402961185640
0.328000000000000180,16.745054571020649092
0.329000000000000181,16.435171366019865502
0.330000000000000182,16.129805258552337932
0.331000000000000183,15.828962388220265467
0.332000000000000184,15.532646587466800270
0.333000000000000185,15.240859408412186227
0.334000000000000186,14.953600152532848355
0.335000000000000187,14.670865903023265986
0.336000000000000187,14.392651559681203466
0.337000000000000188,14.118949876158604084
0.338000000000000189,13.849751499421580903
0.339000000000000190,13.585045011265197701
0.340000000000000191,13.324816971731143767
0.341000000000000192,13.069051964278703082
0.342000000000000193,12.817732642562223333
0.343000000000000194,12.570839778671508924
0.344000000000000195,12.328352312694889292
0.345000000000000195,12.090247403467563103
0.346000000000000196,11.856500480372298867
0.347000000000000197,11.627085296062539044
0.348000000000000198,11.401973979982374274
0.349000000000000199,11.181137092561515445
0.350000000000000200,10.964543679967681200
0.351000000000000201,10.752161329302857951
0.352000000000000202,10.543956224134202415
0.353000000000000203,10.339893200254556049
0.354000000000000203,10.139935801571823504
0.355000000000000204,9.944046336030902822
0.356000000000000205,9.752185931476086367
0.357000000000000206,9.564314591365935314
0.358000000000000207,9.380391250257487101
0.359000000000000208,9.200373828980291435
0.360000000000000209,9.024219289425271739
0.361000000000000210,8.851883688877716594
0.362000000000000210,8.683322233827386327
0.363000000000000211,8.518489333193240753
0.364000000000000212,8.357338650903860966
0.365000000000000213,8.199823157778762805
0.366000000000000214,8.045895182659529965
0.367000000000000215,7.895506462743412612
0.368000000000000216,7.748608193075561701
0.369000000000000217,7.605151075159847451
0.370000000000000218,7.465085364651261379
0.371000000000000218,7.328360918096675114
0.372000000000000219,7.194927238693433758
0.373000000000000220,7.064733521038799147
0.374000000000000221,6.937728694846009958
0.375000000000000222,6.813861467605863531
0.376000000000000223,6.693080366174998908
0.377000000000000224,6.575333777275425007
0.378000000000000225,6.460569986891814054
0.379000000000000226,6.348737218555938533
0.380000000000000226,6.239783670509590152
0.381000000000000227,6.133657551739991831
0.382000000000000228,6.030307116883454555
0.383000000000000229,5.929680699995313553
0.384000000000000230,5.831726747185984827
0.385000000000000231,5.736393848124805572
0.386000000000000232,5.643630766415154376
0.387000000000000233,5.553386468845728174
0.388000000000000234,5.465610153524748327
0.389000000000000234,5.380251276904948199
0.390000000000000235,5.297259579708703647
0.391000000000000236,5.216585111764020510
0.392000000000000237,5.138178255763017788
0.393000000000000238,5.061989749955863260
0.394000000000000239,4.987970709794045554
0.395000000000000240,4.916072648537712197
0.396000000000000241,4.846247496842792657
0.397000000000000242,4.778447621344406926
0.398000000000000242,4.712625842253538089
0.399000000000000243,4.648735449985030854
0.400000000000000244,4.586730220835046445
0.401000000000000245,4.526564431727030602
0.402000000000000246,4.468192874045580076
0.403000000000000247,4.411570866577835481
0.404000000000000248,4.356654267582626971
0.405000000000000249,4.303399486007768004
0.406000000000000250,4.251763491876158874
0.407000000000000250,4.201703825861501151
0.408000000000000251,4.153178608074719946
0.409000000000000252,4.106146546082191762
0.410000000000000253,4.060566942176945915
0.411000000000000254,4.016399699924129152
0.412000000000000255,3.973605330001966252
0.413000000000000256,3.932144955359360150
0.414000000000000257,3.891980315711387473
0.415000000000000258,3.853073771393557223
0.416000000000000258,3.815388306595973944
0.417000000000000259,3.778887531997964011
0.418000000000000260,3.743535686823925346
0.419000000000000261,3.709297640340670998
0.420000000000000262,3.676138892816584125
0.421000000000000263,3.644025575962417829
0.422000000000000264,3.612924452873504944
0.423000000000000265,3.582802917492796446
0.424000000000000266,3.553628993613809683
0.425000000000000266,3.525371333442459676
0.426000000000000267,3.497999215736126821
0.427000000000000268,3.471482543538343180
0.428000000000000269,3.445791841526891996
0.429000000000000270,3.420898252992814470
0.430000000000000271,3.396773536467660115
0.431000000000000272,3.373390062015641178
0.432000000000000273,3.350720807207325347
0.433000000000000274,3.328739352790853534
0.434000000000000274,3.307419878076518494
0.435000000000000275,3.286737156050018704
0.436000000000000276,3.266666548229392397
0.437000000000000277,3.247183999280269795
0.438000000000000278,3.228266031403698832
0.439000000000000279,3.209889738510335544
0.440000000000000280,3.192032780194589581
0.441000000000000281,3.174673375521788632
0.442000000000000282,3.157790296641057814
0.443000000000000282,3.141362862236390274
0.444000000000000283,3.125370930827791049
0.445000000000000284,3.109794893934190618
0.446000000000000285,3.094615669109423095
0.447000000000000286,3.079814692862040904
0.448000000000000287,3.065373913469695122
0.449000000000000288,3.051275783698125910
0.450000000000000289,3.037503253434713280
0.451000000000000290,3.024039762246069074
0.452000000000000290,3.010869231868759766
0.453000000000000291,2.997976058642168429
0.454000000000000292,2.985345105891824780
0.455000000000000293,2.972961696271520626
0.456000000000000294,2.960811604072034697
0.457000000000000295,2.948881047504004815
0.458000000000000296,2.937156680962291322
0.459000000000000297,2.925625587278702699
0.460000000000000298,2.914275269969842874
0.461000000000000298,2.903093645486369390
0.462000000000000299,2.892069035469884586
0.463000000000000300,2.881190159023224506
0.464000000000000301,2.870446124999727733
0.465000000000000302,2.859826424316808335
0.466000000000000303,2.849320922298920422
0.467000000000000304,2.838919851054654053
0.468000000000000305,2.828613801892630342
0.469000000000000306,2.818393717780486529
0.470000000000000306,2.808250885851010459
0.471000000000000307,2.798176929959468318
0.472000000000000308,2.788163803295661047
0.473000000000000309,2.778203781054231936
0.474000000000000310,2.768289453166510761
0.475000000000000311,2.758413717096958706
0.476000000000000312,2.748569770707071758
0.477000000000000313,2.738751105189452417
0.478000000000000314,2.728951498074620563
0.479000000000000314,2.719165006312799893
0.480000000000000315,2.709385959432990543
0.481000000000000316,2.699608952781244575
0.482000000000000317,2.689828840840074342
0.483000000000000318,2.680040730630659063
0.484000000000000319,2.670239975199454996
0.485000000000000320,2.660422167190639620
0.486000000000000321,2.650583132505642592
0.487000000000000322,2.640718924050951877
0.488000000000000322,2.630825815575308813
0.489000000000000323,2.620900295597031970
0.490000000000000324,2.610939061422489438
0.491000000000000325,2.600939013256243104
0.492000000000000326,2.590897248403568831
0.493000000000000327,2.580811055565759293
0.494000000000000328,2.570677909228645586
0.495000000000000329,2.560495464144614264
0.496000000000000330,2.550261549908353409
0.497000000000000330,2.539974165626369018
0.498000000000000331,2.529631474680466230
0.499000000000000332,2.519231799584959131
0.500000000000000333,2.508773616937638895
0.501000000000000334,2.498255552464320406
0.502000000000000335,2.487676376156591207
0.503000000000000336,2.477034997502592262
0.504000000000000337,2.466330460810371328
0.505000000000000338,2.455561940623400830
0.506000000000000338,2.444728737227771287
0.507000000000000339,2.433830272250525617
0.508000000000000340,2.422866084348567650
0.509000000000000341,2.411835824987436983
0.510000000000000342,2.400739254309395498
0.511000000000000343,2.389576237089971578
0.512000000000000344,2.378346738782343373
0.513000000000000345,2.367050821648667203
0.514000000000000346,2.355688640977558368
0.515000000000000346,2.344260441386909921
0.516000000000000347,2.332766553211111926
0.517000000000000348,2.321207388971774144
0.518000000000000349,2.309583439931050641
0.519000000000000350,2.297895272726542260
0.520000000000000351,2.286143526086898525
0.521000000000000352,2.274328907626975926
0.522000000000000353,2.262452190721714107
0.523000000000000353,2.250514211457513181
0.524000000000000354,2.238515865660235526
0.525000000000000355,2.226458105998630366
0.526000000000000356,2.214341939162239647
0.527000000000000357,2.202168423112572881
0.528000000000000358,2.189938664406602786
0.529000000000000359,2.177653815591339193
0.530000000000000360,2.165315072668538399
0.531000000000000361,2.152923672628289431
0.532000000000000361,2.140480891050480228
0.533000000000000362,2.127988039772956697
0.534000000000000363,2.115446464625339917
0.535000000000000364,2.102857543227276693
0.536000000000000365,2.090222682850128244
0.537000000000000366,2.077543318340893563
0.538000000000000367,2.064820910107324270
0.539000000000000368,2.052056942163047459
0.540000000000000369,2.039252920231683142
0.541000000000000369,2.026410369908755005
0.542000000000000370,2.013530834880420617
0.543000000000000371,2.000615875197802929
0.544000000000000372,1.987667065605952077
0.545000000000000373,1.974685993926267757
0.546000000000000374,1.961674259491396954
0.547000000000000375,1.948633471631493252
0.548000000000000376,1.935565248210791012
0.549000000000000377,1.922471214213493429
0.550000000000000377,1.909353000377855825
0.551000000000000378,1.896212241877550442
0.552000000000000379,1.883050577049202534
0.553000000000000380,1.869869646165135180
0.554000000000000381,1.856671090250360923
0.555000000000000382,1.843456549942750211
0.556000000000000383,1.830227664395513543
0.557000000000000384,1.816986070220921068
0.558000000000000385,1.803733400474450521
0.559000000000000385,1.790471283678291670
0.560000000000000386,1.777201342883354185
0.561000000000000387,1.763925194768876992
0.562000000000000388,1.750644448778708950
0.563000000000000389,1.737360706293369361
0.564000000000000390,1.724075559837040528
0.565000000000000391,1.710790592318623071
0.566000000000000392,1.697507376306008897
0.567000000000000393,1.684227473332677860
0.568000000000000393,1.670952433235923795
0.569000000000000394,1.657683793525750460
0.570000000000000395,1.644423078783752157
0.571000000000000396,1.631171800091151258
0.572000000000000397,1.617931454485183496
0.573000000000000398,1.604703524443179985
0.574000000000000399,1.591489477393465801
0.575000000000000400,1.578290765252457595
0.576000000000000401,1.565108823987187758
0.577000000000000401,1.551945073202518177
0.578000000000000402,1.538800915752423393
0.579000000000000403,1.525677737374636411
0.580000000000000404,1.512576906347909755
0.581000000000000405,1.499499773171387718
0.582000000000000406,1.486447670265296450
0.583000000000000407,1.473421911692413655
0.584000000000000408,1.460423792899678386
0.585000000000000409,1.447454590479301029
0.586000000000000409,1.434515561948843443
0.587000000000000410,1.421607945549593355
0.588000000000000411,1.408732960062793804
0.589000000000000412,1.395891804643012879
0.590000000000000413,1.383085658668252060
0.591000000000000414,1.370315681606149472
0.592000000000000415,1.357583012895824393
0.593000000000000416,1.344888771844807041
0.594000000000000417,1.332234057540584882
0.595000000000000417,1.319619948776224350
0.596000000000000418,1.307047503989667181
0.597000000000000419,1.294517761216145590
0.598000000000000420,1.282031738053333925
0.599000000000000421,1.269590431638725647
0.600000000000000422,1.257194818638827538
0.601000000000000423,1.244845855249785860
0.602000000000000424,1.232544477208918909
0.603000000000000425,1.220291599816845984
0.604000000000000425,1.208088117969795539
0.605000000000000426,1.195934906201667980
0.606000000000000427,1.183832818735476966
0.607000000000000428,1.171782689543900524
0.608000000000000429,1.159785332418369119
0.609000000000000430,1.147841541046611180
0.610000000000000431,1.135952089098066997
0.611000000000000432,1.124117730316984476
0.612000000000000433,1.112339198622841252
0.613000000000000433,1.100617208217724574
0.614000000000000434,1.088952453700437584
0.615000000000000435,1.077345610186957847
0.616000000000000436,1.065797333437043193
0.617000000000000437,1.054308259986575624
0.618000000000000438,1.042879007285485660
0.619000000000000439,1.031510173840949118
0.620000000000000440,1.020202339365530175
0.621000000000000441,1.008956064930123242
0.622000000000000441,0.997771893121355946
0.623000000000000442,0.986650348203274574
0.624000000000000443,0.975591936283034977
0.625000000000000444,0.964597145480376783
0.626000000000000445,0.953666446100697507
0.627000000000000446,0.942800290811472097
0.628000000000000447,0.931999114821802088
0.629000000000000448,0.921263336064950478
0.630000000000000449,0.910593355383606862
0.631000000000000449,0.899989556717702976
0.632000000000000450,0.889452307294637423
0.633000000000000451,0.878981957821652449
0.634000000000000452,0.868578842680299501
0.635000000000000453,0.858243280122684027
0.636000000000000454,0.847975572469484851
0.637000000000000455,0.837776006309440824
0.638000000000000456,0.827644852700275324
0.639000000000000457,0.817582367370839336
0.640000000000000457,0.807588790924321231
0.641000000000000458,0.797664349042484289
0.642000000000000459,0.787809252690643946
0.643000000000000460,0.778023698323416668
0.644000000000000461,0.768307868090991830
0.645000000000000462,0.758661930045872901
0.646000000000000463,0.749086038349958017
0.647000000000000464,0.739580333481850927
0.648000000000000465,0.730144942444261535
0.649000000000000465,0.720779978971457846
0.650000000000000466,0.711485543736591453
0.651000000000000467,0.702261724558892242
0.652000000000000468,0.693108596610530925
0.653000000000000469,0.684026222623170810
0.654000000000000470,0.675014653094030193
0.655000000000000471,0.666073926491422164
0.656000000000000472,0.657204069459718321
0.657000000000000473,0.648405097023583954
0.658000000000000473,0.639677012791462385
0.659000000000000474,0.631019809158257616
0.660000000000000475,0.622433467507085947
0.661000000000000476,0.613917958410112319
0.662000000000000477,0.605473241828316300
0.663000000000000478,0.597099267310230664
0.664000000000000479,0.588795974189496141
0.665000000000000480,0.580563291781291957
0.666000000000000481,0.572401139577454088
0.667000000000000481,0.564309427440392142
0.668000000000000482,0.556288055795587266
0.669000000000000483,0.548336915822800752
0.670000000000000484,0.540455889645795162
0.671000000000000485,0.532644850520650914
0.672000000000000486,0.524903663022575073
0.673000000000000487,0.517232183231161047
0.674000000000000488,0.509630258914128498
0.675000000000000488,0.502097729709452989
0.676000000000000489,0.494634427305850888
0.677000000000000490,0.487240175621674321
0.678000000000000491,0.479914790982078288
0.679000000000000492,0.472658082294522497
0.680000000000000493,0.465469851222546249
0.681000000000000494,0.458349892357791000
0.682000000000000495,0.451297993390294860
0.683000000000000496,0.444313935276971272
0.684000000000000496,0.437397492408316713
0.685000000000000497,0.430548432773327772
0.686000000000000498,0.423766518122547065
0.687000000000000499,0.417051504129336448
0.688000000000000500,0.410403140549258250
0.689000000000000501,0.403821171377633958
0.690000000000000502,0.397305335005214144
0.691000000000000503,0.390855364371993141
0.692000000000000504,0.384470987119176100
0.693000000000000504,0.378151925739192540
0.694000000000000505,0.371897897723919235
0.695000000000000506,0.365708615710923113
0.696000000000000507,0.359583787627880402
0.697000000000000508,0.353523116835084250
0.698000000000000509,0.347526302266049414
0.699000000000000510,0.341593038566228746
0.700000000000000511,0.335723016229874882
0.701000000000000512,0.329915921734945716
0.702000000000000512,0.324171437676205432
0.703000000000000513,0.318489242896383140
0.704000000000000514,0.312869012615478614
0.705000000000000515,0.307310418558207787
0.706000000000000516,0.301813129079565312
0.707000000000000517,0.296376809288516951
0.708000000000000518,0.291001121169901011
0.709000000000000519,0.285685723704381167
0.710000000000000520,0.280430272986669116
0.711000000000000520,0.275234422341852636
0.712000000000000521,0.270097822439913926
0.713000000000000522,0.265020121408477416
0.714000000000000523,0.260000964943697843
0.715000000000000524,0.255039996419410275
0.716000000000000525,0.250136856994475021
0.717000000000000526,0.245291185718347127
0.718000000000000527,0.240502619634940018
0.719000000000000528,0.235770793884690744
0.720000000000000528,0.231095341804898435
0.721000000000000529,0.226475895028401153
0.722000000000000530,0.221912083580462299
0.723000000000000531,0.217403535974057149
0.724000000000000532,0.212949879303388212
0.725000000000000533,0.208550739335799928
0.726000000000000534,0.204205740602031172
0.727000000000000535,0.199914506484806243
0.728000000000000536,0.195676659305826589
0.729000000000000536,0.191491820411155311
0.730000000000000537,0.187359610254983405
0.731000000000000538,0.183279648481853102
0.732000000000000539,0.179251554007290148
0.733000000000000540,0.175274945096902723
0.734000000000000541,0.171349439443938240
0.735000000000000542,0.167474654245347854
0.736000000000000543,0.163650206276304416
0.737000000000000544,0.159875711963287565
0.738000000000000544,0.156150787455657275
0.739000000000000545,0.152475048695789928
0.740000000000000546,0.148848111487789980
0.741000000000000547,0.145269591564763934
0.742000000000000548,0.141739104654656167
0.743000000000000549,0.138256266544789896
0.744000000000000550,0.134820693144923731
0.745000000000000551,0.131432000549034644
0.746000000000000552,0.128089805095703169
0.747000000000000552,0.124793723427201325
0.748000000000000553,0.121543372547283868
0.749000000000000554,0.118338369877650160
0.750000000000000555,0.115178333313163336
0.751000000000000556,0.112062881275789519
0.752000000000000557,0.108991632767280744
0.753000000000000558,0.105964207420691944
0.754000000000000559,0.102980225550591650
0.755000000000000560,0.100039308202161073
0.756000000000000560,0.097141077199041900
0.757000000000000561,0.094285155190095657
0.758000000000000562,0.091471165694955794
0.759000000000000563,0.088698733148453945
0.760000000000000564,0.085967482943951165
0.761000000000000565,0.083277041475562169
0.762000000000000566,0.080627036179277911
0.763000000000000567,0.078017095573035267
0.764000000000000568,0.075446849295733726
0.765000000000000568,0.072915928145174350
0.766000000000000569,0.070423964115039053
0.767000000000000570,0.067970590430792927
0.768000000000000571,0.065555441584654747
0.769000000000000572,0.063178153369537624
0.770000000000000573,0.060838362912056389
0.771000000000000574,0.058535708704564524
0.772000000000000575,0.056269830636274019
0.773000000000000576,0.054040370023445194
0.774000000000000576,0.051846969638671504
0.775000000000000577,0.049689273739273024
0.776000000000000578,0.047566928094814512
0.777000000000000579,0.045479580013746593
0.778000000000000580,0.043426878369227685
0.779000000000000581,0.041408473624073107
0.780000000000000582,0.039424017854915963
0.781000000000000583,0.037473164775522684
0.782000000000000584,0.035555569759351702
0.783000000000000584,0.033670889861312447
0.784000000000000585,0.031818783838741448
0.785000000000000586,0.029998912171659498
0.786000000000000587,0.028210937082239429
0.787000000000000588,0.026454522553595615
0.788000000000000589,0.024729334347821340
0.789000000000000590,0.023035040023316012
0.790000000000000591,0.021371308951457058
0.791000000000000592,0.019737812332562631
0.792000000000000592,0.018134223211190313
0.793000000000000593,0.016560216490799119
0.794000000000000594,0.015015468947741705
0.795000000000000595,0.013499659244631946
0.796000000000000596,0.012012467943120442
0.797000000000000597,0.010553577516022072
0.798000000000000598,0.009122672358860062
0.799000000000000599,0.007719438800851575
0.800000000000000600,0.006343565115260663
0.801000000000000600,0.004994741529243962
0.802000000000000601,0.003672660233123759
0.803000000000000602,0.002377015389100701
0.804000000000000603,0.001107503139462773
0.805000000000000604,-0.000136178385755570
0.806000000000000605,-0.001354329061584247
0.807000000000000606,-0.002547246761471200
0.808000000000000607,-0.003715227351109540
0.809000000000000608,-0.004858564682728006
0.810000000000000608,-0.005977550589905479
0.811000000000000609,-0.007072474882747148
0.812000000000000610,-0.008143625343654582
0.813000000000000611,-0.009191287723386132
0.814000000000000612,-0.010215745737664029
0.815000000000000613,-0.011217281064159567
0.816000000000000614,-0.012196173339884453
0.817000000000000615,-0.013152700158999919
0.818000000000000616,-0.014087137071040857
0.819000000000000616,-0.014999757579494533
0.820000000000000617,-0.015890833140770545
0.821000000000000618,-0.016760633163560246
0.822000000000000619,-0.017609425008545575
0.823000000000000620,-0.018437473988451480
0.824000000000000621,-0.019245043368445892
0.825000000000000622,-0.020032394366916322
0.826000000000000623,-0.020799786156530768
0.827000000000000624,-0.021547475865638155
0.828000000000000624,-0.022275718579998889
0.829000000000000625,-0.022984767344787688
0.830000000000000626,-0.023674873166941800
0.831000000000000627,-0.024346285017768594
0.832000000000000628,-0.024999249835859938
0.833000000000000629,-0.025634012530267387
0.834000000000000630,-0.026250815983962717
0.835000000000000631,-0.026849901057557645
0.836000000000000631,-0.027431506593286647
0.837000000000000632,-0.027995869419247386
0.838000000000000633,-0.028543224353864943
0.839000000000000634,-0.029073804210609989
0.840000000000000635,-0.029587839802965622
0.841000000000000636,-0.030085559949580742
0.842000000000000637,-0.030567191479688127
0.843000000000000638,-0.031032959238698310
0.844000000000000639,-0.031483086094030069
0.845000000000000639,-0.031917792941135711
0.846000000000000640,-0.032337298709696261
0.847000000000000641,-0.032741820370078153
0.848000000000000642,-0.033131572939882947
0.849000000000000643,-0.033506769490744590
0.850000000000000644,-0.033867621155296186
0.851000000000000645,-0.034214337134266977
0.852000000000000646,-0.034547124703781296
0.853000000000000647,-0.034866189222811400
0.854000000000000647,-0.035171734140762703
0.855000000000000648,-0.035463961005238728
0.856000000000000649,-0.035743069469927939
0.857000000000000650,-0.036009257302652413
0.858000000000000651,-0.036262720393527972
0.859000000000000652,-0.036503652763261132
0.860000000000000653,-0.036732246571611137
0.861000000000000654,-0.036948692125894605
0.862000000000000655,-0.037153177889701218
0.863000000000000655,-0.037345890491640908
0.864000000000000656,-0.037527014734269032
0.865000000000000657,-0.037696733603046512
0.866000000000000658,-0.037855228275476833
0.867000000000000659,-0.038002678130292400
0.868000000000000660,-0.038139260756735044
0.869000000000000661,-0.038265151963941577
0.870000000000000662,-0.038380525790412706
0.871000000000000663,-0.038485554513586005
0.872000000000000663,-0.038580408659413992
0.873000000000000664,-0.038665257012122402
0.874000000000000665,-0.038740266623947299
0.875000000000000666,-0.038805602825012386
0.876000000000000667,-0.038861429233216421
0.877000000000000668,-0.038907907764209958
0.878000000000000669,-0.038945198641448214
0.879000000000000670,-0.038973460406252776
0.880000000000000671,-0.038992849927975845
0.881000000000000671,-0.039003522414166852
0.882000000000000672,-0.039005631420843200
0.883000000000000673,-0.038999328862743224
0.884000000000000674,-0.038984765023672617
0.885000000000000675,-0.038962088566853605
0.886000000000000676,-0.038931446545332579
0.887000000000000677,-0.038892984412410146
0.888000000000000678,-0.038846846032099966
0.889000000000000679,-0.038793173689629791
0.890000000000000679,-0.038732108101954876
0.891000000000000680,-0.038663788428300351
0.892000000000000681,-0.038588352280726289
0.893000000000000682,-0.038505935734702137
0.894000000000000683,-0.038416673339710050
0.895000000000000684,-0.038320698129858388
0.896000000000000685,-0.038218141634510254
0.897000000000000686,-0.038109133888910254
0.898000000000000687,-0.037993803444827841
0.899000000000000687,-0.037872277381219704
0.900000000000000688,-0.037744681314870875
0.901000000000000689,-0.037611139411051132
0.902000000000000690,-0.037471774394186821
0.903000000000000691,-0.037326707558492260
0.904000000000000692,-0.037176058778645146
0.905000000000000693,-0.037019946520412482
0.906000000000000694,-0.036858487851312252
0.907000000000000695,-0.036691798451227275
0.908000000000000695,-0.036519992623042175
0.909000000000000696,-0.036343183303239733
0.910000000000000697,-0.036161482072517181
0.911000000000000698,-0.035974999166349178
0.912000000000000699,-0.035783843485574209
0.913000000000000700,-0.035588122606938707
0.914000000000000701,-0.035387942793617067
0.915000000000000702,-0.035183409005742385
0.916000000000000703,-0.034974624910887653
0.917000000000000703,-0.034761692894528108
0.918000000000000704,-0.034544714070503212
0.919000000000000705,-0.034323788291406816
0.920000000000000706,-0.034099014159011301
0.921000000000000707,-0.033870489034609895
0.922000000000000708,-0.033638309049357613
0.923000000000000709,-0.033402569114596048
0.924000000000000710,-0.033163362932102716
0.925000000000000711,-0.032920783004356149
0.926000000000000711,-0.032674920644742242
0.927000000000000712,-0.032425865987726905
0.928000000000000713,-0.032173707999002168
0.929000000000000714,-0.031918534485615345
0.930000000000000715,-0.031660432106012312
0.931000000000000716,-0.031399486380081977
0.932000000000000717,-0.031135781699163746
0.933000000000000718,-0.030869401335996714
0.934000000000000719,-0.030600427454645297
0.935000000000000719,-0.030328941120373244
0.936000000000000720,-0.030055022309480962
0.937000000000000721,-0.029778749919101666
0.938000000000000722,-0.029500201776967494
0.939000000000000723,-0.029219454651104242
0.940000000000000724,-0.028936584259502303
0.941000000000000725,-0.028651665279745740
0.942000000000000726,-0.028364771358596240
0.943000000000000727,-0.028075975121503866
0.944000000000000727,-0.027785348182118346
0.945000000000000728,-0.027492961151723200
0.946000000000000729,-0.027198883648610162
0.947000000000000730,-0.026903184307467236
0.948000000000000731,-0.026605930788625588
0.949000000000000732,-0.026307189787358732
0.950000000000000733,-0.026007027043044410
0.951000000000000734,-0.025705507348351597
0.952000000000000735,-0.025402694558324890
0.953000000000000735,-0.025098651599432038
0.954000000000000736,-0.024793440478582174
0.955000000000000737,-0.024487122292072908
0.956000000000000738,-0.024179757234490309
0.957000000000000739,-0.023871404607560709
0.958000000000000740,-0.023562122828958351
0.959000000000000741,-0.023251969441031736
0.960000000000000742,-0.022941001119525489
0.961000000000000743,-0.022629273682210647
0.962000000000000743,-0.022316842097472429
0.963000000000000744,-0.022003760492854966
0.964000000000000745,-0.021690082163553389
0.965000000000000746,-0.021375859580830579
0.966000000000000747,-0.021061144400415410
0.967000000000000748,-0.020745987470809194
0.968000000000000749,-0.020430438841581113
0.969000000000000750,-0.020114547771568150
0.970000000000000751,-0.019798362737060107
0.971000000000000751,-0.019481931439893782
0.972000000000000752,-0.019165300815514673
0.973000000000000753,-0.018848517040997916
0.974000000000000754,-0.018531625542979997
0.975000000000000755,-0.018214671005562840
0.976000000000000756,-0.017897697378155195
0.977000000000000757,-0.017580747883256743
0.978000000000000758,-0.017263865024198782
0.979000000000000759,-0.016947090592826820
0.980000000000000759,-0.016630465677106205
0.981000000000000760,-0.016314030668716496
0.982000000000000761,-0.015997825270560838
0.983000000000000762,-0.015681888504223290
0.984000000000000763,-0.015366258717377530
0.985000000000000764,-0.015050973591152747
0.986000000000000765,-0.014736070147421815
0.987000000000000766,-0.014421584756055211
0.988000000000000766,-0.014107553142104132
0.989000000000000767,-0.013794010392947928
0.990000000000000768,-0.013480990965388240
0.991000000000000769,-0.013168528692652698
0.992000000000000770,-0.012856656791386908
0.993000000000000771,-0.012545407868597680
0.994000000000000772,-0.012234813928479513
0.995000000000000773,-0.011924906379274795
0.996000000000000774,-0.011615716040011692
0.997000000000000774,-0.011307273147223457
0.998000000000000775,-0.010999607361606980
0.999000000000000776,-0.010692747774620037
1.000000000000000666,-0.010386722915041623
1.001000000000000778,-0.010081560755471401
1.002000000000000668,-0.009777288718767315
1.003000000000000780,-0.009473933684453800
1.004000000000000670,-0.009171521995048152
1.005000000000000782,-0.008870079462369595
1.006000000000000671,-0.008569631373767756
1.007000000000000783,-0.008270202498304308
1.008000000000000673,-0.007971817092903986
1.009000000000000785,-0.007674498908430272
1.010000000000000675,-0.007378271195716379
1.011000000000000787,-0.007083156711553981
1.012000000000000677,-0.006789177724623086
1.013000000000000789,-0.006496356021380087
1.014000000000000679,-0.006204712911870277
1.015000000000000790,-0.005914269235532152
1.016000000000000680,-0.005625045366917242
1.017000000000000792,-0.005337061221379430
1.018000000000000682,-0.005050336260688229
1.019000000000000794,-0.004764889498635535
1.020000000000000684,-0.004480739506562970
1.021000000000000796,-0.004197904418842061
1.022000000000000686,-0.003916401938310684
1.023000000000000798,-0.003636249341674061
1.024000000000000687,-0.003357463484831297
1.025000000000000799,-0.003080060808171217
1.026000000000000689,-0.002804057341835706
1.027000000000000801,-0.002529468710889371
1.028000000000000691,-0.002256310140490886
1.029000000000000803,-0.001984596460991983
1.030000000000000693,-0.001714342112984477
1.031000000000000805,-0.001445561152337921
1.032000000000000695,-0.001178267255132659
1.033000000000000806,-0.000912473722603918
1.034000000000000696,-0.000648193486004928
1.035000000000000808,-0.000385439111433167
1.036000000000000698,-0.000124222804612567
1.037000000000000810,0.000135443584345840
1.038000000000000700,0.000393548556283929
1.039000000000000812,0.000650080958328453
1.040000000000000702,0.000905029979280844
1.041000000000000814,0.001158385145063884
1.042000000000000703,0.001410136314208443
1.043000000000000815,0.001660273673365972
1.044000000000000705,0.001908787732878453
1.045000000000000817,0.002155669322404968
1.046000000000000707,0.002400909586552172
1.047000000000000819,0.002644499980585790
1.048000000000000709,0.002886432266156377
1.049000000000000821,0.003126698507089873
1.050000000000000711,0.003365291065202988
1.051000000000000822,0.003602202596159656
1.052000000000000712,0.003837426045381556
1.053000000000000824,0.004070954643986049
1.054000000000000714,0.004302781904769112
1.055000000000000826,0.004532901618231685
1.056000000000000716,0.004761307848640911
1.057000000000000828,0.004987994930127568
1.058000000000000718,0.005212957462842316
1.059000000000000830,0.005436190309120026
1.060000000000000719,0.005657688589709747
1.061000000000000831,0.005877447680022510
1.062000000000000721,0.006095463206445023
1.063000000000000833,0.006311731042648977
1.064000000000000723,0.006526247305981605
1.065000000000000835,0.006739008353872223
1.066000000000000725,0.006950010780263066
1.067000000000000837,0.007159251412118775
1.068000000000000727,0.007366727305911450
1.069000000000000838,0.007572435744207887
1.070000000000000728,0.007776374232242272
1.071000000000000840,0.007978540494547059
1.072000000000000730,0.008178932471616940
1.073000000000000842,0.008377548316603168
1.074000000000000732,0.008574386392061373
1.075000000000000844,0.008769445266694403
1.076000000000000734,0.008962723712167451
1.077000000000000846,0.009154220699949176
1.078000000000000735,0.009343935398167311
1.079000000000000847,0.009531867168532396
1.080000000000000737,0.009718015563242571
1.081000000000000849,0.009902380321985782
1.082000000000000739,0.010084961368926781
1.083000000000000851,0.010265758809744143
1.084000000000000741,0.010444772928691001
1.085000000000000853,0.010622004185709018
1.086000000000000743,0.010797453213552946
1.087000000000000854,0.010971120814944033
1.088000000000000744,0.011143007959773795
1.089000000000000856,0.011313115782330860
1.090000000000000746,0.011481445578553868
1.091000000000000858,0.011647998803312848
1.092000000000000748,0.011812777067732821
1.093000000000000860,0.011975782136531887
1.094000000000000750,0.012137015925414267
1.095000000000000862,0.012296480498452847
1.096000000000000751,0.012454178065537553
1.097000000000000863,0.012610110979849770
1.098000000000000753,0.012764281735330540
1.099000000000000865,0.012916692964220206
1.100000000000000755,0.013067347434601317
1.101000000000000867,0.013216248047981499
1.102000000000000757,0.013363397836890440
1.103000000000000869,0.013508799962517757
1.104000000000000759,0.013652457712380810
1.105000000000000870,0.013794374497991915
1.106000000000000760,0.013934553852602121
1.107000000000000872,0.014072999428911928
1.108000000000000762,0.014209714996858882
1.109000000000000874,0.014344704441398038
1.110000000000000764,0.014477971760335412
1.111000000000000876,0.014609521062164978
1.112000000000000766,0.014739356563935713
1.113000000000000878,0.014867482589153391
1.114000000000000767,0.014993903565696059
1.115000000000000879,0.015118624023769026
1.116000000000000769,0.015241648593865545
1.117000000000000881,0.015362982004765952
1.118000000000000771,0.015482629081555543
1.119000000000000883,0.015600594743663520
1.120000000000000773,0.015716884002935159
1.121000000000000885,0.015831501961713703
1.122000000000000774,0.015944453810965670
1.123000000000000886,0.016055744828407416
1.124000000000000776,0.016165380376655044
1.125000000000000888,0.016273365901432361
1.126000000000000778,0.016379706929752085
1.127000000000000890,0.016484409068139607
1.128000000000000780,0.016587478000903294
1.129000000000000892,0.016688919488382505
1.130000000000000782,0.016788739365244075
1.131000000000000894,0.016886943538808243
1.132000000000000783,0.016983537987362379
1.133000000000000895,0.017078528758523715
1.134000000000000785,0.017171921967626659
1.135000000000000897,0.017263723796095906
1.136000000000000787,0.017353940489886154
1.137000000000000899,0.017442578357898246
1.138000000000000789,0.017529643770454757
1.139000000000000901,0.017615143157754941
1.140000000000000790,0.017699083008392104
1.141000000000000902,0.017781469867855310
1.142000000000000792,0.017862310337067318
1.143000000000000904,0.017941611070946321
1.144000000000000794,0.018019378776953983
1.145000000000000906,0.018095620213721169
1.146000000000000796,0.018170342189626907
1.147000000000000908,0.018243551561442431
1.148000000000000798,0.018315255232974084
1.149000000000000909,0.018385460153721396
1.150000000000000799,0.018454173317572774
1.151000000000000689,0.018521401761487286
1.152000000000000801,0.018587152564221551
1.153000000000000913,0.018651432845055313
1.154000000000000803,0.018714249762554151
1.155000000000000693,0.018775610513332160
1.156000000000000805,0.018835522330824344
1.157000000000000917,0.018893992484110070
1.158000000000000806,0.018951028276706760
1.159000000000000696,0.019006637045418832
1.160000000000000808,0.019060826159186434
1.161000000000000920,0.019113603017940840
1.162000000000000810,0.019164975051492984
1.163000000000000700,0.019214949718424062
1.164000000000000812,0.019263534505008700
1.165000000000000924,0.019310736924133515
1.166000000000000814,0.019356564514233142
1.167000000000000703,0.019401024838263912
1.168000000000000815,0.019444125482655714
1.169000000000000927,0.019485874056319658
1.170000000000000817,0.019526278189630677
1.171000000000000707,0.019565345533455052
1.172000000000000819,0.019603083758166807
1.173000000000000931,0.019639500552705389
1.174000000000000821,0.019674603623623839
1.175000000000000711,0.019708400694162048
1.176000000000000822,0.019740899503325211
1.177000000000000934,0.019772107804996560
1.178000000000000824,0.019802033367025972
1.179000000000000714,0.019830683970380143
1.180000000000000826,0.019858067408251814
1.181000000000000938,0.019884191485236069
1.182000000000000828,0.019909064016473712
1.183000000000000718,0.019932692826831116
1.184000000000000830,0.019955085750091806
1.185000000000000941,0.019976250628157888
1.186000000000000831,0.019996195310251132
1.187000000000000721,0.020014927652151005
1.188000000000000833,0.020032455515419441
1.189000000000000945,0.020048786766651568
1.190000000000000835,0.020063929276735774
1.191000000000000725,0.020077890920128537
1.192000000000000837,0.020090679574124855
1.193000000000000949,0.020102303118167037
1.194000000000000838,0.020112769433135363
1.195000000000000728,0.020122086400672388
1.196000000000000840,0.020130261902506982
1.197000000000000952,0.020137303819784992
1.198000000000000842,0.020143220032431252
1.199000000000000732,0.020148018418485979
1.200000000000000844,0.020151706853502916
1.201000000000000956,0.020154293209898776
1.202000000000000846,0.020155785356358775
1.203000000000000735,0.020156191157234677
1.204000000000000847,0.020155518471953449
1.205000000000000959,0.020153775154423393
1.206000000000000849,0.020150969052482131
1.207000000000000739,0.020147108007325377
1.208000000000000851,0.020142199852948871
1.209000000000000963,0.020136252415620580
1.210000000000000853,0.020129273513324913
1.211000000000000743,0.020121270955264579
1.212000000000000854,0.020112252541317922
1.213000000000000966,0.020102226061562173
1.214000000000000856,0.020091199295740804
1.215000000000000746,0.020079180012803833
1.216000000000000858,0.020066175970415264
1.217000000000000970,0.020052194914477978
1.218000000000000860,0.020037244578677997
1.219000000000000750,0.020021332684029430
1.220000000000000862,0.020004466938412815
1.221000000000000973,0.019986655036160601
1.222000000000000863,0.019967904657603907
1.223000000000000753,0.019948223468664619
1.224000000000000865,0.019927619120432886
1.225000000000000977,0.019906099248762098
1.226000000000000867,0.019883671473868915
1.227000000000000757,0.019860343399945763
1.228000000000000869,0.019836122614770951
1.229000000000000981,0.019811016689324078
1.230000000000000870,0.019785033177442863
1.231000000000000760,0.019758179615431304
1.232000000000000872,0.019730463521709450
1.233000000000000984,0.019701892396491404
1.234000000000000874,0.019672473721405893
1.235000000000000764,0.019642214959189646
1.236000000000000876,0.019611123553343480
1.237000000000000988,0.019579206927824146
1.238000000000000878,0.019546472486714345
1.239000000000000767,0.019512927613933653
1.240000000000000879,0.019478579672917773
1.241000000000000991,0.019443436006336995
1.242000000000000881,0.019407503935801124
1.243000000000000771,0.019370790761581394
1.244000000000000883,0.019333303762326157
1.245000000000000995,0.019295050194797211
1.246000000000000885,0.019256037293601876
1.247000000000000774,0.019216272270939951
1.248000000000000886,0.019175762316342375
1.249000000000000998,0.019134514596431028
1.250000000000000888,0.019092536254672089
1.251000000000000778,0.019049834411145716
1.252000000000000890,0.019006416162310837
1.253000000000001002,0.018962288580787402
1.254000000000000892,0.018917458715124614
1.255000000000000782,0.018871933589598516
1.256000000000000894,0.018825720204005948
1.257000000000001005,0.018778825533442671
1.258000000000000895,0.018731256528125104
1.259000000000000785,0.018683020113182170
1.260000000000000897,0.018634123188480976
1.261000000000001009,0.018584572628424303
1.262000000000000899,0.018534375281795447
1.263000000000000789,0.018483537971561475
1.264000000000000901,0.018432067494718020
1.265000000000001013,0.018379970622126797
1.266000000000000902,0.018327254098339581
1.267000000000000792,0.018273924641462724
1.268000000000000904,0.018219988942992156
1.269000000000001016,0.018165453667673272
1.270000000000000906,0.018110325453355301
1.271000000000000796,0.018054610910856691
1.272000000000000908,0.017998316623832937
1.273000000000001020,0.017941449148640296
1.274000000000000909,0.017884015014216423
1.275000000000000799,0.017826020721960555
1.276000000000000911,0.017767472745607367
1.277000000000001023,0.017708377531123833
1.278000000000000913,0.017648741496600881
1.279000000000000803,0.017588571032129751
1.280000000000000915,0.017527872499720105
1.281000000000001027,0.017466652233202727
1.282000000000000917,0.017404916538115531
1.283000000000000806,0.017342671691635340
1.284000000000000918,0.017279923942471704
1.285000000000001030,0.017216679510801601
1.286000000000000920,0.017152944588173364
1.287000000000000810,0.017088725337442316
1.288000000000000922,0.017024027892688070
1.289000000000001034,0.016958858359149894
1.290000000000000924,0.016893222813165146
1.291000000000000814,0.016827127302088317
1.292000000000000925,0.016760577844257704
1.293000000000001037,0.016693580428909970
1.294000000000000927,0.016626141016141592
1.295000000000000817,0.016558265536867296
1.296000000000000929,0.016489959892747034
1.297000000000001041,0.016421229956162693
1.298000000000000931,0.016352081570167799
1.299000000000000821,0.016282520548444389
1.300000000000000933,0.016212552675280018
1.301000000000001044,0.016142183705518603
1.302000000000000934,0.016071419364542573
1.303000000000000824,0.016000265348230729
1.304000000000000936,0.015928727322952595
1.305000000000001048,0.015856810925526987
1.306000000000000938,0.015784521763212433
1.307000000000000828,0.015711865413685331
1.308000000000000940,0.015638847425031247
1.309000000000001052,0.015565473315718104
1.310000000000000941,0.015491748574606329
1.311000000000000831,0.015417678660919133
1.312000000000000943,0.015343269004259977
1.313000000000001055,0.015268525004585207
1.314000000000000945,0.015193452032227290
1.315000000000000835,0.015118055427878136
1.316000000000000947,0.015042340502599394
1.317000000000001059,0.014966312537827802
1.318000000000000949,0.014889976785392788
1.319000000000000838,0.014813338467501375
1.320000000000000950,0.014736402776777407
1.321000000000001062,0.014659174876263082
1.322000000000000952,0.014581659899431085
1.323000000000000842,0.014503862950214590
1.324000000000000954,0.014425789103018460
1.325000000000001066,0.014347443402745113
1.326000000000000956,0.014268830864813587
1.327000000000000846,0.014189956475190602
1.328000000000000957,0.014110825190415528
1.329000000000001069,0.014031441937632467
1.330000000000000959,0.013951811614615377
1.331000000000000849,0.013871939089802759
1.332000000000000961,0.013791829202340535
1.333000000000001073,0.013711486762109731
1.334000000000000963,0.013630916549761040
1.335000000000000853,0.013550123316761318
1.336000000000000965,0.013469111785432780
1.337000000000001076,0.013387886648992426
1.338000000000000966,0.013306452571602498
1.339000000000000856,0.013224814188407244
1.340000000000000968,0.013142976105583950
1.341000000000001080,0.013060942900396175
1.342000000000000970,0.012978719121235835
1.343000000000000860,0.012896309287674554
1.344000000000000972,0.012813717890525123
1.345000000000001084,0.012730949391882679
1.346000000000000973,0.012648008225189342
1.347000000000000863,0.012564898795286567
1.348000000000000975,0.012481625478477034
1.349000000000001087,0.012398192622578130
1.350000000000000977,0.012314604546978875
1.351000000000000867,0.012230865542709236
1.352000000000000979,0.012146979872510641
1.353000000000001091,0.012062951770872205
1.354000000000000981,0.011978785444121167
1.355000000000000870,0.011894485070476907
1.356000000000000982,0.011810054800123742
1.357000000000001094,0.011725498755268533
1.358000000000000984,0.011640821030222322
1.359000000000000874,0.011556025691462994
1.360000000000000986,0.011471116777710851
1.361000000000001098,0.011386098299988375
1.362000000000000988,0.011300974241711293
1.363000000000000878,0.011215748558751898
1.364000000000000989,0.011130425179506104
1.365000000000001101,0.011045008004992600
1.366000000000000991,0.010959500908902608
1.367000000000000881,0.010873907737696505
1.368000000000000993,0.010788232310668880
1.369000000000001105,0.010702478420036483
1.370000000000000995,0.010616649831013836
1.371000000000000885,0.010530750281895766
1.372000000000000997,0.010444783484137101
1.373000000000001108,0.010358753122431862
1.374000000000000998,0.010272662854803633
1.375000000000000888,0.010186516312683611
1.376000000000001000,0.010100317100987900
1.377000000000001112,0.010014068798222971
1.378000000000001002,0.009927774956547109
1.379000000000000892,0.009841439101872029
1.380000000000001004,0.009755064733945995
1.381000000000001116,0.009668655326433318
1.382000000000001005,0.009582214327013717
1.383000000000000895,0.009495745157466665
1.384000000000001007,0.009409251213757321
1.385000000000001119,0.009322735866127845
1.386000000000001009,0.009236202459185059
1.387000000000000899,0.009149654312005590
1.388000000000001011,0.009063094718196248
1.389000000000001123,0.008976526946018106
1.390000000000001013,0.008889954238461940
1.391000000000000902,0.008803379813338244
1.392000000000001014,0.008716806863383154
1.393000000000001126,0.008630238556339261
1.394000000000001016,0.008543678035051589
1.395000000000000906,0.008457128417566981
1.396000000000001018,0.008370592797226911
1.397000000000001130,0.008284074242759164
1.398000000000001020,0.008197575798375089
1.399000000000000909,0.008111100483864197
1.400000000000001021,0.008024651294693789
1.401000000000001133,0.007938231202099407
1.402000000000001023,0.007851843153185229
1.403000000000000913,0.007765490071024441
1.404000000000001025,0.007679174854743638
1.405000000000001137,0.007592900379637435
1.406000000000001027,0.007506669497253466
1.407000000000000917,0.007420485035489310
1.408000000000001029,0.007334349798704366
1.409000000000001140,0.007248266567805739
1.410000000000001030,0.007162238100348750
1.411000000000000920,0.007076267130642270
1.412000000000001032,0.006990356369840117
1.413000000000001144,0.006904508506041818
1.414000000000001034,0.006818726204399555
1.415000000000000924,0.006733012107210515
1.416000000000001036,0.006647368834010917
1.417000000000001148,0.006561798981688451
1.418000000000001037,0.006476305124580130
1.419000000000000927,0.006390889814566593
1.420000000000001039,0.006305555581172441
1.421000000000001151,0.006220304931671983
1.422000000000001041,0.006135140351190085
1.423000000000000931,0.006050064302795035
1.424000000000001043,0.005965079227605001
1.425000000000001155,0.005880187544891422
1.426000000000001044,0.005795391652174190
1.427000000000000934,0.005710693925324238
1.428000000000001046,0.005626096718666677
1.429000000000001158,0.005541602365082179
1.430000000000001048,0.005457213176098275
1.431000000000000938,0.005372931442012526
1.432000000000001050,0.005288759431966714
1.433000000000001162,0.005204699394065251
1.434000000000001052,0.005120753555475072
1.435000000000000941,0.005036924122519383
1.436000000000001053,0.004953213280786727
1.437000000000001165,0.004869623195227591
1.438000000000001055,0.004786156010254805
1.439000000000000945,0.004702813849848391
1.440000000000001057,0.004619598817652277
1.441000000000001169,0.004536512997082660
1.442000000000001059,0.004453558451421569
1.443000000000000949,0.004370737223917322
1.444000000000001060,0.004288051337892067
1.445000000000001172,0.004205502796841661
1.446000000000001062,0.004123093584525289
1.447000000000000952,0.004040825665081788
1.448000000000001064,0.003958700983121647
1.449000000000001176,0.003876721463825928
1.450000000000001066,0.003794889013053207
1.451000000000000956,0.003713205517433943
1.452000000000001068,0.003631672844475417
1.453000000000001180,0.003550292842655811
1.454000000000001069,0.003469067341534664
1.455000000000000959,0.003387998151837763
1.456000000000001071,0.003307087065570695
1.457000000000001183,0.003226335856109108
1.458000000000001073,0.003145746278304920
1.459000000000000963,0.003065320068579081
1.460000000000001075,0.002985058945030954
1.461000000000001187,0.002904964607523462
1.462000000000001076,0.002825038737791320
1.463000000000000966,0.002745282999540631
1.464000000000001078,0.002665699038538967
1.465000000000001190,0.002586288482725849
1.466000000000001080,0.002507052942296777
1.467000000000000970,0.002427994009815130
1.468000000000001082,0.002349113260297975
1.469000000000001194,0.002270412251327430
1.470000000000001084,0.002191892523133521
1.471000000000000973,0.002113555598699776
1.472000000000001085,0.002035402983855283
1.473000000000001197,0.001957436167383976
1.474000000000001087,0.001879656621102184
1.475000000000000977,0.001802065799972129
1.476000000000001089,0.001724665142189237
1.477000000000001201,0.001647456069278568
1.478000000000001091,0.001570439986192261
1.479000000000000981,0.001493618281410840
1.480000000000001092,0.001416992327024576
1.481000000000001204,0.001340563478845872
1.482000000000001094,0.001264333076487454
1.483000000000000984,0.001188302443465249
1.484000000000001096,0.001112472887302488
1.485000000000001208,0.001036845699602925
1.486000000000001098,0.000961422156161166
1.487000000000000988,0.000886203517051009
1.488000000000001100,0.000811191026719286
1.489000000000001211,0.000736385914076972
1.490000000000001101,0.000661789392597009
1.491000000000000991,0.000587402660399727
1.492000000000001103,0.000513226900357854
1.493000000000001215,0.000439263280169006
1.494000000000001105,0.000365512952471068
1.495000000000000995,0.000291977054915773
1.496000000000001107,0.000218656710267952
1.497000000000001219,0.000145553026494219
1.498000000000001108,0.000072667096857054
1.499000000000000998,0.000000000000000000
