# CNT15-NH3+-4_BSAI11
# h[nm],U(h)[kJ/mol]
0.149999999999999994,116.591761368883226169
0.150999999999999995,116.122028166797534254
0.151999999999999996,114.152471462015000725
0.152999999999999997,111.913772398049189860
0.153999999999999998,109.847362715444802461
0.154999999999999999,108.027990045654405549
0.156000000000000000,106.389993517558153258
0.157000000000000001,104.838768724039283597
0.158000000000000002,103.297967200370337082
0.159000000000000002,101.722983339559178262
0.160000000000000003,100.098571800642417884
0.161000000000000004,98.430522551881907134
0.162000000000000005,96.736519330530740035
0.163000000000000006,95.038497073200815635
0.164000000000000007,93.357251110722401677
0.165000000000000008,91.709249512153434125
0.166000000000000009,90.105247007272481596
0.167000000000000010,88.550196877902664028
0.168000000000000010,87.043984470060820513
0.169000000000000011,85.582590173746424966
0.170000000000000012,84.159389849388929861
0.171000000000000013,82.766395275179235114
0.172000000000000014,81.395316543487254535
0.173000000000000015,80.038389526763637605
0.174000000000000016,78.688955286818838886
0.175000000000000017,77.341807060907115101
0.176000000000000018,75.993337259737970157
0.177000000000000018,74.641524758433916986
0.178000000000000019,73.285804307935876523
0.179000000000000020,71.926857329146997699
0.180000000000000021,70.566358378924974204
0.181000000000000022,69.206705456755088335
0.182000000000000023,67.850755937948576957
0.183000000000000024,66.501583854468833579
0.184000000000000025,65.162268845136182449
0.185000000000000026,63.835722537550836364
0.186000000000000026,62.524554457466933854
0.187000000000000027,61.230976759346745553
0.188000000000000028,59.956745056327783061
0.189000000000000029,58.703131293938255908
0.190000000000000030,57.470923844317873375
0.191000000000000031,56.260449681905775776
0.192000000000000032,55.071613530864794939
0.193000000000000033,53.903949154121661991
0.194000000000000034,52.756678402814841888
0.195000000000000034,51.628774196294330068
0.196000000000000035,50.519024203315368027
0.197000000000000036,49.426092603752543653
0.198000000000000037,48.348577896902853013
0.199000000000000038,47.285065266306688159
0.200000000000000039,46.234172498627572168
0.201000000000000040,45.194588878184639213
0.202000000000000041,44.165106836615620978
0.203000000000000042,43.144646429762943285
0.204000000000000042,42.132272944628915923
0.205000000000000043,41.127208113229542619
0.206000000000000044,40.128835533492193122
0.207000000000000045,39.136700976588414846
0.208000000000000046,38.150508301963654390
0.209000000000000047,37.170111712318053776
0.210000000000000048,36.195505067012433642
0.211000000000000049,35.226808939395624520
0.212000000000000050,34.264256056343818102
0.213000000000000050,33.308175701211339970
0.214000000000000051,32.358977598112076635
0.215000000000000052,31.417135729078825790
0.216000000000000053,30.483172468701816626
0.217000000000000054,29.557643355332253066
0.218000000000000055,28.641122755383765508
0.219000000000000056,27.734190618809805073
0.220000000000000057,26.837420470248968485
0.221000000000000058,25.951368732108637261
0.222000000000000058,25.076565433226527091
0.223000000000000059,24.213506319765397024
0.224000000000000060,23.362646353533840227
0.225000000000000061,22.524394556758796426
0.226000000000000062,21.699110141139225760
0.227000000000000063,20.887099842404392547
0.228000000000000064,20.088616369165361419
0.229000000000000065,19.303857866142646316
0.230000000000000066,18.532968286437178307
0.231000000000000066,17.776038564944016684
0.232000000000000067,17.033108484874265542
0.233000000000000068,16.304169131248649194
0.234000000000000069,15.589165828791028190
0.235000000000000070,14.888001466541174622
0.236000000000000071,14.200540117419787833
0.237000000000000072,13.526610867639272229
0.238000000000000073,12.866011778024397216
0.239000000000000073,12.218513906777578981
0.240000000000000074,11.583865330812603389
0.241000000000000075,10.961795110343551585
0.242000000000000076,10.352017148821886394
0.243000000000000077,9.754233907465941655
0.244000000000000078,9.168139940443865044
0.245000000000000079,8.593425223190759965
0.246000000000000080,8.029778252322298471
0.247000000000000081,7.476888901117284547
0.248000000000000081,6.934451019567786645
0.249000000000000082,6.402164772528702308
0.250000000000000111,5.879738713542623785
0.251000000000000112,5.366891595481429356
0.252000000000000113,4.863353922247384276
0.253000000000000114,4.368869248438478792
0.254000000000000115,3.883195236123369032
0.255000000000000115,3.406104479724231915
0.256000000000000116,2.937385111493993506
0.257000000000000117,2.476841201230640888
0.258000000000000118,2.024292964724658805
0.259000000000000119,1.579576796014669382
0.260000000000000120,1.142545138861138287
0.261000000000000121,0.713066212967308655
0.262000000000000122,0.291023610405049871
0.263000000000000123,-0.123684222530460408
0.264000000000000123,-0.531144603188189457
0.265000000000000124,-0.931431315793127546
0.266000000000000125,-1.324605386273384644
0.267000000000000126,-1.710715915579136048
0.268000000000000127,-2.089800959117102064
0.269000000000000128,-2.461888440694646629
0.270000000000000129,-2.826997090170086935
0.271000000000000130,-3.185137394826258905
0.272000000000000131,-3.536312555311662997
0.273000000000000131,-3.880519437819461182
0.274000000000000132,-4.217749514989404425
0.275000000000000133,-4.547989788815632650
0.276000000000000134,-4.871223689617751873
0.277000000000000135,-5.187431945877970740
0.278000000000000136,-5.496593420462020596
0.279000000000000137,-5.798685909419617701
0.280000000000000138,-6.093686900201435996
0.281000000000000139,-6.381574286732073276
0.282000000000000139,-6.662327039339667856
0.283000000000000140,-6.935925828064631204
0.284000000000000141,-7.202353598349858999
0.285000000000000142,-7.461596098555365764
0.286000000000000143,-7.713642359140601812
0.287000000000000144,-7.958485123719384546
0.288000000000000145,-8.196121232517551647
0.289000000000000146,-8.426551959051007401
0.290000000000000147,-8.649783301096999111
0.291000000000000147,-8.865826227252030733
0.292000000000000148,-9.074696880561283763
0.293000000000000149,-9.276416740864988242
0.294000000000000150,-9.471012747642346241
0.295000000000000151,-9.658517385241966124
0.296000000000000152,-9.838968732473723833
0.297000000000000153,-10.012410478600612507
0.298000000000000154,-10.178891907813481410
0.299000000000000155,-10.338467854297515913
0.300000000000000155,-10.491198630009135329
0.301000000000000156,-10.637149927276841055
0.302000000000000157,-10.776392698321732411
0.303000000000000158,-10.909003013763177492
0.304000000000000159,-11.035061902135371525
0.305000000000000160,-11.154655172391249707
0.306000000000000161,-11.267873221313546850
0.307000000000000162,-11.374810827689570303
0.308000000000000163,-11.475566935037214478
0.309000000000000163,-11.570244424596658916
0.310000000000000164,-11.658949880225410567
0.311000000000000165,-11.741793346754430871
0.312000000000000166,-11.818888083282072188
0.313000000000000167,-11.890350312799373711
0.314000000000000168,-11.956298969456994996
0.315000000000000169,-12.016855444700706101
0.316000000000000170,-12.072143333419338873
0.317000000000000171,-12.122288181166833709
0.318000000000000171,-12.167417233439451252
0.319000000000000172,-12.207659187910007148
0.320000000000000173,-12.243143950443743151
0.321000000000000174,-12.274002395645421615
0.322000000000000175,-12.300366132614810155
0.323000000000000176,-12.322367276517512735
0.324000000000000177,-12.340138226511097486
0.325000000000000178,-12.353811450501682501
0.326000000000000179,-12.363519277145272213
0.327000000000000179,-12.369393695448936299
0.328000000000000180,-12.371566162271989242
0.329000000000000181,-12.370167417974821333
0.330000000000000182,-12.365327310413260165
0.331000000000000183,-12.357174627430595137
0.332000000000000184,-12.345836937955416701
0.333000000000000185,-12.331440441773221295
0.334000000000000186,-12.314109828002123947
0.335000000000000187,-12.293968142268012045
0.336000000000000187,-12.271136662542675211
0.337000000000000188,-12.245734783578480886
0.338000000000000189,-12.217879909846736552
0.339000000000000190,-12.187687356862127785
0.340000000000000191,-12.155270260753287204
0.341000000000000192,-12.120739495920103579
0.342000000000000193,-12.084203600600066153
0.343000000000000194,-12.045768710150770886
0.344000000000000195,-12.005538497841254042
0.345000000000000195,-11.963614122933579509
0.346000000000000196,-11.920094185825215405
0.347000000000000197,-11.875074690014468359
0.348000000000000198,-11.828649010644166850
0.349000000000000199,-11.780907869372818197
0.350000000000000200,-11.731939315318548722
0.351000000000000201,-11.681828711817633604
0.352000000000000202,-11.630658728737767404
0.353000000000000203,-11.578509340085226142
0.354000000000000203,-11.525457826645212123
0.355000000000000204,-11.471578783395532497
0.356000000000000205,-11.416944131435823095
0.357000000000000206,-11.361623134176985772
0.358000000000000207,-11.305682417538562845
0.359000000000000208,-11.249185993905973291
0.360000000000000209,-11.192195289603748876
0.361000000000000210,-11.134769175645748973
0.362000000000000210,-11.076964001528818216
0.363000000000000211,-11.018833631841889797
0.364000000000000212,-10.960429485468722532
0.365000000000000213,-10.901800577168614836
0.366000000000000214,-10.842993561326119689
0.367000000000000215,-10.784052777667302081
0.368000000000000216,-10.725020298747335090
0.369000000000000217,-10.665935979020799707
0.370000000000000218,-10.606837505313524872
0.371000000000000218,-10.547760448521632526
0.372000000000000219,-10.488738316370914916
0.373000000000000220,-10.429802607076634757
0.374000000000000221,-10.370982863751091685
0.375000000000000222,-10.312306729413318607
0.376000000000000223,-10.253800002462444496
0.377000000000000224,-10.195486692483068936
0.378000000000000225,-10.137389076257992571
0.379000000000000226,-10.079527753870189954
0.380000000000000226,-10.021921704782874585
0.381000000000000227,-9.964588343792495806
0.382000000000000228,-9.907543576756413728
0.383000000000000229,-9.850801856002687984
0.384000000000000230,-9.794376235335644054
0.385000000000000231,-9.738278424556877866
0.386000000000000232,-9.682518843426684896
0.387000000000000233,-9.627106674996745994
0.388000000000000234,-9.572049918249888378
0.389000000000000234,-9.517355439988296695
0.390000000000000235,-9.463029025915981052
0.391000000000000236,-9.409075430866574052
0.392000000000000237,-9.355498428131692634
0.393000000000000238,-9.302300857849866489
0.394000000000000239,-9.249484674419839791
0.395000000000000240,-9.197050992906492084
0.396000000000000241,-9.145000134411183979
0.397000000000000242,-9.093331670382063692
0.398000000000000242,-9.042044465843492418
0.399000000000000243,-8.991136721526887143
0.400000000000000244,-8.940606014888489383
0.401000000000000245,-8.890449340002730239
0.402000000000000246,-8.840663146322345511
0.403000000000000247,-8.791243376299350487
0.404000000000000248,-8.742185501863410479
0.405000000000000249,-8.693484559756475605
0.406000000000000250,-8.645135185724722504
0.407000000000000250,-8.597131647571142565
0.408000000000000251,-8.549467877073736233
0.409000000000000252,-8.502137500776397516
0.410000000000000253,-8.455133869661025869
0.411000000000000254,-8.408450087711115017
0.412000000000000255,-8.362079039378409462
0.413000000000000256,-8.316013415965672451
0.414000000000000257,-8.270245740939655477
0.415000000000000258,-8.224768394189702292
0.416000000000000258,-8.179573635248207353
0.417000000000000259,-8.134653625490301465
0.418000000000000260,-8.090000449330776888
0.419000000000000261,-8.045606134437116808
0.420000000000000262,-8.001462670978147784
0.421000000000000263,-7.957562029928449299
0.422000000000000264,-7.913896180448992013
0.423000000000000265,-7.870457106365165600
0.424000000000000266,-7.827236821763636776
0.425000000000000266,-7.784227385729610482
0.426000000000000267,-7.741420916246623207
0.427000000000000268,-7.698809603280975189
0.428000000000000269,-7.656385721073069028
0.429000000000000270,-7.614141639658147831
0.430000000000000271,-7.572069835638751911
0.431000000000000272,-7.530162902231444022
0.432000000000000273,-7.488413558610095500
0.433000000000000274,-7.446814658568145617
0.434000000000000274,-7.405359198521914266
0.435000000000000275,-7.364040324877114685
0.436000000000000276,-7.322851340780377249
0.437000000000000277,-7.281785712277425660
0.438000000000000278,-7.240837073899352383
0.439000000000000279,-7.199999233698159529
0.440000000000000280,-7.159266177752391158
0.441000000000000281,-7.118632074163461887
0.442000000000000282,-7.078091276562991752
0.443000000000000282,-7.037638327150908424
0.444000000000000283,-6.997267959284094729
0.445000000000000284,-6.956975099634630233
0.446000000000000285,-6.916754869936444727
0.447000000000000286,-6.876602588339028266
0.448000000000000287,-6.836513770385943545
0.449000000000000288,-6.796484129636105820
0.450000000000000289,-6.756509577944808775
0.451000000000000290,-6.716586225421460554
0.452000000000000290,-6.676710380080477236
0.453000000000000291,-6.636878547201179757
0.454000000000000292,-6.597087428412423904
0.455000000000000293,-6.557333920516997594
0.456000000000000294,-6.517615114070579807
0.457000000000000295,-6.477928291729550203
0.458000000000000296,-6.438270926381489012
0.459000000000000297,-6.398640679071918136
0.460000000000000298,-6.359035396740226886
0.461000000000000298,-6.319453109777521504
0.462000000000000299,-6.279892029418553179
0.463000000000000300,-6.240350544979520464
0.464000000000000301,-6.200827220953271990
0.465000000000000302,-6.161320793972837606
0.466000000000000303,-6.121830169653923015
0.467000000000000304,-6.082354419326658324
0.468000000000000305,-6.042892776666450416
0.469000000000000306,-6.003444634233384036
0.470000000000000306,-5.964009539929419290
0.471000000000000307,-5.924587193381990247
0.472000000000000308,-5.885177442262565783
0.473000000000000309,-5.845780278548160069
0.474000000000000310,-5.806395834733556249
0.475000000000000311,-5.767024380001597450
0.476000000000000312,-5.727666316358752674
0.477000000000000313,-5.688322174742530102
0.478000000000000314,-5.648992611107337858
0.479000000000000314,-5.609678402494905569
0.480000000000000315,-5.570380443095076295
0.481000000000000316,-5.531099740302645174
0.482000000000000317,-5.491837410775437078
0.483000000000000318,-5.452594676498709880
0.484000000000000319,-5.413372860860632407
0.485000000000000320,-5.374173384743373028
0.486000000000000321,-5.334997762634005269
0.487000000000000322,-5.295847598759329422
0.488000000000000322,-5.256724583248294280
0.489000000000000323,-5.217630488325722737
0.490000000000000324,-5.178567164540578638
0.491000000000000325,-5.139536537031969665
0.492000000000000326,-5.100540601835759524
0.493000000000000327,-5.061581422234629812
0.494000000000000328,-5.022661125154032291
0.495000000000000329,-4.983781897606474942
0.496000000000000330,-4.944945983186249450
0.497000000000000330,-4.906155678616739735
0.498000000000000331,-4.867413330351988421
0.499000000000000332,-4.828721331234425485
0.500000000000000333,-4.790082117210147317
0.501000000000000334,-4.751498164103175270
0.502000000000000335,-4.712971984450020635
0.503000000000000336,-4.674506124395626294
0.504000000000000337,-4.636103160651686039
0.505000000000000338,-4.597765697518226169
0.506000000000000338,-4.559496363969232746
0.507000000000000339,-4.521297810802913375
0.508000000000000340,-4.483172707857145056
0.509000000000000341,-4.445123741290654351
0.510000000000000342,-4.407153610930063081
0.511000000000000343,-4.369265027683238323
0.512000000000000344,-4.331460711018962684
0.513000000000000345,-4.293743386513089177
0.514000000000000346,-4.256115783461152269
0.515000000000000346,-4.218580632557300092
0.516000000000000347,-4.181140663639435040
0.517000000000000348,-4.143798603500401967
0.518000000000000349,-4.106557173764754154
0.519000000000000350,-4.069419088830974474
0.520000000000000351,-4.032387053878554006
0.521000000000000352,-3.995463762939608365
0.522000000000000353,-3.958651897034437983
0.523000000000000353,-3.921954122370470142
0.524000000000000354,-3.885373088604097802
0.525000000000000355,-3.848911427164591892
0.526000000000000356,-3.812571749639547924
0.527000000000000357,-3.776356646221134206
0.528000000000000358,-3.740268684212257888
0.529000000000000359,-3.704310406592099092
0.530000000000000360,-3.668484330639960600
0.531000000000000361,-3.632792946616790086
0.532000000000000361,-3.597238716503383671
0.533000000000000362,-3.561824072794478546
0.534000000000000363,-3.526551417347785211
0.535000000000000364,-3.491423120287050263
0.536000000000000365,-3.456441518958231374
0.537000000000000366,-3.421608916937842082
0.538000000000000367,-3.386927583092430805
0.539000000000000368,-3.352399750688394242
0.540000000000000369,-3.318027616550916825
0.541000000000000369,-3.283813340271277248
0.542000000000000370,-3.249759043461355468
0.543000000000000371,-3.215866809054440445
0.544000000000000372,-3.182138680651312779
0.545000000000000373,-3.148576661910607921
0.546000000000000374,-3.115182715982411921
0.547000000000000375,-3.081958764984147781
0.548000000000000376,-3.048906689517744351
0.549000000000000377,-3.016028328227052580
0.550000000000000377,-2.983325477394514369
0.551000000000000378,-2.950799890576128792
0.552000000000000379,-2.918453278273730689
0.553000000000000380,-2.886287307643539357
0.554000000000000381,-2.854303602240047422
0.555000000000000382,-2.822503741794335941
0.556000000000000383,-2.790889262025698425
0.557000000000000384,-2.759461654485829474
0.558000000000000385,-2.728222366434431834
0.559000000000000385,-2.697172800745482935
0.560000000000000386,-2.666314315843114624
0.561000000000000387,-2.635648225666264555
0.562000000000000388,-2.605175799661153757
0.563000000000000389,-2.574898262800746629
0.564000000000000390,-2.544816795630269191
0.565000000000000391,-2.514932534337947168
0.566000000000000392,-2.485246570850096148
0.567000000000000393,-2.455759952949752467
0.568000000000000393,-2.426473684417965071
0.569000000000000394,-2.397388725196956560
0.570000000000000395,-2.368505991574403780
0.571000000000000396,-2.339826356387922246
0.572000000000000397,-2.311350649249146905
0.573000000000000398,-2.283079656786470402
0.574000000000000399,-2.255014122905860230
0.575000000000000400,-2.227154749068862571
0.576000000000000401,-2.199502194587192427
0.577000000000000401,-2.172057076933180841
0.578000000000000402,-2.144819972065305613
0.579000000000000403,-2.117791414768219749
0.580000000000000404,-2.090971899006615509
0.581000000000000405,-2.064361878292172214
0.582000000000000406,-2.037961766063085101
0.583000000000000407,-2.011771936075430034
0.584000000000000408,-1.985792722805866717
0.585000000000000409,-1.960024421864993371
0.586000000000000409,-1.934467290420827990
0.587000000000000410,-1.909121547631841720
0.588000000000000411,-1.883987375088951755
0.589000000000000412,-1.859064917266013639
0.590000000000000413,-1.834354281978180179
0.591000000000000414,-1.809855540847703725
0.592000000000000415,-1.785568729776666475
0.593000000000000416,-1.761493849426083447
0.594000000000000417,-1.737630865700973803
0.595000000000000417,-1.713979710240982612
0.596000000000000418,-1.690540280915904914
0.597000000000000419,-1.667312442325968203
0.598000000000000420,-1.644296026306166336
0.599000000000000421,-1.621490832434438589
0.600000000000000422,-1.598896628543166942
0.601000000000000423,-1.576513151233688070
0.602000000000000424,-1.554340106393374388
0.603000000000000425,-1.532377169714973064
0.604000000000000425,-1.510623987217814435
0.605000000000000426,-1.489080175770549852
0.606000000000000427,-1.467745323615152309
0.607000000000000428,-1.446618990891683554
0.608000000000000429,-1.425700710163802620
0.609000000000000430,-1.404989986944362057
0.610000000000000431,-1.384486300221160260
0.611000000000000432,-1.364189102982284130
0.612000000000000433,-1.344097822740909720
0.613000000000000433,-1.324211862059311740
0.614000000000000434,-1.304530599071768160
0.615000000000000435,-1.285053388006120123
0.616000000000000436,-1.265779559703806401
0.617000000000000437,-1.246708422138137706
0.618000000000000438,-1.227839260930543297
0.619000000000000439,-1.209171339864605121
0.620000000000000440,-1.190703901397737408
0.621000000000000441,-1.172436167170246346
0.622000000000000441,-1.154367338511626651
0.623000000000000442,-1.136496596943898263
0.624000000000000443,-1.118823104681831548
0.625000000000000444,-1.101346005129929750
0.626000000000000445,-1.084064423375917796
0.627000000000000446,-1.066977466680733899
0.628000000000000447,-1.050084224964752622
0.629000000000000448,-1.033383771290195430
0.630000000000000449,-1.016875162339561545
0.631000000000000449,-1.000557438889967177
0.632000000000000450,-0.984429626283301218
0.633000000000000451,-0.968490734892068827
0.634000000000000452,-0.952739760580815220
0.635000000000000453,-0.937175685163069816
0.636000000000000454,-0.921797476853677189
0.637000000000000455,-0.906604090716486510
0.638000000000000456,-0.891594469107242715
0.639000000000000457,-0.876767542111695719
0.640000000000000457,-0.862122227978803779
0.641000000000000458,-0.847657433548948291
0.642000000000000459,-0.833372054677201768
0.643000000000000460,-0.819264976651438714
0.644000000000000461,-0.805335074605411760
0.645000000000000462,-0.791581213926614180
0.646000000000000463,-0.778002250658940686
0.647000000000000464,-0.764597031900127178
0.648000000000000465,-0.751364396193910267
0.649000000000000465,-0.738303173916862843
0.650000000000000466,-0.725412187659940755
0.651000000000000467,-0.712690252604633812
0.652000000000000468,-0.700136176893784379
0.653000000000000469,-0.687748761996995528
0.654000000000000470,-0.675526803070670923
0.655000000000000471,-0.663469089312627935
0.656000000000000472,-0.651574404311313082
0.657000000000000473,-0.639841526389591908
0.658000000000000473,-0.628269228943152735
0.659000000000000474,-0.616856280773471655
0.660000000000000475,-0.605601446415404032
0.661000000000000476,-0.594503486459341923
0.662000000000000477,-0.583561157868028202
0.663000000000000478,-0.572773214287958132
0.664000000000000479,-0.562138406355480069
0.665000000000000480,-0.551655481997467501
0.666000000000000481,-0.541323186726773597
0.667000000000000481,-0.531140263932281864
0.668000000000000482,-0.521105455163788589
0.669000000000000483,-0.511217500411527914
0.670000000000000484,-0.501475138380545027
0.671000000000000485,-0.491877106759841698
0.672000000000000486,-0.482422142486347738
0.673000000000000487,-0.473108982003795309
0.674000000000000488,-0.463936361516436357
0.675000000000000488,-0.454903017237717200
0.676000000000000489,-0.446007685633949713
0.677000000000000490,-0.437249103662918359
0.678000000000000491,-0.428626009007590902
0.679000000000000492,-0.420137140304878032
0.680000000000000493,-0.411781237369508279
0.681000000000000494,-0.403557041413095618
0.682000000000000495,-0.395463295258368153
0.683000000000000496,-0.387498743548682967
0.684000000000000496,-0.379662132952806153
0.685000000000000497,-0.371952212365030621
0.686000000000000498,-0.364367733100688429
0.687000000000000499,-0.356907449087076001
0.688000000000000500,-0.349570117049841533
0.689000000000000501,-0.342354496694920962
0.690000000000000502,-0.335259350886024210
0.691000000000000503,-0.328283445817733333
0.692000000000000504,-0.321425551184265523
0.693000000000000504,-0.314684440343979133
0.694000000000000505,-0.308058890479581848
0.695000000000000506,-0.301547682754226609
0.696000000000000507,-0.295149602463409599
0.697000000000000508,-0.288863439182806714
0.698000000000000509,-0.282687986912088907
0.699000000000000510,-0.276622044214719698
0.700000000000000511,-0.270664414353844918
0.701000000000000512,-0.264813905424292784
0.702000000000000512,-0.259069330480735993
0.703000000000000513,-0.253429507662084275
0.704000000000000514,-0.247893260312144592
0.705000000000000515,-0.242459417096598129
0.706000000000000516,-0.237126812116362828
0.707000000000000517,-0.231894285017385293
0.708000000000000518,-0.226760681096875250
0.709000000000000519,-0.221724851406133350
0.710000000000000520,-0.216785652849888238
0.711000000000000520,-0.211941948282318965
0.712000000000000521,-0.207192606599732432
0.713000000000000522,-0.202536502829971793
0.714000000000000523,-0.197972518218641202
0.715000000000000524,-0.193499540312103757
0.716000000000000525,-0.189116463037441340
0.717000000000000526,-0.184822186779286218
0.718000000000000527,-0.180615618453661642
0.719000000000000528,-0.176495671578852653
0.720000000000000528,-0.172461266343383851
0.721000000000000529,-0.168511329671069049
0.722000000000000530,-0.164644795283321432
0.723000000000000531,-0.160860603758621934
0.724000000000000532,-0.157157702589307363
0.725000000000000533,-0.153535046235683342
0.726000000000000534,-0.149991596177475844
0.727000000000000535,-0.146526320962744955
0.728000000000000536,-0.143138196254227801
0.729000000000000536,-0.139826204873224363
0.730000000000000537,-0.136589336841030778
0.731000000000000538,-0.133426589417960040
0.732000000000000539,-0.130336967140044474
0.733000000000000540,-0.127319481853405192
0.734000000000000541,-0.124373152746376350
0.735000000000000542,-0.121497006379392425
0.736000000000000543,-0.118690076712733600
0.737000000000000544,-0.115951405132100518
0.738000000000000544,-0.113280040472143434
0.739000000000000545,-0.110675039037900769
0.740000000000000546,-0.108135464624273259
0.741000000000000547,-0.105660388533490912
0.742000000000000548,-0.103248889590731266
0.743000000000000549,-0.100900054157759642
0.744000000000000550,-0.098612976144799649
0.745000000000000551,-0.096386757020577293
0.746000000000000552,-0.094220505820601513
0.747000000000000552,-0.092113339153726825
0.748000000000000553,-0.090064381207015445
0.749000000000000554,-0.088072763748961877
0.750000000000000555,-0.086137626131115849
0.751000000000000556,-0.084258115288094820
0.752000000000000557,-0.082433385736118012
0.753000000000000558,-0.080662599569961219
0.754000000000000559,-0.078944926458514947
0.755000000000000560,-0.077279543638862538
0.756000000000000560,-0.075665635908999357
0.757000000000000561,-0.074102395619143960
0.758000000000000562,-0.072589022661748895
0.759000000000000563,-0.071124724460213229
0.760000000000000564,-0.069708715956320930
0.761000000000000565,-0.068340219596448454
0.762000000000000566,-0.067018465316576001
0.763000000000000567,-0.065742690526120473
0.764000000000000568,-0.064512140090632358
0.765000000000000568,-0.063326066313402471
0.766000000000000569,-0.062183728915951156
0.767000000000000570,-0.061084395017516155
0.768000000000000571,-0.060027339113458866
0.769000000000000572,-0.059011843052753608
0.770000000000000573,-0.058037196014441406
0.771000000000000574,-0.057102694483201655
0.772000000000000575,-0.056207642223976485
0.773000000000000576,-0.055351350255740804
0.774000000000000576,-0.054533136824391523
0.775000000000000577,-0.053752327374837219
0.776000000000000578,-0.053008254522243704
0.777000000000000579,-0.052300258022545384
0.778000000000000580,-0.051627684742154900
0.779000000000000581,-0.050989888626985391
0.780000000000000582,-0.050386230670728574
0.781000000000000583,-0.049816078882481525
0.782000000000000584,-0.049278808253693594
0.783000000000000584,-0.048773800724471059
0.784000000000000585,-0.048300445149290716
0.785000000000000586,-0.047858137262092385
0.786000000000000587,-0.047446279640815728
0.787000000000000588,-0.047064281671387515
0.788000000000000589,-0.046711559511150878
0.789000000000000590,-0.046387536051835286
0.790000000000000591,-0.046091640881982643
0.791000000000000592,-0.045823310248934920
0.792000000000000592,-0.045581987020365873
0.793000000000000593,-0.045367120645363787
0.794000000000000594,-0.045178167115117636
0.795000000000000595,-0.045014588923215547
0.796000000000000596,-0.044875855025516539
0.797000000000000597,-0.044761440799727908
0.798000000000000598,-0.044670828004587326
0.799000000000000599,-0.044603504738739377
0.800000000000000600,-0.044558965399304491
0.801000000000000600,-0.044536710640138026
0.802000000000000601,-0.044536247329822184
0.803000000000000602,-0.044557088509388068
0.804000000000000603,-0.044598753349798237
0.805000000000000604,-0.044660767109195539
0.806000000000000605,-0.044742661089897016
0.807000000000000606,-0.044843972595251962
0.808000000000000607,-0.044964244886244939
0.809000000000000608,-0.045103027137944639
0.810000000000000608,-0.045259874395815518
0.811000000000000609,-0.045434347531815057
0.812000000000000610,-0.045626013200427404
0.813000000000000611,-0.045834443794501606
0.814000000000000612,-0.046059217401027829
0.815000000000000613,-0.046299917756794519
0.816000000000000614,-0.046556134203934160
0.817000000000000615,-0.046827461645422883
0.818000000000000616,-0.047113500500499027
0.819000000000000616,-0.047413856660016761
0.820000000000000617,-0.047728141441755224
0.821000000000000618,-0.048055971545708766
0.822000000000000619,-0.048396969009337813
0.823000000000000620,-0.048750761162795184
0.824000000000000621,-0.049116980584155583
0.825000000000000622,-0.049495265054655346
0.826000000000000623,-0.049885257513934494
0.827000000000000624,-0.050286606015295374
0.828000000000000624,-0.050698963681004461
0.829000000000000625,-0.051121988657615039
0.830000000000000626,-0.051555344071353537
0.831000000000000627,-0.051998697983544354
0.832000000000000628,-0.052451723346121124
0.833000000000000629,-0.052914097957169226
0.834000000000000630,-0.053385504416578980
0.835000000000000631,-0.053865630081773960
0.836000000000000631,-0.054354167023519154
0.837000000000000632,-0.054850811981849254
0.838000000000000633,-0.055355266322073757
0.839000000000000634,-0.055867235990916031
0.840000000000000635,-0.056386431472770913
0.841000000000000636,-0.056912567746056221
0.842000000000000637,-0.057445364239740046
0.843000000000000638,-0.057984544789958958
0.844000000000000639,-0.058529837596804357
0.845000000000000639,-0.059080975181247122
0.846000000000000640,-0.059637694342205692
0.847000000000000641,-0.060199736113798599
0.848000000000000642,-0.060766845722712369
0.849000000000000643,-0.061338772545775022
0.850000000000000644,-0.061915270067696281
0.851000000000000645,-0.062496095838948440
0.852000000000000646,-0.063081011433880382
0.853000000000000647,-0.063669782408964440
0.854000000000000647,-0.064262178261260766
0.855000000000000648,-0.064857972387067780
0.856000000000000649,-0.065456942040765811
0.857000000000000650,-0.066058868293858874
0.858000000000000651,-0.066663535994215178
0.859000000000000652,-0.067270733725516549
0.860000000000000653,-0.067880253766932824
0.861000000000000654,-0.068491892052970280
0.862000000000000655,-0.069105448133579855
0.863000000000000655,-0.069720725134439596
0.864000000000000656,-0.070337529717501651
0.865000000000000657,-0.070955672041715240
0.866000000000000658,-0.071574965724019918
0.867000000000000659,-0.072195227800542217
0.868000000000000660,-0.072816278688020278
0.869000000000000661,-0.073437942145466506
0.870000000000000662,-0.074060045236075484
0.871000000000000663,-0.074682418289358135
0.872000000000000663,-0.075304894863504307
0.873000000000000664,-0.075927311708007789
0.874000000000000665,-0.076549508726510201
0.875000000000000666,-0.077171328939916600
0.876000000000000667,-0.077792618449719783
0.877000000000000668,-0.078413226401601310
0.878000000000000669,-0.079033004949273983
0.879000000000000670,-0.079651809218552583
0.880000000000000671,-0.080269497271709303
0.881000000000000671,-0.080885930072041548
0.882000000000000672,-0.081500971448731391
0.883000000000000673,-0.082114488061926477
0.884000000000000674,-0.082726349368093838
0.885000000000000675,-0.083336427585614020
0.886000000000000676,-0.083944597660647324
0.887000000000000677,-0.084550737233241718
0.888000000000000678,-0.085154726603698341
0.889000000000000679,-0.085756448699208038
0.890000000000000679,-0.086355789040728784
0.891000000000000680,-0.086952635710132051
0.892000000000000681,-0.087546879317600274
0.893000000000000682,-0.088138412969288552
0.894000000000000683,-0.088727132235231959
0.895000000000000684,-0.089312935117538114
0.896000000000000685,-0.089895722018809660
0.897000000000000686,-0.090475395710839179
0.898000000000000687,-0.091051861303569862
0.899000000000000687,-0.091625026214292971
0.900000000000000688,-0.092194800137130301
0.901000000000000689,-0.092761095012750344
0.902000000000000690,-0.093323824998366472
0.903000000000000691,-0.093882906437966734
0.904000000000000692,-0.094438257832829636
0.905000000000000693,-0.094989799812263923
0.906000000000000694,-0.095537455104647465
0.907000000000000695,-0.096081148508669431
0.908000000000000695,-0.096620806864882669
0.909000000000000696,-0.097156359027465472
0.910000000000000697,-0.097687735836273104
0.911000000000000698,-0.098214870089116044
0.912000000000000699,-0.098737696514306750
0.913000000000000700,-0.099256151743465235
0.914000000000000701,-0.099770174284543225
0.915000000000000702,-0.100279704495151473
0.916000000000000703,-0.100784684556083276
0.917000000000000703,-0.101285058445131179
0.918000000000000704,-0.101780771911123419
0.919000000000000705,-0.102271772448221054
0.920000000000000706,-0.102758009270461678
0.921000000000000707,-0.103239433286541574
0.922000000000000708,-0.103715997074851324
0.923000000000000709,-0.104187654858757250
0.924000000000000710,-0.104654362482106980
0.925000000000000711,-0.105116077384999909
0.926000000000000711,-0.105572758579786513
0.927000000000000712,-0.106024366627310379
0.928000000000000713,-0.106470863613382510
0.929000000000000714,-0.106912213125510427
0.930000000000000715,-0.107348380229837212
0.931000000000000716,-0.107779331448338331
0.932000000000000717,-0.108205034736245584
0.933000000000000718,-0.108625459459696122
0.934000000000000719,-0.109040576373624326
0.935000000000000719,-0.109450357599882003
0.936000000000000720,-0.109854776605572774
0.937000000000000721,-0.110253808181638255
0.938000000000000722,-0.110647428421656785
0.939000000000000723,-0.111035614700859542
0.940000000000000724,-0.111418345655396989
0.941000000000000725,-0.111795601161789285
0.942000000000000726,-0.112167362316646063
0.943000000000000727,-0.112533611416553603
0.944000000000000727,-0.112894331938226553
0.945000000000000728,-0.113249508518853334
0.946000000000000729,-0.113599126936649933
0.947000000000000730,-0.113943174091655483
0.948000000000000731,-0.114281637986709275
0.949000000000000732,-0.114614507708672347
0.950000000000000733,-0.114941773409821549
0.951000000000000734,-0.115263426289498636
0.952000000000000735,-0.115579458575920196
0.953000000000000735,-0.115889863508218394
0.954000000000000736,-0.116194635318690453
0.955000000000000737,-0.116493769215237908
0.956000000000000738,-0.116787261364014044
0.957000000000000739,-0.117075108872270128
0.958000000000000740,-0.117357309771403642
0.959000000000000741,-0.117633863000195044
0.960000000000000742,-0.117904768388255657
0.961000000000000743,-0.118170026639655618
0.962000000000000743,-0.118429639316747798
0.963000000000000744,-0.118683608824187450
0.964000000000000745,-0.118931938393149611
0.965000000000000746,-0.119174632065710329
0.966000000000000747,-0.119411694679442543
0.967000000000000748,-0.119643131852172721
0.968000000000000749,-0.119868949966956045
0.969000000000000750,-0.120089156157186031
0.970000000000000751,-0.120303758291940954
0.971000000000000751,-0.120512764961453772
0.972000000000000752,-0.120716185462800496
0.973000000000000753,-0.120914029785765639
0.974000000000000754,-0.121106308598846496
0.975000000000000755,-0.121293033235472136
0.976000000000000756,-0.121474215680375461
0.977000000000000757,-0.121649868556133994
0.978000000000000758,-0.121820005109883625
0.979000000000000759,-0.121984639200222400
0.980000000000000759,-0.122143785284228937
0.981000000000000760,-0.122297458404701478
0.982000000000000761,-0.122445674177536573
0.983000000000000762,-0.122588448779258299
0.984000000000000763,-0.122725798934727057
0.985000000000000764,-0.122857741905009754
0.986000000000000765,-0.122984295475391400
0.987000000000000766,-0.123105477943549493
0.988000000000000766,-0.123221308107893737
0.989000000000000767,-0.123331805256053334
0.990000000000000768,-0.123436989153514934
0.991000000000000769,-0.123536880032401902
0.992000000000000770,-0.123631498580424631
0.993000000000000771,-0.123720865929970850
0.994000000000000772,-0.123805003647326606
0.995000000000000773,-0.123883933722073486
0.996000000000000774,-0.123957678556597076
0.997000000000000774,-0.124026260955764037
0.998000000000000775,-0.124089704116727234
0.999000000000000776,-0.124148031618871890
1.000000000000000666,-0.124201267413905719
1.001000000000000778,-0.124249435816083414
1.002000000000000668,-0.124292561492564069
1.003000000000000780,-0.124330669453907874
1.004000000000000670,-0.124363785044701025
1.005000000000000782,-0.124391933934324309
1.006000000000000671,-0.124415142107839743
1.007000000000000783,-0.124433435857003089
1.008000000000000673,-0.124446841771425468
1.009000000000000785,-0.124455386729839773
1.010000000000000675,-0.124459097891506915
1.011000000000000787,-0.124458002687729913
1.012000000000000677,-0.124452128813519816
1.013000000000000789,-0.124441504219354029
1.014000000000000679,-0.124426157103057239
1.015000000000000790,-0.124406115901833633
1.016000000000000680,-0.124381409284378949
1.017000000000000792,-0.124352066143124773
1.018000000000000682,-0.124318115586602884
1.019000000000000794,-0.124279586931915584
1.020000000000000684,-0.124236509697326497
1.021000000000000796,-0.124188913594956943
1.022000000000000686,-0.124136828523594381
1.023000000000000798,-0.124080284561614129
1.024000000000000687,-0.124019311960001752
1.025000000000000799,-0.123953941135496404
1.026000000000000689,-0.123884202663823689
1.027000000000000801,-0.123810127273041859
1.028000000000000691,-0.123731745836997684
1.029000000000000803,-0.123649089368867399
1.030000000000000693,-0.123562189014817039
1.031000000000000805,-0.123471076047758824
1.032000000000000695,-0.123375781861188916
1.033000000000000806,-0.123276337963160926
1.034000000000000696,-0.123172775970313259
1.035000000000000808,-0.123065127602022623
1.036000000000000698,-0.122953424674633771
1.037000000000000810,-0.122837699095815628
1.038000000000000700,-0.122717982858952482
1.039000000000000812,-0.122594308037681482
1.040000000000000702,-0.122466706780497162
1.041000000000000814,-0.122335211305449887
1.042000000000000703,-0.122199853894918234
1.043000000000000815,-0.122060666890495967
1.044000000000000705,-0.121917682687951778
1.045000000000000817,-0.121770933732256115
1.046000000000000707,-0.121620452512731195
1.047000000000000819,-0.121466271558255248
1.048000000000000709,-0.121308423432552548
1.049000000000000821,-0.121146940729581695
1.050000000000000711,-0.120981856068976018
1.051000000000000822,-0.120813202091601249
1.052000000000000712,-0.120641011455155461
1.053000000000000824,-0.120465316829863722
1.054000000000000714,-0.120286150894256899
1.055000000000000826,-0.120103546331007907
1.056000000000000716,-0.119917535822860619
1.057000000000000828,-0.119728152048616782
1.058000000000000718,-0.119535427679208522
1.059000000000000830,-0.119339395373837004
1.060000000000000719,-0.119140087776187717
1.061000000000000831,-0.118937537510704086
1.062000000000000721,-0.118731777178944051
1.063000000000000833,-0.118522839356007270
1.064000000000000723,-0.118310756587006266
1.065000000000000835,-0.118095561383635791
1.066000000000000725,-0.117877286220795449
1.067000000000000837,-0.117655963533255387
1.068000000000000727,-0.117431625712439744
1.069000000000000838,-0.117204305103210366
1.070000000000000728,-0.116974034000765198
1.071000000000000840,-0.116740844647568481
1.072000000000000730,-0.116504769230358768
1.073000000000000842,-0.116265839877204000
1.074000000000000732,-0.116024088654622548
1.075000000000000844,-0.115779547564769492
1.076000000000000734,-0.115532248542673271
1.077000000000000846,-0.115282223453524679
1.078000000000000735,-0.115029504090042825
1.079000000000000847,-0.114774122169867182
1.080000000000000737,-0.114516109333040642
1.081000000000000849,-0.114255497139509443
1.082000000000000739,-0.113992317066704804
1.083000000000000851,-0.113726600507166986
1.084000000000000741,-0.113458378766226470
1.085000000000000853,-0.113187683059721420
1.086000000000000743,-0.112914544511787576
1.087000000000000854,-0.112638994152686564
1.088000000000000744,-0.112361062916689319
1.089000000000000856,-0.112080781639992952
1.090000000000000746,-0.111798181058706356
1.091000000000000858,-0.111513291806879564
1.092000000000000748,-0.111226144414563771
1.093000000000000860,-0.110936769305939570
1.094000000000000750,-0.110645196797469050
1.095000000000000862,-0.110351457096115074
1.096000000000000751,-0.110055580297592659
1.097000000000000863,-0.109757596384652684
1.098000000000000753,-0.109457535225440397
1.099000000000000865,-0.109155426571868358
1.100000000000000755,-0.108851300058036643
1.101000000000000867,-0.108545185198702904
1.102000000000000757,-0.108237111387791324
1.103000000000000869,-0.107927107896939892
1.104000000000000759,-0.107615203874071599
1.105000000000000870,-0.107301428342044772
1.106000000000000760,-0.106985810197290296
1.107000000000000872,-0.106668378208532547
1.108000000000000762,-0.106349161015522858
1.109000000000000874,-0.106028187127810369
1.110000000000000764,-0.105705484923560245
1.111000000000000876,-0.105381082648394159
1.112000000000000766,-0.105055008414282725
1.113000000000000878,-0.104727290198455641
1.114000000000000767,-0.104397955842360085
1.115000000000000879,-0.104067033050634944
1.116000000000000769,-0.103734549390144662
1.117000000000000881,-0.103400532289018285
1.118000000000000771,-0.103065009035738453
1.119000000000000883,-0.102728006778256858
1.120000000000000773,-0.102389552523142344
1.121000000000000885,-0.102049673134750801
1.122000000000000774,-0.101708395334438720
1.123000000000000886,-0.101365745699798837
1.124000000000000776,-0.101021750663933263
1.125000000000000888,-0.100676436514732265
1.126000000000000778,-0.100329829394211464
1.127000000000000890,-0.099981955297871170
1.128000000000000780,-0.099632840074050197
1.129000000000000892,-0.099282509423357562
1.130000000000000782,-0.098930988898093902
1.131000000000000894,-0.098578303901710601
1.132000000000000783,-0.098224479688298880
1.133000000000000895,-0.097869541362104420
1.134000000000000785,-0.097513513877044253
1.135000000000000897,-0.097156422036296486
1.136000000000000787,-0.096798290491856551
1.137000000000000899,-0.096439143744166192
1.138000000000000789,-0.096079006141728110
1.139000000000000901,-0.095717901880781928
1.140000000000000790,-0.095355855004962770
1.141000000000000902,-0.094992889405002640
1.142000000000000792,-0.094629028818466257
1.143000000000000904,-0.094264296829478275
1.144000000000000794,-0.093898716868502236
1.145000000000000906,-0.093532312212105048
1.146000000000000796,-0.093165105982788834
1.147000000000000908,-0.092797121148795278
1.148000000000000798,-0.092428380523961559
1.149000000000000909,-0.092058906767585477
1.150000000000000799,-0.091688722384297788
1.151000000000000689,-0.091317849723981132
1.152000000000000801,-0.090946310981682738
1.153000000000000913,-0.090574128197552950
1.154000000000000803,-0.090201323256806826
1.155000000000000693,-0.089827917889686637
1.156000000000000805,-0.089453933671476180
1.157000000000000917,-0.089079392022482190
1.158000000000000806,-0.088704314208080878
1.159000000000000696,-0.088328721338747224
1.160000000000000808,-0.087952634370113886
1.161000000000000920,-0.087576074103045798
1.162000000000000810,-0.087199061183730525
1.163000000000000700,-0.086821616103774854
1.164000000000000812,-0.086443759200328901
1.165000000000000924,-0.086065510656209779
1.166000000000000814,-0.085686890500062340
1.167000000000000703,-0.085307918606503302
1.168000000000000815,-0.084928614696308746
1.169000000000000927,-0.084548998336592546
1.170000000000000817,-0.084169088941013631
1.171000000000000707,-0.083788905769980382
1.172000000000000819,-0.083408467930891322
1.173000000000000931,-0.083027794378360859
1.174000000000000821,-0.082646903914471465
1.175000000000000711,-0.082265815189042052
1.176000000000000822,-0.081884546699901611
1.177000000000000934,-0.081503116793166616
1.178000000000000824,-0.081121543663550233
1.179000000000000714,-0.080739845354655088
1.180000000000000826,-0.080358039759309136
1.181000000000000938,-0.079976144619877482
1.182000000000000828,-0.079594177528612559
1.183000000000000718,-0.079212155928002431
1.184000000000000830,-0.078830097111127234
1.185000000000000941,-0.078448018222020674
1.186000000000000831,-0.078065936256065227
1.187000000000000721,-0.077683868060363231
1.188000000000000833,-0.077301830334142022
1.189000000000000945,-0.076919839629156161
1.190000000000000835,-0.076537912350103723
1.191000000000000725,-0.076156064755035197
1.192000000000000837,-0.075774312955811385
1.193000000000000949,-0.075392672918505210
1.194000000000000838,-0.075011160463883036
1.195000000000000728,-0.074629791267828566
1.196000000000000840,-0.074248580861824509
1.197000000000000952,-0.073867544633413676
1.198000000000000842,-0.073486697826668362
1.199000000000000732,-0.073106055542687662
1.200000000000000844,-0.072725632740064119
1.201000000000000956,-0.072345444235402623
1.202000000000000846,-0.071965504703806402
1.203000000000000735,-0.071585828679394753
1.204000000000000847,-0.071206430555803446
1.205000000000000959,-0.070827324586728413
1.206000000000000849,-0.070448524886426792
1.207000000000000739,-0.070070045430261171
1.208000000000000851,-0.069691900055236261
1.209000000000000963,-0.069314102460537902
1.210000000000000853,-0.068936666208082975
1.211000000000000743,-0.068559604723065687
1.212000000000000854,-0.068182931294523769
1.213000000000000966,-0.067806659075890743
1.214000000000000856,-0.067430801085575295
1.215000000000000746,-0.067055370207510789
1.216000000000000858,-0.066680379191756456
1.217000000000000970,-0.066305840655054432
1.218000000000000860,-0.065931767081422663
1.219000000000000750,-0.065558170822744635
1.220000000000000862,-0.065185064099354262
1.221000000000000973,-0.064812459000629041
1.222000000000000863,-0.064440367485598643
1.223000000000000753,-0.064068801383530077
1.224000000000000865,-0.063697772394546853
1.225000000000000977,-0.063327292090231344
1.226000000000000867,-0.062957371914230523
1.227000000000000757,-0.062588023182876068
1.228000000000000869,-0.062219257085792998
1.229000000000000981,-0.061851084686538382
1.230000000000000870,-0.061483516923190998
1.231000000000000760,-0.061116564609001570
1.232000000000000872,-0.060750238433014678
1.233000000000000984,-0.060384548960682405
1.234000000000000874,-0.060019506634515794
1.235000000000000764,-0.059655121774701593
1.236000000000000876,-0.059291404579745556
1.237000000000000988,-0.058928365127103567
1.238000000000000878,-0.058566013373830286
1.239000000000000767,-0.058204359157202866
1.240000000000000879,-0.057843412195377766
1.241000000000000991,-0.057483182088025428
1.242000000000000881,-0.057123678316974805
1.243000000000000771,-0.056764910246864662
1.244000000000000883,-0.056406887125780403
1.245000000000000995,-0.056049618085916200
1.246000000000000885,-0.055693112144210945
1.247000000000000774,-0.055337378203004252
1.248000000000000886,-0.054982425050684750
1.249000000000000998,-0.054628261362346220
1.250000000000000888,-0.054274895700436011
1.251000000000000778,-0.053922336515407197
1.252000000000000890,-0.053570592146376161
1.253000000000001002,-0.053219670821767630
1.254000000000000892,-0.052869580659985496
1.255000000000000782,-0.052520329670049701
1.256000000000000894,-0.052171925752259138
1.257000000000001005,-0.051824376698848915
1.258000000000000895,-0.051477690194643433
1.259000000000000785,-0.051131873817709207
1.260000000000000897,-0.050786935040010993
1.261000000000001009,-0.050442881228074388
1.262000000000000899,-0.050099719643626320
1.263000000000000789,-0.049757457444262840
1.264000000000000901,-0.049416101684099899
1.265000000000001013,-0.049075659314423759
1.266000000000000902,-0.048736137184349264
1.267000000000000792,-0.048397542041472078
1.268000000000000904,-0.048059880532521020
1.269000000000001016,-0.047723159204007534
1.270000000000000906,-0.047387384502888680
1.271000000000000796,-0.047052562777203003
1.272000000000000908,-0.046718700276729162
1.273000000000001020,-0.046385803153635871
1.274000000000000909,-0.046053877463130923
1.275000000000000799,-0.045722929164100520
1.276000000000000911,-0.045392964119772776
1.277000000000001023,-0.045063988098345525
1.278000000000000913,-0.044736006773644608
1.279000000000000803,-0.044409025725760623
1.280000000000000915,-0.044083050441701223
1.281000000000001027,-0.043758086316012280
1.282000000000000917,-0.043434138651444666
1.283000000000000806,-0.043111212659574828
1.284000000000000918,-0.042789313461451955
1.285000000000001030,-0.042468446088227342
1.286000000000000920,-0.042148615481798199
1.287000000000000810,-0.041829826495433521
1.288000000000000922,-0.041512083894416366
1.289000000000001034,-0.041195392356664438
1.290000000000000924,-0.040879756473362082
1.291000000000000814,-0.040565180749597723
1.292000000000000925,-0.040251669604974283
1.293000000000001037,-0.039939227374252095
1.294000000000000927,-0.039627858307957356
1.295000000000000817,-0.039317566573009395
1.296000000000000929,-0.039008356253342036
1.297000000000001041,-0.038700231350517839
1.298000000000000931,-0.038393195784348341
1.299000000000000821,-0.038087253393509504
1.300000000000000933,-0.037782407936145533
1.301000000000001044,-0.037478663090491339
1.302000000000000934,-0.037176022455470970
1.303000000000000824,-0.036874489551320069
1.304000000000000936,-0.036574067820167942
1.305000000000001048,-0.036274760626662551
1.306000000000000938,-0.035976571258564558
1.307000000000000828,-0.035679502927337244
1.308000000000000940,-0.035383558768754639
1.309000000000001052,-0.035088741843499235
1.310000000000000941,-0.034795055137744293
1.311000000000000831,-0.034502501563750662
1.312000000000000943,-0.034211083960450236
1.313000000000001055,-0.033920805094051092
1.314000000000000945,-0.033631667658595793
1.315000000000000835,-0.033343674276561409
1.316000000000000947,-0.033056827499433103
1.317000000000001059,-0.032771129808289189
1.318000000000000949,-0.032486583614363018
1.319000000000000838,-0.032203191259635354
1.320000000000000950,-0.031920955017389618
1.321000000000001062,-0.031639877092786380
1.322000000000000952,-0.031359959623434144
1.323000000000000842,-0.031081204679946694
1.324000000000000954,-0.030803614266513950
1.325000000000001066,-0.030527190321449349
1.326000000000000956,-0.030251934717762375
1.327000000000000846,-0.029977849263697447
1.328000000000000957,-0.029704935703304913
1.329000000000001069,-0.029433195716971138
1.330000000000000959,-0.029162630921984796
1.331000000000000849,-0.028893242873071941
1.332000000000000961,-0.028625033062937538
1.333000000000001073,-0.028358002922812754
1.334000000000000963,-0.028092153822993394
1.335000000000000853,-0.027827487073366276
1.336000000000000965,-0.027564003923953268
1.337000000000001076,-0.027301705565438074
1.338000000000000966,-0.027040593129690420
1.339000000000000856,-0.026780667690300408
1.340000000000000968,-0.026521930263093890
1.341000000000001080,-0.026264381806656235
1.342000000000000970,-0.026008023222853827
1.343000000000000860,-0.025752855357343802
1.344000000000000972,-0.025498879000091918
1.345000000000001084,-0.025246094885885029
1.346000000000000973,-0.024994503694833359
1.347000000000000863,-0.024744106052880084
1.348000000000000975,-0.024494902532301809
1.349000000000001087,-0.024246893652213691
1.350000000000000977,-0.024000079879064568
1.351000000000000867,-0.023754461627135272
1.352000000000000979,-0.023510039259020205
1.353000000000001091,-0.023266813086136783
1.354000000000000981,-0.023024783369201263
1.355000000000000870,-0.022783950318711929
1.356000000000000982,-0.022544314095437851
1.357000000000001094,-0.022305874810899858
1.358000000000000984,-0.022068632527843253
1.359000000000000874,-0.021832587260712449
1.360000000000000986,-0.021597738976129592
1.361000000000001098,-0.021364087593360909
1.362000000000000988,-0.021131632984781067
1.363000000000000878,-0.020900374976340043
1.364000000000000989,-0.020670313348032179
1.365000000000001101,-0.020441447834342236
1.366000000000000991,-0.020213778124711222
1.367000000000000881,-0.019987303863990724
1.368000000000000993,-0.019762024652891879
1.369000000000001105,-0.019537940048437247
1.370000000000000995,-0.019315049564404076
1.371000000000000885,-0.019093352671769474
1.372000000000000997,-0.018872848799155177
1.373000000000001108,-0.018653537333267085
1.374000000000000998,-0.018435417619316347
1.375000000000000888,-0.018218488961480678
1.376000000000001000,-0.018002750623310672
1.377000000000001112,-0.017788201828172156
1.378000000000001002,-0.017574841759667177
1.379000000000000892,-0.017362669562058140
1.380000000000001004,-0.017151684340689716
1.381000000000001116,-0.016941885162410665
1.382000000000001005,-0.016733271055981346
1.383000000000000895,-0.016525841012494429
1.384000000000001007,-0.016319593985782470
1.385000000000001119,-0.016114528892827783
1.386000000000001009,-0.015910644614169384
1.387000000000000899,-0.015707939994297638
1.388000000000001011,-0.015506413842075262
1.389000000000001123,-0.015306064931108282
1.390000000000001013,-0.015106892000163014
1.391000000000000902,-0.014908893753550759
1.392000000000001014,-0.014712068861517890
1.393000000000001126,-0.014516415960637862
1.394000000000001016,-0.014321933654197936
1.395000000000000906,-0.014128620512575959
1.396000000000001018,-0.013936475073623070
1.397000000000001130,-0.013745495843048964
1.398000000000001020,-0.013555681294789962
1.399000000000000909,-0.013367029871387253
1.400000000000001021,-0.013179539984350497
1.401000000000001133,-0.012993210014539559
1.402000000000001023,-0.012808038312516045
1.403000000000000913,-0.012624023198914914
1.404000000000001025,-0.012441162964807882
1.405000000000001137,-0.012259455872053798
1.406000000000001027,-0.012078900153661266
1.407000000000000917,-0.011899494014146967
1.408000000000001029,-0.011721235629871556
1.409000000000001140,-0.011544123149408182
1.410000000000001030,-0.011368154693873237
1.411000000000000920,-0.011193328357282041
1.412000000000001032,-0.011019642206883297
1.413000000000001144,-0.010847094283504546
1.414000000000001034,-0.010675682601884668
1.415000000000000924,-0.010505405151010776
1.416000000000001036,-0.010336259894453619
1.417000000000001148,-0.010168244770695913
1.418000000000001037,-0.010001357693456931
1.419000000000000927,-0.009835596552022556
1.420000000000001039,-0.009670959211566478
1.421000000000001151,-0.009507443513474248
1.422000000000001041,-0.009345047275659301
1.423000000000000931,-0.009183768292878685
1.424000000000001043,-0.009023604337049795
1.425000000000001155,-0.008864553157561284
1.426000000000001044,-0.008706612481583080
1.427000000000000934,-0.008549780014374817
1.428000000000001046,-0.008394053439587559
1.429000000000001158,-0.008239430419568717
1.430000000000001048,-0.008085908595667830
1.431000000000000938,-0.007933485588525127
1.432000000000001050,-0.007782158998376884
1.433000000000001162,-0.007631926405346075
1.434000000000001052,-0.007482785369731207
1.435000000000000941,-0.007334733432304896
1.436000000000001053,-0.007187768114590665
1.437000000000001165,-0.007041886919153884
1.438000000000001055,-0.006897087329889882
1.439000000000000945,-0.006753366812296055
1.440000000000001057,-0.006610722813758049
1.441000000000001169,-0.006469152763818267
1.442000000000001059,-0.006328654074460704
1.443000000000000949,-0.006189224140380487
1.444000000000001060,-0.006050860339250314
1.445000000000001172,-0.005913560031989610
1.446000000000001062,-0.005777320563040045
1.447000000000000952,-0.005642139260616281
1.448000000000001064,-0.005508013436978611
1.449000000000001176,-0.005374940388693064
1.450000000000001066,-0.005242917396878930
1.451000000000000956,-0.005111941727476979
1.452000000000001068,-0.004982010631500040
1.453000000000001180,-0.004853121345281121
1.454000000000001069,-0.004725271090730057
1.455000000000000959,-0.004598457075576499
1.456000000000001071,-0.004472676493616738
1.457000000000001183,-0.004347926524964146
1.458000000000001073,-0.004224204336285428
1.459000000000000963,-0.004101507081036484
1.460000000000001075,-0.003979831899713716
1.461000000000001187,-0.003859175920077047
1.462000000000001076,-0.003739536257398735
1.463000000000000966,-0.003620910014681471
1.464000000000001078,-0.003503294282895792
1.465000000000001190,-0.003386686141214615
1.466000000000001080,-0.003271082657227827
1.467000000000000970,-0.003156480887175983
1.468000000000001082,-0.003042877876174593
1.469000000000001194,-0.002930270658427041
1.470000000000001084,-0.002818656257453491
1.471000000000000973,-0.002708031686300090
1.472000000000001085,-0.002598393947764327
1.473000000000001197,-0.002489740034600902
1.474000000000001087,-0.002382066929738262
1.475000000000000977,-0.002275371606482909
1.476000000000001089,-0.002169651028739080
1.477000000000001201,-0.002064902151207685
1.478000000000001091,-0.001961121919589704
1.479000000000000981,-0.001858307270796496
1.480000000000001092,-0.001756455133144050
1.481000000000001204,-0.001655562426559047
1.482000000000001094,-0.001555626062772679
1.483000000000000984,-0.001456642945521786
1.484000000000001096,-0.001358609970738357
1.485000000000001208,-0.001261524026740041
1.486000000000001098,-0.001165381994434333
1.487000000000000988,-0.001070180747494521
1.488000000000001100,-0.000975917152550399
1.489000000000001211,-0.000882588069383659
1.490000000000001101,-0.000790190351101112
1.491000000000000991,-0.000698720844321470
1.492000000000001103,-0.000608176389361555
1.493000000000001215,-0.000518553820409408
1.494000000000001105,-0.000429849965703573
1.495000000000000995,-0.000342061647713028
1.496000000000001107,-0.000255185683309060
1.497000000000001219,-0.000169218883938664
1.498000000000001108,-0.000084158055798275
1.499000000000000998,0.000000000000000000
