# CNT15-COOH-30_HSPSCA-AC
# h[nm],U(h)[kJ/mol]
0.200000000000000011,130.934143934926112252
0.201000000000000012,128.553195122974017295
0.202000000000000013,126.514358688606989745
0.203000000000000014,124.596283961859711553
0.204000000000000015,122.689289207128396697
0.205000000000000016,120.749562504910841199
0.206000000000000016,118.769455457746104798
0.207000000000000017,116.758851038398489663
0.208000000000000018,114.734012907399005599
0.209000000000000019,112.711372794779279616
0.210000000000000020,110.704479103044604926
0.211000000000000021,108.722885321963602223
0.212000000000000022,106.772155453402461944
0.213000000000000023,104.854446473422711961
0.214000000000000024,102.969325810129291199
0.215000000000000024,101.114618045661273982
0.216000000000000025,99.287166822441378145
0.217000000000000026,97.483458041720552956
0.218000000000000027,95.700088305108607756
0.219000000000000028,93.934085046693994059
0.220000000000000029,92.183096913582772913
0.221000000000000030,90.445478240743796050
0.222000000000000031,88.720292450236442505
0.223000000000000032,87.007257635412742047
0.224000000000000032,85.306654658666815294
0.225000000000000033,83.619214585118015748
0.226000000000000034,81.945998696068883760
0.227000000000000035,80.288280976188360682
0.228000000000000036,78.647440010178868874
0.229000000000000037,77.024864728867598274
0.230000000000000038,75.421876422190777589
0.231000000000000039,73.839667861839771490
0.232000000000000040,72.279259203341467810
0.233000000000000040,70.741469510415015520
0.234000000000000041,69.226902205564584847
0.235000000000000042,67.735942444147539732
0.236000000000000043,66.268764283495485756
0.237000000000000044,64.825345529097290864
0.238000000000000045,63.405488248013703867
0.239000000000000046,62.008843113775540701
0.240000000000000047,60.634935961298268126
0.241000000000000048,59.283195164628828877
0.242000000000000048,57.952978689200747908
0.243000000000000049,56.643599902376578825
0.244000000000000050,55.354351443469987260
0.245000000000000051,54.084526651955528109
0.246000000000000052,52.833438227220788974
0.247000000000000053,51.600433943671077941
0.248000000000000054,50.384909371260526711
0.249000000000000055,49.186317654492313522
0.250000000000000056,48.004176484163636474
0.251000000000000056,46.838072457585269603
0.252000000000000057,45.687663066878080542
0.253000000000000058,44.552676583520259612
0.254000000000000059,43.432910122855716395
0.255000000000000060,42.328226176959631744
0.256000000000000061,41.238547900120032352
0.257000000000000062,40.163853420102284986
0.258000000000000063,39.104169431977901183
0.259000000000000064,38.059564311089033595
0.260000000000000064,37.030140958949473884
0.261000000000000065,36.016029571630852502
0.262000000000000066,35.017380495334222701
0.263000000000000067,34.034357309143416614
0.264000000000000068,33.067130250963202798
0.265000000000000069,32.115870079818208183
0.266000000000000070,31.180742446351796815
0.267000000000000071,30.261902823747600877
0.268000000000000071,29.359492033546700895
0.269000000000000072,28.473632385019708835
0.270000000000000073,27.604424432892614050
0.271000000000000074,26.751944346286137488
0.272000000000000075,25.916241871639339678
0.273000000000000076,25.097338864057118002
0.274000000000000077,24.295228354826999606
0.275000000000000078,23.509874117667798998
0.276000000000000079,22.741210692460199994
0.277000000000000079,21.989143822625955238
0.278000000000000080,21.253551260830263914
0.279000000000000081,20.534283897136013763
0.280000000000000082,19.831167164013734805
0.281000000000000083,19.144002673573758955
0.282000000000000084,18.472570043925887973
0.283000000000000085,17.816628873572916802
0.284000000000000086,17.175920825110509327
0.285000000000000087,16.550171782148439092
0.286000000000000087,15.939094046203583943
0.287000000000000088,15.342388543275641055
0.288000000000000089,14.759747012839136815
0.289000000000000090,14.190854155015802718
0.290000000000000091,13.635389714687111251
0.291000000000000092,13.093030484226023447
0.292000000000000093,12.563452209342846899
0.293000000000000094,12.046331385224590349
0.294000000000000095,11.541346932682984061
0.295000000000000095,11.048181746397428782
0.296000000000000096,10.566524109538164566
0.297000000000000097,10.096068971072785558
0.298000000000000098,9.636519083896320836
0.299000000000000099,9.187586003578749327
0.300000000000000100,8.748990948999180617
0.301000000000000101,8.320465527435185749
0.302000000000000102,7.901752327807753495
0.303000000000000103,7.492605386750804897
0.304000000000000103,7.092790532992819585
0.305000000000000104,6.702085616210311514
0.306000000000000105,6.320280627053159073
0.307000000000000106,5.947177715457426572
0.308000000000000107,5.582591114663153498
0.309000000000000108,5.226346978553564782
0.310000000000000109,4.878283140036183241
0.311000000000000110,4.538248798208719847
0.312000000000000111,4.206104141997672130
0.313000000000000111,3.881719917840238399
0.314000000000000112,3.564976948803632695
0.315000000000000113,3.255765612312150559
0.316000000000000114,2.953985283386491911
0.317000000000000115,2.659543750000898488
0.318000000000000116,2.372356606836242943
0.319000000000000117,2.092346633359096764
0.320000000000000118,1.819443161792363428
0.321000000000000119,1.553581440167283834
0.322000000000000119,1.294701995265026273
0.323000000000000120,1.042749999871673161
0.324000000000000121,0.797674648386382690
0.325000000000000122,0.559428544443847153
0.326000000000000123,0.327967103839532093
0.327000000000000124,0.103247975683067233
0.328000000000000125,-0.114769515646991588
0.329000000000000126,-0.326124905512439611
0.330000000000000127,-0.530857099079476979
0.331000000000000127,-0.729004854837468796
0.332000000000000128,-0.920607240265844284
0.333000000000000129,-1.105704058619346508
0.334000000000000130,-1.284336246060972853
0.335000000000000131,-1.456546238614805366
0.336000000000000132,-1.622378308634749633
0.337000000000000133,-1.781878870693478945
0.338000000000000134,-1.935096756985914768
0.339000000000000135,-2.082083462514844108
0.340000000000000135,-2.222893360484241576
0.341000000000000136,-2.357583888466464384
0.342000000000000137,-2.486215706036182915
0.343000000000000138,-2.608852824674761539
0.344000000000000139,-2.725562710846747727
0.345000000000000140,-2.836416363233674520
0.346000000000000141,-2.941488365182007403
0.347000000000000142,-3.040856913481389423
0.348000000000000143,-3.134603824637852476
0.349000000000000143,-3.222814519844144687
0.350000000000000144,-3.305577989877802825
0.351000000000000145,-3.382986741176261969
0.352000000000000146,-3.455136724349500810
0.353000000000000147,-3.522127246393411237
0.354000000000000148,-3.584060867863696043
0.355000000000000149,-3.641043286259633582
0.356000000000000150,-3.693183206851329281
0.357000000000000151,-3.740592202163257607
0.358000000000000151,-3.783384561301145421
0.359000000000000152,-3.821677130280017654
0.360000000000000153,-3.855589144478213992
0.361000000000000154,-3.885242054306002224
0.362000000000000155,-3.910759345139173782
0.363000000000000156,-3.932266352527091335
0.364000000000000157,-3.949890073642225108
0.365000000000000158,-3.963758975894804415
0.366000000000000159,-3.974002803590649613
0.367000000000000159,-3.980752383465485877
0.368000000000000160,-3.984139429882445516
0.369000000000000161,-3.984296350433628842
0.370000000000000162,-3.981356052640305343
0.371000000000000163,-3.975451752400749772
0.372000000000000164,-3.966716784789008354
0.373000000000000165,-3.955284417763613725
0.374000000000000166,-3.941287669301173135
0.375000000000000167,-3.924859128426676502
0.376000000000000167,-3.906130780570968852
0.377000000000000168,-3.885233837644654464
0.378000000000000169,-3.862298573178524208
0.379000000000000170,-3.837454162842489414
0.380000000000000171,-3.810828530618217691
0.381000000000000172,-3.782548200865423205
0.382000000000000173,-3.752738156487973153
0.383000000000000174,-3.721521703373826817
0.384000000000000175,-3.689020341251789237
0.385000000000000175,-3.655353641079089222
0.386000000000000176,-3.620639129046141047
0.387000000000000177,-3.584992177258297996
0.388000000000000178,-3.548525901130449078
0.389000000000000179,-3.511351063506430670
0.390000000000000180,-3.473575985494206098
0.391000000000000181,-3.435306463987141345
0.392000000000000182,-3.396645695823186095
0.393000000000000183,-3.357694208516162071
0.394000000000000183,-3.318549797477482688
0.395000000000000184,-3.279307469631867811
0.396000000000000185,-3.240059393316938152
0.397000000000000186,-3.200894854344606522
0.398000000000000187,-3.161900218090959225
0.399000000000000188,-3.123158897471298268
0.400000000000000189,-3.084751326648278891
0.401000000000000190,-3.046754940313197491
0.402000000000000191,-3.009244158373657108
0.403000000000000191,-2.972290375874802937
0.404000000000000192,-2.935961957976572556
0.405000000000000193,-2.900324239804908277
0.406000000000000194,-2.865439530991842343
0.407000000000000195,-2.831367124716455574
0.408000000000000196,-2.798163311057046077
0.409000000000000197,-2.765881394463399090
0.410000000000000198,-2.734571715157671612
0.411000000000000199,-2.704281674272003944
0.412000000000000199,-2.675055762531967307
0.413000000000000200,-2.646935592295426964
0.414000000000000201,-2.619959932758375576
0.415000000000000202,-2.594164748140677990
0.416000000000000203,-2.569583238667476177
0.417000000000000204,-2.546245884164151985
0.418000000000000205,-2.524180490086108453
0.419000000000000206,-2.503412235807676911
0.420000000000000207,-2.483963724997903633
0.421000000000000207,-2.465855037915168246
0.422000000000000208,-2.449103785455841731
0.423000000000000209,-2.433725164797125196
0.424000000000000210,-2.419732016477926351
0.425000000000000211,-2.407134882766351236
0.426000000000000212,-2.395942067167022849
0.427000000000000213,-2.386159694925788610
0.428000000000000214,-2.377791774394514501
0.429000000000000214,-2.370840259123113913
0.430000000000000215,-2.365305110550983247
0.431000000000000216,-2.361184361174879509
0.432000000000000217,-2.358474178075018024
0.433000000000000218,-2.357168926686115107
0.434000000000000219,-2.357261234705014807
0.435000000000000220,-2.358742056031260415
0.436000000000000221,-2.361600734641769783
0.437000000000000222,-2.365825068305577705
0.438000000000000222,-2.371401372049202205
0.439000000000000223,-2.378314541287985140
0.440000000000000224,-2.386548114542963450
0.441000000000000225,-2.396084335667705290
0.442000000000000226,-2.406904215513673062
0.443000000000000227,-2.418987592966884481
0.444000000000000228,-2.432313195293262620
0.445000000000000229,-2.446858697733599541
0.446000000000000230,-2.462600782293488777
0.447000000000000230,-2.479515195677296724
0.448000000000000231,-2.497576806319045772
0.449000000000000232,-2.516759660466721726
0.450000000000000233,-2.537037037280178264
0.451000000000000234,-2.558381502906160954
0.452000000000000235,-2.580764963497379938
0.453000000000000236,-2.604158717145633961
0.454000000000000237,-2.628533504702439849
0.455000000000000238,-2.653859559463119133
0.456000000000000238,-2.680106655693616169
0.457000000000000239,-2.707244155981851197
0.458000000000000240,-2.735241057398101194
0.459000000000000241,-2.764066036451483743
0.460000000000000242,-2.793687492832050978
0.461000000000000243,-2.824073591930248650
0.462000000000000244,-2.855192306127883217
0.463000000000000245,-2.887011454856497572
0.464000000000000246,-2.919498743421655718
0.465000000000000246,-2.952621800592848622
0.466000000000000247,-2.986348214961099590
0.467000000000000248,-3.020645570067791663
0.468000000000000249,-3.055481478309844068
0.469000000000000250,-3.090823613628094879
0.470000000000000251,-3.126639742986901283
0.471000000000000252,-3.162897756654480919
0.472000000000000253,-3.199565697294963318
0.473000000000000254,-3.236611787883739932
0.474000000000000254,-3.274004458459498945
0.475000000000000255,-3.311712371726795112
0.476000000000000256,-3.349704447524312290
0.477000000000000257,-3.387949886174602909
0.478000000000000258,-3.426418190732135827
0.479000000000000259,-3.465079188146970690
0.480000000000000260,-3.503903049362272704
0.481000000000000261,-3.542860308364372379
0.482000000000000262,-3.581921880204619324
0.483000000000000262,-3.621059078012922150
0.484000000000000263,-3.660243629023028689
0.485000000000000264,-3.699447689630331659
0.486000000000000265,-3.738643859503074651
0.487000000000000266,-3.777805194768137476
0.488000000000000267,-3.816905220293004053
0.489000000000000268,-3.855917941085530654
0.490000000000000269,-3.894817852833328597
0.491000000000000270,-3.933579951604812663
0.492000000000000270,-3.972179742733832342
0.493000000000000271,-4.010593248910118369
0.494000000000000272,-4.048797017497465234
0.495000000000000273,-4.086768127101944259
0.496000000000000274,-4.124484193411946720
0.497000000000000275,-4.161923374332138437
0.498000000000000276,-4.199064374433203461
0.499000000000000277,-4.235886448738911625
0.500000000000000222,-4.272369405872264991
0.501000000000000334,-4.308493610581988875
0.502000000000000224,-4.344239985670517612
0.503000000000000336,-4.379590013344595079
0.504000000000000226,-4.414525736009019319
0.505000000000000338,-4.449029756524216950
0.506000000000000227,-4.483085237947655344
0.507000000000000339,-4.516675902779273777
0.508000000000000229,-4.549786031730283398
0.509000000000000341,-4.582400462034994959
0.510000000000000231,-4.614504585324421093
0.511000000000000343,-4.646084345080598865
0.512000000000000233,-4.677126233689754109
0.513000000000000345,-4.707617289112606684
0.514000000000000234,-4.737545091189291568
0.515000000000000346,-4.766897757596357366
0.516000000000000236,-4.795663939472709636
0.517000000000000348,-4.823832816731269624
0.518000000000000238,-4.851394093072409319
0.519000000000000350,-4.878337990715270855
0.520000000000000240,-4.904655244862182073
0.521000000000000352,-4.930337097911715816
0.522000000000000242,-4.955375293434687300
0.523000000000000353,-4.979762069927994084
0.524000000000000243,-5.003490154359806041
0.525000000000000355,-5.026552755520272697
0.526000000000000245,-5.048943557190578524
0.527000000000000357,-5.070656711143612938
0.528000000000000247,-5.091686829988541163
0.529000000000000359,-5.112028979871668710
0.530000000000000249,-5.131678673045271921
0.531000000000000361,-5.150631860315945332
0.532000000000000250,-5.168884923383521901
0.533000000000000362,-5.186434667081435634
0.534000000000000252,-5.203278311528670486
0.535000000000000364,-5.219413484203799136
0.536000000000000254,-5.234838211950377129
0.537000000000000366,-5.249550912923404589
0.538000000000000256,-5.263550388485811915
0.539000000000000368,-5.276835815063705581
0.540000000000000258,-5.289406735968814388
0.541000000000000369,-5.301263053196282549
0.542000000000000259,-5.312405019205515444
0.543000000000000371,-5.322833228691708385
0.544000000000000261,-5.332548610355130947
0.545000000000000373,-5.341552418675216352
0.546000000000000263,-5.349846225695946700
0.547000000000000375,-5.357431912828962695
0.548000000000000265,-5.364311662680497861
0.549000000000000377,-5.370487950907824271
0.550000000000000266,-5.375963538110918094
0.551000000000000378,-5.380741461764485756
0.552000000000000268,-5.384825028195463936
0.553000000000000380,-5.388217804610813566
0.554000000000000270,-5.390923611180102881
0.555000000000000382,-5.392946513177208523
0.556000000000000272,-5.394290813185361522
0.557000000000000384,-5.394961043369153053
0.558000000000000274,-5.394961957817533182
0.559000000000000385,-5.394298524960865926
0.560000000000000275,-5.392975920065643081
0.561000000000000387,-5.390999517809684782
0.562000000000000277,-5.388374884940761333
0.563000000000000389,-5.385107773021406530
0.564000000000000279,-5.381204111262266387
0.565000000000000391,-5.376669999446452408
0.566000000000000281,-5.371511700946964396
0.567000000000000393,-5.365735635839233630
0.568000000000000282,-5.359348374110603608
0.569000000000000394,-5.352356628968417240
0.570000000000000284,-5.344767250248256829
0.571000000000000396,-5.336587217923758786
0.572000000000000286,-5.327823635719215467
0.573000000000000398,-5.318483724826064574
0.574000000000000288,-5.308574817724339923
0.575000000000000400,-5.298104352109874959
0.576000000000000290,-5.287079864928024620
0.577000000000000401,-5.275508986514568122
0.578000000000000291,-5.263399434844261648
0.579000000000000403,-5.250759009887504547
0.580000000000000293,-5.237595588075420139
0.581000000000000405,-5.223917116873505684
0.582000000000000295,-5.209731609464101965
0.583000000000000407,-5.195047139537580350
0.584000000000000297,-5.179871836192231349
0.585000000000000409,-5.164213878942775615
0.586000000000000298,-5.148081492837213169
0.587000000000000410,-5.131482943681708875
0.588000000000000300,-5.114426533373231720
0.589000000000000412,-5.096920595339384796
0.590000000000000302,-5.078973490085054721
0.591000000000000414,-5.060593600845235684
0.592000000000000304,-5.041789329343473902
0.593000000000000416,-5.022569091655110896
0.594000000000000306,-5.002941314174835341
0.595000000000000417,-4.982914429687509639
0.596000000000000307,-4.962496873541629050
0.597000000000000419,-4.941697079924425751
0.598000000000000309,-4.920523478237790904
0.599000000000000421,-4.898984489573939172
0.600000000000000311,-4.877088523289993205
0.601000000000000423,-4.854843973680283753
0.602000000000000313,-4.832259216745424801
0.603000000000000425,-4.809342607057009999
0.604000000000000314,-4.786102474716889432
0.605000000000000426,-4.762547122409731770
0.606000000000000316,-4.738684822547895692
0.607000000000000428,-4.714523814507234789
0.608000000000000318,-4.690072301952810108
0.609000000000000430,-4.665338450253036839
0.610000000000000320,-4.640330383981328133
0.611000000000000432,-4.615056184503633752
0.612000000000000322,-4.589523887650917899
0.613000000000000433,-4.563741481475018347
0.614000000000000323,-4.537716904086787295
0.615000000000000435,-4.511458041575087563
0.616000000000000325,-4.484972726005372223
0.617000000000000437,-4.458268733496515424
0.618000000000000327,-4.431353782374612749
0.619000000000000439,-4.404235531402284742
0.620000000000000329,-4.376921578082361819
0.621000000000000441,-4.349419457034395364
0.622000000000000330,-4.321736638442837730
0.623000000000000442,-4.293880526575422962
0.624000000000000332,-4.265858458370510142
0.625000000000000444,-4.237677702091979803
0.626000000000000334,-4.209345456050462175
0.627000000000000446,-4.180868847389406895
0.628000000000000336,-4.152254930934860866
0.629000000000000448,-4.123510688107510092
0.630000000000000338,-4.094643025895749133
0.631000000000000449,-4.065658775888408627
0.632000000000000339,-4.036564693365965795
0.633000000000000451,-4.007367456448788445
0.634000000000000341,-3.978073665301329331
0.635000000000000453,-3.948689841390835120
0.636000000000000343,-3.919222426799443326
0.637000000000000455,-3.889677783588312732
0.638000000000000345,-3.860062193212714821
0.639000000000000457,-3.830381855986594530
0.640000000000000346,-3.800642890595778312
0.641000000000000458,-3.770851333658184590
0.642000000000000348,-3.741013139330304771
0.643000000000000460,-3.711134178958359620
0.644000000000000350,-3.681220240773358743
0.645000000000000462,-3.651277029628559490
0.646000000000000352,-3.621310166778548556
0.647000000000000464,-3.591325189698468812
0.648000000000000353,-3.561327551942688352
0.649000000000000465,-3.531322623041366349
0.650000000000000355,-3.501315688434331719
0.651000000000000467,-3.471311949440756273
0.652000000000000357,-3.441316523263987737
0.653000000000000469,-3.411334443030134445
0.654000000000000359,-3.381370657859767981
0.655000000000000471,-3.351430032971384865
0.656000000000000361,-3.321517349815972242
0.657000000000000473,-3.291637306241400385
0.658000000000000362,-3.261794516685998069
0.659000000000000474,-3.231993512400102908
0.660000000000000364,-3.202238741694906743
0.661000000000000476,-3.172534570217427685
0.662000000000000366,-3.142885281251029284
0.663000000000000478,-3.113295076040309084
0.664000000000000368,-3.083768074139747295
0.665000000000000480,-3.054308313785106144
0.666000000000000369,-3.024919752286836960
0.667000000000000481,-2.995606266444659216
0.668000000000000371,-2.966371652982535245
0.669000000000000483,-2.937219629003171129
0.670000000000000373,-2.908153832461495281
0.671000000000000485,-2.879177822656012076
0.672000000000000375,-2.850295080737737408
0.673000000000000487,-2.821509010235547343
0.674000000000000377,-2.792822937597604582
0.675000000000000488,-2.764240112747874623
0.676000000000000378,-2.735763709657352827
0.677000000000000490,-2.707396826929042266
0.678000000000000380,-2.679142488396242250
0.679000000000000492,-2.651003643733418347
0.680000000000000382,-2.622983169079103227
0.681000000000000494,-2.595083867670096467
0.682000000000000384,-2.567308470486580951
0.683000000000000496,-2.539659636907298790
0.684000000000000385,-2.512139955374512290
0.685000000000000497,-2.484751944067954632
0.686000000000000387,-2.457498051587433618
0.687000000000000499,-2.430380657643338882
0.688000000000000389,-2.403402073754830059
0.689000000000000501,-2.376564543954860387
0.690000000000000391,-2.349870245501892718
0.691000000000000503,-2.323321289597550354
0.692000000000000393,-2.296919722109933559
0.693000000000000504,-2.270667524302008911
0.694000000000000394,-2.244566613564785040
0.695000000000000506,-2.218618844154645053
0.696000000000000396,-2.192826007934630450
0.697000000000000508,-2.167189835119121888
0.698000000000000398,-2.141711995021609471
0.699000000000000510,-2.116394096805064517
0.700000000000000400,-2.091237690234720503
0.701000000000000512,-2.066244266432653465
0.702000000000000401,-2.041415258634083241
0.703000000000000513,-2.016752042944814249
0.704000000000000403,-1.992255939099644380
0.705000000000000515,-1.967928211221319001
0.706000000000000405,-1.943770068579834698
0.707000000000000517,-1.919782666351633527
0.708000000000000407,-1.895967106378529277
0.709000000000000519,-1.872324437926042418
0.710000000000000409,-1.848855658440828220
0.711000000000000520,-1.825561714306964678
0.712000000000000410,-1.802443501600889508
0.713000000000000522,-1.779501866844609648
0.714000000000000412,-1.756737607757114406
0.715000000000000524,-1.734151474003598370
0.716000000000000414,-1.711744167942384154
0.717000000000000526,-1.689516345369241890
0.718000000000000416,-1.667468616259027980
0.719000000000000528,-1.645601545504221663
0.720000000000000417,-1.623915653650441326
0.721000000000000529,-1.602411417628517354
0.722000000000000419,-1.581089271483086645
0.723000000000000531,-1.559949607097442126
0.724000000000000421,-1.538992774914595740
0.725000000000000533,-1.518219084654215401
0.726000000000000423,-1.497628806025506076
0.727000000000000535,-1.477222169435647769
0.728000000000000425,-1.456999366693874531
0.729000000000000536,-1.436960551710898093
0.730000000000000426,-1.417105841193658566
0.731000000000000538,-1.397435315335163519
0.732000000000000428,-1.377949018499456280
0.733000000000000540,-1.358646959901437024
0.734000000000000430,-1.339529114281562183
0.735000000000000542,-1.320595422575230993
0.736000000000000432,-1.301845792576857175
0.737000000000000544,-1.283280099598394397
0.738000000000000433,-1.264898187122428963
0.739000000000000545,-1.246699867449536869
0.740000000000000435,-1.228684922340035124
0.741000000000000547,-1.210853103649907059
0.742000000000000437,-1.193204133960919400
0.743000000000000549,-1.175737707204811189
0.744000000000000439,-1.158453489281579429
0.745000000000000551,-1.141351118671674048
0.746000000000000441,-1.124430207042229402
0.747000000000000552,-1.107690339847106520
0.748000000000000442,-1.091131076920828002
0.749000000000000554,-1.074751953066330090
0.750000000000000444,-1.058552478636473060
0.751000000000000556,-1.042532140109290628
0.752000000000000446,-1.026690400657010116
0.753000000000000558,-1.011026700708681059
0.754000000000000448,-0.995540458506558479
0.755000000000000560,-0.980231070656083170
0.756000000000000449,-0.965097912669525826
0.757000000000000561,-0.950140339503220188
0.758000000000000451,-0.935357686088477913
0.759000000000000563,-0.920749267856028175
0.760000000000000453,-0.906314381254098800
0.761000000000000565,-0.892052304260113949
0.762000000000000455,-0.877962296885945626
0.763000000000000567,-0.864043601676797834
0.764000000000000457,-0.850295444203702511
0.765000000000000568,-0.836717033549592371
0.766000000000000458,-0.823307562789027059
0.767000000000000570,-0.810066209461550057
0.768000000000000460,-0.796992136038686905
0.769000000000000572,-0.784084490384603372
0.770000000000000462,-0.771342406210456355
0.771000000000000574,-0.758765003522412163
0.772000000000000464,-0.746351389063438453
0.773000000000000576,-0.734100656748775560
0.774000000000000465,-0.722011888095230647
0.775000000000000577,-0.710084152644216871
0.776000000000000467,-0.698316508378652001
0.777000000000000579,-0.686708002133654571
0.778000000000000469,-0.675257670001181753
0.779000000000000581,-0.663964537728514270
0.780000000000000471,-0.652827621110724010
0.781000000000000583,-0.641845926377079379
0.782000000000000473,-0.631018450571511291
0.783000000000000584,-0.620344181927066640
0.784000000000000474,-0.609822100234491238
0.785000000000000586,-0.599451177204903596
0.786000000000000476,-0.589230376826638147
0.787000000000000588,-0.579158655716290660
0.788000000000000478,-0.569234963464012256
0.789000000000000590,-0.559458242973047137
0.790000000000000480,-0.549827430793666472
0.791000000000000592,-0.540341457451369189
0.792000000000000481,-0.530999247769612825
0.793000000000000593,-0.521799721186892773
0.794000000000000483,-0.512741792068385438
0.795000000000000595,-0.503824370012133760
0.796000000000000485,-0.495046360149799025
0.797000000000000597,-0.486406663442073117
0.798000000000000487,-0.477904176968793226
0.799000000000000599,-0.469537794213744974
0.800000000000000488,-0.461306405344308668
0.801000000000000600,-0.453208897485888662
0.802000000000000490,-0.445244154991259244
0.803000000000000602,-0.437411059704819027
0.804000000000000492,-0.429708491221846678
0.805000000000000604,-0.422135327142758865
0.806000000000000494,-0.414690443322484892
0.807000000000000606,-0.407372714114955237
0.808000000000000496,-0.400181012612753961
0.809000000000000608,-0.393114210882039683
0.810000000000000497,-0.386171180192732055
0.811000000000000609,-0.379350791244024488
0.812000000000000499,-0.372651914385306759
0.813000000000000611,-0.366073419832499469
0.814000000000000501,-0.359614177879902519
0.815000000000000613,-0.353273059107558629
0.816000000000000503,-0.347048934584230140
0.817000000000000615,-0.340940676066004089
0.818000000000000504,-0.334947156190600503
0.819000000000000616,-0.329067248667420653
0.820000000000000506,-0.323299828463391448
0.821000000000000618,-0.317643771984665702
0.822000000000000508,-0.312097957254212743
0.823000000000000620,-0.306661264085366481
0.824000000000000510,-0.301332574251355456
0.825000000000000622,-0.296110771650931526
0.826000000000000512,-0.290994742470031487
0.827000000000000624,-0.285983375339653789
0.828000000000000513,-0.281075561489898318
0.829000000000000625,-0.276270194900288868
0.830000000000000515,-0.271566172446371268
0.831000000000000627,-0.266962394042681350
0.832000000000000517,-0.262457762782098925
0.833000000000000629,-0.258051185071682176
0.834000000000000519,-0.253741570764973445
0.835000000000000631,-0.249527833290853346
0.836000000000000520,-0.245408889779022393
0.837000000000000632,-0.241383661182096476
0.838000000000000522,-0.237451072394401747
0.839000000000000634,-0.233610052367523024
0.840000000000000524,-0.229859534222637718
0.841000000000000636,-0.226198455359664152
0.842000000000000526,-0.222625757563326421
0.843000000000000638,-0.219140387106110390
0.844000000000000528,-0.215741294848222409
0.845000000000000639,-0.212427436334555159
0.846000000000000529,-0.209197771888719908
0.847000000000000641,-0.206051266704190106
0.848000000000000531,-0.202986890932599057
0.849000000000000643,-0.200003619769243551
0.850000000000000533,-0.197100433535823572
0.851000000000000645,-0.194276317760454287
0.852000000000000535,-0.191530263255062005
0.853000000000000647,-0.188861266190068572
0.854000000000000536,-0.186268328166583980
0.855000000000000648,-0.183750456285981079
0.856000000000000538,-0.181306663217014302
0.857000000000000650,-0.178935967260463624
0.858000000000000540,-0.176637392411360228
0.859000000000000652,-0.174409968418842848
0.860000000000000542,-0.172252730843663493
0.861000000000000654,-0.170164721113413103
0.862000000000000544,-0.168144986575481437
0.863000000000000655,-0.166192580547782603
0.864000000000000545,-0.164306562367333042
0.865000000000000657,-0.162485997436663032
0.866000000000000547,-0.160729957268135826
0.867000000000000659,-0.159037519526179894
0.868000000000000549,-0.157407768067536313
0.869000000000000661,-0.155839792979466152
0.870000000000000551,-0.154332690616027446
0.871000000000000663,-0.152885563632421451
0.872000000000000552,-0.151497521017471243
0.873000000000000664,-0.150167678124223214
0.874000000000000554,-0.148895156698758718
0.875000000000000666,-0.147679084907213320
0.876000000000000556,-0.146518597361053521
0.877000000000000668,-0.145412835140626806
0.878000000000000558,-0.144360945817059494
0.879000000000000670,-0.143362083472484830
0.880000000000000560,-0.142415408718654213
0.881000000000000671,-0.141520088713991410
0.882000000000000561,-0.140675297179058356
0.883000000000000673,-0.139880214410535469
0.884000000000000563,-0.139134027293697338
0.885000000000000675,-0.138435929313417277
0.886000000000000565,-0.137785120563768543
0.887000000000000677,-0.137180807756208278
0.888000000000000567,-0.136622204226399119
0.889000000000000679,-0.136108529939683864
0.890000000000000568,-0.135639011495253786
0.891000000000000680,-0.135212882129032208
0.892000000000000570,-0.134829381715295682
0.893000000000000682,-0.134487756767066452
0.894000000000000572,-0.134187260435315980
0.895000000000000684,-0.133927152506968211
0.896000000000000574,-0.133706699401788476
0.897000000000000686,-0.133525174168102806
0.898000000000000576,-0.133381856477464811
0.899000000000000687,-0.133276032618224599
0.900000000000000577,-0.133206995488058449
0.901000000000000689,-0.133174044585460172
0.902000000000000579,-0.133176486000263827
0.903000000000000691,-0.133213632403160531
0.904000000000000581,-0.133284803034279087
0.905000000000000693,-0.133389323690844441
0.906000000000000583,-0.133526526713911770
0.907000000000000695,-0.133695750974219374
0.908000000000000584,-0.133896341857204060
0.909000000000000696,-0.134127651247151342
0.910000000000000586,-0.134389037510532078
0.911000000000000698,-0.134679865478563809
0.912000000000000588,-0.134999506428958388
0.913000000000000700,-0.135347338066951595
0.914000000000000590,-0.135722744505567400
0.915000000000000702,-0.136125116245183919
0.916000000000000592,-0.136553850152409118
0.917000000000000703,-0.137008349438252047
0.918000000000000593,-0.137488023635672862
0.919000000000000705,-0.137992288576457928
0.920000000000000595,-0.138520566367506454
0.921000000000000707,-0.139072285366480114
0.922000000000000597,-0.139646880156913122
0.923000000000000709,-0.140243791522699723
0.924000000000000599,-0.140862466422079363
0.925000000000000711,-0.141502357961066222
0.926000000000000600,-0.142162925366350418
0.927000000000000712,-0.142843633957734001
0.928000000000000602,-0.143543955120043198
0.929000000000000714,-0.144263366274600985
0.930000000000000604,-0.145001350850234412
0.931000000000000716,-0.145757398253835962
0.932000000000000606,-0.146531003840516399
0.933000000000000718,-0.147321668883360513
0.934000000000000608,-0.148128900542740166
0.935000000000000719,-0.148952211835304521
0.936000000000000609,-0.149791121602576849
0.937000000000000721,-0.150645154479201154
0.938000000000000611,-0.151513840860846349
0.939000000000000723,-0.152396716871803256
0.940000000000000613,-0.153293324332249903
0.941000000000000725,-0.154203210725227441
0.942000000000000615,-0.155125929163327847
0.943000000000000727,-0.156061038355106402
0.944000000000000616,-0.157008102571233293
0.945000000000000728,-0.157966691610387344
0.946000000000000618,-0.158936380764928803
0.947000000000000730,-0.159916750786310402
0.948000000000000620,-0.160907387850321493
0.949000000000000732,-0.161907883522072138
0.950000000000000622,-0.162917834720833127
0.951000000000000734,-0.163936843684649697
0.952000000000000624,-0.164964517934804294
0.953000000000000735,-0.166000470240121933
0.954000000000000625,-0.167044318581094836
0.955000000000000737,-0.168095686113890946
0.956000000000000627,-0.169154201134210258
0.957000000000000739,-0.170219497041022266
0.958000000000000629,-0.171291212300192480
0.959000000000000741,-0.172368990407985340
0.960000000000000631,-0.173452479854498437
0.961000000000000743,-0.174541334086970201
0.962000000000000632,-0.175635211473028685
0.963000000000000744,-0.176733775263882509
0.964000000000000634,-0.177836693557402142
0.965000000000000746,-0.178943639261184895
0.966000000000000636,-0.180054290055556454
0.967000000000000748,-0.181168328356530045
0.968000000000000638,-0.182285441278721233
0.969000000000000750,-0.183405320598269750
0.970000000000000639,-0.184527662715693291
0.971000000000000751,-0.185652168618773705
0.972000000000000641,-0.186778543845399103
0.973000000000000753,-0.187906498446434950
0.974000000000000643,-0.189035746948595124
0.975000000000000755,-0.190166008317311397
0.976000000000000645,-0.191297005919635554
0.977000000000000757,-0.192428467487171517
0.978000000000000647,-0.193560125079024065
0.979000000000000759,-0.194691715044797264
0.980000000000000648,-0.195822977987628682
0.981000000000000760,-0.196953658727272746
0.982000000000000650,-0.198083506263237730
0.983000000000000762,-0.199212273737992718
0.984000000000000652,-0.200339718400206424
0.985000000000000764,-0.201465601568100838
0.986000000000000654,-0.202589688592831718
0.987000000000000766,-0.203711748821989364
0.988000000000000655,-0.204831555563147305
0.989000000000000767,-0.205948886047520124
0.990000000000000657,-0.207063521393700961
0.991000000000000769,-0.208175246571506156
0.992000000000000659,-0.209283850365909269
0.993000000000000771,-0.210389125341089944
0.994000000000000661,-0.211490867804572019
0.995000000000000773,-0.212588877771497042
0.996000000000000663,-0.213682958929001243
0.997000000000000774,-0.214772918600698498
0.998000000000000664,-0.215858567711319033
0.999000000000000776,-0.216939720751437276
1.000000000000000666,-0.218016195742353147
1.001000000000000778,-0.219087814201099018
1.002000000000000668,-0.220154401105582431
1.003000000000000780,-0.221215784859854991
1.004000000000000670,-0.222271797259541298
1.005000000000000782,-0.223322273457407544
1.006000000000000671,-0.224367051929071248
1.007000000000000783,-0.225405974438851686
1.008000000000000673,-0.226438886005794343
1.009000000000000785,-0.227465634869838673
1.010000000000000675,-0.228486072458132849
1.011000000000000787,-0.229500053351528732
1.012000000000000677,-0.230507435251217474
1.013000000000000789,-0.231508078945536155
1.014000000000000679,-0.232501848276955470
1.015000000000000790,-0.233488610109201161
1.016000000000000680,-0.234468234294579331
1.017000000000000792,-0.235440593641448093
1.018000000000000682,-0.236405563881877695
1.019000000000000794,-0.237363023639479198
1.020000000000000684,-0.238312854397406737
1.021000000000000796,-0.239254940466540861
1.022000000000000686,-0.240189168953858362
1.023000000000000798,-0.241115429730961062
1.024000000000000687,-0.242033615402814511
1.025000000000000799,-0.242943621276657279
1.026000000000000689,-0.243845345331075464
1.027000000000000801,-0.244738688185312692
1.028000000000000691,-0.245623553068707867
1.029000000000000803,-0.246499845790359412
1.030000000000000693,-0.247367474708984153
1.031000000000000805,-0.248226350702924620
1.032000000000000695,-0.249076387140381883
1.033000000000000806,-0.249917499849852176
1.034000000000000696,-0.250749607090701376
1.035000000000000808,-0.251572629523992286
1.036000000000000698,-0.252386490183468815
1.037000000000000810,-0.253191114446747856
1.038000000000000700,-0.253986430006708619
1.039000000000000812,-0.254772366843067088
1.040000000000000702,-0.255548857194159873
1.041000000000000814,-0.256315835528915292
1.042000000000000703,-0.257073238519023139
1.043000000000000815,-0.257821005011303561
1.044000000000000705,-0.258559076000281496
1.045000000000000817,-0.259287394600929366
1.046000000000000707,-0.260005906021661737
1.047000000000000819,-0.260714557537463865
1.048000000000000709,-0.261413298463278876
1.049000000000000821,-0.262102080127548820
1.050000000000000711,-0.262780855845976324
1.051000000000000822,-0.263449580895484092
1.052000000000000712,-0.264108212488373684
1.053000000000000824,-0.264756709746669094
1.054000000000000714,-0.265395033676679382
1.055000000000000826,-0.266023147143748862
1.056000000000000716,-0.266641014847203817
1.057000000000000828,-0.267248603295510645
1.058000000000000718,-0.267845880781611867
1.059000000000000830,-0.268432817358487730
1.060000000000000719,-0.269009384814888342
1.061000000000000831,-0.269575556651273973
1.062000000000000721,-0.270131308055967523
1.063000000000000833,-0.270676615881474958
1.064000000000000723,-0.271211458621040902
1.065000000000000835,-0.271735816385344997
1.066000000000000725,-0.272249670879459615
1.067000000000000837,-0.272753005379954172
1.068000000000000727,-0.273245804712216489
1.069000000000000838,-0.273728055227966283
1.070000000000000728,-0.274199744782946453
1.071000000000000840,-0.274660862714846910
1.072000000000000730,-0.275111399821375446
1.073000000000000842,-0.275551348338548774
1.074000000000000732,-0.275980701919174232
1.075000000000000844,-0.276399455611520017
1.076000000000000734,-0.276807605838158999
1.077000000000000846,-0.277205150375040177
1.078000000000000735,-0.277592088330706144
1.079000000000000847,-0.277968420125743243
1.080000000000000737,-0.278334147472379612
1.081000000000000849,-0.278689273354301215
1.082000000000000739,-0.279033802006634302
1.083000000000000851,-0.279367738896130979
1.084000000000000741,-0.279691090701528589
1.085000000000000853,-0.280003865294091991
1.086000000000000743,-0.280306071718352756
1.087000000000000854,-0.280597720173016429
1.088000000000000744,-0.280878821992070371
1.089000000000000856,-0.281149389626044299
1.090000000000000746,-0.281409436623486442
1.091000000000000858,-0.281658977612598449
1.092000000000000748,-0.281898028283037005
1.093000000000000860,-0.282126605367939598
1.094000000000000750,-0.282344726626074072
1.095000000000000862,-0.282552410824196742
1.096000000000000751,-0.282749677719575765
1.097000000000000863,-0.282936548042699076
1.098000000000000753,-0.283113043480136439
1.099000000000000865,-0.283279186657600657
1.100000000000000755,-0.283435001123152619
1.101000000000000867,-0.283580511330594864
1.102000000000000757,-0.283715742623046885
1.103000000000000869,-0.283840721216649161
1.104000000000000759,-0.283955474184477030
1.105000000000000870,-0.284060029440607598
1.106000000000000760,-0.284154415724338583
1.107000000000000872,-0.284238662584599067
1.108000000000000762,-0.284312800364493412
1.109000000000000874,-0.284376860186049130
1.110000000000000764,-0.284430873935080153
1.111000000000000876,-0.284474874246248732
1.112000000000000766,-0.284508894488274877
1.113000000000000878,-0.284532968749293458
1.114000000000000767,-0.284547131822396715
1.115000000000000879,-0.284551419191304167
1.116000000000000769,-0.284545867016209597
1.117000000000000881,-0.284530512119784917
1.118000000000000771,-0.284505391973322141
1.119000000000000883,-0.284470544683029014
1.120000000000000773,-0.284426008976503386
1.121000000000000885,-0.284371824189336153
1.122000000000000774,-0.284308030251862631
1.123000000000000886,-0.284234667676071084
1.124000000000000776,-0.284151777542672901
1.125000000000000888,-0.284059401488288787
1.126000000000000778,-0.283957581692806271
1.127000000000000890,-0.283846360866876535
1.128000000000000780,-0.283725782239549307
1.129000000000000892,-0.283595889546061686
1.130000000000000782,-0.283456727015749865
1.131000000000000894,-0.283308339360132888
1.132000000000000783,-0.283150771761106257
1.133000000000000895,-0.282984069859291698
1.134000000000000785,-0.282808279742516433
1.135000000000000897,-0.282623447934440164
1.136000000000000787,-0.282429621383302076
1.137000000000000899,-0.282226847450821994
1.138000000000000789,-0.282015173901221328
1.139000000000000901,-0.281794648890376753
1.140000000000000790,-0.281565320955117659
1.141000000000000902,-0.281327239002644502
1.142000000000000792,-0.281080452300074668
1.143000000000000904,-0.280825010464133884
1.144000000000000794,-0.280560963450946943
1.145000000000000906,-0.280288361545990461
1.146000000000000796,-0.280007255354137674
1.147000000000000908,-0.279717695789852727
1.148000000000000798,-0.279419734067495484
1.149000000000000909,-0.279113421691753905
1.150000000000000799,-0.278798810448199597
1.151000000000000911,-0.278475952393953341
1.152000000000000801,-0.278144899848492888
1.153000000000000913,-0.277805705384554180
1.154000000000000803,-0.277458421819161860
1.155000000000000915,-0.277103102204780682
1.156000000000000805,-0.276739799820585497
1.157000000000000917,-0.276368568163818273
1.158000000000000806,-0.275989460941303832
1.159000000000000918,-0.275602532061037742
1.160000000000000808,-0.275207835623906605
1.161000000000000920,-0.274805425915515544
1.162000000000000810,-0.274395357398130368
1.163000000000000922,-0.273977684702717383
1.164000000000000812,-0.273552462621095782
1.165000000000000924,-0.273119746098209493
1.166000000000000814,-0.272679590224484625
1.167000000000000925,-0.272232050228301881
1.168000000000000815,-0.271777181468580653
1.169000000000000927,-0.271315039427455273
1.170000000000000817,-0.270845679703053843
1.171000000000000929,-0.270369158002384091
1.172000000000000819,-0.269885530134320040
1.173000000000000931,-0.269394852002684371
1.174000000000000821,-0.268897179599430936
1.175000000000000933,-0.268392568997924075
1.176000000000000822,-0.267881076346317248
1.177000000000000934,-0.267362757861017819
1.178000000000000824,-0.266837669820268519
1.179000000000000936,-0.266305868557800529
1.180000000000000826,-0.265767410456590192
1.181000000000000938,-0.265222351942705992
1.182000000000000828,-0.264670749479251788
1.183000000000000940,-0.264112659560389762
1.184000000000000830,-0.263548138705460344
1.185000000000000941,-0.262977243453196230
1.186000000000000831,-0.262400030356014391
1.187000000000000943,-0.261816555974399068
1.188000000000000833,-0.261226876871368086
1.189000000000000945,-0.260631049607035759
1.190000000000000835,-0.260029130733245184
1.191000000000000947,-0.259421176788291352
1.192000000000000837,-0.258807244291733518
1.193000000000000949,-0.258187389739273798
1.194000000000000838,-0.257561669597732634
1.195000000000000950,-0.256930140300097920
1.196000000000000840,-0.256292858240653842
1.197000000000000952,-0.255649879770181276
1.198000000000000842,-0.255001261191261097
1.199000000000000954,-0.254347058753617739
1.200000000000000844,-0.253687328649569444
1.201000000000000734,-0.253022127009542797
1.202000000000000846,-0.252351509897663973
1.203000000000000957,-0.251675533307409549
1.204000000000000847,-0.250994253157370339
1.205000000000000737,-0.250307725287027938
1.206000000000000849,-0.249616005452662104
1.207000000000000961,-0.248919149323294647
1.208000000000000851,-0.248217212476707527
1.209000000000000741,-0.247510250395540116
1.210000000000000853,-0.246798318463450850
1.211000000000000965,-0.246081471961338949
1.212000000000000854,-0.245359766063654117
1.213000000000000744,-0.244633255834741048
1.214000000000000856,-0.243901996225284773
1.215000000000000968,-0.243166042068792082
1.216000000000000858,-0.242425448078158301
1.217000000000000748,-0.241680268842281443
1.218000000000000860,-0.240930558822751634
1.219000000000000972,-0.240176372350599937
1.220000000000000862,-0.239417763623098384
1.221000000000000751,-0.238654786700636778
1.222000000000000863,-0.237887495503651181
1.223000000000000975,-0.237115943809611818
1.224000000000000865,-0.236340185250072082
1.225000000000000755,-0.235560273307770185
1.226000000000000867,-0.234776261313800694
1.227000000000000979,-0.233988202444834481
1.228000000000000869,-0.233196149720386187
1.229000000000000759,-0.232400156000160563
1.230000000000000870,-0.231600273981429294
1.231000000000000982,-0.230796556196475489
1.232000000000000872,-0.229989055010097143
1.233000000000000762,-0.229177822617142896
1.234000000000000874,-0.228362911040121380
1.235000000000000986,-0.227544372126858546
1.236000000000000876,-0.226722257548187006
1.237000000000000766,-0.225896618795717069
1.238000000000000878,-0.225067507179635834
1.239000000000000989,-0.224234973826552414
1.240000000000000879,-0.223399069677421902
1.241000000000000769,-0.222559845485473973
1.242000000000000881,-0.221717351814229330
1.243000000000000993,-0.220871639035534750
1.244000000000000883,-0.220022757327668600
1.245000000000000773,-0.219170756673463363
1.246000000000000885,-0.218315686858501362
1.247000000000000997,-0.217457597469346897
1.248000000000000886,-0.216596537891807994
1.249000000000000776,-0.215732557309257139
1.250000000000000888,-0.214865704701005189
1.251000000000001000,-0.213996028840685748
1.252000000000000890,-0.213123578294710014
1.253000000000000780,-0.212248401420750465
1.254000000000000892,-0.211370546366277889
1.255000000000001004,-0.210490061067116180
1.256000000000000894,-0.209606993246058165
1.257000000000000783,-0.208721390411516383
1.258000000000000895,-0.207833299856208770
1.259000000000001007,-0.206942768655880238
1.260000000000000897,-0.206049843668071248
1.261000000000000787,-0.205154571530919039
1.262000000000000899,-0.204256998661993039
1.263000000000001011,-0.203357171257175839
1.264000000000000901,-0.202455135289567323
1.265000000000000790,-0.201550936508438916
1.266000000000000902,-0.200644620438209215
1.267000000000001014,-0.199736232377466572
1.268000000000000904,-0.198825817398018551
1.269000000000000794,-0.197913420343972274
1.270000000000000906,-0.196999085830859177
1.271000000000001018,-0.196082858244784553
1.272000000000000908,-0.195164781741612198
1.273000000000000798,-0.194244900246171359
1.274000000000000909,-0.193323257451517766
1.275000000000001021,-0.192399896818205296
1.276000000000000911,-0.191474861573590810
1.277000000000000801,-0.190548194711185948
1.278000000000000913,-0.189619938990004039
1.279000000000001025,-0.188690136933993224
1.280000000000000915,-0.187758830831432577
1.281000000000000805,-0.186826062734401249
1.282000000000000917,-0.185891874458268463
1.283000000000001029,-0.184956307581195967
1.284000000000000918,-0.184019403443685781
1.285000000000000808,-0.183081203148144883
1.286000000000000920,-0.182141747558474482
1.287000000000001032,-0.181201077299701446
1.288000000000000922,-0.180259232757613880
1.289000000000000812,-0.179316254078434600
1.290000000000000924,-0.178372181168525101
1.291000000000001036,-0.177427053694096337
1.292000000000000925,-0.176480911080965169
1.293000000000000815,-0.175533792514315584
1.294000000000000927,-0.174585736938501407
1.295000000000001039,-0.173636783056852984
1.296000000000000929,-0.172686969331530688
1.297000000000000819,-0.171736333983375566
1.298000000000000931,-0.170784914991797848
1.299000000000001043,-0.169832750094694063
1.300000000000000933,-0.168879876788356253
1.301000000000000822,-0.167926332327445388
1.302000000000000934,-0.166972153724939426
1.303000000000001046,-0.166017377752151585
1.304000000000000936,-0.165062040938711185
1.305000000000000826,-0.164106179572625299
1.306000000000000938,-0.163149829700309945
1.307000000000001050,-0.162193027126672606
1.308000000000000940,-0.161235807415200882
1.309000000000000830,-0.160278205888071179
1.310000000000000941,-0.159320257626268530
1.311000000000001053,-0.158361997469747828
1.312000000000000943,-0.157403460017585151
1.313000000000000833,-0.156444679628167327
1.314000000000000945,-0.155485690419381706
1.315000000000001057,-0.154526526268840086
1.316000000000000947,-0.153567220814109506
1.317000000000000837,-0.152607807452958794
1.318000000000000949,-0.151648319343622967
1.319000000000001060,-0.150688789405091450
1.320000000000000950,-0.149729250317393758
1.321000000000000840,-0.148769734521921160
1.322000000000000952,-0.147810274221745891
1.323000000000001064,-0.146850901381978122
1.324000000000000954,-0.145891647730097634
1.325000000000000844,-0.144932544756349341
1.326000000000000956,-0.143973623714113541
1.327000000000001068,-0.143014915620313127
1.328000000000000957,-0.142056451255815619
1.329000000000000847,-0.141098261165872180
1.330000000000000959,-0.140140375660547600
1.331000000000001071,-0.139182824815170247
1.332000000000000961,-0.138225638470809015
1.333000000000000851,-0.137268846234736092
1.334000000000000963,-0.136312477480919902
1.335000000000001075,-0.135356561350533200
1.336000000000000965,-0.134401126752453276
1.337000000000000854,-0.133446202363795341
1.338000000000000966,-0.132491816630446152
1.339000000000001078,-0.131537997767606052
1.340000000000000968,-0.130584773760353795
1.341000000000000858,-0.129632172364202269
1.342000000000000970,-0.128680221105690079
1.343000000000001082,-0.127728947282963967
1.344000000000000972,-0.126778377966368372
1.345000000000000862,-0.125828539999077754
1.346000000000000973,-0.124879459997677647
1.347000000000001085,-0.123931164352834050
1.348000000000000975,-0.122983679229892479
1.349000000000000865,-0.122037030569544888
1.350000000000000977,-0.121091244088478003
1.351000000000001089,-0.120146345280035788
1.352000000000000979,-0.119202359414888409
1.353000000000000869,-0.118259311541717052
1.354000000000000981,-0.117317226487892223
1.355000000000001092,-0.116376128860183892
1.356000000000000982,-0.115436043045445677
1.357000000000000872,-0.114496993211340187
1.358000000000000984,-0.113559003307050793
1.359000000000001096,-0.112622097064012050
1.360000000000000986,-0.111686297996623468
1.361000000000000876,-0.110751629403022703
1.362000000000000988,-0.109818114365787298
1.363000000000001100,-0.108885775752734129
1.364000000000000989,-0.107954636217637859
1.365000000000000879,-0.107024718201015029
1.366000000000000991,-0.106096043930896042
1.367000000000001103,-0.105168635423594739
1.368000000000000993,-0.104242514484490484
1.369000000000000883,-0.103317702708825593
1.370000000000000995,-0.102394221482485254
1.371000000000001107,-0.101472091982810014
1.372000000000000997,-0.100551335179383569
1.373000000000000886,-0.099631971834864913
1.374000000000000998,-0.098714022505768328
1.375000000000001110,-0.097797507543322476
1.376000000000001000,-0.096882447094257335
1.377000000000000890,-0.095968861101653757
1.378000000000001002,-0.095056769305765038
1.379000000000001114,-0.094146191244857971
1.380000000000001004,-0.093237146256052589
1.381000000000000894,-0.092329653476155682
1.382000000000001005,-0.091423731842532760
1.383000000000001117,-0.090519400093928240
1.384000000000001007,-0.089616676771348422
1.385000000000000897,-0.088715580218899789
1.386000000000001009,-0.087816128584662659
1.387000000000001121,-0.086918339821551546
1.388000000000001011,-0.086022231688184125
1.389000000000000901,-0.085127821749747618
1.390000000000001013,-0.084235127378884084
1.391000000000001124,-0.083344165756552388
1.392000000000001014,-0.082454953872919928
1.393000000000000904,-0.081567508528234065
1.394000000000001016,-0.080681846333715793
1.395000000000001128,-0.079797983712435391
1.396000000000001018,-0.078915936900213451
1.397000000000000908,-0.078035721946499256
1.398000000000001020,-0.077157354715273629
1.399000000000001132,-0.076280850885933740
1.400000000000001021,-0.075406225954194800
1.401000000000000911,-0.074533495232994323
1.402000000000001023,-0.073662673853379074
1.403000000000001135,-0.072793776765410129
1.404000000000001025,-0.071926818739071294
1.405000000000000915,-0.071061814365170714
1.406000000000001027,-0.070198778056236005
1.407000000000001139,-0.069337724047439847
1.408000000000001029,-0.068478666397483984
1.409000000000000918,-0.067621618989529161
1.410000000000001030,-0.066766595532088718
1.411000000000001142,-0.065913609559942632
1.412000000000001032,-0.065062674435051898
1.413000000000000922,-0.064213803347469262
1.414000000000001034,-0.063367009316245476
1.415000000000001146,-0.062522305190342048
1.416000000000001036,-0.061679703649555814
1.417000000000000925,-0.060839217205416407
1.418000000000001037,-0.060000858202101326
1.419000000000001149,-0.059164638817363002
1.420000000000001039,-0.058330571063423396
1.421000000000000929,-0.057498666787907125
1.422000000000001041,-0.056668937674735867
1.423000000000001153,-0.055841395245050073
1.424000000000001043,-0.055016050858130425
1.425000000000000933,-0.054192915712293364
1.426000000000001044,-0.053372000845815684
1.427000000000001156,-0.052553317137840304
1.428000000000001046,-0.051736875309300531
1.429000000000000936,-0.050922685923812591
1.430000000000001048,-0.050110759388597256
1.431000000000001160,-0.049301105955386976
1.432000000000001050,-0.048493735721339110
1.433000000000000940,-0.047688658629938839
1.434000000000001052,-0.046885884471907821
1.435000000000001164,-0.046085422886114724
1.436000000000001053,-0.045287283360473600
1.437000000000000943,-0.044491475232858894
1.438000000000001055,-0.043698007692004333
1.439000000000001167,-0.042906889778398440
1.440000000000001057,-0.042118130385198918
1.441000000000000947,-0.041331738259124749
1.442000000000001059,-0.040547722001355778
1.443000000000001171,-0.039766090068437544
1.444000000000001060,-0.038986850773165327
1.445000000000000950,-0.038210012285490910
1.446000000000001062,-0.037435582633406891
1.447000000000001174,-0.036663569703850471
1.448000000000001064,-0.035893981243581244
1.449000000000000954,-0.035126824860076296
1.450000000000001066,-0.034362108022420318
1.451000000000001178,-0.033599838062188192
1.452000000000001068,-0.032840022174325738
1.453000000000000957,-0.032082667418035692
1.454000000000001069,-0.031327780717660264
1.455000000000001181,-0.030575368863557374
1.456000000000001071,-0.029825438512973652
1.457000000000000961,-0.029077996190930162
1.458000000000001073,-0.028333048291078310
1.459000000000001185,-0.027590601076588995
1.460000000000001075,-0.026850660681011641
1.461000000000000965,-0.026113233109139832
1.462000000000001076,-0.025378324237880133
1.463000000000001188,-0.024645939817113903
1.464000000000001078,-0.023916085470559685
1.465000000000000968,-0.023188766696626735
1.466000000000001080,-0.022463988869272790
1.467000000000001192,-0.021741757238859849
1.468000000000001082,-0.021022076933007720
1.469000000000000972,-0.020304952957434785
1.470000000000001084,-0.019590390196815338
1.471000000000001195,-0.018878393415617093
1.472000000000001085,-0.018168967258946067
1.473000000000000975,-0.017462116253386024
1.474000000000001087,-0.016757844807827844
1.475000000000001199,-0.016056157214327446
1.476000000000001089,-0.015357057648909846
1.477000000000000979,-0.014660550172416123
1.478000000000001091,-0.013966638731326341
1.479000000000001203,-0.013275327158579311
1.480000000000001092,-0.012586619174406798
1.481000000000000982,-0.011900518387140995
1.482000000000001094,-0.011217028294035761
1.483000000000001206,-0.010536152282081029
1.484000000000001096,-0.009857893628814767
1.485000000000000986,-0.009182255503126235
1.486000000000001098,-0.008509240966073903
1.487000000000001210,-0.007838852971676311
1.488000000000001100,-0.007171094367719373
1.489000000000000989,-0.006505967896545848
1.490000000000001101,-0.005843476195866939
1.491000000000001213,-0.005183621799537024
1.492000000000001103,-0.004526407138348974
1.493000000000000993,-0.003871834540826287
1.494000000000001105,-0.003219906233997131
1.495000000000001217,-0.002570624344177118
1.496000000000001107,-0.001923990897756678
1.497000000000000997,-0.001280007821961204
1.498000000000001108,-0.000638676945634954
1.499000000000001220,0.000000000000000000
