# SiO2-Quartz_VAL-AC
# h[nm],U(h)[kJ/mol]
0.149999999999999994,169.080240053889980345
0.150999999999999995,166.212332788619534085
0.151999999999999996,163.749379294552539932
0.152999999999999997,161.377270431552148011
0.153999999999999998,158.983119414401699032
0.154999999999999999,156.549779780741175728
0.156000000000000000,154.097709768337495007
0.157000000000000001,151.655323539503513075
0.158000000000000002,149.245821996771894646
0.159000000000000002,146.883028837065921834
0.160000000000000003,144.571714404421499012
0.161000000000000004,142.309785733424035925
0.162000000000000005,140.090910356719746233
0.163000000000000006,137.906866187870178919
0.164000000000000007,135.749334203602529669
0.165000000000000008,133.611084825723565928
0.166000000000000009,131.486625794948622570
0.167000000000000010,129.372426561374737730
0.168000000000000010,127.266842298113530774
0.169000000000000011,125.169848645005302501
0.170000000000000012,123.082677734630465238
0.171000000000000013,121.007423578856474933
0.172000000000000014,118.946664034452822989
0.173000000000000015,116.903128943067670775
0.174000000000000016,114.879430146431602111
0.175000000000000017,112.877858777787693612
0.176000000000000018,110.900248080396067962
0.177000000000000018,108.947895439913708060
0.178000000000000019,107.021534767714797454
0.179000000000000020,105.121349315510840938
0.180000000000000021,103.247014993614556033
0.181000000000000022,101.397764945531577041
0.182000000000000023,99.572467220272727673
0.183000000000000024,97.769708671979628889
0.184000000000000025,95.987879555087687322
0.185000000000000026,94.225254571532076397
0.186000000000000026,92.480067301255147072
0.187000000000000027,90.750575973636912863
0.188000000000000028,89.035119401127275296
0.189000000000000029,87.332162597268762738
0.190000000000000030,85.640332148799799938
0.191000000000000031,83.958441820599858829
0.192000000000000032,82.285509160753875335
0.193000000000000033,80.620764059782999311
0.194000000000000034,78.963650321526984044
0.195000000000000034,77.313821340427281825
0.196000000000000035,75.671130966455592670
0.197000000000000036,74.035620588082053928
0.198000000000000037,72.407503386851558957
0.199000000000000038,70.787146623741151075
0.200000000000000039,69.175052715076773779
0.201000000000000040,67.571839750327029606
0.202000000000000041,65.978222000070203990
0.203000000000000042,64.394990863133145353
0.204000000000000042,62.822996609595101347
0.205000000000000043,61.263131192481559140
0.206000000000000044,59.716312326320156956
0.207000000000000045,58.183468965564749453
0.208000000000000046,56.665528260097325131
0.209000000000000047,55.163404018187613076
0.210000000000000048,53.677986668837846196
0.211000000000000049,52.210134684645780112
0.212000000000000050,50.760667402396286718
0.213000000000000050,49.330359160735426372
0.214000000000000051,47.919934661681736543
0.215000000000000052,46.530065454622352661
0.216000000000000053,45.161367437099592337
0.217000000000000054,43.814399265451335452
0.218000000000000055,42.489661569626072435
0.219000000000000056,41.187596869714568015
0.220000000000000057,39.908590096452414286
0.221000000000000058,38.652969623754707129
0.222000000000000058,37.421008727886047041
0.223000000000000059,36.212927394872394871
0.224000000000000060,35.028894404972547250
0.225000000000000061,33.869029630262097896
0.226000000000000062,32.733406488482785335
0.227000000000000063,31.622054503157233540
0.228000000000000064,30.534961926478246141
0.229000000000000065,29.472078387582349990
0.230000000000000066,28.433317534478085520
0.231000000000000066,27.418559643087370148
0.232000000000000067,26.427654171571937525
0.233000000000000068,25.460422242353196509
0.234000000000000069,24.516659038009500193
0.235000000000000070,23.596136100564194749
0.236000000000000071,22.698603526589199220
0.237000000000000072,21.823792053064060781
0.238000000000000073,20.971415031084333691
0.239000000000000073,20.141170286333501593
0.240000000000000074,19.332741866748548887
0.241000000000000075,18.545801679056094002
0.242000000000000076,17.780011016858814799
0.243000000000000077,17.035021983740122664
0.244000000000000078,16.310478815456747270
0.245000000000000079,15.606019105726451457
0.246000000000000080,14.921274940417339039
0.247000000000000081,14.255873945122910840
0.248000000000000081,13.609440251187246318
0.249000000000000082,12.981595385240575879
0.250000000000000111,12.371959087233825869
0.251000000000000112,11.780150061835598763
0.252000000000000113,11.205786667885913488
0.253000000000000114,10.648487550402961688
0.254000000000000115,10.107872219414300474
0.255000000000000115,9.583561579646872275
0.256000000000000116,9.075178414861886367
0.257000000000000117,8.582347830369625896
0.258000000000000118,8.104697657009500844
0.259000000000000119,7.641858819634113509
0.260000000000000120,7.193465672897406016
0.261000000000000121,6.759156306918313817
0.262000000000000122,6.338572825172311909
0.263000000000000123,5.931361596758313759
0.264000000000000123,5.537173484994676542
0.265000000000000124,5.155664054119391437
0.266000000000000125,4.786493755703204123
0.267000000000000126,4.429328096232707068
0.268000000000000127,4.083837787180590873
0.269000000000000128,3.749698878754704090
0.270000000000000129,3.426592878403140308
0.271000000000000130,3.114206855049745482
0.272000000000000131,2.812233529943360288
0.273000000000000131,2.520371354922053886
0.274000000000000132,2.238324578821949906
0.275000000000000133,1.965803302696218724
0.276000000000000134,1.702523524454402137
0.277000000000000135,1.448207173483904153
0.278000000000000136,1.202582135772866545
0.279000000000000137,0.965382270017538624
0.280000000000000138,0.736347415166060726
0.281000000000000139,0.515223389823436739
0.282000000000000139,0.301761983919897170
0.283000000000000140,0.095720943025096039
0.284000000000000141,-0.103136054325725104
0.285000000000000142,-0.295039425941755529
0.286000000000000143,-0.480213721582919473
0.287000000000000144,-0.658877664532542484
0.288000000000000145,-0.831244198815927815
0.289000000000000146,-0.997520541751201195
0.290000000000000147,-1.157908241526490967
0.291000000000000147,-1.312603239502872610
0.292000000000000148,-1.461795936948889318
0.293000000000000149,-1.605671265917129720
0.294000000000000150,-1.744408763978947619
0.295000000000000151,-1.878182652538389785
0.296000000000000152,-2.007161918451328297
0.297000000000000153,-2.131510398681271568
0.298000000000000154,-2.251386867728417229
0.299000000000000155,-2.366945127574242580
0.300000000000000155,-2.478334099889690556
0.301000000000000156,-2.585697920260817462
0.302000000000000157,-2.689176034192459763
0.303000000000000158,-2.788903294656552845
0.304000000000000159,-2.885010060959001699
0.305000000000000160,-2.977622298705584925
0.306000000000000161,-3.066861680654997091
0.307000000000000162,-3.152845688254517054
0.308000000000000163,-3.235687713661290044
0.309000000000000163,-3.315497162060243141
0.310000000000000164,-3.392379554097558980
0.311000000000000165,-3.466436628256511998
0.312000000000000166,-3.537766443010956330
0.313000000000000167,-3.606463478599612138
0.314000000000000168,-3.672618738272660721
0.315000000000000169,-3.736319848870324201
0.316000000000000170,-3.797651160601394515
0.317000000000000171,-3.856693845897612327
0.318000000000000171,-3.913525997227840669
0.319000000000000172,-3.968222723764183169
0.320000000000000173,-4.020856246799661804
0.321000000000000174,-4.071495993824880699
0.322000000000000175,-4.120208691178699922
0.323000000000000176,-4.167058455195099320
0.324000000000000177,-4.212106881775715905
0.325000000000000178,-4.255413134324248503
0.326000000000000179,-4.297034029986003034
0.327000000000000179,-4.337024124141973580
0.328000000000000180,-4.375435793113253702
0.329000000000000181,-4.412319315037867007
0.330000000000000182,-4.447722948887287586
0.331000000000000183,-4.481693011596196818
0.332000000000000184,-4.514273953283661989
0.333000000000000185,-4.545508430549352497
0.334000000000000186,-4.575437377833074137
0.335000000000000187,-4.604100076830365040
0.336000000000000187,-4.631534223961453201
0.337000000000000188,-4.657775995894384735
0.338000000000000189,-4.682860113127627955
0.339000000000000190,-4.706819901640477255
0.340000000000000191,-4.729687352623008323
0.341000000000000192,-4.751493180300730756
0.342000000000000193,-4.772266877871500945
0.343000000000000194,-4.792036771575430620
0.344000000000000195,-4.810830072920280642
0.345000000000000195,-4.828672929087970189
0.346000000000000196,-4.845590471548952394
0.347000000000000197,-4.861606862913744109
0.348000000000000198,-4.876745342052251964
0.349000000000000199,-4.891028267513005900
0.350000000000000200,-4.904477159275971943
0.351000000000000201,-4.917112738873521849
0.352000000000000202,-4.928954967915274210
0.353000000000000203,-4.940023085053434571
0.354000000000000203,-4.950335641425890998
0.355000000000000204,-4.959910534614945021
0.356000000000000205,-4.968765041160041918
0.357000000000000206,-4.976915847663367920
0.358000000000000207,-4.984379080527054029
0.359000000000000208,-4.991170334361288319
0.360000000000000209,-4.997304699102516068
0.361000000000000210,-5.002796785880706310
0.362000000000000210,-5.007660751674896105
0.363000000000000211,-5.011910322795644745
0.364000000000000212,-5.015558817233085165
0.365000000000000213,-5.018619165908667412
0.366000000000000214,-5.021103932868461683
0.367000000000000215,-5.023025334455282653
0.368000000000000216,-5.024395257496649059
0.369000000000000217,-5.025225276544638575
0.370000000000000218,-5.025526670203577240
0.371000000000000218,-5.025310436580423534
0.372000000000000219,-5.024587307892415922
0.373000000000000220,-5.023367764265637803
0.374000000000000221,-5.021662046757555231
0.375000000000000222,-5.019480169635646583
0.376000000000000223,-5.016831931943904976
0.377000000000000224,-5.013726928387709947
0.378000000000000225,-5.010174559567185604
0.379000000000000226,-5.006184041588080724
0.380000000000000226,-5.001764415078765680
0.381000000000000227,-4.996924553640597289
0.382000000000000228,-4.991673171758706395
0.383000000000000229,-4.986018832199020423
0.384000000000000230,-4.979969952916572851
0.385000000000000231,-4.973534813499730589
0.386000000000000232,-4.966721561173551791
0.387000000000000233,-4.959538216385285025
0.388000000000000234,-4.951992677993791503
0.389000000000000234,-4.944092728084275024
0.390000000000000235,-4.935846036428545247
0.391000000000000236,-4.927260164610679283
0.392000000000000237,-4.918342569836849698
0.393000000000000238,-4.909100608447704239
0.394000000000000239,-4.899541539150584768
0.395000000000000240,-4.889672525988553176
0.396000000000000241,-4.879500641062228361
0.397000000000000242,-4.869032867019877031
0.398000000000000242,-4.858276099330573139
0.399000000000000243,-4.847237148354521352
0.400000000000000244,-4.835922741224026211
0.401000000000000245,-4.824339523548152542
0.402000000000000246,-4.812494060953194541
0.403000000000000247,-4.800392840470827593
0.404000000000000248,-4.788042271785085902
0.405000000000000249,-4.775448688348815196
0.406000000000000250,-4.762618348379679567
0.407000000000000250,-4.749557435745390244
0.408000000000000251,-4.736272060747217516
0.409000000000000252,-4.722768260810490837
0.410000000000000253,-4.709052001090201500
0.411000000000000254,-4.695129174999526533
0.412000000000000255,-4.681005604668504461
0.413000000000000256,-4.666687041339889319
0.414000000000000257,-4.652179165708531627
0.415000000000000258,-4.637487588210602141
0.416000000000000258,-4.622617849268250367
0.417000000000000259,-4.607575419495232971
0.418000000000000260,-4.592365699868542706
0.419000000000000261,-4.576994021870777196
0.420000000000000262,-4.561465647607710672
0.421000000000000263,-4.545785769905275941
0.422000000000000264,-4.529959512389671872
0.423000000000000265,-4.513991929554316940
0.424000000000000266,-4.497888006817020390
0.425000000000000266,-4.481652660570273561
0.426000000000000267,-4.465290738227729150
0.427000000000000268,-4.448807018269350877
0.428000000000000269,-4.432206210287724879
0.429000000000000270,-4.415492955037741751
0.430000000000000271,-4.398671824491618310
0.431000000000000272,-4.381747321901189096
0.432000000000000273,-4.364723881869039701
0.433000000000000274,-4.347605870430077957
0.434000000000000274,-4.330397585144803330
0.435000000000000275,-4.313103255205548159
0.436000000000000276,-4.295727041556728132
0.437000000000000277,-4.278273037030000836
0.438000000000000278,-4.260745266495206351
0.439000000000000279,-4.243147687027756021
0.440000000000000280,-4.225484188093037830
0.441000000000000281,-4.207758591748318011
0.442000000000000282,-4.189974652862643367
0.443000000000000282,-4.172136059354813575
0.444000000000000283,-4.154246432449905768
0.445000000000000284,-4.136309326954313192
0.446000000000000285,-4.118328231549353902
0.447000000000000286,-4.100306569103663534
0.448000000000000287,-4.082247697003989373
0.449000000000000288,-4.064154907504578418
0.450000000000000289,-4.046031428094754467
0.451000000000000290,-4.027880421884580286
0.452000000000000290,-4.009704988008347293
0.453000000000000291,-3.991508162045500629
0.454000000000000292,-3.973292916458754487
0.455000000000000293,-3.955062161048940261
0.456000000000000294,-3.936818743426235390
0.457000000000000295,-3.918565449497334097
0.458000000000000296,-3.900305003968036921
0.459000000000000297,-3.882040070860890868
0.460000000000000298,-3.863773254047256245
0.461000000000000298,-3.845507097793403606
0.462000000000000299,-3.827244087320023969
0.463000000000000300,-3.808986649374631384
0.464000000000000301,-3.790737152816340938
0.465000000000000302,-3.772497909212450651
0.466000000000000303,-3.754271173446196652
0.467000000000000304,-3.736059144335236226
0.468000000000000305,-3.717863965260163717
0.469000000000000306,-3.699687724802540600
0.470000000000000306,-3.681532457391945456
0.471000000000000307,-3.663400143961254685
0.472000000000000308,-3.645292712609847996
0.473000000000000309,-3.627212039273989497
0.474000000000000310,-3.609159948403870999
0.475000000000000311,-3.591138213646789978
0.476000000000000312,-3.573148558535926611
0.477000000000000313,-3.555192657184096383
0.478000000000000314,-3.537272134982002658
0.479000000000000314,-3.519388569300513581
0.480000000000000315,-3.501543490196309172
0.481000000000000316,-3.483738381120567773
0.482000000000000317,-3.465974679630015487
0.483000000000000318,-3.448253778100018430
0.484000000000000319,-3.430577024439112499
0.485000000000000320,-3.412945722804603399
0.486000000000000321,-3.395361134318734653
0.487000000000000322,-3.377824477785014157
0.488000000000000322,-3.360336930404193456
0.489000000000000323,-3.342899628489641284
0.490000000000000324,-3.325513668181557136
0.491000000000000325,-3.308180106159718914
0.492000000000000326,-3.290899960354329856
0.493000000000000327,-3.273674210654691219
0.494000000000000328,-3.256503799615233508
0.495000000000000329,-3.239389633158682891
0.496000000000000330,-3.222332581275910712
0.497000000000000330,-3.205333478722316443
0.498000000000000331,-3.188393125710226261
0.499000000000000332,-3.171512288597242879
0.500000000000000333,-3.154691700570132262
0.501000000000000334,-3.137932062323977256
0.502000000000000335,-3.121234042736435121
0.503000000000000336,-3.104598279536777028
0.504000000000000337,-3.088025379969523865
0.505000000000000338,-3.071515921452430131
0.506000000000000338,-3.055070452228637379
0.507000000000000339,-3.038689492012788040
0.508000000000000340,-3.022373532630878934
0.509000000000000341,-3.006123038653791379
0.510000000000000342,-2.989938448024177298
0.511000000000000343,-2.973820172676698181
0.512000000000000344,-2.957768599151339828
0.513000000000000345,-2.941784089199770857
0.514000000000000346,-2.925866980384607352
0.515000000000000346,-2.910017586671391321
0.516000000000000347,-2.894236199013234589
0.517000000000000348,-2.878523085928105907
0.518000000000000349,-2.862878494068470836
0.519000000000000350,-2.847302648783437640
0.520000000000000351,-2.831795754673143595
0.521000000000000352,-2.816357996135472330
0.522000000000000353,-2.800989537904917004
0.523000000000000353,-2.785690525583609300
0.524000000000000354,-2.770461086164495157
0.525000000000000355,-2.755301328546545303
0.526000000000000356,-2.740211344042020603
0.527000000000000357,-2.725191206875790861
0.528000000000000358,-2.710240974676624504
0.529000000000000359,-2.695360688960522388
0.530000000000000360,-2.680550375605997182
0.531000000000000361,-2.665810045321397759
0.532000000000000361,-2.651139694104208466
0.533000000000000362,-2.636539303692386316
0.534000000000000363,-2.622008842007710339
0.535000000000000364,-2.607548263591211057
0.536000000000000365,-2.593157510030659196
0.537000000000000366,-2.578836510380199343
0.538000000000000367,-2.564585181572067718
0.539000000000000368,-2.550403428820598339
0.540000000000000369,-2.536291146018341713
0.541000000000000369,-2.522248216124565179
0.542000000000000370,-2.508274511546002561
0.543000000000000371,-2.494369894510007235
0.544000000000000372,-2.480534217430147681
0.545000000000000373,-2.466767323264294820
0.546000000000000374,-2.453069045865239772
0.547000000000000375,-2.439439210323938401
0.548000000000000376,-2.425877633305463910
0.549000000000000377,-2.412384123377689260
0.550000000000000377,-2.398958481332791770
0.551000000000000378,-2.385600500501654953
0.552000000000000379,-2.372309967061262181
0.553000000000000380,-2.359086660335122154
0.554000000000000381,-2.345930353086791875
0.555000000000000382,-2.332840811806691228
0.556000000000000383,-2.319817796992087455
0.557000000000000384,-2.306861063420563518
0.558000000000000385,-2.293970360416848209
0.559000000000000385,-2.281145432113239391
0.560000000000000386,-2.268386017703633240
0.561000000000000387,-2.255691851691259409
0.562000000000000388,-2.243062664130199391
0.563000000000000389,-2.230498180860838175
0.564000000000000390,-2.217998123739220340
0.565000000000000391,-2.205562210860521066
0.566000000000000392,-2.193190156776629873
0.567000000000000393,-2.180881672708021135
0.568000000000000393,-2.168636466749887859
0.569000000000000394,-2.156454244072748327
0.570000000000000395,-2.144334707117554029
0.571000000000000396,-2.132277555785352607
0.572000000000000397,-2.120282487621714562
0.573000000000000398,-2.108349197995860180
0.574000000000000399,-2.096477380274726077
0.575000000000000400,-2.084666725991926484
0.576000000000000401,-2.072916925011791367
0.577000000000000401,-2.061227665688567967
0.578000000000000402,-2.049598635020789317
0.579000000000000403,-2.038029518800977602
0.580000000000000404,-2.026520001760782286
0.581000000000000405,-2.015069767711547666
0.582000000000000406,-2.003678499680499492
0.583000000000000407,-1.992345880042554640
0.584000000000000408,-1.981071590647912162
0.585000000000000409,-1.969855312945438586
0.586000000000000409,-1.958696728101985141
0.587000000000000410,-1.947595517117714836
0.588000000000000411,-1.936551360937454502
0.589000000000000412,-1.925563940558292497
0.590000000000000413,-1.914632937133334378
0.591000000000000414,-1.903758032071821704
0.592000000000000415,-1.892938907135665705
0.593000000000000416,-1.882175244532422242
0.594000000000000417,-1.871466727004826636
0.595000000000000417,-1.860813037917035118
0.596000000000000418,-1.850213861337440147
0.597000000000000419,-1.839668882118419946
0.598000000000000420,-1.829177785972818882
0.599000000000000421,-1.818740259547453109
0.600000000000000422,-1.808355990493554888
0.601000000000000423,-1.798024667534327659
0.602000000000000424,-1.787745980529625855
0.603000000000000425,-1.777519620537872935
0.604000000000000425,-1.767345279875219388
0.605000000000000426,-1.757222652172080846
0.606000000000000427,-1.747151432427119788
0.607000000000000428,-1.737131317058585811
0.608000000000000429,-1.727162003953391700
0.609000000000000430,-1.717243192513583594
0.610000000000000431,-1.707374583700665083
0.611000000000000432,-1.697555880077538104
0.612000000000000433,-1.687786785848248261
0.613000000000000433,-1.678067006895638702
0.614000000000000434,-1.668396250816855497
0.615000000000000435,-1.658774226956817088
0.616000000000000436,-1.649200646439725748
0.617000000000000437,-1.639675222198669235
0.618000000000000438,-1.630197669003322414
0.619000000000000439,-1.620767703485822553
0.620000000000000440,-1.611385044164920899
0.621000000000000441,-1.602049411468389861
0.622000000000000441,-1.592760527753791733
0.623000000000000442,-1.583518117327587849
0.624000000000000443,-1.574321906462729403
0.625000000000000444,-1.565171623414727042
0.626000000000000445,-1.556066998436200111
0.627000000000000446,-1.547007763790062329
0.628000000000000447,-1.537993653761291712
0.629000000000000448,-1.529024404667366666
0.630000000000000449,-1.520099754867409558
0.631000000000000449,-1.511219444770076192
0.632000000000000450,-1.502383216840234681
0.633000000000000451,-1.493590815604489919
0.634000000000000452,-1.484841987655531881
0.635000000000000453,-1.476136481655449861
0.636000000000000454,-1.467474048337924719
0.637000000000000455,-1.458854440509474104
0.638000000000000456,-1.450277413049645858
0.639000000000000457,-1.441742722910305252
0.640000000000000457,-1.433250129114021387
0.641000000000000458,-1.424799392751505023
0.642000000000000459,-1.416390276978300777
0.643000000000000460,-1.408022547010562286
0.644000000000000461,-1.399695970120125033
0.645000000000000462,-1.391410315628788030
0.646000000000000463,-1.383165354901859656
0.647000000000000464,-1.374960861341046670
0.648000000000000465,-1.366796610376660670
0.649000000000000465,-1.358672379459173296
0.650000000000000466,-1.350587948050196996
0.651000000000000467,-1.342543097612834968
0.652000000000000468,-1.334537611601521956
0.653000000000000469,-1.326571275451275289
0.654000000000000470,-1.318643876566508499
0.655000000000000471,-1.310755204309295152
0.656000000000000472,-1.302905049987211239
0.657000000000000473,-1.295093206840704392
0.658000000000000473,-1.287319470030092061
0.659000000000000474,-1.279583636622121379
0.660000000000000475,-1.271885505576181741
0.661000000000000476,-1.264224877730133922
0.662000000000000477,-1.256601555785846314
0.663000000000000478,-1.249015344294360563
0.664000000000000479,-1.241466049640835179
0.665000000000000480,-1.233953480029105210
0.666000000000000481,-1.226477445466102933
0.667000000000000481,-1.219037757745908390
0.668000000000000482,-1.211634230433695780
0.669000000000000483,-1.204266678849355454
0.670000000000000484,-1.196934920051000883
0.671000000000000485,-1.189638772818253143
0.672000000000000486,-1.182378057635355306
0.673000000000000487,-1.175152596674183814
0.674000000000000488,-1.167962213777051561
0.675000000000000488,-1.160806734439417287
0.676000000000000489,-1.153685985792523239
0.677000000000000490,-1.146599796585845654
0.678000000000000491,-1.139547997169535254
0.679000000000000492,-1.132530419476749373
0.680000000000000493,-1.125546897005899716
0.681000000000000494,-1.118597264802897673
0.682000000000000495,-1.111681359443296602
0.683000000000000496,-1.104799019014453876
0.684000000000000496,-1.097950083097630314
0.685000000000000497,-1.091134392750097604
0.686000000000000498,-1.084351790487238176
0.687000000000000499,-1.077602120264638863
0.688000000000000500,-1.070885227460201872
0.689000000000000501,-1.064200958856281520
0.690000000000000502,-1.057549162621852279
0.691000000000000503,-1.050929688294704567
0.692000000000000504,-1.044342386763669195
0.693000000000000504,-1.037787110250951716
0.694000000000000505,-1.031263712294427259
0.695000000000000506,-1.024772047730107216
0.696000000000000507,-1.018311972674591503
0.697000000000000508,-1.011883344507634508
0.698000000000000509,-1.005486021854798295
0.699000000000000510,-0.999119864570166660
0.700000000000000511,-0.992784733719180301
0.701000000000000512,-0.986480491561545159
0.702000000000000512,-0.980207001534257216
0.703000000000000513,-0.973964128234733773
0.704000000000000514,-0.967751737404050738
0.705000000000000515,-0.961569695910289846
0.706000000000000516,-0.955417871732022084
0.707000000000000517,-0.949296133941906595
0.708000000000000518,-0.943204352690383496
0.709000000000000519,-0.937142399189576758
0.710000000000000520,-0.931110145697227609
0.711000000000000520,-0.925107465500850878
0.712000000000000521,-0.919134232901983594
0.713000000000000522,-0.913190323200569254
0.714000000000000523,-0.907275612679536048
0.715000000000000524,-0.901389978589448582
0.716000000000000525,-0.895533299133381533
0.717000000000000526,-0.889705453451893780
0.718000000000000527,-0.883906321608161960
0.719000000000000528,-0.878135784573280231
0.720000000000000528,-0.872393724211736332
0.721000000000000529,-0.866680023266970467
0.722000000000000530,-0.860994565347193208
0.723000000000000531,-0.855337234911269007
0.724000000000000532,-0.849707917254828415
0.725000000000000533,-0.844106498496520197
0.726000000000000534,-0.838532865564397989
0.727000000000000535,-0.832986906182519582
0.728000000000000536,-0.827468508857669649
0.729000000000000536,-0.821977562866266220
0.730000000000000537,-0.816513958241445459
0.731000000000000538,-0.811077585760264896
0.732000000000000539,-0.805668336931133267
0.733000000000000540,-0.800286103981360020
0.734000000000000541,-0.794930779844900348
0.735000000000000542,-0.789602258150227110
0.736000000000000543,-0.784300433208432457
0.737000000000000544,-0.779025200001421281
0.738000000000000544,-0.773776454170348127
0.739000000000000545,-0.768554092004137379
0.740000000000000546,-0.763358010428243139
0.741000000000000547,-0.758188106993507138
0.742000000000000548,-0.753044279865271782
0.743000000000000549,-0.747926427812542038
0.744000000000000550,-0.742834450197394025
0.745000000000000551,-0.737768246964525365
0.746000000000000552,-0.732727718630959535
0.747000000000000552,-0.727712766275918854
0.748000000000000553,-0.722723291530849687
0.749000000000000554,-0.717759196569610625
0.750000000000000555,-0.712820384098836080
0.751000000000000556,-0.707906757348418347
0.752000000000000557,-0.703018220062212151
0.753000000000000558,-0.698154676488798698
0.754000000000000559,-0.693316031372512520
0.755000000000000560,-0.688502189944536491
0.756000000000000560,-0.683713057914213107
0.757000000000000561,-0.678948541460449140
0.758000000000000562,-0.674208547223306365
0.759000000000000563,-0.669492982295747163
0.760000000000000564,-0.664801754215509466
0.761000000000000565,-0.660134770957128802
0.762000000000000566,-0.655491940924121996
0.763000000000000567,-0.650873172941299094
0.764000000000000568,-0.646278376247213182
0.765000000000000568,-0.641707460486795389
0.766000000000000569,-0.637160335704061276
0.767000000000000570,-0.632636912335027723
0.768000000000000571,-0.628137101200690662
0.769000000000000572,-0.623660813500223066
0.770000000000000573,-0.619207960804234792
0.771000000000000574,-0.614778455048219152
0.772000000000000575,-0.610372208526092974
0.773000000000000576,-0.605989133883890529
0.774000000000000576,-0.601629144113568937
0.775000000000000577,-0.597292152546973432
0.776000000000000578,-0.592978072849876470
0.777000000000000579,-0.588686819016201901
0.778000000000000580,-0.584418305362317203
0.779000000000000581,-0.580172446521487251
0.780000000000000582,-0.575949157438421677
0.781000000000000583,-0.571748353363967232
0.782000000000000584,-0.567569949849891509
0.783000000000000584,-0.563413862743788463
0.784000000000000585,-0.559280008184124489
0.785000000000000586,-0.555168302595347440
0.786000000000000587,-0.551078662683158083
0.787000000000000588,-0.547011005429864694
0.788000000000000589,-0.542965248089825936
0.789000000000000590,-0.538941308185063361
0.790000000000000591,-0.534939103500908564
0.791000000000000592,-0.530958552081798318
0.792000000000000592,-0.526999572227160540
0.793000000000000593,-0.523062082487390168
0.794000000000000594,-0.519146001659942291
0.795000000000000595,-0.515251248785520755
0.796000000000000596,-0.511377743144332486
0.797000000000000597,-0.507525404252488821
0.798000000000000598,-0.503694151858460559
0.799000000000000599,-0.499883905939630058
0.800000000000000600,-0.496094586698962448
0.801000000000000600,-0.492326114561721706
0.802000000000000601,-0.488578410172312239
0.803000000000000602,-0.484851394391179469
0.804000000000000603,-0.481144988291826337
0.805000000000000604,-0.477459113157888637
0.806000000000000605,-0.473793690480276197
0.807000000000000606,-0.470148641954456270
0.808000000000000607,-0.466523889477750031
0.809000000000000608,-0.462919355146735545
0.810000000000000608,-0.459334961254757090
0.811000000000000609,-0.455770630289428713
0.812000000000000610,-0.452226284930317857
0.813000000000000611,-0.448701848046601515
0.814000000000000612,-0.445197242694858164
0.815000000000000613,-0.441712392116925923
0.816000000000000614,-0.438247219737785076
0.817000000000000615,-0.434801649163551462
0.818000000000000616,-0.431375604179531247
0.819000000000000616,-0.427969008748321500
0.820000000000000617,-0.424581787007976774
0.821000000000000618,-0.421213863270262778
0.822000000000000619,-0.417865162018957459
0.823000000000000620,-0.414535607908199322
0.824000000000000621,-0.411225125760901089
0.825000000000000622,-0.407933640567244460
0.826000000000000623,-0.404661077483203901
0.827000000000000624,-0.401407361829132614
0.828000000000000624,-0.398172419088417773
0.829000000000000625,-0.394956174906157753
0.830000000000000626,-0.391758555087931226
0.831000000000000627,-0.388579485598586127
0.832000000000000628,-0.385418892561101289
0.833000000000000629,-0.382276702255473055
0.834000000000000630,-0.379152841117669670
0.835000000000000631,-0.376047235738628416
0.836000000000000631,-0.372959812863288387
0.837000000000000632,-0.369890499389692706
0.838000000000000633,-0.366839222368093798
0.839000000000000634,-0.363805909000141814
0.840000000000000635,-0.360790486638107422
0.841000000000000636,-0.357792882784104871
0.842000000000000637,-0.354813025089430967
0.843000000000000638,-0.351850841353863741
0.844000000000000639,-0.348906259525054552
0.845000000000000639,-0.345979207697932334
0.846000000000000640,-0.343069614114141108
0.847000000000000641,-0.340177407161547873
0.848000000000000642,-0.337302515373731071
0.849000000000000643,-0.334444867429534609
0.850000000000000644,-0.331604392152682614
0.851000000000000645,-0.328781018511346002
0.852000000000000646,-0.325974675617827059
0.853000000000000647,-0.323185292728222384
0.854000000000000647,-0.320412799242121960
0.855000000000000648,-0.317657124702353744
0.856000000000000649,-0.314918198794750803
0.857000000000000650,-0.312195951347936429
0.858000000000000651,-0.309490312333132345
0.859000000000000652,-0.306801211864013934
0.860000000000000653,-0.304128580196583065
0.861000000000000654,-0.301472347729034695
0.862000000000000655,-0.298832445001707636
0.863000000000000655,-0.296208802696990958
0.864000000000000656,-0.293601351639311892
0.865000000000000657,-0.291010022795091194
0.866000000000000658,-0.288434747272768299
0.867000000000000659,-0.285875456322825627
0.868000000000000660,-0.283332081337814734
0.869000000000000661,-0.280804553852426309
0.870000000000000662,-0.278292805543571387
0.871000000000000663,-0.275796768230493539
0.872000000000000663,-0.273316373874856244
0.873000000000000664,-0.270851554580899434
0.874000000000000665,-0.268402242595570217
0.875000000000000666,-0.265968370308703461
0.876000000000000667,-0.263549870253183216
0.877000000000000668,-0.261146675105141945
0.878000000000000669,-0.258758717684178963
0.879000000000000670,-0.256385930953553942
0.880000000000000671,-0.254028248020448988
0.881000000000000671,-0.251685602136181519
0.882000000000000672,-0.249357926696492344
0.883000000000000673,-0.247045155241787440
0.884000000000000674,-0.244747221457436132
0.885000000000000675,-0.242464059174042040
0.886000000000000676,-0.240195602367756944
0.887000000000000677,-0.237941785160578956
0.888000000000000678,-0.235702541820665218
0.889000000000000679,-0.233477806762670659
0.890000000000000679,-0.231267514548069375
0.891000000000000680,-0.229071599885502547
0.892000000000000681,-0.226889997631126494
0.893000000000000682,-0.224722642788961396
0.894000000000000683,-0.222569470511249812
0.895000000000000684,-0.220430416098841453
0.896000000000000685,-0.218305415001548486
0.897000000000000686,-0.216194402818528808
0.898000000000000687,-0.214097315298679230
0.899000000000000687,-0.212014088341008156
0.900000000000000688,-0.209944657995036199
0.901000000000000689,-0.207888960461187988
0.902000000000000690,-0.205846932091201029
0.903000000000000691,-0.203818509388517588
0.904000000000000692,-0.201803629008697527
0.905000000000000693,-0.199802227759819873
0.906000000000000694,-0.197814242602907864
0.907000000000000695,-0.195839610652318946
0.908000000000000695,-0.193878269176185752
0.909000000000000696,-0.191930155596806956
0.910000000000000697,-0.189995207491087836
0.911000000000000698,-0.188073362590939264
0.912000000000000699,-0.186164558783704359
0.913000000000000700,-0.184268734112590732
0.914000000000000701,-0.182385826777058224
0.915000000000000702,-0.180515775133271633
0.916000000000000703,-0.178658517694498892
0.917000000000000703,-0.176813993131538755
0.918000000000000704,-0.174982140273138381
0.919000000000000705,-0.173162898106400009
0.920000000000000706,-0.171356205777214443
0.921000000000000707,-0.169562002590658234
0.922000000000000708,-0.167780228011409127
0.923000000000000709,-0.166010821664175273
0.924000000000000710,-0.164253723334074925
0.925000000000000711,-0.162508872967065399
0.926000000000000711,-0.160776210670336317
0.927000000000000712,-0.159055676712714644
0.928000000000000713,-0.157347211525060315
0.929000000000000714,-0.155650755700676685
0.930000000000000715,-0.153966249995680177
0.931000000000000716,-0.152293635329403543
0.932000000000000717,-0.150632852784787552
0.933000000000000718,-0.148983843608749389
0.934000000000000719,-0.147346549212574007
0.935000000000000719,-0.145720911172289053
0.936000000000000720,-0.144106871229025851
0.937000000000000721,-0.142504371289395471
0.938000000000000722,-0.140913353425859672
0.939000000000000723,-0.139333759877071556
0.940000000000000724,-0.137765533048244515
0.941000000000000725,-0.136208615511494713
0.942000000000000726,-0.134662950006199628
0.943000000000000727,-0.133128479439316716
0.944000000000000727,-0.131605146885741708
0.945000000000000728,-0.130092895588632990
0.946000000000000729,-0.128591668959724265
0.947000000000000730,-0.127101410579671587
0.948000000000000731,-0.125622064198339767
0.949000000000000732,-0.124153573735139244
0.950000000000000733,-0.122695883279307028
0.951000000000000734,-0.121248937090238054
0.952000000000000735,-0.119812679597750577
0.953000000000000735,-0.118387055402381453
0.954000000000000736,-0.116972009275680341
0.955000000000000737,-0.115567486160474825
0.956000000000000738,-0.114173431171153000
0.957000000000000739,-0.112789789593918791
0.958000000000000740,-0.111416506887061728
0.959000000000000741,-0.110053528681198040
0.960000000000000742,-0.108700800779537254
0.961000000000000743,-0.107358269158109712
0.962000000000000743,-0.106025879966002962
0.963000000000000744,-0.104703579525596863
0.964000000000000745,-0.103391314332791723
0.965000000000000746,-0.102089031057214313
0.966000000000000747,-0.100796676542438707
0.967000000000000748,-0.099514197806179899
0.968000000000000749,-0.098241542040514704
0.969000000000000750,-0.096978656612043884
0.970000000000000751,-0.095725489062112312
0.971000000000000751,-0.094481987106959611
0.972000000000000752,-0.093248098637898888
0.973000000000000753,-0.092023771721509759
0.974000000000000754,-0.090808954599764458
0.975000000000000755,-0.089603595690202348
0.976000000000000756,-0.088407643586076071
0.977000000000000757,-0.087221047056485201
0.978000000000000758,-0.086043755046512876
0.979000000000000759,-0.084875716677370566
0.980000000000000759,-0.083716881246492722
0.981000000000000760,-0.082567198227671251
0.982000000000000761,-0.081426617271168317
0.983000000000000762,-0.080295088203804738
0.984000000000000763,-0.079172561029057745
0.985000000000000764,-0.078058985927168006
0.986000000000000765,-0.076954313255204104
0.987000000000000766,-0.075858493547146827
0.988000000000000766,-0.074771477513956922
0.989000000000000767,-0.073693216043646981
0.990000000000000768,-0.072623660201338328
0.991000000000000769,-0.071562761229297972
0.992000000000000770,-0.070510470546995066
0.993000000000000771,-0.069466739751149392
0.994000000000000772,-0.068431520615738622
0.995000000000000773,-0.067404765092049332
0.996000000000000774,-0.066386425308680705
0.997000000000000774,-0.065376453571564755
0.998000000000000775,-0.064374802363972181
0.999000000000000776,-0.063381424346510992
1.000000000000000666,-0.062396272357123708
1.001000000000000778,-0.061419299411077134
1.002000000000000668,-0.060450458700942886
1.003000000000000780,-0.059489703596570506
1.004000000000000670,-0.058536987645060837
1.005000000000000782,-0.057592264570732341
1.006000000000000671,-0.056655488275078714
1.007000000000000783,-0.055726612836711965
1.008000000000000673,-0.054805592511320056
1.009000000000000785,-0.053892381731600950
1.010000000000000675,-0.052986935107197805
1.011000000000000787,-0.052089207424620296
1.012000000000000677,-0.051199153647183041
1.013000000000000789,-0.050316728914911325
1.014000000000000679,-0.049441888544441447
1.015000000000000790,-0.048574588028949033
1.016000000000000680,-0.047714783038034586
1.017000000000000792,-0.046862429417615342
1.018000000000000682,-0.046017483189815564
1.019000000000000794,-0.045179900552850122
1.020000000000000684,-0.044349637880905970
1.021000000000000796,-0.043526651724002705
1.022000000000000686,-0.042710898807863336
1.023000000000000798,-0.041902336033779172
1.024000000000000687,-0.041100920478454830
1.025000000000000799,-0.040306609393864753
1.026000000000000689,-0.039519360207098939
1.027000000000000801,-0.038739130520194724
1.028000000000000691,-0.037965878109975502
1.029000000000000803,-0.037199560927881042
1.030000000000000693,-0.036440137099778350
1.031000000000000805,-0.035687564925802231
1.032000000000000695,-0.034941802880142994
1.033000000000000806,-0.034202809610874373
1.034000000000000696,-0.033470543939750297
1.035000000000000808,-0.032744964861995872
1.036000000000000698,-0.032026031546103242
1.037000000000000810,-0.031313703333642438
1.038000000000000700,-0.030607939739008327
1.039000000000000812,-0.029908700449219811
1.040000000000000702,-0.029215945323697666
1.041000000000000814,-0.028529634394031066
1.042000000000000703,-0.027849727863726314
1.043000000000000815,-0.027176186107990975
1.044000000000000705,-0.026508969673481892
1.045000000000000817,-0.025848039278042467
1.046000000000000707,-0.025193355810471524
1.047000000000000819,-0.024544880330255252
1.048000000000000709,-0.023902574067301442
1.049000000000000821,-0.023266398421683293
1.050000000000000711,-0.022636314963357197
1.051000000000000822,-0.022012285431904831
1.052000000000000712,-0.021394271736238847
1.053000000000000824,-0.020782235954327110
1.054000000000000714,-0.020176140332906399
1.055000000000000826,-0.019575947287191246
1.056000000000000716,-0.018981619400581535
1.057000000000000828,-0.018393119424357417
1.058000000000000718,-0.017810410277383015
1.059000000000000830,-0.017233455045796882
1.060000000000000719,-0.016662216982707860
1.061000000000000831,-0.016096659507872500
1.062000000000000721,-0.015536746207381125
1.063000000000000833,-0.014982440833348192
1.064000000000000723,-0.014433707303565574
1.065000000000000835,-0.013890509701193260
1.066000000000000725,-0.013352812274428217
1.067000000000000837,-0.012820579436144137
1.068000000000000727,-0.012293775763593700
1.069000000000000838,-0.011772365998027690
1.070000000000000728,-0.011256315044377369
1.071000000000000840,-0.010745587970891956
1.072000000000000730,-0.010240150008796273
1.073000000000000842,-0.009739966551931106
1.074000000000000732,-0.009245003156388789
1.075000000000000844,-0.008755225540168023
1.076000000000000734,-0.008270599582803111
1.077000000000000846,-0.007791091324987176
1.078000000000000735,-0.007316666968223811
1.079000000000000847,-0.006847292874429600
1.080000000000000737,-0.006382935565587433
1.081000000000000849,-0.005923561723339571
1.082000000000000739,-0.005469138188624273
1.083000000000000851,-0.005019631961289700
1.084000000000000741,-0.004575010199707791
1.085000000000000853,-0.004135240220379669
1.086000000000000743,-0.003700289497547899
1.087000000000000854,-0.003270125662806403
1.088000000000000744,-0.002844716504705666
1.089000000000000856,-0.002424029968338304
1.090000000000000746,-0.002008034154952690
1.091000000000000858,-0.001596697321551505
1.092000000000000748,-0.001189987880470503
1.093000000000000860,-0.000787874398990140
1.094000000000000750,-0.000390325598902178
1.095000000000000862,0.000002689643880321
1.096000000000000751,0.000391202299747598
1.097000000000000863,0.000775243185819913
1.098000000000000753,0.001154842966345543
1.099000000000000865,0.001530032153134703
1.100000000000000755,0.001900841105985590
1.101000000000000867,0.002267300033099974
1.102000000000000757,0.002629438991514002
1.103000000000000869,0.002987287887522928
1.104000000000000759,0.003340876477123830
1.105000000000000870,0.003690234366427033
1.106000000000000760,0.004035391012116215
1.107000000000000872,0.004376375721859165
1.108000000000000762,0.004713217654755804
1.109000000000000874,0.005045945821779635
1.110000000000000764,0.005374589086213313
1.111000000000000876,0.005699176164098272
1.112000000000000766,0.006019735624665755
1.113000000000000878,0.006336295890791316
1.114000000000000767,0.006648885239436518
1.115000000000000879,0.006957531802103449
1.116000000000000769,0.007262263565274915
1.117000000000000881,0.007563108370872954
1.118000000000000771,0.007860093916706423
1.119000000000000883,0.008153247756921672
1.120000000000000773,0.008442597302460648
1.121000000000000885,0.008728169821517241
1.122000000000000774,0.009009992439993644
1.123000000000000886,0.009288092141957898
1.124000000000000776,0.009562495770090903
1.125000000000000888,0.009833230026172812
1.126000000000000778,0.010100321471522516
1.127000000000000890,0.010363796527455208
1.128000000000000780,0.010623681475771545
1.129000000000000892,0.010880002459195967
1.130000000000000782,0.011132785481849743
1.131000000000000894,0.011382056409723068
1.132000000000000783,0.011627840971134125
1.133000000000000895,0.011870164757190740
1.134000000000000785,0.012109053222281325
1.135000000000000897,0.012344531684508180
1.136000000000000787,0.012576625326193571
1.137000000000000899,0.012805359194319826
1.138000000000000789,0.013030758201026454
1.139000000000000901,0.013252847124049510
1.140000000000000790,0.013471650607222784
1.141000000000000902,0.013687193160943505
1.142000000000000792,0.013899499162631071
1.143000000000000904,0.014108592857216357
1.144000000000000794,0.014314498357599972
1.145000000000000906,0.014517239645153512
1.146000000000000796,0.014716840570158710
1.147000000000000908,0.014913324852310561
1.148000000000000798,0.015106716081179444
1.149000000000000909,0.015297037716689308
1.150000000000000799,0.015484313089600816
1.151000000000000689,0.015668565401975660
1.152000000000000801,0.015849817727661364
1.153000000000000913,0.016028093012763638
1.154000000000000803,0.016203414076126566
1.155000000000000693,0.016375803609815637
1.156000000000000805,0.016545284179573089
1.157000000000000917,0.016711878225328748
1.158000000000000806,0.016875608061645286
1.159000000000000696,0.017036495878216137
1.160000000000000808,0.017194563740339178
1.161000000000000920,0.017349833589389373
1.162000000000000810,0.017502327243295653
1.163000000000000700,0.017652066397031541
1.164000000000000812,0.017799072623073581
1.165000000000000924,0.017943367371900332
1.166000000000000814,0.018084971972448093
1.167000000000000703,0.018223907632606111
1.168000000000000815,0.018360195439679629
1.169000000000000927,0.018493856360882993
1.170000000000000817,0.018624911243796761
1.171000000000000707,0.018753380816867428
1.172000000000000819,0.018879285689858721
1.173000000000000931,0.019002646354347667
1.174000000000000821,0.019123483184197581
1.175000000000000711,0.019241816436021304
1.176000000000000822,0.019357666249669794
1.177000000000000934,0.019471052648702442
1.178000000000000824,0.019581995540860327
1.179000000000000714,0.019690514718547956
1.180000000000000826,0.019796629859292685
1.181000000000000938,0.019900360526234760
1.182000000000000828,0.020001726168592950
1.183000000000000718,0.020100746122131068
1.184000000000000830,0.020197439609640971
1.185000000000000941,0.020291825741415446
1.186000000000000831,0.020383923515704522
1.187000000000000721,0.020473751819205854
1.188000000000000833,0.020561329427518857
1.189000000000000945,0.020646675005625399
1.190000000000000835,0.020729807108347965
1.191000000000000725,0.020810744180840408
1.192000000000000837,0.020889504559019764
1.193000000000000949,0.020966106470076296
1.194000000000000838,0.021040568032903946
1.195000000000000728,0.021112907258590639
1.196000000000000840,0.021183142050874501
1.197000000000000952,0.021251290206602221
1.198000000000000842,0.021317369416211727
1.199000000000000732,0.021381397264170200
1.200000000000000844,0.021443391229470754
1.201000000000000956,0.021503368686058573
1.202000000000000846,0.021561346903319172
1.203000000000000735,0.021617343046521586
1.204000000000000847,0.021671374177299033
1.205000000000000959,0.021723457254077521
1.206000000000000849,0.021773609132563595
1.207000000000000739,0.021821846566190108
1.208000000000000851,0.021868186206566574
1.209000000000000963,0.021912644603947123
1.210000000000000853,0.021955238207676524
1.211000000000000743,0.021995983366651369
1.212000000000000854,0.022034896329765810
1.213000000000000966,0.022071993246376820
1.214000000000000856,0.022107290166733070
1.215000000000000746,0.022140803042457909
1.216000000000000858,0.022172547726964236
1.217000000000000970,0.022202539975933397
1.218000000000000860,0.022230795447745751
1.219000000000000750,0.022257329703930375
1.220000000000000862,0.022282158209615315
1.221000000000000973,0.022305296333972466
1.222000000000000863,0.022326759350655971
1.223000000000000753,0.022346562438253607
1.224000000000000865,0.022364720680722757
1.225000000000000977,0.022381249067831756
1.226000000000000867,0.022396162495604676
1.227000000000000757,0.022409475766756944
1.228000000000000869,0.022421203591139992
1.229000000000000981,0.022431360586158543
1.230000000000000870,0.022439961277238227
1.231000000000000760,0.022447020098235383
1.232000000000000872,0.022452551391871370
1.233000000000000984,0.022456569410192091
1.234000000000000874,0.022459088314961285
1.235000000000000764,0.022460122178124747
1.236000000000000876,0.022459684982219209
1.237000000000000988,0.022457790620812761
1.238000000000000878,0.022454452898921430
1.239000000000000767,0.022449685533447259
1.240000000000000879,0.022443502153593465
1.241000000000000991,0.022435916301294857
1.242000000000000881,0.022426941431639806
1.243000000000000771,0.022416590913287949
1.244000000000000883,0.022404878028899802
1.245000000000000995,0.022391815975543274
1.246000000000000885,0.022377417865121724
1.247000000000000774,0.022361696724791248
1.248000000000000886,0.022344665497370710
1.249000000000000998,0.022326337041763129
1.250000000000000888,0.022306724133359782
1.251000000000000778,0.022285839464465506
1.252000000000000890,0.022263695644697948
1.253000000000001002,0.022240305201411105
1.254000000000000892,0.022215680580084822
1.255000000000000782,0.022189834144753107
1.256000000000000894,0.022162778178395733
1.257000000000001005,0.022134524883351377
1.258000000000000895,0.022105086381716255
1.259000000000000785,0.022074474715753058
1.260000000000000897,0.022042701848286973
1.261000000000001009,0.022009779663106195
1.262000000000000899,0.021975719965365507
1.263000000000000789,0.021940534481982386
1.264000000000000901,0.021904234862026337
1.265000000000001013,0.021866832677126618
1.266000000000000902,0.021828339421855792
1.267000000000000792,0.021788766514129441
1.268000000000000904,0.021748125295592440
1.269000000000001016,0.021706427032014079
1.270000000000000906,0.021663682913668339
1.271000000000000796,0.021619904055732532
1.272000000000000908,0.021575101498669119
1.273000000000001020,0.021529286208608008
1.274000000000000909,0.021482469077731825
1.275000000000000799,0.021434660924665613
1.276000000000000911,0.021385872494842216
1.277000000000001023,0.021336114460900783
1.278000000000000913,0.021285397423050620
1.279000000000000803,0.021233731909458983
1.280000000000000915,0.021181128376612606
1.281000000000001027,0.021127597209718216
1.282000000000000917,0.021073148723046570
1.283000000000000806,0.021017793160327314
1.284000000000000918,0.020961540695101737
1.285000000000001030,0.020904401431110116
1.286000000000000920,0.020846385402645173
1.287000000000000810,0.020787502574930332
1.288000000000000922,0.020727762844471538
1.289000000000001034,0.020667176039435770
1.290000000000000924,0.020605751920013009
1.291000000000000814,0.020543500178759604
1.292000000000000925,0.020480430440989510
1.293000000000001037,0.020416552265098115
1.294000000000000927,0.020351875142948759
1.295000000000000817,0.020286408500216881
1.296000000000000929,0.020220161696741561
1.297000000000001041,0.020153144026891699
1.298000000000000931,0.020085364719902996
1.299000000000000821,0.020016832940239055
1.300000000000000933,0.019947557787942646
1.301000000000001044,0.019877548298976099
1.302000000000000934,0.019806813445575989
1.303000000000000824,0.019735362136588205
1.304000000000000936,0.019663203217833301
1.305000000000001048,0.019590345472424140
1.306000000000000938,0.019516797621122847
1.307000000000000828,0.019442568322681014
1.308000000000000940,0.019367666174178469
1.309000000000001052,0.019292099711349750
1.310000000000000941,0.019215877408935364
1.311000000000000831,0.019139007681011472
1.312000000000000943,0.019061498881329485
1.313000000000001055,0.018983359303627552
1.314000000000000945,0.018904597181988489
1.315000000000000835,0.018825220691159265
1.316000000000000947,0.018745237946873460
1.317000000000001059,0.018664657006181883
1.318000000000000949,0.018583485867791148
1.319000000000000838,0.018501732472363874
1.320000000000000950,0.018419404702862206
1.321000000000001062,0.018336510384866729
1.322000000000000952,0.018253057286886448
1.323000000000000842,0.018169053120691895
1.324000000000000954,0.018084505541621748
1.325000000000001066,0.017999422148908754
1.326000000000000956,0.017913810485987884
1.327000000000000846,0.017827678040816787
1.328000000000000957,0.017741032246178380
1.329000000000001069,0.017653880480011812
1.330000000000000959,0.017566230065697037
1.331000000000000849,0.017478088272382366
1.332000000000000961,0.017389462315290843
1.333000000000001073,0.017300359356019503
1.334000000000000963,0.017210786502843391
1.335000000000000853,0.017120750811029262
1.336000000000000965,0.017030259283128388
1.337000000000001076,0.016939318869281142
1.338000000000000966,0.016847936467520801
1.339000000000000856,0.016756118924061113
1.340000000000000968,0.016663873033607047
1.341000000000001080,0.016571205539643096
1.342000000000000970,0.016478123134728195
1.343000000000000860,0.016384632460790718
1.344000000000000972,0.016290740109421616
1.345000000000001084,0.016196452622158276
1.346000000000000973,0.016101776490785879
1.347000000000000863,0.016006718157615049
1.348000000000000975,0.015911284015778036
1.349000000000001087,0.015815480409505981
1.350000000000000977,0.015719313634418509
1.351000000000000867,0.015622789937800299
1.352000000000000979,0.015525915518901843
1.353000000000001091,0.015428696529192190
1.354000000000000981,0.015331139072657752
1.355000000000000870,0.015233249206080723
1.356000000000000982,0.015135032939304918
1.357000000000001094,0.015036496235517746
1.358000000000000984,0.014937645011526770
1.359000000000000874,0.014838485138031762
1.360000000000000986,0.014739022439893223
1.361000000000001098,0.014639262696401849
1.362000000000000988,0.014539211641559090
1.363000000000000878,0.014438874964336199
1.364000000000000989,0.014338258308933297
1.365000000000001101,0.014237367275068181
1.366000000000000991,0.014136207418220900
1.367000000000000881,0.014034784249903412
1.368000000000000993,0.013933103237924146
1.369000000000001105,0.013831169806644280
1.370000000000000995,0.013728989337242476
1.371000000000000885,0.013626567167970388
1.372000000000000997,0.013523908594410355
1.373000000000001108,0.013421018869725337
1.374000000000000998,0.013317903204937554
1.375000000000000888,0.013214566769142521
1.376000000000001000,0.013111014689798316
1.377000000000001112,0.013007252052958320
1.378000000000001002,0.012903283903522956
1.379000000000000892,0.012799115245495516
1.380000000000001004,0.012694751042222391
1.381000000000001116,0.012590196216640032
1.382000000000001005,0.012485455651528459
1.383000000000000895,0.012380534189746552
1.384000000000001007,0.012275436634478637
1.385000000000001119,0.012170167749477620
1.386000000000001009,0.012064732259298350
1.387000000000000899,0.011959134849556973
1.388000000000001011,0.011853380167134645
1.389000000000001123,0.011747472820452836
1.390000000000001013,0.011641417379684865
1.391000000000000902,0.011535218376999752
1.392000000000001014,0.011428880306794429
1.393000000000001126,0.011322407625926751
1.394000000000001016,0.011215804753941050
1.395000000000000906,0.011109076073310454
1.396000000000001018,0.011002225929659697
1.397000000000001130,0.010895258631990439
1.398000000000001020,0.010788178452909313
1.399000000000000909,0.010680989628860627
1.400000000000001021,0.010573696360344345
1.401000000000001133,0.010466302812137238
1.402000000000001023,0.010358813113525198
1.403000000000000913,0.010251231358520824
1.404000000000001025,0.010143561606073843
1.405000000000001137,0.010035807880305499
1.406000000000001027,0.009927974170720845
1.407000000000000917,0.009820064432415484
1.408000000000001029,0.009712082586312839
1.409000000000001140,0.009604032519358503
1.410000000000001030,0.009495918084746870
1.411000000000000920,0.009387743102127010
1.412000000000001032,0.009279511357820902
1.413000000000001144,0.009171226605024464
1.414000000000001034,0.009062892564026533
1.415000000000000924,0.008954512922415388
1.416000000000001036,0.008846091335278645
1.417000000000001148,0.008737631425417048
1.418000000000001037,0.008629136783548267
1.419000000000000927,0.008520610968512995
1.420000000000001039,0.008412057507475304
1.421000000000001151,0.008303479896120462
1.422000000000001041,0.008194881598866399
1.423000000000000931,0.008086266049056321
1.424000000000001043,0.007977636649159594
1.425000000000001155,0.007868996770971982
1.426000000000001044,0.007760349755807272
1.427000000000000934,0.007651698914698109
1.428000000000001046,0.007543047528588200
1.429000000000001158,0.007434398848534031
1.430000000000001048,0.007325756095880842
1.431000000000000938,0.007217122462473783
1.432000000000001050,0.007108501110836353
1.433000000000001162,0.006999895174362033
1.434000000000001052,0.006891307757512191
1.435000000000000941,0.006782741935988472
1.436000000000001053,0.006674200756934033
1.437000000000001165,0.006565687239117092
1.438000000000001055,0.006457204373102704
1.439000000000000945,0.006348755121455517
1.440000000000001057,0.006240342418908452
1.441000000000001169,0.006131969172557779
1.442000000000001059,0.006023638262032638
1.443000000000000949,0.005915352539677262
1.444000000000001060,0.005807114830736454
1.445000000000001172,0.005698927933531987
1.446000000000001062,0.005590794619629481
1.447000000000000952,0.005482717634033430
1.448000000000001064,0.005374699695346391
1.449000000000001176,0.005266743495946745
1.450000000000001066,0.005158851702172612
1.451000000000000956,0.005051026954484414
1.452000000000001068,0.004943271867634593
1.453000000000001180,0.004835589030848133
1.454000000000001069,0.004727981007986409
1.455000000000000959,0.004620450337713146
1.456000000000001071,0.004512999533672885
1.457000000000001183,0.004405631084643728
1.458000000000001073,0.004298347454714235
1.459000000000000963,0.004191151083450676
1.460000000000001075,0.004084044386047378
1.461000000000001187,0.003977029753510476
1.462000000000001076,0.003870109552797063
1.463000000000000966,0.003763286126998516
1.464000000000001078,0.003656561795490849
1.465000000000001190,0.003549938854090203
1.466000000000001080,0.003443419575226053
1.467000000000000970,0.003337006208085663
1.468000000000001082,0.003230700978777412
1.469000000000001194,0.003124506090490400
1.470000000000001084,0.003018423723643119
1.471000000000000973,0.002912456036046033
1.472000000000001085,0.002806605163043339
1.473000000000001197,0.002700873217681746
1.474000000000001087,0.002595262290849300
1.475000000000000977,0.002489774451439000
1.476000000000001089,0.002384411746486201
1.477000000000001201,0.002279176201326240
1.478000000000001091,0.002174069819745108
1.479000000000000981,0.002069094584120601
1.480000000000001092,0.001964252455577411
1.481000000000001204,0.001859545374126283
1.482000000000001094,0.001754975258814033
1.483000000000000984,0.001650544007865132
1.484000000000001096,0.001546253498827802
1.485000000000001208,0.001442105588724040
1.486000000000001098,0.001338102114173234
1.487000000000000988,0.001234244891554089
1.488000000000001100,0.001130535717136639
1.489000000000001211,0.001026976367216216
1.490000000000001101,0.000923568598263643
1.491000000000000991,0.000820314147060653
1.492000000000001103,0.000717214730828176
1.493000000000001215,0.000614272047375367
1.494000000000001105,0.000511487775233049
1.495000000000000995,0.000408863573783820
1.496000000000001107,0.000306401083399093
1.497000000000001219,0.000204101925573744
1.498000000000001108,0.000101967703059759
1.499000000000000998,0.000000000000000000
