# ZnO1m210NB_HUMICACID-ANION-AC
# h[nm],U(h)[kJ/mol]
0.149999999999999994,178.202613495001941146
0.150999999999999995,175.348587427651693815
0.151999999999999996,173.284831164447496121
0.152999999999999997,171.448081076574965209
0.153999999999999998,169.611582427089160774
0.154999999999999999,167.714619625568843730
0.156000000000000000,165.767148875759460225
0.157000000000000001,163.799977170882868904
0.158000000000000002,161.841569223268095357
0.159000000000000002,159.909632149986123295
0.160000000000000003,158.010260427804553274
0.161000000000000004,156.140409466824422680
0.162000000000000005,154.291350333401510397
0.163000000000000006,152.451914860823677600
0.164000000000000007,150.611024275095417124
0.165000000000000008,148.759377122915793734
0.166000000000000009,146.890367963244273142
0.167000000000000010,145.000391929465791918
0.168000000000000010,143.088710171391198855
0.169000000000000011,141.157037719520673136
0.170000000000000012,139.208986982925637221
0.171000000000000013,137.249467664133732114
0.172000000000000014,135.284113178547301004
0.173000000000000015,133.318777466536374732
0.174000000000000016,131.359125319327091574
0.175000000000000017,129.410323913343404456
0.176000000000000018,127.476832548565042202
0.177000000000000018,125.562280789965669214
0.178000000000000019,123.669421461587987210
0.179000000000000020,121.800143451326448485
0.180000000000000021,119.955529374240455809
0.181000000000000022,118.135944262547781136
0.182000000000000023,116.341143173005775679
0.183000000000000024,114.570387607992444146
0.184000000000000025,112.822562708320674574
0.185000000000000026,111.096289141348663065
0.186000000000000026,109.390025383191186847
0.187000000000000027,107.702157628432900083
0.188000000000000028,106.031075835994585077
0.189000000000000029,104.375235438855071379
0.190000000000000030,102.733205025507487562
0.191000000000000031,101.103700868000871083
0.192000000000000032,99.485609554913025931
0.193000000000000033,97.878000218350976525
0.194000000000000034,96.280127951796345087
0.195000000000000034,94.691430027660302926
0.196000000000000035,93.111516464094975731
0.197000000000000036,91.540156380844024397
0.198000000000000037,89.977261441195992120
0.199000000000000038,88.422867515665103610
0.200000000000000039,86.877115534113158901
0.201000000000000040,85.340232325226310195
0.202000000000000041,83.812512081879518178
0.203000000000000042,82.294298942336212122
0.204000000000000042,80.785971043229551469
0.205000000000000043,79.287926282382755971
0.206000000000000044,77.800569928278676457
0.207000000000000045,76.324304128168861894
0.208000000000000046,74.859519297657357129
0.209000000000000047,73.406587319968679139
0.210000000000000048,71.965856441641051333
0.211000000000000049,70.537647721575325477
0.212000000000000050,69.122252870673946745
0.213000000000000050,67.719933308208482003
0.214000000000000051,66.330920257100530080
0.215000000000000052,64.955415702146169110
0.216000000000000053,63.593594041624101010
0.217000000000000054,62.245604272603983986
0.218000000000000055,60.911572562653191198
0.219000000000000056,59.591605074696204269
0.220000000000000057,58.285790926804679657
0.221000000000000058,56.994205184117490148
0.222000000000000058,55.716911795419321152
0.223000000000000059,54.453966401786864537
0.224000000000000060,53.205418958844845179
0.225000000000000061,51.971316127357184200
0.226000000000000062,50.751703398964018277
0.227000000000000063,49.546626934775929385
0.228000000000000064,48.356135104210039799
0.229000000000000065,47.180279719890336310
0.230000000000000066,46.019116971666889526
0.231000000000000066,44.872708068876647758
0.232000000000000067,43.741119604943641264
0.233000000000000068,42.624423662371086152
0.234000000000000069,41.522697679200987864
0.235000000000000070,40.436024100196043207
0.236000000000000071,39.364489837428479291
0.237000000000000072,38.308185565727484345
0.238000000000000073,37.267204878634373699
0.239000000000000073,36.241643330225222996
0.240000000000000074,35.231597387460737991
0.241000000000000075,34.237163316693582260
0.242000000000000076,33.258436026665513907
0.243000000000000077,32.295507888825170539
0.244000000000000078,31.348467554147326553
0.245000000000000079,30.417398783883562885
0.246000000000000080,29.502379309867144741
0.247000000000000081,28.603479738165322743
0.248000000000000081,27.720762508055788231
0.249000000000000082,26.854280916524118084
0.250000000000000111,26.004078216757942954
0.251000000000000112,25.170186797470197604
0.252000000000000113,24.352627448328746596
0.253000000000000114,23.551408715318491005
0.254000000000000115,22.766526348514439348
0.255000000000000115,21.997962843512361530
0.256000000000000116,21.245687076643928748
0.257000000000000117,20.509654033098776438
0.258000000000000118,19.789804626186260350
0.259000000000000119,19.086065605188210270
0.260000000000000120,18.398349548580799961
0.261000000000000121,17.726554938832755681
0.262000000000000122,17.070566314511260941
0.263000000000000123,16.430254495043886465
0.264000000000000123,15.805476873183962994
0.265000000000000124,15.196077770006109375
0.266000000000000125,14.601888847107494129
0.267000000000000126,14.022729570605545035
0.268000000000000127,13.458407721495097675
0.269000000000000128,12.908719946953775448
0.270000000000000129,12.373452347255296857
0.271000000000000130,11.852381093061472583
0.272000000000000131,11.345273068010584439
0.273000000000000131,10.851886531694855620
0.274000000000000132,10.371971798320924307
0.275000000000000133,9.905271926567206009
0.276000000000000134,9.451523416388981857
0.277000000000000135,9.010456908771439899
0.278000000000000136,8.581797884687649258
0.279000000000000137,8.165267359782124146
0.280000000000000138,7.760582571567104182
0.281000000000000139,7.367457656183890258
0.282000000000000139,6.985604312047037467
0.283000000000000140,6.614732447948765248
0.284000000000000141,6.254550813456423164
0.285000000000000142,5.904767609683498897
0.286000000000000143,5.565091078754200282
0.287000000000000144,5.235230070512692180
0.288000000000000145,4.914894585247671088
0.289000000000000146,4.603796291413948971
0.290000000000000147,4.301649017530342789
0.291000000000000147,4.008169217621484037
0.292000000000000148,3.723076409745954773
0.293000000000000149,3.446093587317946572
0.294000000000000150,3.176947603081296201
0.295000000000000151,2.915369525735637346
0.296000000000000152,2.661094969343627881
0.297000000000000153,2.413864395766208482
0.298000000000000154,2.173423390479964024
0.299000000000000155,1.939522912227276574
0.300000000000000155,1.711919517036359695
0.301000000000000156,1.490375557225210645
0.302000000000000157,1.274659356070379612
0.303000000000000158,1.064545358880667703
0.304000000000000159,0.859814261265459123
0.305000000000000160,0.660253115430113446
0.306000000000000161,0.465655415365404834
0.307000000000000162,0.275821161825970662
0.308000000000000163,0.090556908014272436
0.309000000000000163,-0.090324213098097600
0.310000000000000164,-0.267002478870103754
0.311000000000000165,-0.439651583565320858
0.312000000000000166,-0.608438660453948454
0.313000000000000167,-0.773524318500212527
0.314000000000000168,-0.935062692700834197
0.315000000000000169,-1.093201507151641660
0.316000000000000170,-1.248082149934238938
0.317000000000000171,-1.399839758931677336
0.318000000000000171,-1.548603317702208049
0.319000000000000172,-1.694495760562167108
0.320000000000000173,-1.837634086052710058
0.321000000000000174,-1.978129477990465901
0.322000000000000175,-2.116087433329188361
0.323000000000000176,-2.251607896086850857
0.324000000000000177,-2.384785396621607045
0.325000000000000178,-2.515709195568996304
0.326000000000000179,-2.644463431782929419
0.327000000000000179,-2.771127273652602696
0.328000000000000180,-2.895775073197911276
0.329000000000000181,-3.018476522376198012
0.330000000000000182,-3.139296811062787018
0.331000000000000183,-3.258296786198150219
0.332000000000000184,-3.375533111623378879
0.333000000000000185,-3.491058428154959703
0.334000000000000186,-3.604921513478225314
0.335000000000000187,-3.717167441466583178
0.336000000000000187,-3.827837740561020663
0.337000000000000188,-3.936970550870344532
0.338000000000000189,-4.044600779678954261
0.339000000000000190,-4.150760255073329574
0.340000000000000191,-4.255477877422422672
0.341000000000000192,-4.358779768470673943
0.342000000000000193,-4.460689417824333702
0.343000000000000194,-4.561227826633378335
0.344000000000000195,-4.660413648291386934
0.345000000000000195,-4.758263325996108684
0.346000000000000196,-4.854791227031171275
0.347000000000000197,-4.950009773647997768
0.348000000000000198,-5.043929570443306254
0.349000000000000199,-5.136559528143883391
0.350000000000000200,-5.227906983725389978
0.351000000000000201,-5.317977816806165769
0.352000000000000202,-5.406776562270493969
0.353000000000000203,-5.494306519088466345
0.354000000000000203,-5.580569855311448002
0.355000000000000204,-5.665567709232936622
0.356000000000000205,-5.749300286715316233
0.357000000000000206,-5.831766954692466420
0.358000000000000207,-5.912966330866781028
0.359000000000000208,-5.992896369627794151
0.360000000000000209,-6.071554444227041714
0.361000000000000210,-6.148937425250453614
0.362000000000000210,-6.225041755436383717
0.363000000000000211,-6.299863520892725610
0.364000000000000212,-6.373398518772109611
0.365000000000000213,-6.445642321468642244
0.366000000000000214,-6.516590337404041477
0.367000000000000215,-6.586237868474542623
0.368000000000000216,-6.654580164233607320
0.369000000000000217,-6.721612472887843914
0.370000000000000218,-6.787330089186463411
0.371000000000000218,-6.851728399286372451
0.372000000000000219,-6.914802922676946295
0.373000000000000220,-6.976549351249886399
0.374000000000000221,-7.036963585600533477
0.375000000000000222,-7.096041768647848080
0.376000000000000223,-7.153780316661132233
0.377000000000000224,-7.210175947781252148
0.378000000000000225,-7.265225708124634529
0.379000000000000226,-7.318926995557863968
0.380000000000000226,-7.371277581230631704
0.381000000000000227,-7.422275628953703297
0.382000000000000228,-7.471919712508454658
0.383000000000000229,-7.520208830973137637
0.384000000000000230,-7.567142422150196168
0.385000000000000231,-7.612720374177934346
0.386000000000000232,-7.656943035408177778
0.387000000000000233,-7.699811222630600582
0.388000000000000234,-7.741326227722559850
0.389000000000000234,-7.781489822802010181
0.390000000000000235,-7.820304263959147129
0.391000000000000236,-7.857772293640995720
0.392000000000000237,-7.893897141761189395
0.393000000000000238,-7.928682525605569076
0.394000000000000239,-7.962132648602143092
0.395000000000000240,-7.994252198022408606
0.396000000000000241,-8.025046341678828909
0.397000000000000242,-8.054520723681509509
0.398000000000000242,-8.082681459315207206
0.399000000000000243,-8.109535129095693406
0.400000000000000244,-8.135088772062841755
0.401000000000000245,-8.159349878365622644
0.402000000000000246,-8.182326381192345011
0.403000000000000247,-8.204026648097682894
0.404000000000000248,-8.224459471775919184
0.405000000000000249,-8.243634060328220770
0.406000000000000250,-8.261560027069545953
0.407000000000000250,-8.278247379919404736
0.408000000000000251,-8.293706510418454414
0.409000000000000252,-8.307948182411402982
0.410000000000000253,-8.320983520434904079
0.411000000000000254,-8.332823997847306430
0.412000000000000255,-8.343481424735546881
0.413000000000000256,-8.352967935632880980
0.414000000000000257,-8.361295977079276298
0.415000000000000258,-8.368478295055181704
0.416000000000000258,-8.374527922317282602
0.417000000000000259,-8.379458165663976388
0.418000000000000260,-8.383282593156279106
0.419000000000000261,-8.386015021318938167
0.420000000000000262,-8.387669502344801131
0.421000000000000263,-8.388260311324454932
0.422000000000000264,-8.387801933521597419
0.423000000000000265,-8.386309051713496387
0.424000000000000266,-8.383796533614864543
0.425000000000000266,-8.380279419401796659
0.426000000000000267,-8.375772909351898221
0.427000000000000268,-8.370292351615258752
0.428000000000000269,-8.363853230129901561
0.429000000000000270,-8.356471152694664895
0.430000000000000271,-8.348161839210911594
0.431000000000000272,-8.338941110104235221
0.432000000000000273,-8.328824874935788714
0.433000000000000274,-8.317829121212481525
0.434000000000000274,-8.305969903404186283
0.435000000000000275,-8.293263332175417446
0.436000000000000276,-8.279725563838230329
0.437000000000000277,-8.265372790032236239
0.438000000000000278,-8.250221227637071664
0.439000000000000279,-8.234287108921964915
0.440000000000000280,-8.217586671936370379
0.441000000000000281,-8.200136151145070329
0.442000000000000282,-8.181951768310714357
0.443000000000000282,-8.163049723625920961
0.444000000000000283,-8.143446187096904154
0.445000000000000284,-8.123157290179886303
0.446000000000000285,-8.102199117671084139
0.447000000000000286,-8.080587699850934058
0.448000000000000287,-8.058339004882251189
0.449000000000000288,-8.035468931462311559
0.450000000000000289,-8.011993301727860839
0.451000000000000290,-7.987927854412153472
0.452000000000000290,-7.963288238252665963
0.453000000000000291,-7.938090005647653769
0.454000000000000292,-7.912348606559819864
0.455000000000000293,-7.886079382664734183
0.456000000000000294,-7.859297561741591664
0.457000000000000295,-7.832018252303778461
0.458000000000000296,-7.804256438466107504
0.459000000000000297,-7.776026975045960299
0.460000000000000298,-7.747344582894842624
0.461000000000000298,-7.718223844457183347
0.462000000000000299,-7.688679199552643340
0.463000000000000300,-7.658724941378362239
0.464000000000000301,-7.628375212727355859
0.465000000000000302,-7.597644002419150056
0.466000000000000303,-7.566545141938594732
0.467000000000000304,-7.535092302278893150
0.468000000000000305,-7.503298990984619721
0.469000000000000306,-7.471178549390468326
0.470000000000000306,-7.438744150051675774
0.471000000000000307,-7.406008794361442327
0.472000000000000308,-7.372985310351390709
0.473000000000000309,-7.339686350670412196
0.474000000000000310,-7.306124390737631202
0.475000000000000311,-7.272311727064983522
0.476000000000000312,-7.238260475745166289
0.477000000000000313,-7.203982571100327803
0.478000000000000314,-7.169489764487191330
0.479000000000000314,-7.134793623254310546
0.480000000000000315,-7.099905529846836316
0.481000000000000316,-7.064836681054717182
0.482000000000000317,-7.029598087399781647
0.483000000000000318,-6.994200572657531367
0.484000000000000319,-6.958654773509313607
0.485000000000000320,-6.922971139320715395
0.486000000000000321,-6.887159932041965860
0.487000000000000322,-6.851231226226208726
0.488000000000000322,-6.815194909161502501
0.489000000000000323,-6.779060681112724751
0.490000000000000324,-6.742838055669151842
0.491000000000000325,-6.706536360193952717
0.492000000000000326,-6.670164736371654968
0.493000000000000327,-6.633732140849886605
0.494000000000000328,-6.597247345971512189
0.495000000000000329,-6.560718940593652349
0.496000000000000330,-6.524155330989796830
0.497000000000000330,-6.487564741831706172
0.498000000000000331,-6.450955217247321016
0.499000000000000332,-6.414334621951605087
0.500000000000000333,-6.377710642446780653
0.501000000000000334,-6.341090788288660463
0.502000000000000335,-6.304482393416066976
0.503000000000000336,-6.267892617540054445
0.504000000000000337,-6.231328447589941533
0.505000000000000338,-6.194796699213148905
0.506000000000000338,-6.158304018325972073
0.507000000000000339,-6.121856882712392256
0.508000000000000340,-6.085461603668138153
0.509000000000000341,-6.049124327687480651
0.510000000000000342,-6.012851038189798381
0.511000000000000343,-5.976647557283706114
0.512000000000000344,-5.940519547565983771
0.513000000000000345,-5.904472513953010093
0.514000000000000346,-5.868511805542398818
0.515000000000000346,-5.832642617502370008
0.516000000000000347,-5.796869992986773745
0.517000000000000348,-5.761198825073650553
0.518000000000000349,-5.725633858725029057
0.519000000000000350,-5.690179692766202280
0.520000000000000351,-5.654840781882270129
0.521000000000000352,-5.619621438630288957
0.522000000000000353,-5.584525835464953403
0.523000000000000353,-5.549558006776185159
0.524000000000000354,-5.514721850936925129
0.525000000000000355,-5.480021132359331304
0.526000000000000356,-5.445459483557897329
0.527000000000000357,-5.411040407217955206
0.528000000000000358,-5.376767278267936767
0.529000000000000359,-5.342643345954189549
0.530000000000000360,-5.308671735916682621
0.531000000000000361,-5.274855452264538336
0.532000000000000361,-5.241197379649943144
0.533000000000000362,-5.207700285339273094
0.534000000000000363,-5.174366821280250051
0.535000000000000364,-5.141199526164008660
0.536000000000000365,-5.108200827480954942
0.537000000000000366,-5.075373043569461728
0.538000000000000367,-5.042718385656237423
0.539000000000000368,-5.010238959887713506
0.540000000000000369,-4.977936769351194890
0.541000000000000369,-4.945813716085233125
0.542000000000000370,-4.913871603078141526
0.543000000000000371,-4.882112136254052714
0.544000000000000372,-4.850536926445681019
0.545000000000000373,-4.819147491353133361
0.546000000000000374,-4.787945257488037676
0.547000000000000375,-4.756931562102403532
0.548000000000000376,-4.726107655101653648
0.549000000000000377,-4.695474700941153046
0.550000000000000377,-4.665033780505805971
0.551000000000000378,-4.634785892972139720
0.552000000000000379,-4.604731957652512975
0.553000000000000380,-4.574872815820876681
0.554000000000000381,-4.545209232519745512
0.555000000000000382,-4.515741898348086814
0.556000000000000383,-4.486471431229527518
0.557000000000000384,-4.457398378160853269
0.558000000000000385,-4.428523216940244644
0.559000000000000385,-4.399846357875111025
0.560000000000000386,-4.371368145469248567
0.561000000000000387,-4.343088860089046932
0.562000000000000388,-4.315008719608551147
0.563000000000000389,-4.287127881033255150
0.564000000000000390,-4.259446442102351682
0.565000000000000391,-4.231964442869386112
0.566000000000000392,-4.204681867261109929
0.567000000000000393,-4.177598644614537449
0.568000000000000393,-4.150714651191957039
0.569000000000000394,-4.124029711673950160
0.570000000000000395,-4.097543600630366711
0.571000000000000396,-4.071256043969059490
0.572000000000000397,-4.045166720362590063
0.573000000000000398,-4.019275262652669767
0.574000000000000399,-3.993581259232517944
0.575000000000000400,-3.968084255407014815
0.576000000000000401,-3.942783754730744050
0.577000000000000401,-3.917679220324065348
0.578000000000000402,-3.892770076167023863
0.579000000000000403,-3.868055708371388679
0.580000000000000404,-3.843535466430859859
0.581000000000000405,-3.819208664449384116
0.582000000000000406,-3.795074582347899739
0.583000000000000407,-3.771132467049392201
0.584000000000000408,-3.747381533642574425
0.585000000000000409,-3.723820966524178822
0.586000000000000409,-3.700449920520040514
0.587000000000000410,-3.677267521985150722
0.588000000000000411,-3.654272869882727370
0.589000000000000412,-3.631465036842604910
0.590000000000000413,-3.608843070198923808
0.591000000000000414,-3.586405993007446114
0.592000000000000415,-3.564152805042605454
0.593000000000000416,-3.542082483774418478
0.594000000000000417,-3.520193985325512642
0.595000000000000417,-3.498486245408520823
0.596000000000000418,-3.476958180243771235
0.597000000000000419,-3.455608687457854877
0.598000000000000420,-3.434436646962889306
0.599000000000000421,-3.413440921816981444
0.600000000000000422,-3.392620359065907198
0.601000000000000423,-3.371973790566297424
0.602000000000000424,-3.351500033790551836
0.603000000000000425,-3.331197892613650513
0.604000000000000425,-3.311066158082105915
0.605000000000000426,-3.291103609165272559
0.606000000000000427,-3.271309013489299478
0.607000000000000428,-3.251681128053721004
0.608000000000000429,-3.232218699931318717
0.609000000000000430,-3.212920466950982323
0.610000000000000431,-3.193785158364256915
0.611000000000000432,-3.174811495495483804
0.612000000000000433,-3.155998192375887079
0.613000000000000433,-3.137343956361877684
0.614000000000000434,-3.118847488737725993
0.615000000000000435,-3.100507485302826272
0.616000000000000436,-3.082322636943823024
0.617000000000000437,-3.064291630191894988
0.618000000000000438,-3.046413147765263396
0.619000000000000439,-3.028685869097235361
0.620000000000000440,-3.011108470850096364
0.621000000000000441,-2.993679627414912225
0.622000000000000441,-2.976398011397624721
0.623000000000000442,-2.959262294091518974
0.624000000000000443,-2.942271145936413479
0.625000000000000444,-2.925423236964766804
0.626000000000000445,-2.908717237234809350
0.627000000000000446,-2.892151817251140677
0.628000000000000447,-2.875725648372778220
0.629000000000000448,-2.859437403209053929
0.630000000000000449,-2.843285756003470333
0.631000000000000449,-2.827269383005775349
0.632000000000000450,-2.811386962832481906
0.633000000000000451,-2.795637176816016645
0.634000000000000452,-2.780018709342683803
0.635000000000000453,-2.764530248179759564
0.636000000000000454,-2.749170484791762625
0.637000000000000455,-2.733938114646289108
0.638000000000000456,-2.718831837509431804
0.639000000000000457,-2.703850357731131915
0.640000000000000457,-2.688992384520612511
0.641000000000000458,-2.674256632212006046
0.642000000000000459,-2.659641820520572963
0.643000000000000460,-2.645146674789439878
0.644000000000000461,-2.630769926227310762
0.645000000000000462,-2.616510312137151573
0.646000000000000463,-2.602366576136097009
0.647000000000000464,-2.588337468366801897
0.648000000000000465,-2.574421745700376185
0.649000000000000465,-2.560618171931062115
0.650000000000000466,-2.546925517962919105
0.651000000000000467,-2.533342561988564334
0.652000000000000468,-2.519868089660277199
0.653000000000000469,-2.506500894253507195
0.654000000000000470,-2.493239776823103160
0.655000000000000471,-2.480083546352263468
0.656000000000000472,-2.467031019894506905
0.657000000000000473,-2.454081022708739734
0.658000000000000473,-2.441232388387652996
0.659000000000000474,-2.428483958979513524
0.660000000000000475,-2.415834585103614707
0.661000000000000476,-2.403283126059404307
0.662000000000000477,-2.390828449929603750
0.663000000000000478,-2.378469433677284695
0.664000000000000479,-2.366204963237255932
0.665000000000000480,-2.354033933601637152
0.666000000000000481,-2.341955248900087661
0.667000000000000481,-2.329967822474471539
0.668000000000000482,-2.318070576948466410
0.669000000000000483,-2.306262444291892422
0.670000000000000484,-2.294542365880174462
0.671000000000000485,-2.282909292548906954
0.672000000000000486,-2.271362184643695770
0.673000000000000487,-2.259900012065448660
0.674000000000000488,-2.248521754311133769
0.675000000000000488,-2.237226400510197166
0.676000000000000489,-2.226012949456825485
0.677000000000000490,-2.214880409637963066
0.678000000000000491,-2.203827799257438880
0.679000000000000492,-2.192854146256150383
0.680000000000000493,-2.181958488328474388
0.681000000000000494,-2.171139872935035520
0.682000000000000495,-2.160397357311862443
0.683000000000000496,-2.149730008476148591
0.684000000000000496,-2.139136903228611164
0.685000000000000497,-2.128617128152602067
0.686000000000000498,-2.118169779610091119
0.687000000000000499,-2.107793963734559739
0.688000000000000500,-2.097488796420925006
0.689000000000000501,-2.087253403312630873
0.690000000000000502,-2.077086919785930519
0.691000000000000503,-2.066988490931485956
0.692000000000000504,-2.056957271533338627
0.693000000000000504,-2.046992426045442848
0.694000000000000505,-2.037093128565637734
0.695000000000000506,-2.027258562807404907
0.696000000000000507,-2.017487922069260531
0.697000000000000508,-2.007780409201986860
0.698000000000000509,-1.998135236573768569
0.699000000000000510,-1.988551626033251862
0.700000000000000511,-1.979028808870676004
0.701000000000000512,-1.969566025777091056
0.702000000000000512,-1.960162526801758620
0.703000000000000513,-1.950817571307800424
0.704000000000000514,-1.941530427926172919
0.705000000000000515,-1.932300374508004293
0.706000000000000516,-1.923126698075393382
0.707000000000000517,-1.914008694770731767
0.708000000000000518,-1.904945669804527286
0.709000000000000519,-1.895936937401987876
0.710000000000000520,-1.886981820748153904
0.711000000000000520,-1.878079651931888749
0.712000000000000521,-1.869229771888620162
0.713000000000000522,-1.860431530341931206
0.714000000000000523,-1.851684285744135350
0.715000000000000524,-1.842987405215718466
0.716000000000000525,-1.834340264483885319
0.717000000000000526,-1.825742247820139497
0.718000000000000527,-1.817192747976936973
0.719000000000000528,-1.808691166123573835
0.720000000000000528,-1.800236911781272209
0.721000000000000529,-1.791829402757440404
0.722000000000000530,-1.783468065079357290
0.723000000000000531,-1.775152332927073306
0.724000000000000532,-1.766881648565796326
0.725000000000000533,-1.758655462277651349
0.726000000000000534,-1.750473232292886205
0.727000000000000535,-1.742334424720627384
0.728000000000000536,-1.734238513479134713
0.729000000000000536,-1.726184980225652144
0.730000000000000537,-1.718173314285878828
0.731000000000000538,-1.710203012583042748
0.732000000000000539,-1.702273579566708106
0.733000000000000540,-1.694384527141259422
0.734000000000000541,-1.686535374594151149
0.735000000000000542,-1.678725648523882841
0.736000000000000543,-1.670954882767869520
0.737000000000000544,-1.663222618330044922
0.738000000000000544,-1.655528403308415664
0.739000000000000545,-1.647871792822425574
0.740000000000000546,-1.640252348940300919
0.741000000000000547,-1.632669640606274397
0.742000000000000548,-1.625123243567881515
0.743000000000000549,-1.617612740303102425
0.744000000000000550,-1.610137719947629220
0.745000000000000551,-1.602697778222135883
0.746000000000000552,-1.595292517359607976
0.747000000000000552,-1.587921546032754261
0.748000000000000553,-1.580584479281512245
0.749000000000000554,-1.573280938440682730
0.750000000000000555,-1.566010551067718470
0.751000000000000556,-1.558772950870633389
0.752000000000000557,-1.551567777636164713
0.753000000000000558,-1.544394677158013041
0.754000000000000559,-1.537253301165426578
0.755000000000000560,-1.530143307251906837
0.756000000000000560,-1.523064358804249396
0.757000000000000561,-1.516016124931747644
0.758000000000000562,-1.508998280395742464
0.759000000000000563,-1.502010505539443930
0.760000000000000564,-1.495052486218048760
0.761000000000000565,-1.488123913729161973
0.762000000000000566,-1.481224484743565162
0.763000000000000567,-1.474353901236314712
0.764000000000000568,-1.467511870418171771
0.765000000000000568,-1.460698104667458086
0.766000000000000569,-1.453912321462190294
0.767000000000000570,-1.447154243312694044
0.768000000000000571,-1.440423597694509228
0.769000000000000572,-1.433720116981800574
0.770000000000000573,-1.427043538381094434
0.771000000000000574,-1.420393603865494070
0.772000000000000575,-1.413770060109280191
0.773000000000000576,-1.407172658422967793
0.774000000000000576,-1.400601154688797090
0.775000000000000577,-1.394055309296694745
0.776000000000000578,-1.387534887080640766
0.777000000000000579,-1.381039657255566766
0.778000000000000580,-1.374569393354655222
0.779000000000000581,-1.368123873167158777
0.780000000000000582,-1.361702878676670947
0.781000000000000583,-1.355306195999907093
0.782000000000000584,-1.348933615325945023
0.783000000000000584,-1.342584930855967196
0.784000000000000585,-1.336259940743527164
0.785000000000000586,-1.329958447035258118
0.786000000000000587,-1.323680255612154522
0.787000000000000588,-1.317425176131317155
0.788000000000000589,-1.311193021968189543
0.789000000000000590,-1.304983610159387686
0.790000000000000591,-1.298796761345954343
0.791000000000000592,-1.292632299717185962
0.792000000000000592,-1.286490052954965657
0.793000000000000593,-1.280369852178603551
0.794000000000000594,-1.274271531890226461
0.795000000000000595,-1.268194929920682501
0.796000000000000596,-1.262139887375942626
0.797000000000000597,-1.256106248584080376
0.798000000000000598,-1.250093861042739452
0.799000000000000599,-1.244102575367133312
0.800000000000000600,-1.238132245238607432
0.801000000000000600,-1.232182727353679397
0.802000000000000601,-1.226253881373638555
0.803000000000000602,-1.220345569874670577
0.804000000000000603,-1.214457658298508713
0.805000000000000604,-1.208590014903623722
0.806000000000000605,-1.202742510716885427
0.807000000000000606,-1.196915019485848442
0.808000000000000607,-1.191107417631473542
0.809000000000000608,-1.185319584201408816
0.810000000000000608,-1.179551400823834806
0.811000000000000609,-1.173802751661719102
0.812000000000000610,-1.168073523367743949
0.813000000000000611,-1.162363605039606007
0.814000000000000612,-1.156672888175933611
0.815000000000000613,-1.151001266632696085
0.816000000000000614,-1.145348636580086676
0.817000000000000615,-1.139714896459963045
0.818000000000000616,-1.134099946943797566
0.819000000000000616,-1.128503690891101030
0.820000000000000617,-1.122926033308366822
0.821000000000000618,-1.117366881308544224
0.822000000000000619,-1.111826144070992450
0.823000000000000620,-1.106303732801910966
0.824000000000000621,-1.100799560695294943
0.825000000000000622,-1.095313542894386094
0.826000000000000623,-1.089845596453603793
0.827000000000000624,-1.084395640300948482
0.828000000000000624,-1.078963595200929326
0.829000000000000625,-1.073549383717924854
0.830000000000000626,-1.068152930180066296
0.831000000000000627,-1.062774160643570331
0.832000000000000628,-1.057413002857569451
0.833000000000000629,-1.052069386229371961
0.834000000000000630,-1.046743241790230927
0.835000000000000631,-1.041434502161551423
0.836000000000000631,-1.036143101521562970
0.837000000000000632,-1.030868975572469592
0.838000000000000633,-1.025612061508008876
0.839000000000000634,-1.020372297981499976
0.840000000000000635,-1.015149625074339257
0.841000000000000636,-1.009943984264895622
0.842000000000000637,-1.004755318397913211
0.843000000000000638,-0.999583571654286018
0.844000000000000639,-0.994428689521302145
0.845000000000000639,-0.989290618763318919
0.846000000000000640,-0.984169307392822601
0.847000000000000641,-0.979064704641993244
0.848000000000000642,-0.973976760934584185
0.849000000000000643,-0.968905427858284929
0.850000000000000644,-0.963850658137510807
0.851000000000000645,-0.958812405606514262
0.852000000000000646,-0.953790625182998952
0.853000000000000647,-0.948785272842070704
0.854000000000000647,-0.943796305590597795
0.855000000000000648,-0.938823681441983582
0.856000000000000649,-0.933867359391310048
0.857000000000000650,-0.928927299390879258
0.858000000000000651,-0.924003462326112412
0.859000000000000652,-0.919095809991852919
0.860000000000000653,-0.914204305069053924
0.861000000000000654,-0.909328911101777715
0.862000000000000655,-0.904469592474640982
0.863000000000000655,-0.899626314390558179
0.864000000000000656,-0.894799042848891668
0.865000000000000657,-0.889987744623906174
0.866000000000000658,-0.885192387243635914
0.867000000000000659,-0.880412938969066139
0.868000000000000660,-0.875649368773643744
0.869000000000000661,-0.870901646323159584
0.870000000000000662,-0.866169741955957084
0.871000000000000663,-0.861453626663489680
0.872000000000000663,-0.856753272071153815
0.873000000000000664,-0.852068650419531948
0.874000000000000665,-0.847399734545874694
0.875000000000000666,-0.842746497865978328
0.876000000000000667,-0.838108914356306967
0.877000000000000668,-0.833486958536476807
0.878000000000000669,-0.828880605452041563
0.879000000000000670,-0.824289830657548017
0.880000000000000671,-0.819714610199945626
0.881000000000000671,-0.815154920602233268
0.882000000000000672,-0.810610738847474699
0.883000000000000673,-0.806082042363025719
0.884000000000000674,-0.801568809005112293
0.885000000000000675,-0.797071017043642804
0.886000000000000676,-0.792588645147349835
0.887000000000000677,-0.788121672369159421
0.888000000000000678,-0.783670078131867731
0.889000000000000679,-0.779233842214078321
0.890000000000000679,-0.774812944736400833
0.891000000000000680,-0.770407366147923378
0.892000000000000681,-0.766017087212931935
0.893000000000000682,-0.761642088997898203
0.894000000000000683,-0.757282352858706598
0.895000000000000684,-0.752937860428156580
0.896000000000000685,-0.748608593603684147
0.897000000000000686,-0.744294534535341445
0.898000000000000687,-0.739995665614021081
0.899000000000000687,-0.735711969459901693
0.900000000000000688,-0.731443428911143778
0.901000000000000689,-0.727190027012804885
0.902000000000000690,-0.722951747006002621
0.903000000000000691,-0.718728572317268277
0.904000000000000692,-0.714520486548156697
0.905000000000000693,-0.710327473465052206
0.906000000000000694,-0.706149516989214243
0.907000000000000695,-0.701986601186994852
0.908000000000000695,-0.697838710260320738
0.909000000000000696,-0.693705828537326985
0.910000000000000697,-0.689587940463247562
0.911000000000000698,-0.685485030591460598
0.912000000000000699,-0.681397083574758033
0.913000000000000700,-0.677324084156823103
0.914000000000000701,-0.673266017163846042
0.915000000000000702,-0.669222867496407803
0.916000000000000703,-0.665194620121481894
0.917000000000000703,-0.661181260064660603
0.918000000000000704,-0.657182772402555848
0.919000000000000705,-0.653199142255356024
0.920000000000000706,-0.649230354779608776
0.921000000000000707,-0.645276395161114236
0.922000000000000708,-0.641337248608040200
0.923000000000000709,-0.637412900344203504
0.924000000000000710,-0.633503335602465967
0.925000000000000711,-0.629608539618364271
0.926000000000000711,-0.625728497623850410
0.927000000000000712,-0.621863194841211220
0.928000000000000713,-0.618012616477138343
0.929000000000000714,-0.614176747716977167
0.930000000000000715,-0.610355573719069011
0.931000000000000716,-0.606549079609302044
0.932000000000000717,-0.602757250475781325
0.933000000000000718,-0.598980071363644728
0.934000000000000719,-0.595217527270026636
0.935000000000000719,-0.591469603139161415
0.936000000000000720,-0.587736283857610342
0.937000000000000721,-0.584017554249645965
0.938000000000000722,-0.580313399072763691
0.939000000000000723,-0.576623803013304403
0.940000000000000724,-0.572948750682234831
0.941000000000000725,-0.569288226611032289
0.942000000000000726,-0.565642215247722402
0.943000000000000727,-0.562010700952988773
0.944000000000000727,-0.558393667996465948
0.945000000000000728,-0.554791100553110095
0.946000000000000729,-0.551202982699680266
0.947000000000000730,-0.547629298411381971
0.948000000000000731,-0.544070031558556821
0.949000000000000732,-0.540525165903545934
0.950000000000000733,-0.536994685097613167
0.951000000000000734,-0.533478572678020346
0.952000000000000735,-0.529976812065165004
0.953000000000000735,-0.526489386559835126
0.954000000000000736,-0.523016279340584811
0.955000000000000737,-0.519557473461188302
0.956000000000000738,-0.516112951848202495
0.957000000000000739,-0.512682697298606938
0.958000000000000740,-0.509266692477576166
0.959000000000000741,-0.505864919916290789
0.960000000000000742,-0.502477362009903450
0.961000000000000743,-0.499104001015536369
0.962000000000000743,-0.495744819050390639
0.963000000000000744,-0.492399798089951157
0.964000000000000745,-0.489068919966271498
0.965000000000000746,-0.485752166366317073
0.966000000000000747,-0.482449518830424584
0.967000000000000748,-0.479160958750810273
0.968000000000000749,-0.475886467370196353
0.969000000000000750,-0.472626025780457648
0.970000000000000751,-0.469379614921407673
0.971000000000000751,-0.466147215579597929
0.972000000000000752,-0.462928808387220336
0.973000000000000753,-0.459724373821106647
0.974000000000000754,-0.456533892201731795
0.975000000000000755,-0.453357343692341819
0.976000000000000756,-0.450194708298125967
0.977000000000000757,-0.447045965865449646
0.978000000000000758,-0.443911096081159862
0.979000000000000759,-0.440790078471970381
0.980000000000000759,-0.437682892403857771
0.981000000000000760,-0.434589517081571675
0.982000000000000761,-0.431509931548185399
0.983000000000000762,-0.428444114684685018
0.984000000000000763,-0.425392045209634695
0.985000000000000764,-0.422353701678905846
0.986000000000000765,-0.419329062485435167
0.987000000000000766,-0.416318105859050047
0.988000000000000766,-0.413320809866341510
0.989000000000000767,-0.410337152410599870
0.990000000000000768,-0.407367111231793699
0.991000000000000769,-0.404410663906566881
0.992000000000000770,-0.401467787848328928
0.993000000000000771,-0.398538460307387044
0.994000000000000772,-0.395622658371069302
0.995000000000000773,-0.392720358963972060
0.996000000000000774,-0.389831538848178560
0.997000000000000774,-0.386956174623570348
0.998000000000000775,-0.384094242728149793
0.999000000000000776,-0.381245719438416564
1.000000000000000666,-0.378410580869774915
1.001000000000000778,-0.375588802976995151
1.002000000000000668,-0.372780361554689521
1.003000000000000780,-0.369985232237838635
1.004000000000000670,-0.367203390502352345
1.005000000000000782,-0.364434811665663994
1.006000000000000671,-0.361679470887364296
1.007000000000000783,-0.358937343169840939
1.008000000000000673,-0.356208403358994563
1.009000000000000785,-0.353492626144946087
1.010000000000000675,-0.350789986062800485
1.011000000000000787,-0.348100457493415394
1.012000000000000677,-0.345424014664230117
1.013000000000000789,-0.342760631650101233
1.014000000000000679,-0.340110282374146700
1.015000000000000790,-0.337472940608674055
1.016000000000000680,-0.334848579976077698
1.017000000000000792,-0.332237173949786357
1.018000000000000682,-0.329638695855223762
1.019000000000000794,-0.327053118870814674
1.020000000000000684,-0.324480416028988694
1.021000000000000796,-0.321920560217215379
1.022000000000000686,-0.319373524179063617
1.023000000000000798,-0.316839280515281485
1.024000000000000687,-0.314317801684887710
1.025000000000000799,-0.311809060006291272
1.026000000000000689,-0.309313027658438044
1.027000000000000801,-0.306829676681943053
1.028000000000000691,-0.304358978980283412
1.029000000000000803,-0.301900906320974327
1.030000000000000693,-0.299455430336771578
1.031000000000000805,-0.297022522526909971
1.032000000000000695,-0.294602154258311766
1.033000000000000806,-0.292194296766863260
1.034000000000000696,-0.289798921158665124
1.035000000000000808,-0.287415998411309048
1.036000000000000698,-0.285045499375166489
1.037000000000000810,-0.282687394774719158
1.038000000000000700,-0.280341655209834673
1.039000000000000812,-0.278008251157111475
1.040000000000000702,-0.275687152971226923
1.041000000000000814,-0.273378330886274001
1.042000000000000703,-0.271081755017109904
1.043000000000000815,-0.268797395360744651
1.044000000000000705,-0.266525221797713319
1.045000000000000817,-0.264265204093437789
1.046000000000000707,-0.262017311899655769
1.047000000000000819,-0.259781514755798582
1.048000000000000709,-0.257557782090411358
1.049000000000000821,-0.255346083222558806
1.050000000000000711,-0.253146387363252456
1.051000000000000822,-0.250958663616884070
1.052000000000000712,-0.248782880982652971
1.053000000000000824,-0.246619008356003505
1.054000000000000714,-0.244467014530076465
1.055000000000000826,-0.242326868197154877
1.056000000000000716,-0.240198537950115421
1.057000000000000828,-0.238081992283888155
1.058000000000000718,-0.235977199596913018
1.059000000000000830,-0.233884128192605539
1.060000000000000719,-0.231802746280826893
1.061000000000000831,-0.229733021979348528
1.062000000000000721,-0.227674923315318578
1.063000000000000833,-0.225628418226751337
1.064000000000000723,-0.223593474563981875
1.065000000000000835,-0.221570060091154458
1.066000000000000725,-0.219558142487703389
1.067000000000000837,-0.217557689349803823
1.068000000000000727,-0.215568668191892826
1.069000000000000838,-0.213591046448104199
1.070000000000000728,-0.211624791473777302
1.071000000000000840,-0.209669870546915271
1.072000000000000730,-0.207726250869677859
1.073000000000000842,-0.205793899569846561
1.074000000000000732,-0.203872783702291865
1.075000000000000844,-0.201962870250466608
1.076000000000000734,-0.200064126127868031
1.077000000000000846,-0.198176518179497663
1.078000000000000735,-0.196300013183347277
1.079000000000000847,-0.194434577851843871
1.080000000000000737,-0.192580178833338500
1.081000000000000849,-0.190736782713538444
1.082000000000000739,-0.188904356016978969
1.083000000000000851,-0.187082865208477500
1.084000000000000741,-0.185272276694585097
1.085000000000000853,-0.183472556825021449
1.086000000000000743,-0.181683671894130760
1.087000000000000854,-0.179905588142315859
1.088000000000000744,-0.178138271757481925
1.089000000000000856,-0.176381688876448062
1.090000000000000746,-0.174635805586387971
1.091000000000000858,-0.172900587926257593
1.092000000000000748,-0.171176001888192764
1.093000000000000860,-0.169462013418946178
1.094000000000000750,-0.167758588421263871
1.095000000000000862,-0.166065692755318906
1.096000000000000751,-0.164383292240091572
1.097000000000000863,-0.162711352654750258
1.098000000000000753,-0.161049839740061262
1.099000000000000865,-0.159398719199756206
1.100000000000000755,-0.157757956701898155
1.101000000000000867,-0.156127517880261246
1.102000000000000757,-0.154507368335689177
1.103000000000000869,-0.152897473637449599
1.104000000000000759,-0.151297799324578042
1.105000000000000870,-0.149708310907235964
1.106000000000000760,-0.148128973868022346
1.107000000000000872,-0.146559753663327408
1.108000000000000762,-0.145000615724643123
1.109000000000000874,-0.143451525459880547
1.110000000000000764,-0.141912448254678969
1.111000000000000876,-0.140383349473699681
1.112000000000000766,-0.138864194461936541
1.113000000000000878,-0.137354948545990535
1.114000000000000767,-0.135855577035358055
1.115000000000000879,-0.134366045223690445
1.116000000000000769,-0.132886318390074559
1.117000000000000881,-0.131416361800277548
1.118000000000000771,-0.129956140708004486
1.119000000000000883,-0.128505620356140604
1.120000000000000773,-0.127064765977982552
1.121000000000000885,-0.125633542798464393
1.122000000000000774,-0.124211916035375139
1.123000000000000886,-0.122799850900573770
1.124000000000000776,-0.121397312601198307
1.125000000000000888,-0.120004266340838384
1.126000000000000778,-0.118620677320739401
1.127000000000000890,-0.117246510740993723
1.128000000000000780,-0.115881731801670676
1.129000000000000892,-0.114526305704018339
1.130000000000000782,-0.113180197651601630
1.131000000000000894,-0.111843372851439637
1.132000000000000783,-0.110515796515156375
1.133000000000000895,-0.109197433860111978
1.134000000000000785,-0.107888250110496048
1.135000000000000897,-0.106588210498482883
1.136000000000000787,-0.105297280265291143
1.137000000000000899,-0.104015424662311465
1.138000000000000789,-0.102742608952170217
1.139000000000000901,-0.101478798409830581
1.140000000000000790,-0.100223958323640547
1.141000000000000902,-0.098978053996397919
1.142000000000000792,-0.097741050746414523
1.143000000000000904,-0.096512913908542511
1.144000000000000794,-0.095293608835234606
1.145000000000000906,-0.094083100897528540
1.146000000000000796,-0.092881355486114203
1.147000000000000908,-0.091688338012305429
1.148000000000000798,-0.090504013909054687
1.149000000000000909,-0.089328348631948579
1.150000000000000799,-0.088161307660173868
1.151000000000000689,-0.087002856497510425
1.152000000000000801,-0.085852960673285697
1.153000000000000913,-0.084711585743339007
1.154000000000000803,-0.083578697290961707
1.155000000000000693,-0.082454260927832701
1.156000000000000805,-0.081338242294972316
1.157000000000000917,-0.080230607063629472
1.158000000000000806,-0.079131320936226560
1.159000000000000696,-0.078040349647246807
1.160000000000000808,-0.076957658964129316
1.161000000000000920,-0.075883214688162934
1.162000000000000810,-0.074816982655369305
1.163000000000000700,-0.073758928737357288
1.164000000000000812,-0.072709018842198797
1.165000000000000924,-0.071667218915266992
1.166000000000000814,-0.070633494940101932
1.167000000000000703,-0.069607812939218638
1.168000000000000815,-0.068590138974961037
1.169000000000000927,-0.067580439150295990
1.170000000000000817,-0.066578679609643296
1.171000000000000707,-0.065584826539657443
1.172000000000000819,-0.064598846170044216
1.173000000000000931,-0.063620704774321385
1.174000000000000821,-0.062650368670605375
1.175000000000000711,-0.061687804222379697
1.176000000000000822,-0.060732977839254756
1.177000000000000934,-0.059785855977706928
1.178000000000000824,-0.058846405141841474
1.179000000000000714,-0.057914591884098886
1.180000000000000826,-0.056990382806010501
1.181000000000000938,-0.056073744558888694
1.182000000000000828,-0.055164643844552642
1.183000000000000718,-0.054263047416027957
1.184000000000000830,-0.053368922078233759
1.185000000000000941,-0.052482234688660999
1.186000000000000831,-0.051602952158066207
1.187000000000000721,-0.050731041451123560
1.188000000000000833,-0.049866469587092503
1.189000000000000945,-0.049009203640469665
1.190000000000000835,-0.048159210741635039
1.191000000000000725,-0.047316458077468988
1.192000000000000837,-0.046480912892018354
1.193000000000000949,-0.045652542487071804
1.194000000000000838,-0.044831314222809761
1.195000000000000728,-0.044017195518381867
1.196000000000000840,-0.043210153852517988
1.197000000000000952,-0.042410156764118495
1.198000000000000842,-0.041617171852821988
1.199000000000000732,-0.040831166779597923
1.200000000000000844,-0.040052109267285321
1.201000000000000956,-0.039279967101180369
1.202000000000000846,-0.038514708129567130
1.203000000000000735,-0.037756300264269696
1.204000000000000847,-0.037004711481173257
1.205000000000000959,-0.036259909820780353
1.206000000000000849,-0.035521863388703487
1.207000000000000739,-0.034790540356185048
1.208000000000000851,-0.034065908960616002
1.209000000000000963,-0.033347937506016515
1.210000000000000853,-0.032636594363543187
1.211000000000000743,-0.031931847971955932
1.212000000000000854,-0.031233666838111608
1.213000000000000966,-0.030542019537415543
1.214000000000000856,-0.029856874714310831
1.215000000000000746,-0.029178201082695542
1.216000000000000858,-0.028505967426409640
1.217000000000000970,-0.027840142599648822
1.218000000000000860,-0.027180695527411654
1.219000000000000750,-0.026527595205924070
1.220000000000000862,-0.025880810703060440
1.221000000000000973,-0.025240311158754070
1.222000000000000863,-0.024606065785413234
1.223000000000000753,-0.023978043868304467
1.224000000000000865,-0.023356214765966714
1.225000000000000977,-0.022740547910584087
1.226000000000000867,-0.022131012808369953
1.227000000000000757,-0.021527579039940826
1.228000000000000869,-0.020930216260679351
1.229000000000000981,-0.020338894201113719
1.230000000000000870,-0.019753582667236650
1.231000000000000760,-0.019174251540885850
1.232000000000000872,-0.018600870780080526
1.233000000000000984,-0.018033410419330945
1.234000000000000874,-0.017471840570003637
1.235000000000000764,-0.016916131420616320
1.236000000000000876,-0.016366253237169417
1.237000000000000988,-0.015822176363446790
1.238000000000000878,-0.015283871221335416
1.239000000000000767,-0.014751308311101450
1.240000000000000879,-0.014224458211701934
1.241000000000000991,-0.013703291581063787
1.242000000000000881,-0.013187779156359930
1.243000000000000771,-0.012677891754290922
1.244000000000000883,-0.012173600271348279
1.245000000000000995,-0.011674875684085883
1.246000000000000885,-0.011181689049368152
1.247000000000000774,-0.010694011504622215
1.248000000000000886,-0.010211814268089887
1.249000000000000998,-0.009735068639061956
1.250000000000000888,-0.009263745998120496
1.251000000000000778,-0.008797817807357755
1.252000000000000890,-0.008337255610609197
1.253000000000001002,-0.007882031033661521
1.254000000000000892,-0.007432115784483423
1.255000000000000782,-0.006987481653411082
1.256000000000000894,-0.006548100513363414
1.257000000000001005,-0.006113944320039382
1.258000000000000895,-0.005684985112108347
1.259000000000000785,-0.005261195011391340
1.260000000000000897,-0.004842546223046640
1.261000000000001009,-0.004429011035753555
1.262000000000000899,-0.004020561821868487
1.263000000000000789,-0.003617171037601574
1.264000000000000901,-0.003218811223179266
1.265000000000001013,-0.002825455002993074
1.266000000000000902,-0.002437075085760459
1.267000000000000792,-0.002053644264660537
1.268000000000000904,-0.001675135417489087
1.269000000000001016,-0.001301521506782134
1.270000000000000906,-0.000932775579963559
1.271000000000000796,-0.000568870769461002
1.272000000000000908,-0.000209780292830258
1.273000000000001020,0.000144522547120286
1.274000000000000909,0.000494064362215149
1.275000000000000799,0.000838871678815248
1.276000000000000911,0.001178970937691679
1.277000000000001023,0.001514388493942925
1.278000000000000913,0.001845150616891528
1.279000000000000803,0.002171283489991187
1.280000000000000915,0.002492813210732961
1.281000000000001027,0.002809765790583274
1.282000000000000917,0.003122167154878466
1.283000000000000806,0.003430043142768116
1.284000000000000918,0.003733419507129692
1.285000000000001030,0.004032321914519452
1.286000000000000920,0.004326775945092271
1.287000000000000810,0.004616807092554233
1.288000000000000922,0.004902440764097247
1.289000000000001034,0.005183702280362306
1.290000000000000924,0.005460616875385511
1.291000000000000814,0.005733209696543592
1.292000000000000925,0.006001505804543217
1.293000000000001037,0.006265530173348169
1.294000000000000927,0.006525307690179091
1.295000000000000817,0.006780863155474015
1.296000000000000929,0.007032221282857284
1.297000000000001041,0.007279406699130903
1.298000000000000931,0.007522443944250223
1.299000000000000821,0.007761357471306793
1.300000000000000933,0.007996171646532260
1.301000000000001044,0.008226910749278647
1.302000000000000934,0.008453598972020561
1.303000000000000824,0.008676260420349493
1.304000000000000936,0.008894919112994053
1.305000000000001048,0.009109598981808192
1.306000000000000938,0.009320323871786482
1.307000000000000828,0.009527117541088342
1.308000000000000940,0.009730003661047653
1.309000000000001052,0.009929005816181374
1.310000000000000941,0.010124147504235972
1.311000000000000831,0.010315452136193407
1.312000000000000943,0.010502943036321082
1.313000000000001055,0.010686643442176135
1.314000000000000945,0.010866576504668834
1.315000000000000835,0.011042765288089462
1.316000000000000947,0.011215232770147096
1.317000000000001059,0.011384001842014803
1.318000000000000949,0.011549095308391336
1.319000000000000838,0.011710535887524123
1.320000000000000950,0.011868346211287555
1.321000000000001062,0.012022548825231604
1.322000000000000952,0.012173166188629639
1.323000000000000842,0.012320220674558721
1.324000000000000954,0.012463734569944656
1.325000000000001066,0.012603730075647329
1.326000000000000956,0.012740229306511466
1.327000000000000846,0.012873254291457048
1.328000000000000957,0.013002826973533660
1.329000000000001069,0.013128969210024327
1.330000000000000959,0.013251702772494895
1.331000000000000849,0.013371049346896638
1.332000000000000961,0.013487030533652531
1.333000000000001073,0.013599667847732273
1.334000000000000963,0.013708982718742001
1.335000000000000853,0.013814996491029250
1.336000000000000965,0.013917730423765614
1.337000000000001076,0.014017205691045410
1.338000000000000966,0.014113443381989350
1.339000000000000856,0.014206464500837073
1.340000000000000968,0.014296289967059405
1.341000000000001080,0.014382940615460100
1.342000000000000970,0.014466437196280536
1.343000000000000860,0.014546800375312302
1.344000000000000972,0.014624050734013738
1.345000000000001084,0.014698208769609427
1.346000000000000973,0.014769294895223873
1.347000000000000863,0.014837329439986441
1.348000000000000975,0.014902332649162442
1.349000000000001087,0.014964324684263583
1.350000000000000977,0.015023325623179557
1.351000000000000867,0.015079355460295107
1.352000000000000979,0.015132434106640603
1.353000000000001091,0.015182581389987460
1.354000000000000981,0.015229817055006123
1.355000000000000870,0.015274160763391154
1.356000000000000982,0.015315632093994846
1.357000000000001094,0.015354250542961667
1.358000000000000984,0.015390035523872766
1.359000000000000874,0.015423006367886544
1.360000000000000986,0.015453182323875186
1.361000000000001098,0.015480582558565239
1.362000000000000988,0.015505226156698308
1.363000000000000878,0.015527132121164822
1.364000000000000989,0.015546319373147693
1.365000000000001101,0.015562806752291086
1.366000000000000991,0.015576613016837545
1.367000000000000881,0.015587756843782451
1.368000000000000993,0.015596256829033170
1.369000000000001105,0.015602131487560639
1.370000000000000995,0.015605399253561632
1.371000000000000885,0.015606078480615432
1.372000000000000997,0.015604187441841865
1.373000000000001108,0.015599744330060353
1.374000000000000998,0.015592767257973206
1.375000000000000888,0.015583274258296812
1.376000000000001000,0.015571283283953189
1.377000000000001112,0.015556812208229871
1.378000000000001002,0.015539878824943365
1.379000000000000892,0.015520500848616758
1.380000000000001004,0.015498695914645472
1.381000000000001116,0.015474481579462884
1.382000000000001005,0.015447875320731243
1.383000000000000895,0.015418894537498982
1.384000000000001007,0.015387556550385612
1.385000000000001119,0.015353878601754505
1.386000000000001009,0.015317877855887337
1.387000000000000899,0.015279571399181088
1.388000000000001011,0.015238976240290903
1.389000000000001123,0.015196109310355232
1.390000000000001013,0.015150987463147383
1.391000000000000902,0.015103627475269287
1.392000000000001014,0.015054046046334802
1.393000000000001126,0.015002259799154798
1.394000000000001016,0.014948285279916058
1.395000000000000906,0.014892138958380412
1.396000000000001018,0.014833837228066710
1.397000000000001130,0.014773396406436781
1.398000000000001020,0.014710832735085212
1.399000000000000909,0.014646162379935185
1.400000000000001021,0.014579401431426752
1.401000000000001133,0.014510565904703449
1.402000000000001023,0.014439671739817080
1.403000000000000913,0.014366734801914244
1.404000000000001025,0.014291770881421886
1.405000000000001137,0.014214795694263743
1.406000000000001027,0.014135824882039277
1.407000000000000917,0.014054874012220131
1.408000000000001029,0.013971958578362665
1.409000000000001140,0.013887094000289518
1.410000000000001030,0.013800295624297812
1.411000000000000920,0.013711578723356160
1.412000000000001032,0.013620958497302865
1.413000000000001144,0.013528450073048018
1.414000000000001034,0.013434068504778083
1.415000000000000924,0.013337828774156086
1.416000000000001036,0.013239745790514670
1.417000000000001148,0.013139834391072375
1.418000000000001037,0.013038109341135223
1.419000000000000927,0.012934585334295035
1.420000000000001039,0.012829276992639351
1.421000000000001151,0.012722198866949022
1.422000000000001041,0.012613365436914908
1.423000000000000931,0.012502791111336970
1.424000000000001043,0.012390490228330829
1.425000000000001155,0.012276477055540325
1.426000000000001044,0.012160765790337209
1.427000000000000934,0.012043370560034860
1.428000000000001046,0.011924305422094378
1.429000000000001158,0.011803584364338659
1.430000000000001048,0.011681221305148901
1.431000000000000938,0.011557230093690408
1.432000000000001050,0.011431624510110440
1.433000000000001162,0.011304418265751051
1.434000000000001052,0.011175625003366357
1.435000000000000941,0.011045258297320957
1.436000000000001053,0.010913331653814900
1.437000000000001165,0.010779858511090437
1.438000000000001055,0.010644852239633315
1.439000000000000945,0.010508326142402123
1.440000000000001057,0.010370293455026752
1.441000000000001169,0.010230767346033736
1.442000000000001059,0.010089760917047479
1.443000000000000949,0.009947287203006982
1.444000000000001060,0.009803359172382262
1.445000000000001172,0.009657989727388882
1.446000000000001062,0.009511191704190536
1.447000000000000952,0.009362977873130335
1.448000000000001064,0.009213360938929412
1.449000000000001176,0.009062353540905987
1.450000000000001066,0.008909968253197863
1.451000000000000956,0.008756217584966985
1.452000000000001068,0.008601113980614529
1.453000000000001180,0.008444669820001945
1.454000000000001069,0.008286897418663963
1.455000000000000959,0.008127809028015926
1.456000000000001071,0.007967416835582842
1.457000000000001183,0.007805732965199365
1.458000000000001073,0.007642769477232733
1.459000000000000963,0.007478538368807751
1.460000000000001075,0.007313051573998622
1.461000000000001187,0.007146320964069796
1.462000000000001076,0.006978358347668005
1.463000000000000966,0.006809175471057710
1.464000000000001078,0.006638784018325355
1.465000000000001190,0.006467195611595536
1.466000000000001080,0.006294421811250258
1.467000000000000970,0.006120474116143304
1.468000000000001082,0.005945363963810115
1.469000000000001194,0.005769102730695824
1.470000000000001084,0.005591701732355546
1.471000000000000973,0.005413172223683443
1.472000000000001085,0.005233525399111889
1.473000000000001197,0.005052772392846608
1.474000000000001087,0.004870924279061821
1.475000000000000977,0.004687992072134385
1.476000000000001089,0.004503986726843268
1.477000000000001201,0.004318919138587792
1.478000000000001091,0.004132800143612098
1.479000000000000981,0.003945640519208213
1.480000000000001092,0.003757450983936053
1.481000000000001204,0.003568242197837843
1.482000000000001094,0.003378024762649636
1.483000000000000984,0.003186809222014883
1.484000000000001096,0.002994606061705426
1.485000000000001208,0.002801425709831448
1.486000000000001098,0.002607278537046236
1.487000000000000988,0.002412174856776690
1.488000000000001100,0.002216124925425733
1.489000000000001211,0.002019138942581665
1.490000000000001101,0.001821227051244086
1.491000000000000991,0.001622399338027032
1.492000000000001103,0.001422665833373086
1.493000000000001215,0.001222036511764699
1.494000000000001105,0.001020521291944884
1.495000000000000995,0.000818130037117849
1.496000000000001107,0.000614872555167055
1.497000000000001219,0.000410758598862686
1.498000000000001108,0.000205797866078462
1.499000000000000998,0.000000000000000000
