# Ag111_CS-582-AC
# h[nm],U(h)[kJ/mol]
0.200000000000000011,69.648825585995240317
0.201000000000000012,62.295176941963504191
0.202000000000000013,58.500301064713667643
0.203000000000000014,56.330237998530051868
0.204000000000000015,54.694250997558711447
0.205000000000000016,53.037327696058298443
0.206000000000000016,51.130394049923147293
0.207000000000000017,48.930324805066796046
0.208000000000000018,46.489179751806730678
0.209000000000000019,43.897626748068475422
0.210000000000000020,41.251656949191321644
0.211000000000000021,38.634784752415768594
0.212000000000000022,36.110209192557547908
0.213000000000000023,33.719090806317886688
0.214000000000000024,31.482318638423503643
0.215000000000000024,29.404021074332781893
0.216000000000000025,27.475699184961108301
0.217000000000000026,25.680298781101459582
0.218000000000000027,23.995837667848597619
0.219000000000000028,22.398405454813165250
0.220000000000000029,20.864482962905071872
0.221000000000000030,19.372607743126614821
0.222000000000000031,17.904456933494035553
0.223000000000000032,16.445439899645514004
0.224000000000000032,14.984898968993224599
0.225000000000000033,13.516012870661246126
0.226000000000000034,12.035488289577140009
0.227000000000000035,10.543113010704818322
0.228000000000000036,9.041231315729465479
0.229000000000000037,7.534189777274749034
0.230000000000000038,6.027790078195243595
0.231000000000000039,4.528775338912070403
0.232000000000000040,3.044367813648498622
0.233000000000000040,1.581868719717093530
0.234000000000000041,0.148325304528807767
0.235000000000000042,-1.249734107417611373
0.236000000000000043,-2.606499575701165750
0.237000000000000044,-3.917018271527100914
0.238000000000000045,-5.177278706303157563
0.239000000000000046,-6.384247532984659301
0.240000000000000047,-7.535866327918465224
0.241000000000000048,-8.631015716183517483
0.242000000000000048,-9.669453880404690338
0.243000000000000049,-10.651735976978963905
0.244000000000000050,-11.579120344085172434
0.245000000000000051,-12.453466678163398029
0.246000000000000052,-13.277130622832435947
0.247000000000000053,-14.052858489056870184
0.248000000000000054,-14.783685131523620626
0.249000000000000055,-15.472837360113818050
0.250000000000000056,-16.123644677638186096
0.251000000000000056,-16.739458611533951427
0.252000000000000057,-17.323581450262039994
0.253000000000000058,-17.879204804194191780
0.254000000000000059,-18.409358083335892076
0.255000000000000060,-18.916866716364360457
0.256000000000000061,-19.404319722329585574
0.257000000000000062,-19.874046082588204598
0.258000000000000063,-20.328099240503142653
0.259000000000000064,-20.768248974530514772
0.260000000000000064,-21.195979841083406825
0.261000000000000065,-21.612495361848964137
0.262000000000000066,-22.018727131255538154
0.263000000000000067,-22.415348039167579230
0.264000000000000068,-22.802788837704262903
0.265000000000000069,-23.181257325858382501
0.266000000000000070,-23.550759478297678129
0.267000000000000071,-23.911121902752974222
0.268000000000000071,-24.262015071516351838
0.269000000000000072,-24.602976834941664208
0.270000000000000073,-24.933435786938169088
0.271000000000000074,-25.252734113059396748
0.272000000000000075,-25.560149609958475736
0.273000000000000076,-25.854916619984816606
0.274000000000000077,-26.136245676015796846
0.275000000000000078,-26.403341698897669687
0.276000000000000079,-26.655420632909702761
0.277000000000000079,-26.891724443377675868
0.278000000000000080,-27.111534434960283590
0.279000000000000081,-27.314182879308855689
0.280000000000000082,-27.499062966909086470
0.281000000000000083,-27.665637120156304718
0.282000000000000084,-27.813443723327203827
0.283000000000000085,-27.942102340351340217
0.284000000000000086,-28.051317503426759004
0.285000000000000087,-28.140881164846312856
0.286000000000000087,-28.210673911184620977
0.287000000000000088,-28.260665043514688222
0.288000000000000089,-28.290911629845158615
0.289000000000000090,-28.301556636749165108
0.290000000000000091,-28.292826246433396165
0.291000000000000092,-28.265026463498610809
0.292000000000000093,-28.218539112577854411
0.293000000000000094,-28.153817324098632469
0.294000000000000095,-28.071380600775274416
0.295000000000000095,-27.971809552255116671
0.296000000000000096,-27.855740379758515246
0.297000000000000097,-27.723859186693733392
0.298000000000000098,-27.576896185202627976
0.299000000000000099,-27.415619862500129500
0.300000000000000100,-27.240831164789216956
0.301000000000000101,-27.053357750537355031
0.302000000000000102,-26.854048359046068128
0.303000000000000103,-26.643767334583390749
0.304000000000000103,-26.423389340917793788
0.305000000000000104,-26.193794295921954074
0.306000000000000105,-25.955862551031039231
0.307000000000000106,-25.710470335756639315
0.308000000000000107,-25.458485483187722309
0.309000000000000108,-25.200763448458296523
0.310000000000000109,-24.938143628529040541
0.311000000000000110,-24.671445988316044406
0.312000000000000111,-24.401467995196142624
0.313000000000000111,-24.128981861219696015
0.314000000000000112,-23.854732089955131613
0.315000000000000113,-23.579433322764725034
0.316000000000000114,-23.303768477454326558
0.317000000000000115,-23.028387170635831183
0.318000000000000116,-22.753904413776229632
0.319000000000000117,-22.480899571765057487
0.320000000000000118,-22.209915571896928554
0.321000000000000119,-21.941458350422955448
0.322000000000000119,-21.675996523257747839
0.323000000000000120,-21.413961267022671109
0.324000000000000121,-21.155746396346103211
0.325000000000000122,-20.901708623213785643
0.326000000000000123,-20.652167984152345781
0.327000000000000124,-20.407408421124507925
0.328000000000000125,-20.167678502203102653
0.329000000000000126,-19.933192268359967159
0.330000000000000127,-19.704130193045067188
0.331000000000000127,-19.480640241631220988
0.332000000000000128,-19.262839018248921974
0.333000000000000129,-19.050812988027367112
0.334000000000000130,-18.844619763282686620
0.335000000000000131,-18.644289442745492380
0.336000000000000132,-18.449825993490186704
0.337000000000000133,-18.261208665812269203
0.338000000000000134,-18.078393431891228715
0.339000000000000135,-17.901314439671477174
0.340000000000000135,-17.729885473986058742
0.341000000000000136,-17.564001417535791916
0.342000000000000137,-17.403539704915278463
0.343000000000000138,-17.248361763443931238
0.344000000000000139,-17.098314435113426413
0.345000000000000140,-16.953231374499274864
0.346000000000000141,-16.812934418002498660
0.347000000000000142,-16.677234920286217346
0.348000000000000143,-16.545935054250072938
0.349000000000000143,-16.418829071341328074
0.350000000000000144,-16.295704519435979307
0.351000000000000145,-16.176343415934162806
0.352000000000000146,-16.060523374102508853
0.353000000000000147,-15.948018681061469692
0.354000000000000148,-15.838601326157965232
0.355000000000000149,-15.732041978783140479
0.356000000000000150,-15.628110914992770830
0.357000000000000151,-15.526578892562771017
0.358000000000000151,-15.427217974366817188
0.359000000000000152,-15.329802300195987996
0.360000000000000153,-15.234108807354047599
0.361000000000000154,-15.139917900555630581
0.362000000000000155,-15.047014071830252746
0.363000000000000156,-14.955186471292588379
0.364000000000000157,-14.864229429780067449
0.365000000000000158,-14.773942934483793366
0.366000000000000159,-14.684133058807777417
0.367000000000000159,-14.594612347786384277
0.368000000000000160,-14.505200160471565241
0.369000000000000161,-14.415722970769447642
0.370000000000000162,-14.326014628262779382
0.371000000000000163,-14.235916580601188031
0.372000000000000164,-14.145278059075883093
0.373000000000000165,-14.053956229021284940
0.374000000000000166,-13.961816306702337087
0.375000000000000167,-13.868731644354602039
0.376000000000000167,-13.774583785045271256
0.377000000000000168,-13.679262489017039783
0.378000000000000169,-13.582665733164557054
0.379000000000000170,-13.484699685275591818
0.380000000000000171,-13.385278654645706098
0.381000000000000172,-13.284325020648193316
0.382000000000000173,-13.181769140809254992
0.383000000000000174,-13.077549239903664358
0.384000000000000175,-12.971611281547845707
0.385000000000000175,-12.863908823726735164
0.386000000000000176,-12.754402859647626656
0.387000000000000177,-12.643061645269339621
0.388000000000000178,-12.529860514808637717
0.389000000000000179,-12.414781685477946027
0.390000000000000180,-12.297814052659951756
0.391000000000000181,-12.178952976675143205
0.392000000000000182,-12.058200062248856099
0.393000000000000183,-11.935562931734136072
0.394000000000000183,-11.811054993097123145
0.395000000000000184,-11.684695203621748405
0.396000000000000185,-11.556507830241278256
0.397000000000000186,-11.426522207355537475
0.398000000000000187,-11.294772492944391118
0.399000000000000188,-11.161297423740778711
0.400000000000000189,-11.026140070180460384
0.401000000000000190,-10.889347591799662496
0.402000000000000191,-10.750970993708358847
0.403000000000000191,-10.611064884722868129
0.404000000000000192,-10.469687237700252780
0.405000000000000193,-10.326899152575993668
0.406000000000000194,-10.182764622567175294
0.407000000000000195,-10.037350303965579812
0.408000000000000196,-9.890725289908182560
0.409000000000000197,-9.742960888477664838
0.410000000000000198,-9.594130405451583243
0.411000000000000199,-9.444308931986443056
0.412000000000000199,-9.293573137491838665
0.413000000000000200,-9.142001067920578095
0.414000000000000201,-8.989671949672032980
0.415000000000000202,-8.836665999279354367
0.416000000000000203,-8.683064239025942044
0.417000000000000204,-8.528948318611769608
0.418000000000000205,-8.374400342968073119
0.419000000000000206,-8.219502706296900385
0.420000000000000207,-8.064337932391627106
0.421000000000000207,-7.908988521276008044
0.422000000000000208,-7.753536802180692078
0.423000000000000209,-7.598064792860052208
0.424000000000000210,-7.442654065236108174
0.425000000000000211,-7.287385617341961108
0.426000000000000212,-7.132339751523650406
0.427000000000000213,-6.977595958846738888
0.428000000000000214,-6.823232809642655994
0.429000000000000214,-6.669327850118849099
0.430000000000000215,-6.515957504947411216
0.431000000000000216,-6.363196985738040823
0.432000000000000217,-6.211120205292769647
0.433000000000000218,-6.059799697533129859
0.434000000000000219,-5.909306542983658872
0.435000000000000220,-5.759710299689944968
0.436000000000000221,-5.611078939444286817
0.437000000000000222,-5.463478789187545814
0.438000000000000222,-5.316974477452053982
0.439000000000000223,-5.171628885706965661
0.440000000000000224,-5.027503104464834394
0.441000000000000225,-4.884656394005818747
0.442000000000000226,-4.743146149574518411
0.443000000000000227,-4.603027870902615781
0.444000000000000228,-4.464355135910123451
0.445000000000000229,-4.327179578437254648
0.446000000000000230,-4.191550869858974515
0.447000000000000230,-4.057516704434450894
0.448000000000000231,-3.925122788244242766
0.449000000000000232,-3.794412831568836797
0.450000000000000233,-3.665428544563403168
0.451000000000000234,-3.538209636084859167
0.452000000000000235,-3.412793815529095554
0.453000000000000236,-3.289216797537855452
0.454000000000000237,-3.167512309437089613
0.455000000000000238,-3.047712101270334983
0.456000000000000238,-2.929845958293553654
0.457000000000000239,-2.813941715799793464
0.458000000000000240,-2.700025276145267661
0.459000000000000241,-2.588120627850467592
0.460000000000000242,-2.478249866653514655
0.461000000000000243,-2.370433218395137764
0.462000000000000244,-2.264689063618269049
0.463000000000000245,-2.161033963767770683
0.464000000000000246,-2.059482688879303858
0.465000000000000246,-1.960048246649277015
0.466000000000000247,-1.862741912780977671
0.467000000000000248,-1.767573262505176102
0.468000000000000249,-1.674550203176873753
0.469000000000000250,-1.583679007852718090
0.470000000000000251,-1.494964349757163857
0.471000000000000252,-1.408409337548323981
0.472000000000000253,-1.324015551297955895
0.473000000000000254,-1.241783079102876330
0.474000000000000254,-1.161710554248412741
0.475000000000000255,-1.083795192847560429
0.476000000000000256,-1.008032831882447855
0.477000000000000257,-0.934417967578005326
0.478000000000000258,-0.862943794040345935
0.479000000000000259,-0.793602242095588939
0.480000000000000260,-0.726384018267647535
0.481000000000000261,-0.661278643836161195
0.482000000000000262,-0.598274493918895756
0.483000000000000262,-0.537358836525181571
0.484000000000000263,-0.478517871530047767
0.485000000000000264,-0.421736769520946020
0.486000000000000265,-0.366999710471800411
0.487000000000000266,-0.314289922201356264
0.488000000000000267,-0.263589718575246157
0.489000000000000268,-0.214880537413761175
0.490000000000000269,-0.168142978069161120
0.491000000000000270,-0.123356838639059635
0.492000000000000270,-0.080501152784121649
0.493000000000000271,-0.039554226120771994
0.494000000000000272,-0.000493672161295078
0.495000000000000273,0.036703552224068334
0.496000000000000274,0.072061111846676157
0.497000000000000275,0.105603258762583835
0.498000000000000276,0.137354798379065501
0.499000000000000277,0.167341056123070098
0.500000000000000222,0.195587844688190460
0.501000000000000334,0.222121431875420328
0.502000000000000224,0.246968509041137096
0.503000000000000336,0.270156160164746417
0.504000000000000226,0.291711831546480060
0.505000000000000338,0.311663302145073040
0.506000000000000227,0.330038654563195089
0.507000000000000339,0.346866246687879964
0.508000000000000229,0.362174683991458857
0.509000000000000341,0.375992792497812478
0.510000000000000231,0.388349592417410572
0.511000000000000343,0.399274272453820800
0.512000000000000233,0.408796164783192695
0.513000000000000345,0.416944720707447813
0.514000000000000234,0.423749486980914913
0.515000000000000346,0.429240082809515588
0.516000000000000236,0.433446177520560361
0.517000000000000348,0.436397468900678043
0.518000000000000238,0.438123662198667829
0.519000000000000350,0.438654449789280476
0.520000000000000240,0.438019491493493451
0.521000000000000352,0.436248395550122292
0.522000000000000242,0.433370700233183581
0.523000000000000353,0.429415856108730565
0.524000000000000243,0.424413208924681373
0.525000000000000355,0.418391983126450762
0.526000000000000245,0.411381265990940048
0.527000000000000357,0.403409992371010717
0.528000000000000247,0.394506930042204884
0.529000000000000359,0.384700665643217199
0.530000000000000249,0.374019591201217749
0.531000000000000361,0.362491891232963326
0.532000000000000250,0.350145530412323491
0.533000000000000362,0.337008241794637453
0.534000000000000252,0.323107515588219818
0.535000000000000364,0.308470588462863016
0.536000000000000254,0.293124433385535843
0.537000000000000366,0.277095749972741501
0.538000000000000256,0.260410955349421491
0.539000000000000368,0.243096175503810658
0.540000000000000258,0.225177237127828084
0.541000000000000369,0.206679659932294701
0.542000000000000259,0.187628649426519828
0.543000000000000371,0.168049090151420305
0.544000000000000261,0.147965539355582765
0.545000000000000373,0.127402221103596724
0.546000000000000263,0.106383020805979056
0.547000000000000375,0.084931480159927755
0.548000000000000265,0.063070792490541122
0.549000000000000377,0.040823798481588666
0.550000000000000266,0.018212982285687251
0.551000000000000378,-0.004739531996928797
0.552000000000000268,-0.028011983481151571
0.553000000000000380,-0.051582977311720304
0.554000000000000270,-0.075431487140036765
0.555000000000000382,-0.099536857273297835
0.556000000000000272,-0.123878804505824752
0.557000000000000384,-0.148437419642596907
0.558000000000000274,-0.173193168724745605
0.559000000000000385,-0.198126893966674350
0.560000000000000275,-0.223219814414324702
0.561000000000000387,-0.248453526334076885
0.562000000000000277,-0.273810003341427577
0.563000000000000389,-0.299271596278751828
0.564000000000000279,-0.324821032850989677
0.565000000000000391,-0.350441417028261815
0.566000000000000281,-0.376116228223930871
0.567000000000000393,-0.401829320256896494
0.568000000000000282,-0.427564920106303314
0.569000000000000394,-0.453307626467117086
0.570000000000000284,-0.479042408114423057
0.571000000000000396,-0.504754602084692250
0.572000000000000286,-0.530429911681496224
0.573000000000000398,-0.556054404313513606
0.574000000000000288,-0.581614509172115879
0.575000000000000400,-0.607097014756054043
0.576000000000000290,-0.632489066250110699
0.577000000000000401,-0.657778162765001340
0.578000000000000291,-0.682952154445106818
0.579000000000000403,-0.707999239450854523
0.580000000000000293,-0.732907960822151039
0.581000000000000405,-0.757667203229392072
0.582000000000000295,-0.782266189617952912
0.583000000000000407,-0.806694477752559203
0.584000000000000297,-0.830941956667060611
0.585000000000000409,-0.854998843025681188
0.586000000000000298,-0.878855677400991353
0.587000000000000410,-0.902503320474356108
0.588000000000000300,-0.925932949163832175
0.589000000000000412,-0.949136052684923848
0.590000000000000302,-0.972104428548929311
0.591000000000000414,-0.994830178503954388
0.592000000000000304,-1.017305704423073776
0.593000000000000416,-1.039523704144392768
0.594000000000000306,-1.061477167267257382
0.595000000000000417,-1.083159370909077879
0.596000000000000307,-1.104563875426692210
0.597000000000000419,-1.125684520106510211
0.598000000000000309,-1.146515418827201094
0.599000000000000421,-1.167050955698654802
0.600000000000000311,-1.187285780680953584
0.601000000000000423,-1.207214805186814788
0.602000000000000313,-1.226833197670811337
0.603000000000000425,-1.246136379208818479
0.604000000000000314,-1.265120019070622659
0.605000000000000426,-1.283780030288932394
0.606000000000000316,-1.302112565227553365
0.607000000000000428,-1.320114011151621858
0.608000000000000318,-1.337780985802596190
0.609000000000000430,-1.355110332980620669
0.610000000000000320,-1.372099118136649976
0.611000000000000432,-1.388744623976929216
0.612000000000000322,-1.405044346081895101
0.613000000000000433,-1.420995988541892130
0.614000000000000323,-1.436597459611693273
0.615000000000000435,-1.451846867385899298
0.616000000000000325,-1.466742515497059696
0.617000000000000437,-1.481282898838486517
0.618000000000000327,-1.495466699313352743
0.619000000000000439,-1.509292781611869749
0.620000000000000329,-1.522760189018053545
0.621000000000000441,-1.535868139247607234
0.622000000000000330,-1.548616020318363207
0.623000000000000442,-1.561003386454633546
0.624000000000000332,-1.573029954026685884
0.625000000000000444,-1.584695597526697641
0.626000000000000334,-1.596000345582145430
0.627000000000000446,-1.606944377007871294
0.628000000000000336,-1.617528016897715304
0.629000000000000448,-1.627751732756732794
0.630000000000000338,-1.637616130674798942
0.631000000000000449,-1.647121951542541041
0.632000000000000339,-1.656270067310251948
0.633000000000000451,-1.665061477290549208
0.634000000000000341,-1.673497304505402683
0.635000000000000453,-1.681578792078230133
0.636000000000000343,-1.689307299671413132
0.637000000000000455,-1.696684299970004250
0.638000000000000345,-1.703711375211790280
0.639000000000000457,-1.710390213764386491
0.640000000000000346,-1.716722606749510716
0.641000000000000458,-1.722710444714927291
0.642000000000000348,-1.728355714354190553
0.643000000000000460,-1.733660495274562452
0.644000000000000350,-1.738626956813205116
0.645000000000000462,-1.743257354901866396
0.646000000000000352,-1.747554028980141450
0.647000000000000464,-1.751519398957484430
0.648000000000000353,-1.755155962223904798
0.649000000000000465,-1.758466290709505886
0.650000000000000355,-1.761453027992771592
0.651000000000000467,-1.764118886457601620
0.652000000000000357,-1.766466644499058658
0.653000000000000469,-1.768499143777659599
0.654000000000000359,-1.770219286522223046
0.655000000000000471,-1.771630032881000627
0.656000000000000361,-1.772734398321013982
0.657000000000000473,-1.773535451075397562
0.658000000000000362,-1.774036309638508779
0.659000000000000474,-1.774240140308612323
0.660000000000000364,-1.774150154777872412
0.661000000000000476,-1.773769607769397849
0.662000000000000366,-1.773101794721031910
0.663000000000000478,-1.772150049515615944
0.664000000000000368,-1.770917742257374083
0.665000000000000480,-1.769408277094135062
0.666000000000000369,-1.767625090084970152
0.667000000000000481,-1.765571647112973652
0.668000000000000371,-1.763251441842712097
0.669000000000000483,-1.760667993722054847
0.670000000000000373,-1.757824846027911336
0.671000000000000485,-1.754725563955490397
0.672000000000000375,-1.751373732750689527
0.673000000000000487,-1.747772955885131818
0.674000000000000377,-1.743926853273454425
0.675000000000000488,-1.739839059532381826
0.676000000000000378,-1.735513222281135581
0.677000000000000490,-1.730953000482728488
0.678000000000000380,-1.726162062825653765
0.679000000000000492,-1.721144086145496743
0.680000000000000382,-1.715902753886043852
0.681000000000000494,-1.710441754599302033
0.682000000000000384,-1.704764780484057551
0.683000000000000496,-1.698875525962366684
0.684000000000000385,-1.692777686293595707
0.685000000000000497,-1.686474956225398447
0.686000000000000387,-1.679971028681235268
0.687000000000000499,-1.673269593483830420
0.688000000000000389,-1.666374336114162746
0.689000000000000501,-1.659288936505372458
0.690000000000000391,-1.652017067871172085
0.691000000000000503,-1.644562395568205604
0.692000000000000393,-1.636928575991833723
0.693000000000000504,-1.629119255504874797
0.694000000000000394,-1.621138069398753156
0.695000000000000506,-1.612988640886567238
0.696000000000000396,-1.604674580127570138
0.697000000000000508,-1.596199483282535692
0.698000000000000398,-1.587566931599525333
0.699000000000000510,-1.578780490529529734
0.700000000000000400,-1.569843708871513810
0.701000000000000512,-1.560760117946304870
0.702000000000000401,-1.551533230798907592
0.703000000000000513,-1.542166541428667603
0.704000000000000403,-1.532663524046850245
0.705000000000000515,-1.523027632361099837
0.706000000000000405,-1.513262298886323132
0.707000000000000517,-1.503370934281497595
0.708000000000000407,-1.493356926711902677
0.709000000000000519,-1.483223641236357526
0.710000000000000409,-1.472974419218900266
0.711000000000000520,-1.462612577764514699
0.712000000000000410,-1.452141409178418607
0.713000000000000522,-1.441564180448384747
0.714000000000000412,-1.430884132749768778
0.715000000000000524,-1.420104480972644412
0.716000000000000414,-1.409228413270687374
0.717000000000000526,-1.398259090631329471
0.718000000000000416,-1.387199646466757974
0.719000000000000528,-1.376053186225280056
0.720000000000000417,-1.364822787022674788
0.721000000000000529,-1.353511497293083954
0.722000000000000419,-1.342122336458988707
0.723000000000000531,-1.330658294619871063
0.724000000000000421,-1.319122332259207608
0.725000000000000533,-1.307517379969255433
0.726000000000000423,-1.295846338193367142
0.727000000000000535,-1.284112076985322481
0.728000000000000425,-1.272317435785356610
0.729000000000000536,-1.260465223212459351
0.730000000000000426,-1.248558216872582616
0.731000000000000538,-1.236599163182332761
0.732000000000000428,-1.224590777207861247
0.733000000000000540,-1.212535742518469739
0.734000000000000430,-1.200436711054668981
0.735000000000000542,-1.188296303010271115
0.736000000000000432,-1.176117106728201023
0.737000000000000544,-1.163901678609602364
0.738000000000000433,-1.151652543036037590
0.739000000000000545,-1.139372192304275444
0.740000000000000435,-1.127063086573460549
0.741000000000000547,-1.114727653824281850
0.742000000000000437,-1.102368289829827042
0.743000000000000549,-1.089987358137767037
0.744000000000000439,-1.077587190063689970
0.745000000000000551,-1.065170084695053365
0.746000000000000441,-1.052738308905696751
0.747000000000000552,-1.040294097380429106
0.748000000000000442,-1.027839652649494173
0.749000000000000554,-1.015377145132603465
0.750000000000000444,-1.002908713192254719
0.751000000000000556,-0.990436463196034511
0.752000000000000446,-0.977962469587685290
0.753000000000000558,-0.965488774966596908
0.754000000000000448,-0.953017390175546097
0.755000000000000560,-0.940550294396328868
0.756000000000000449,-0.928089435253108164
0.757000000000000561,-0.915636728923188925
0.758000000000000451,-0.903194060254997821
0.759000000000000563,-0.890763282892985897
0.760000000000000453,-0.878346219409286144
0.761000000000000565,-0.865944661441817920
0.762000000000000455,-0.853560369838679001
0.763000000000000567,-0.841195074808550602
0.764000000000000457,-0.828850476076950948
0.765000000000000568,-0.816528243048035285
0.766000000000000458,-0.804230014971857976
0.767000000000000570,-0.791957401116764381
0.768000000000000460,-0.779711980946817595
0.769000000000000572,-0.767495304303974946
0.770000000000000462,-0.755308891594894449
0.771000000000000574,-0.743154233982111112
0.772000000000000464,-0.731032793579492468
0.773000000000000576,-0.718946003651664833
0.774000000000000465,-0.706895268817383404
0.775000000000000577,-0.694881965256511469
0.776000000000000467,-0.682907440920595965
0.777000000000000579,-0.670973015746738399
0.778000000000000469,-0.659079981874714282
0.779000000000000581,-0.647229603867066849
0.780000000000000471,-0.635423118932150199
0.781000000000000583,-0.623661737149826867
0.782000000000000473,-0.611946641699811833
0.783000000000000584,-0.600278989092414506
0.784000000000000474,-0.588659909401579862
0.785000000000000586,-0.577090506500101741
0.786000000000000476,-0.565571858296840535
0.787000000000000588,-0.554105016975838693
0.788000000000000478,-0.542691009237215582
0.789000000000000590,-0.531330836539658180
0.790000000000000480,-0.520025475344489951
0.791000000000000592,-0.508775877361058781
0.792000000000000481,-0.497582969793487540
0.793000000000000593,-0.486447655588523431
0.794000000000000483,-0.475370813684488358
0.795000000000000595,-0.464353299261171137
0.796000000000000485,-0.453395943990544670
0.797000000000000597,-0.442499556288251383
0.798000000000000487,-0.431664921565742155
0.799000000000000599,-0.420892802482913719
0.800000000000000488,-0.410183939201266945
0.801000000000000600,-0.399539049637378796
0.802000000000000490,-0.388958829716682997
0.803000000000000602,-0.378443953627406848
0.804000000000000492,-0.367995074074657424
0.805000000000000604,-0.357612822534472685
0.806000000000000494,-0.347297809507887689
0.807000000000000606,-0.337050624774798080
0.808000000000000496,-0.326871837647685126
0.809000000000000608,-0.316761997224994041
0.810000000000000497,-0.306721632644224917
0.811000000000000609,-0.296751253334565701
0.812000000000000499,-0.286851349269066636
0.813000000000000611,-0.277022391216257546
0.814000000000000501,-0.267264830991148949
0.815000000000000613,-0.257579101705587121
0.816000000000000503,-0.247965618017873396
0.817000000000000615,-0.238424776381590237
0.818000000000000504,-0.228956955293608877
0.819000000000000616,-0.219562515541197462
0.820000000000000506,-0.210241800448208949
0.821000000000000618,-0.200995136120242807
0.822000000000000508,-0.191822831688828549
0.823000000000000620,-0.182725179554468431
0.824000000000000510,-0.173702455628615221
0.825000000000000622,-0.164754919574442715
0.826000000000000512,-0.155882815046423762
0.827000000000000624,-0.147086369928669219
0.828000000000000513,-0.138365796571979616
0.829000000000000625,-0.129721292029577828
0.830000000000000515,-0.121153038291492890
0.831000000000000627,-0.112661202517549658
0.832000000000000517,-0.104245937268951955
0.833000000000000629,-0.095907380738401993
0.834000000000000519,-0.087645656978773745
0.835000000000000631,-0.079460876130230840
0.836000000000000520,-0.071353134645869939
0.837000000000000632,-0.063322515515758321
0.838000000000000522,-0.055369088489431360
0.839000000000000634,-0.047492910296741547
0.840000000000000524,-0.039694024867139785
0.841000000000000636,-0.031972463547244187
0.842000000000000526,-0.024328245316806163
0.843000000000000638,-0.016761377002946561
0.844000000000000528,-0.009271853492707299
0.845000000000000639,-0.001859657943890480
0.846000000000000529,0.005475238005846544
0.847000000000000641,0.012732874031638109
0.848000000000000531,0.019913300915821618
0.849000000000000643,0.027016580344124907
0.850000000000000533,0.034042784703619891
0.851000000000000645,0.040991996882518512
0.852000000000000535,0.047864310071719630
0.853000000000000647,0.054659827568211805
0.854000000000000536,0.061378662580280775
0.855000000000000648,0.068020938034560996
0.856000000000000538,0.074586786384910300
0.857000000000000650,0.081076349423147315
0.858000000000000540,0.087489778091624962
0.859000000000000652,0.093827232297663973
0.860000000000000542,0.100088880729836599
0.861000000000000654,0.106274900676138651
0.862000000000000544,0.112385477843982715
0.863000000000000655,0.118420806182101407
0.864000000000000545,0.124381087704285159
0.865000000000000657,0.130266532315010036
0.866000000000000547,0.136077357636924606
0.867000000000000659,0.141813788840203264
0.868000000000000549,0.147476058473773514
0.869000000000000661,0.153064406298413169
0.870000000000000551,0.158579079121687200
0.871000000000000663,0.164020330634789269
0.872000000000000552,0.169388421251192994
0.873000000000000664,0.174683617947202940
0.874000000000000554,0.179906194104321654
0.875000000000000666,0.185056429353493757
0.876000000000000556,0.190134609421166806
0.877000000000000668,0.195141025977215415
0.878000000000000558,0.200075976484669960
0.879000000000000670,0.204939764051301154
0.880000000000000560,0.209732697283002090
0.881000000000000671,0.214455090138991000
0.882000000000000561,0.219107261788825586
0.883000000000000673,0.223689536471216061
0.884000000000000563,0.228202243354619944
0.885000000000000675,0.232645716399633523
0.886000000000000565,0.237020294223155709
0.887000000000000677,0.241326319964318525
0.888000000000000567,0.245564141152167126
0.889000000000000679,0.249734109575112440
0.890000000000000568,0.253836581152105556
0.891000000000000680,0.257871915805544638
0.892000000000000570,0.261840477335912536
0.893000000000000682,0.265742633298120645
0.894000000000000572,0.269578754879552129
0.895000000000000684,0.273349216779804061
0.896000000000000574,0.277054397092097615
0.897000000000000686,0.280694677186375863
0.898000000000000576,0.284270441594039469
0.899000000000000687,0.287782077894352284
0.900000000000000577,0.291229976602461582
0.901000000000000689,0.294614531059069096
0.902000000000000579,0.297936137321686778
0.903000000000000691,0.301195194057524429
0.904000000000000581,0.304392102437940015
0.905000000000000693,0.307527266034495483
0.906000000000000583,0.310601090716554118
0.907000000000000695,0.313613984550451752
0.908000000000000584,0.316566357700199696
0.909000000000000696,0.319458622329719777
0.910000000000000586,0.322291192506600432
0.911000000000000698,0.325064484107355167
0.912000000000000588,0.327778914724163373
0.913000000000000700,0.330434903573118111
0.914000000000000590,0.333032871403911968
0.915000000000000702,0.335573240410990459
0.916000000000000592,0.338056434146146834
0.917000000000000703,0.340482877432552233
0.918000000000000593,0.342852996280182398
0.919000000000000705,0.345167217802662907
0.920000000000000595,0.347425970135504913
0.921000000000000707,0.349629682355706850
0.922000000000000597,0.351778784402731692
0.923000000000000709,0.353873707000831372
0.924000000000000599,0.355914881582696796
0.925000000000000711,0.357902740214451676
0.926000000000000600,0.359837715521954205
0.927000000000000712,0.361720240618380706
0.928000000000000602,0.363550749033120069
0.929000000000000714,0.365329674641911961
0.930000000000000604,0.367057451598271078
0.931000000000000716,0.368734514266148061
0.932000000000000606,0.370361297153811331
0.933000000000000718,0.371938234848970095
0.934000000000000608,0.373465761955089293
0.935000000000000719,0.374944313028901799
0.936000000000000609,0.376374322519111792
0.937000000000000721,0.377756224706252086
0.938000000000000611,0.379090453643704028
0.939000000000000723,0.380377443099862711
0.940000000000000613,0.381617626501428719
0.941000000000000725,0.382811436877814881
0.942000000000000615,0.383959306806663847
0.943000000000000727,0.385061668360446363
0.944000000000000616,0.386118953054153224
0.945000000000000728,0.387131591794043328
0.946000000000000618,0.388100014827448991
0.947000000000000730,0.389024651693618773
0.948000000000000620,0.389905931175599796
0.949000000000000732,0.390744281253124492
0.950000000000000622,0.391540129056506814
0.951000000000000734,0.392293900821535424
0.952000000000000624,0.393006021845337838
0.953000000000000735,0.393676916443225111
0.954000000000000625,0.394307007906473439
0.955000000000000737,0.394896718461069718
0.956000000000000627,0.395446469227373587
0.957000000000000739,0.395956680180713561
0.958000000000000629,0.396427770112875943
0.959000000000000741,0.396860156594504743
0.960000000000000631,0.397254255938379985
0.961000000000000743,0.397610483163568396
0.962000000000000632,0.397929251960434993
0.963000000000000744,0.398210974656520389
0.964000000000000634,0.398456062183229376
0.965000000000000746,0.398664924043377944
0.966000000000000636,0.398837968279533495
0.967000000000000748,0.398975601443177008
0.968000000000000638,0.399078228564654580
0.969000000000000750,0.399146253123904837
0.970000000000000639,0.399180077021974555
0.971000000000000751,0.399180100553290951
0.972000000000000641,0.399146722378676544
0.973000000000000753,0.399080339499120862
0.974000000000000643,0.398981347230272620
0.975000000000000755,0.398850139177655216
0.976000000000000645,0.398687107212587766
0.977000000000000757,0.398492641448821350
0.978000000000000647,0.398267130219846277
0.979000000000000759,0.398010960056885410
0.980000000000000648,0.397724515667565059
0.981000000000000760,0.397408179915235416
0.982000000000000650,0.397062333798947731
0.983000000000000762,0.396687356434065996
0.984000000000000652,0.396283625033516329
0.985000000000000764,0.395851514889650702
0.986000000000000654,0.395391399356729900
0.987000000000000766,0.394903649834000559
0.988000000000000655,0.394388635749370497
0.989000000000000767,0.393846724543669868
0.990000000000000657,0.393278281655483952
0.991000000000000769,0.392683670506550564
0.992000000000000659,0.392063252487715563
0.993000000000000771,0.391417386945440371
0.994000000000000661,0.390746431168848829
0.995000000000000773,0.390050740377293648
0.996000000000000663,0.389330667708462363
0.997000000000000774,0.388586564206980789
0.998000000000000664,0.387818778813536602
0.999000000000000776,0.387027658354490378
1.000000000000000666,0.386213547531975288
1.001000000000000778,0.385376788914483737
1.002000000000000668,0.384517722927923244
1.003000000000000780,0.383636687847136004
1.004000000000000670,0.382734019787878799
1.005000000000000782,0.381810052699249169
1.006000000000000671,0.380865118356554677
1.007000000000000783,0.379899546354612982
1.008000000000000673,0.378913664101485970
1.009000000000000785,0.377907796812622432
1.010000000000000675,0.376882267505417090
1.011000000000000787,0.375837396994183726
1.012000000000000677,0.374773503885501846
1.013000000000000789,0.373690904573979299
1.014000000000000679,0.372589913238379755
1.015000000000000790,0.371470841838138555
1.016000000000000680,0.370334000110228712
1.017000000000000792,0.369179695566422272
1.018000000000000682,0.368008233490869419
1.019000000000000794,0.366819916938055102
1.020000000000000684,0.365615046731083193
1.021000000000000796,0.364393921460303638
1.022000000000000686,0.363156837482267403
1.023000000000000798,0.361904088919000611
1.024000000000000687,0.360635967657606249
1.025000000000000799,0.359352763350161364
1.026000000000000689,0.358054763413938382
1.027000000000000801,0.356742253031903545
1.028000000000000691,0.355415515153535089
1.029000000000000803,0.354074830495894388
1.030000000000000693,0.352720477545014954
1.031000000000000805,0.351352732557538627
1.032000000000000695,0.349971869562637317
1.033000000000000806,0.348578160364194090
1.034000000000000696,0.347171874543241610
1.035000000000000808,0.345753279460661145
1.036000000000000698,0.344322640260124602
1.037000000000000810,0.342880219871273206
1.038000000000000700,0.341426279013146705
1.039000000000000812,0.339961076197839773
1.040000000000000702,0.338484867734387129
1.041000000000000814,0.336997907732860535
1.042000000000000703,0.335500448108706217
1.043000000000000815,0.333992738587270355
1.044000000000000705,0.332475026708547117
1.045000000000000817,0.330947557832133199
1.046000000000000707,0.329410575142365103
1.047000000000000819,0.327864319653660252
1.048000000000000709,0.326309030216057838
1.049000000000000821,0.324744943520921703
1.050000000000000711,0.323172294106844893
1.051000000000000822,0.321591314365713365
1.052000000000000712,0.320002234548960707
1.053000000000000824,0.318405282773968235
1.054000000000000714,0.316800685030648677
1.055000000000000826,0.315188665188179840
1.056000000000000716,0.313569445001893432
1.057000000000000828,0.311943244120312380
1.058000000000000718,0.310310280092349899
1.059000000000000830,0.308670768374641469
1.060000000000000719,0.307024922339005357
1.061000000000000831,0.305372953280065529
1.062000000000000721,0.303715070422984623
1.063000000000000833,0.302051480931342486
1.064000000000000723,0.300382389915118897
1.065000000000000835,0.298708000438827503
1.066000000000000725,0.297028513529735805
1.067000000000000837,0.295344128186221577
1.068000000000000727,0.293655041386232551
1.069000000000000838,0.291961448095863607
1.070000000000000728,0.290263541278014681
1.071000000000000840,0.288561511901184398
1.072000000000000730,0.286855548948332428
1.073000000000000842,0.285145839425851755
1.074000000000000732,0.283432568372630811
1.075000000000000844,0.281715918869205773
1.076000000000000734,0.279996072046992506
1.077000000000000846,0.278273207097617103
1.078000000000000735,0.276547501282302211
1.079000000000000847,0.274819129941356544
1.080000000000000737,0.273088266503722699
1.081000000000000849,0.271355082496603117
1.082000000000000739,0.269619747555155442
1.083000000000000851,0.267882429432254821
1.084000000000000741,0.266143294008312159
1.085000000000000853,0.264402505301172153
1.086000000000000743,0.262660225476045006
1.087000000000000854,0.260916614855521867
1.088000000000000744,0.259171831929624008
1.089000000000000856,0.257426033365916296
1.090000000000000746,0.255679374019650685
1.091000000000000858,0.253932006943991706
1.092000000000000748,0.252184083400245340
1.093000000000000860,0.250435752868165440
1.094000000000000750,0.248687163056280358
1.095000000000000862,0.246938459912260461
1.096000000000000751,0.245189787633326828
1.097000000000000863,0.243441288676694650
1.098000000000000753,0.241693103770042550
1.099000000000000865,0.239945371922009265
1.100000000000000755,0.238198230432736663
1.101000000000000867,0.236451814904415386
1.102000000000000757,0.234706259251867527
1.103000000000000869,0.232961695713148009
1.104000000000000759,0.231218254860179856
1.105000000000000870,0.229476065609372337
1.106000000000000760,0.227735255232301814
1.107000000000000872,0.225995949366375543
1.108000000000000762,0.224258272025519956
1.109000000000000874,0.222522345610874556
1.110000000000000764,0.220788290921515612
1.111000000000000876,0.219056227165157574
1.112000000000000766,0.217326271968888041
1.113000000000000878,0.215598541389898923
1.114000000000000767,0.213873149926208483
1.115000000000000879,0.212150210527413480
1.116000000000000769,0.210429834605416144
1.117000000000000881,0.208712132045168725
1.118000000000000771,0.206997211215403404
1.119000000000000883,0.205285178979368654
1.120000000000000773,0.203576140705553466
1.121000000000000885,0.201870200278413681
1.122000000000000774,0.200167460109086287
1.123000000000000886,0.198468021146093715
1.124000000000000776,0.196771982886043612
1.125000000000000888,0.195079443384312323
1.126000000000000778,0.193390499265726185
1.127000000000000890,0.191705245735214691
1.128000000000000780,0.190023776588463450
1.129000000000000892,0.188346184222546009
1.130000000000000782,0.186672559646536701
1.131000000000000894,0.185002992492106583
1.132000000000000783,0.183337571024119045
1.133000000000000895,0.181676382151163551
1.134000000000000785,0.180019511436122492
1.135000000000000897,0.178367043106671647
1.136000000000000787,0.176719060065780725
1.137000000000000899,0.175075643902193490
1.138000000000000789,0.173436874900868315
1.139000000000000901,0.171802832053402799
1.140000000000000790,0.170173593068433104
1.141000000000000902,0.168549234382012136
1.142000000000000792,0.166929831167934389
1.143000000000000904,0.165315457348074873
1.144000000000000794,0.163706185602656318
1.145000000000000906,0.162102087380515819
1.146000000000000796,0.160503232909326721
1.147000000000000908,0.158909691205791709
1.148000000000000798,0.157321530085811234
1.149000000000000909,0.155738816174607220
1.150000000000000799,0.154161614916820788
1.151000000000000911,0.152589990586577684
1.152000000000000801,0.151024006297513808
1.153000000000000913,0.149463724012763033
1.154000000000000803,0.147909204554927176
1.155000000000000915,0.146360507615982849
1.156000000000000805,0.144817691767168882
1.157000000000000917,0.143280814468841972
1.158000000000000806,0.141749932080266039
1.159000000000000918,0.140225099869396047
1.160000000000000808,0.138706372022610630
1.161000000000000920,0.137193801654385050
1.162000000000000810,0.135687440816963101
1.163000000000000922,0.134187340509954484
1.164000000000000812,0.132693550689910872
1.165000000000000924,0.131206120279848404
1.166000000000000814,0.129725097178740589
1.167000000000000925,0.128250528270957620
1.168000000000000815,0.126782459435675315
1.169000000000000927,0.125320935556222285
1.170000000000000817,0.123866000529414294
1.171000000000000929,0.122417697274805309
1.172000000000000819,0.120976067743934906
1.173000000000000931,0.119541152929501890
1.174000000000000821,0.118112992874506870
1.175000000000000933,0.116691626681348554
1.176000000000000822,0.115277092520870969
1.177000000000000934,0.113869427641374935
1.178000000000000824,0.112468668377570413
1.179000000000000936,0.111074850159486510
1.180000000000000826,0.109688007521353853
1.181000000000000938,0.108308174110404942
1.182000000000000828,0.106935382695668865
1.183000000000000940,0.105569665176681565
1.184000000000000830,0.104211052592177084
1.185000000000000941,0.102859575128719266
1.186000000000000831,0.101515262129282607
1.187000000000000943,0.100178142101794501
1.188000000000000833,0.098848242727629654
1.189000000000000945,0.097525590870048945
1.190000000000000835,0.096210212582595003
1.191000000000000947,0.094902133117439030
1.192000000000000837,0.093601376933682173
1.193000000000000949,0.092307967705606647
1.194000000000000838,0.091021928330872942
1.195000000000000950,0.089743280938679684
1.196000000000000840,0.088472046897867224
1.197000000000000952,0.087208246824968999
1.198000000000000842,0.085951900592231900
1.199000000000000954,0.084703027335557193
1.200000000000000844,0.083461645462428777
1.201000000000000734,0.082227772659763096
1.202000000000000846,0.081001425901722698
1.203000000000000957,0.079782621457488725
1.204000000000000847,0.078571374898959379
1.205000000000000737,0.077367701108430734
1.206000000000000849,0.076171614286201755
1.207000000000000961,0.074983127958149889
1.208000000000000851,0.073802254983241652
1.209000000000000741,0.072629007561007305
1.210000000000000853,0.071463397238958351
1.211000000000000965,0.070305434919955931
1.212000000000000854,0.069155130869540213
1.213000000000000744,0.068012494723196204
1.214000000000000856,0.066877535493576168
1.215000000000000968,0.065750261577686320
1.216000000000000858,0.064630680764000664
1.217000000000000748,0.063518800239540374
1.218000000000000860,0.062414626596911084
1.219000000000000972,0.061318165841268923
1.220000000000000862,0.060229423397266370
1.221000000000000751,0.059148404115921774
1.222000000000000863,0.058075112281461595
1.223000000000000975,0.057009551618104878
1.224000000000000865,0.055951725296797726
1.225000000000000755,0.054901635941902990
1.226000000000000867,0.053859285637844687
1.227000000000000979,0.052824675935697750
1.228000000000000869,0.051797807859730628
1.229000000000000759,0.050778681913907178
1.230000000000000870,0.049767298088331316
1.231000000000000982,0.048763655865657410
1.232000000000000872,0.047767754227427836
1.233000000000000762,0.046779591660398481
1.234000000000000874,0.045799166162784531
1.235000000000000986,0.044826475250477435
1.236000000000000876,0.043861515963211306
1.237000000000000766,0.042904284870678613
1.238000000000000878,0.041954778078599451
1.239000000000000989,0.041012991234760710
1.240000000000000879,0.040078919534966471
1.241000000000000769,0.039152557729001981
1.242000000000000881,0.038233900126495524
1.243000000000000993,0.037322940602769403
1.244000000000000883,0.036419672604632303
1.245000000000000773,0.035524089156125392
1.246000000000000885,0.034636182864225720
1.247000000000000997,0.033755945924506099
1.248000000000000886,0.032883370126739475
1.249000000000000776,0.032018446860476904
1.250000000000000888,0.031161167120560374
1.251000000000001000,0.030311521512603891
1.252000000000000890,0.029469500258420468
1.253000000000000780,0.028635093201427830
1.254000000000000892,0.027808289811962962
1.255000000000001004,0.026989079192612741
1.256000000000000894,0.026177450083450116
1.257000000000000783,0.025373390867253553
1.258000000000000895,0.024576889574673799
1.259000000000001007,0.023787933889362491
1.260000000000000897,0.023006511153052949
1.261000000000000787,0.022232608370598001
1.262000000000000899,0.021466212214971497
1.263000000000001011,0.020707309032216313
1.264000000000000901,0.019955884846362747
1.265000000000000790,0.019211925364294578
1.266000000000000902,0.018475415980574894
1.267000000000001014,0.017746341782239522
1.268000000000000904,0.017024687553534135
1.269000000000000794,0.016310437780619559
1.270000000000000906,0.015603576656236772
1.271000000000001018,0.014904088084324630
1.272000000000000908,0.014211955684600463
1.273000000000000798,0.013527162797100511
1.274000000000000909,0.012849692486681530
1.275000000000001021,0.012179527547474932
1.276000000000000911,0.011516650507310355
1.277000000000000801,0.010861043632093826
1.278000000000000913,0.010212688930148600
1.279000000000001025,0.009571568156512580
1.280000000000000915,0.008937662817207457
1.281000000000000805,0.008310954173449981
1.282000000000000917,0.007691423245848264
1.283000000000001029,0.007079050818544372
1.284000000000000918,0.006473817443307606
1.285000000000000808,0.005875703443627847
1.286000000000000920,0.005284688918731217
1.287000000000001032,0.004700753747573056
1.288000000000000922,0.004123877592805655
1.289000000000000812,0.003554039904687628
1.290000000000000924,0.002991219924968350
1.291000000000001036,0.002435396690737168
1.292000000000000925,0.001886549038231852
1.293000000000000815,0.001344655606604159
1.294000000000000927,0.000809694841668626
1.295000000000001039,0.000281644999592337
1.296000000000000929,-0.000239515849433999
1.297000000000000819,-0.000753809817566761
1.298000000000000931,-0.001261259195716485
1.299000000000001043,-0.001761886449992100
1.300000000000000933,-0.002255714218163665
1.301000000000000822,-0.002742765306190306
1.302000000000000934,-0.003223062684746974
1.303000000000001046,-0.003696629485820363
1.304000000000000936,-0.004163488999304382
1.305000000000000826,-0.004623664669657082
1.306000000000000938,-0.005077180092578008
1.307000000000001050,-0.005524059011721423
1.308000000000000940,-0.005964325315441586
1.309000000000000830,-0.006398003033570932
1.310000000000000941,-0.006825116334234482
1.311000000000001053,-0.007245689520690507
1.312000000000000943,-0.007659747028207192
1.313000000000000833,-0.008067313420978519
1.314000000000000945,-0.008468413389049792
1.315000000000001057,-0.008863071745305007
1.316000000000000947,-0.009251313422455262
1.317000000000000837,-0.009633163470088298
1.318000000000000949,-0.010008647051720474
1.319000000000001060,-0.010377789441896223
1.320000000000000950,-0.010740616023319941
1.321000000000000840,-0.011097152284006383
1.322000000000000952,-0.011447423814471405
1.323000000000001064,-0.011791456304946563
1.324000000000000954,-0.012129275542624112
1.325000000000000844,-0.012460907408936905
1.326000000000000956,-0.012786377876861654
1.327000000000001068,-0.013105713008248124
1.328000000000000957,-0.013418938951193546
1.329000000000000847,-0.013726081937422918
1.330000000000000959,-0.014027168279715082
1.331000000000001071,-0.014322224369349493
1.332000000000000961,-0.014611276673581766
1.333000000000000851,-0.014894351733150355
1.334000000000000963,-0.015171476159804423
1.335000000000001075,-0.015442676633867430
1.336000000000000965,-0.015707979901823661
1.337000000000000854,-0.015967412773920418
1.338000000000000966,-0.016221002121826127
1.339000000000001078,-0.016468774876284682
1.340000000000000968,-0.016710758024810708
1.341000000000000858,-0.016946978609416803
1.342000000000000970,-0.017177463724341448
1.343000000000001082,-0.017402240513841819
1.344000000000000972,-0.017621336169973384
1.345000000000000862,-0.017834777930424549
1.346000000000000973,-0.018042593076352711
1.347000000000001085,-0.018244808930268162
1.348000000000000975,-0.018441452853922499
1.349000000000000865,-0.018632552246233954
1.350000000000000977,-0.018818134541235407
1.351000000000001089,-0.018998227206044278
1.352000000000000979,-0.019172857738854177
1.353000000000000869,-0.019342053666957480
1.354000000000000981,-0.019505842544787523
1.355000000000001092,-0.019664251951982025
1.356000000000000982,-0.019817309491472309
1.357000000000000872,-0.019965042787597018
1.358000000000000984,-0.020107479484241162
1.359000000000001096,-0.020244647242985383
1.360000000000000986,-0.020376573741290753
1.361000000000000876,-0.020503286670705660
1.362000000000000988,-0.020624813735083309
1.363000000000001100,-0.020741182648840558
1.364000000000000989,-0.020852421135210023
1.365000000000000879,-0.020958556924544576
1.366000000000000991,-0.021059617752626235
1.367000000000001103,-0.021155631358998707
1.368000000000000993,-0.021246625485317715
1.369000000000000883,-0.021332627873736656
1.370000000000000995,-0.021413666265293788
1.371000000000001107,-0.021489768398333962
1.372000000000000997,-0.021560962006939747
1.373000000000000886,-0.021627274819403412
1.374000000000000998,-0.021688734556687118
1.375000000000001110,-0.021745368930933585
1.376000000000001000,-0.021797205643975973
1.377000000000000890,-0.021844272385877807
1.378000000000001002,-0.021886596833493064
1.379000000000001114,-0.021924206649034453
1.380000000000001004,-0.021957129478671962
1.381000000000000894,-0.021985392951148573
1.382000000000001005,-0.022009024676409885
1.383000000000001117,-0.022028052244256156
1.384000000000001007,-0.022042503223009515
1.385000000000000897,-0.022052405158206133
1.386000000000001009,-0.022057785571297499
1.387000000000001121,-0.022058671958380627
1.388000000000001011,-0.022055091788930142
1.389000000000000901,-0.022047072504564620
1.390000000000001013,-0.022034641517823923
1.391000000000001124,-0.022017826210955611
1.392000000000001014,-0.021996653934734264
1.393000000000000904,-0.021971152007287224
1.394000000000001016,-0.021941347712936793
1.395000000000001128,-0.021907268301062627
1.396000000000001018,-0.021868940984985548
1.397000000000000908,-0.021826392940855987
1.398000000000001020,-0.021779651306564816
1.399000000000001132,-0.021728743180676614
1.400000000000001021,-0.021673695621363741
1.401000000000000911,-0.021614535645373432
1.402000000000001023,-0.021551290226999906
1.403000000000001135,-0.021483986297066819
1.404000000000001025,-0.021412650741945392
1.405000000000000915,-0.021337310402565979
1.406000000000001027,-0.021257992073454589
1.407000000000001139,-0.021174722501788871
1.408000000000001029,-0.021087528386455587
1.409000000000000918,-0.020996436377141069
1.410000000000001030,-0.020901473073413758
1.411000000000001142,-0.020802665023838662
1.412000000000001032,-0.020700038725106309
1.413000000000000922,-0.020593620621162788
1.414000000000001034,-0.020483437102361994
1.415000000000001146,-0.020369514504632653
1.416000000000001036,-0.020251879108658784
1.417000000000000925,-0.020130557139069371
1.418000000000001037,-0.020005574763641919
1.419000000000001149,-0.019876958092529578
1.420000000000001039,-0.019744733177486599
1.421000000000000929,-0.019608926011120117
1.422000000000001041,-0.019469562526139638
1.423000000000001153,-0.019326668594636554
1.424000000000001043,-0.019180270027368346
1.425000000000000933,-0.019030392573048591
1.426000000000001044,-0.018877061917660261
1.427000000000001156,-0.018720303683776120
1.428000000000001046,-0.018560143429895572
1.429000000000000936,-0.018396606649786526
1.430000000000001048,-0.018229718771840320
1.431000000000001160,-0.018059505158448955
1.432000000000001050,-0.017885991105380493
1.433000000000000940,-0.017709201841172501
1.434000000000001052,-0.017529162526539126
1.435000000000001164,-0.017345898253782157
1.436000000000001053,-0.017159434046220695
1.437000000000000943,-0.016969794857629554
1.438000000000001055,-0.016777005571688035
1.439000000000001167,-0.016581091001436628
1.440000000000001057,-0.016382075888752949
1.441000000000000947,-0.016179984903827251
1.442000000000001059,-0.015974842644658455
1.443000000000001171,-0.015766673636558152
1.444000000000001060,-0.015555502331657150
1.445000000000000950,-0.015341353108431627
1.446000000000001062,-0.015124250271237871
1.447000000000001174,-0.014904218049855856
1.448000000000001064,-0.014681280599036683
1.449000000000000954,-0.014455461998072936
1.450000000000001066,-0.014226786250365922
1.451000000000001178,-0.013995277283008426
1.452000000000001068,-0.013760958946379326
1.453000000000000957,-0.013523855013744776
1.454000000000001069,-0.013283989180860541
1.455000000000001181,-0.013041385065606509
1.456000000000001071,-0.012796066207600381
1.457000000000000961,-0.012548056067845819
1.458000000000001073,-0.012297378028376747
1.459000000000001185,-0.012044055391904691
1.460000000000001075,-0.011788111381496635
1.461000000000000965,-0.011529569140239304
1.462000000000001076,-0.011268451730921584
1.463000000000001188,-0.011004782135724480
1.464000000000001078,-0.010738583255924177
1.465000000000000968,-0.010469877911589131
1.466000000000001080,-0.010198688841302869
1.467000000000001192,-0.009925038701880920
1.468000000000001082,-0.009648950068108484
1.469000000000000972,-0.009370445432470842
1.470000000000001084,-0.009089547204904869
1.471000000000001195,-0.008806277712551172
1.472000000000001085,-0.008520659199517840
1.473000000000000975,-0.008232713826645862
1.474000000000001087,-0.007942463671289261
1.475000000000001199,-0.007649930727096185
1.476000000000001089,-0.007355136903803820
1.477000000000000979,-0.007058104027036126
1.478000000000001091,-0.006758853838105604
1.479000000000001203,-0.006457407993825113
1.480000000000001092,-0.006153788066339222
1.481000000000000982,-0.005848015542938424
1.482000000000001094,-0.005540111825897124
1.483000000000001206,-0.005230098232308711
1.484000000000001096,-0.004917995993942163
1.485000000000000986,-0.004603826257084947
1.486000000000001098,-0.004287610082410971
1.487000000000001210,-0.003969368444839310
1.488000000000001100,-0.003649122233413295
1.489000000000000989,-0.003326892251171483
1.490000000000001101,-0.003002699215040890
1.491000000000001213,-0.002676563755720705
1.492000000000001103,-0.002348506417585723
1.493000000000000993,-0.002018547658580901
1.494000000000001105,-0.001686707850138625
1.495000000000001217,-0.001353007277086353
1.496000000000001107,-0.001017466137572143
1.497000000000000997,-0.000680104542990326
1.498000000000001108,-0.000340942517906000
1.499000000000001220,0.000000000000000000
