# Ag111_BSAI12
# h[nm],U(h)[kJ/mol]
0.149999999999999994,78.967344465380534757
0.150999999999999995,73.426889812820107295
0.151999999999999996,69.313314587234941655
0.152999999999999997,65.545706565315029479
0.153999999999999998,61.745502986853196603
0.154999999999999999,57.854936203770968461
0.156000000000000000,53.935056601521580433
0.157000000000000001,50.067925945537908206
0.158000000000000002,46.316493943438963754
0.159000000000000002,42.714269886645936936
0.160000000000000003,39.268658557270086362
0.161000000000000004,35.969103020244169500
0.162000000000000005,32.795552012196871772
0.163000000000000006,29.725302767858703845
0.164000000000000007,26.737657421297985394
0.165000000000000008,23.816525275233743741
0.166000000000000009,20.951393868108077356
0.167000000000000010,18.137160396857339606
0.168000000000000010,15.373272402818589200
0.169000000000000011,12.662537792814632098
0.170000000000000012,10.009865483097708960
0.171000000000000013,7.421107663316220737
0.172000000000000014,4.902100724992026315
0.173000000000000015,2.457946124172200708
0.174000000000000016,0.092533554733479045
0.175000000000000017,-2.191715900375259540
0.176000000000000018,-4.393922593327852510
0.177000000000000018,-6.514678548424487126
0.178000000000000019,-8.555876447814039665
0.179000000000000020,-10.520475076621025323
0.180000000000000021,-12.412233366346073993
0.181000000000000022,-14.235438802108706824
0.182000000000000023,-15.994649569215585672
0.183000000000000024,-17.694463906716709545
0.184000000000000025,-19.339324992562961114
0.185000000000000026,-20.933365432189400934
0.186000000000000026,-22.480292076999180750
0.187000000000000027,-23.983309408437357035
0.188000000000000028,-25.445077993131661742
0.189000000000000029,-26.867703430891669569
0.190000000000000030,-28.252750660799666349
0.191000000000000031,-29.601278346139235254
0.192000000000000032,-30.913888221711044224
0.193000000000000033,-32.190784665830662448
0.194000000000000034,-33.431840277255048477
0.195000000000000034,-34.636663832227633009
0.196000000000000035,-35.804667620065337985
0.197000000000000036,-36.935131770645867277
0.198000000000000037,-38.027263767613547429
0.199000000000000038,-39.080251869645948659
0.200000000000000039,-40.093311628305592365
0.201000000000000040,-41.065725089994408847
0.202000000000000041,-41.996872600696725897
0.203000000000000042,-42.886257397983875705
0.204000000000000042,-43.733523379728708846
0.205000000000000043,-44.538466589051708411
0.206000000000000044,-45.301041056848873723
0.207000000000000045,-46.021359703744927572
0.208000000000000046,-46.699691029304631229
0.209000000000000047,-47.336452314314520606
0.210000000000000048,-47.932200037905474233
0.211000000000000049,-48.487618170611781920
0.212000000000000050,-49.003504951891429187
0.213000000000000050,-49.480758700227774227
0.214000000000000051,-49.920363139124788177
0.215000000000000052,-50.323372655900989514
0.216000000000000053,-50.690897844432839747
0.217000000000000054,-51.024091619643655804
0.218000000000000055,-51.324136131877949651
0.219000000000000056,-51.592230654262358769
0.220000000000000057,-51.829580566329937596
0.221000000000000058,-52.037387512890362018
0.222000000000000058,-52.216840778480232643
0.223000000000000059,-52.369109884642853103
0.224000000000000060,-52.495338389571955418
0.225000000000000061,-52.596638847000328099
0.226000000000000062,-52.674088863249835413
0.227000000000000063,-52.728728177667314014
0.228000000000000064,-52.761556681807633140
0.229000000000000065,-52.773533286243115015
0.230000000000000066,-52.765575540328349291
0.231000000000000066,-52.738559909207609167
0.232000000000000067,-52.693322613407552524
0.233000000000000068,-52.630660939133960596
0.234000000000000069,-52.551334931541269668
0.235000000000000070,-52.456069388453116176
0.236000000000000071,-52.345556078001536093
0.237000000000000072,-52.220456110176357356
0.238000000000000073,-52.081402399120634072
0.239000000000000073,-51.929002159990851339
0.240000000000000074,-51.763839391168552595
0.241000000000000075,-51.586477299437817123
0.242000000000000076,-51.397460632325383756
0.243000000000000077,-51.197317888062286784
0.244000000000000078,-50.986563379502804594
0.245000000000000079,-50.765699133786526431
0.246000000000000080,-50.535216614525928946
0.247000000000000081,-50.295598257826569011
0.248000000000000081,-50.047318817497327359
0.249000000000000082,-49.790846518387297692
0.250000000000000111,-49.526644019906143512
0.251000000000000112,-49.255169194462958160
0.252000000000000113,-48.976875727817663631
0.253000000000000114,-48.692213550202453121
0.254000000000000115,-48.401629108569288462
0.255000000000000115,-48.105565491478998297
0.256000000000000116,-47.804462419000358864
0.257000000000000117,-47.498756110563462585
0.258000000000000118,-47.188879044038728239
0.259000000000000119,-46.875259619422777746
0.260000000000000120,-46.558321740430940849
0.261000000000000121,-46.238484327050144884
0.262000000000000122,-45.916160771721287404
0.263000000000000123,-45.591758351319128906
0.264000000000000123,-45.265677606502542574
0.265000000000000124,-44.938311699337361915
0.266000000000000125,-44.610045759367928042
0.267000000000000126,-44.281256227544950832
0.268000000000000127,-43.952310206624325417
0.269000000000000128,-43.623564825843729409
0.270000000000000129,-43.295366626874681515
0.271000000000000130,-42.968050977245468403
0.272000000000000131,-42.641941516644038757
0.273000000000000131,-42.317349640746485306
0.274000000000000132,-41.994574026480918860
0.275000000000000133,-41.673900201935246912
0.276000000000000134,-41.355600163451285312
0.277000000000000135,-41.039932041823050213
0.278000000000000136,-40.727139818931668458
0.279000000000000137,-40.417453095609729985
0.280000000000000138,-40.111086911028948521
0.281000000000000139,-39.808241613451919250
0.282000000000000139,-39.509102781777478697
0.283000000000000140,-39.213841196940691702
0.284000000000000141,-38.922612861902166514
0.285000000000000142,-38.635559068673444472
0.286000000000000143,-38.352806510576932908
0.287000000000000144,-38.074467437726269736
0.288000000000000145,-37.800639853535471957
0.289000000000000146,-37.531407749919608818
0.290000000000000147,-37.266841378735009016
0.291000000000000147,-37.006997556920467218
0.292000000000000148,-36.751920002739844051
0.293000000000000149,-36.501639700490940754
0.294000000000000150,-36.256175291029123287
0.295000000000000151,-36.015533485461219243
0.296000000000000152,-35.779709499386250116
0.297000000000000153,-35.548687505099863415
0.298000000000000154,-35.322441099231056683
0.299000000000000155,-35.100933783345702466
0.300000000000000155,-34.884119455126850085
0.301000000000000156,-34.671942907826831970
0.302000000000000157,-34.464340335778572921
0.303000000000000158,-34.261239843852713705
0.304000000000000159,-34.062561958850743338
0.305000000000000160,-33.868220140931995843
0.306000000000000161,-33.678121293282963222
0.307000000000000162,-33.492166268349784275
0.308000000000000163,-33.310250369067503584
0.309000000000000163,-33.132263843633452893
0.310000000000000164,-32.958092372484543375
0.311000000000000165,-32.787617546249542499
0.312000000000000166,-32.620717333557415429
0.313000000000000167,-32.457266537689577035
0.314000000000000168,-32.297137241168812238
0.315000000000000169,-32.140199237478910277
0.316000000000000170,-31.986320449206893102
0.317000000000000171,-31.835367331994337547
0.318000000000000171,-31.687205263774284703
0.319000000000000172,-31.541698918857186129
0.320000000000000173,-31.398712626510729251
0.321000000000000174,-31.258110713756956045
0.322000000000000175,-31.119757832183388757
0.323000000000000176,-30.983519268634289290
0.324000000000000177,-30.849261239712802762
0.325000000000000178,-30.716851170085824663
0.326000000000000179,-30.586157954639652701
0.327000000000000179,-30.457052204586432254
0.328000000000000180,-30.329406477670147524
0.329000000000000181,-30.203095492664722599
0.330000000000000182,-30.077996328396938708
0.331000000000000183,-29.953988607564230762
0.332000000000000184,-29.830954665649407787
0.333000000000000185,-29.708779705264777959
0.334000000000000186,-29.587351936283891263
0.335000000000000187,-29.466562702142205410
0.336000000000000187,-29.346306592708295113
0.337000000000000188,-29.226481544144156999
0.338000000000000189,-29.106988926187710831
0.339000000000000190,-28.987733617302730238
0.340000000000000191,-28.868624068150342765
0.341000000000000192,-28.749572353844779826
0.342000000000000193,-28.630494215459531659
0.343000000000000194,-28.511309091254823045
0.344000000000000195,-28.391940138097709223
0.345000000000000195,-28.272314243546379231
0.346000000000000196,-28.152362029068076055
0.347000000000000197,-28.032017844856888189
0.348000000000000198,-27.911219756713187223
0.349000000000000199,-27.789909525440531723
0.350000000000000200,-27.668032579209210553
0.351000000000000201,-27.545537979327793465
0.352000000000000202,-27.422378379855139485
0.353000000000000203,-27.298509981476332342
0.354000000000000203,-27.173892480055560128
0.355000000000000204,-27.048489010268305321
0.356000000000000205,-26.922266084704318700
0.357000000000000206,-26.795193528821009465
0.358000000000000207,-26.667244412114609275
0.359000000000000208,-26.538394975865116976
0.360000000000000209,-26.408624557797462984
0.361000000000000210,-26.277915513989633212
0.362000000000000210,-26.146253138344928146
0.363000000000000211,-26.013625579933528087
0.364000000000000212,-25.880023758494996144
0.365000000000000213,-25.745441278380990724
0.366000000000000214,-25.609874341204637460
0.367000000000000215,-25.473321657450206601
0.368000000000000216,-25.335784357284662605
0.369000000000000217,-25.197265900799767024
0.370000000000000218,-25.057771987901880095
0.371000000000000218,-24.917310468054218120
0.372000000000000219,-24.775891250064837834
0.373000000000000220,-24.633526212102403008
0.374000000000000221,-24.490229112110149856
0.375000000000000222,-24.346015498778051267
0.376000000000000223,-24.200902623222326326
0.377000000000000224,-24.054909351511433613
0.378000000000000225,-23.908056078167277292
0.379000000000000226,-23.760364640761306276
0.380000000000000226,-23.611858235715498466
0.381000000000000227,-23.462561335409066743
0.382000000000000228,-23.312499606683719122
0.383000000000000229,-23.161699830831324221
0.384000000000000230,-23.010189825139988784
0.385000000000000231,-22.857998366067320717
0.386000000000000232,-22.705155114101646774
0.387000000000000233,-22.551690540365434856
0.388000000000000234,-22.397635855008150685
0.389000000000000234,-22.243022937429778096
0.390000000000000235,-22.087884268369609941
0.391000000000000236,-21.932252863889683425
0.392000000000000237,-21.776162211276403724
0.393000000000000238,-21.619646206878904593
0.394000000000000239,-21.462739095897639174
0.395000000000000240,-21.305475414132235557
0.396000000000000241,-21.147889931693274690
0.397000000000000242,-20.990017598678257116
0.398000000000000242,-20.831893492808823964
0.399000000000000243,-20.673552769021988240
0.400000000000000244,-20.515030611005226291
0.401000000000000245,-20.356362184662124548
0.402000000000000246,-20.197582593492260372
0.403000000000000247,-20.038726835866167875
0.404000000000000248,-19.879829764174207440
0.405000000000000249,-19.720926045825457606
0.406000000000000250,-19.562050126070833045
0.407000000000000250,-19.403236192622649980
0.408000000000000251,-19.244518142041179942
0.409000000000000252,-19.085929547857251265
0.410000000000000253,-18.927503630398206269
0.411000000000000254,-18.769273228283719135
0.412000000000000255,-18.611270771556469583
0.413000000000000256,-18.453528256412042197
0.414000000000000257,-18.296077221491042764
0.415000000000000258,-18.138948725696430131
0.416000000000000258,-17.982173327497804394
0.417000000000000259,-17.825781065684136450
0.418000000000000260,-17.669801441526210795
0.419000000000000261,-17.514263402309303785
0.420000000000000262,-17.359195326196974918
0.421000000000000263,-17.204625008386265961
0.422000000000000264,-17.050579648514727182
0.423000000000000265,-16.897085839279796460
0.424000000000000266,-16.744169556231163654
0.425000000000000266,-16.591856148696756179
0.426000000000000267,-16.440170331803372505
0.427000000000000268,-16.289136179553302952
0.428000000000000269,-16.138777118918497422
0.429000000000000270,-15.989115924914369060
0.430000000000000271,-15.840174716615621264
0.431000000000000272,-15.691974954077130278
0.432000000000000273,-15.544537436123253116
0.433000000000000274,-15.397882298969710391
0.434000000000000274,-15.252029015642454723
0.435000000000000275,-15.106996396158933749
0.436000000000000276,-14.962802588437501328
0.437000000000000277,-14.819465079901380733
0.438000000000000278,-14.677000699744549905
0.439000000000000279,-14.535425621827343434
0.440000000000000280,-14.394755368170223164
0.441000000000000281,-14.255004813015233367
0.442000000000000282,-14.116188187425024125
0.443000000000000282,-13.978319084390250282
0.444000000000000283,-13.841410464416796344
0.445000000000000284,-13.705474661565290262
0.446000000000000285,-13.570523389915530643
0.447000000000000286,-13.436567750430061352
0.448000000000000287,-13.303618238190949796
0.449000000000000288,-13.171684749985427487
0.450000000000000289,-13.040776592216065666
0.451000000000000290,-12.910902489112478619
0.452000000000000290,-12.782070591221936340
0.453000000000000291,-12.654288484157108385
0.454000000000000292,-12.527563197579951293
0.455000000000000293,-12.401901214401300777
0.456000000000000294,-12.277308480176689187
0.457000000000000295,-12.153790412679313704
0.458000000000000296,-12.031351911631984919
0.459000000000000297,-11.909997368580592436
0.460000000000000298,-11.789730676891982952
0.461000000000000298,-11.670555241860238738
0.462000000000000299,-11.552473990905681944
0.463000000000000300,-11.435489383851580314
0.464000000000000301,-11.319603423264354092
0.465000000000000302,-11.204817664843536917
0.466000000000000303,-11.091133227848246179
0.467000000000000304,-10.978550805547715896
0.468000000000000305,-10.867070675683965675
0.469000000000000306,-10.756692710934993684
0.470000000000000306,-10.647416389367869272
0.471000000000000307,-10.539240804871051083
0.472000000000000308,-10.432164677556450272
0.473000000000000309,-10.326186364121562988
0.474000000000000310,-10.221303868163053252
0.475000000000000311,-10.117514850433199314
0.476000000000000312,-10.014816639031607792
0.477000000000000313,-9.913206239524248176
0.478000000000000314,-9.812680344983169434
0.479000000000000314,-9.713235345940132603
0.480000000000000315,-9.614867340247794658
0.481000000000000316,-9.517572142842903204
0.482000000000000317,-9.421345295405799902
0.483000000000000318,-9.326182075911287228
0.484000000000000319,-9.232077508066065974
0.485000000000000320,-9.139026370628458906
0.486000000000000321,-9.047023206606267465
0.487000000000000322,-8.956062332329079112
0.488000000000000322,-8.866137846391545452
0.489000000000000323,-8.777243638464653941
0.490000000000000324,-8.689373397971937862
0.491000000000000325,-8.602520622628265556
0.492000000000000326,-8.516678626838679378
0.493000000000000327,-8.431840549955484931
0.494000000000000328,-8.347999364391517574
0.495000000000000329,-8.265147883588252142
0.496000000000000330,-8.183278769837185607
0.497000000000000330,-8.102384541953501440
0.498000000000000331,-8.022457582800971210
0.499000000000000332,-7.943490146667461893
0.500000000000000333,-7.865474366490332159
0.501000000000000334,-7.788402260931502674
0.502000000000000335,-7.712265741301803423
0.503000000000000336,-7.637056618334770342
0.504000000000000337,-7.562766608809758040
0.505000000000000338,-7.489387342024732774
0.506000000000000338,-7.416910366119173759
0.507000000000000339,-7.345327154247425661
0.508000000000000340,-7.274629110603302529
0.509000000000000341,-7.204807576296643035
0.510000000000000342,-7.135853835082603958
0.511000000000000343,-7.067759118944755059
0.512000000000000344,-7.000514613533002084
0.513000000000000345,-6.934111463457443669
0.514000000000000346,-6.868540777439489098
0.515000000000000346,-6.803793633321499001
0.516000000000000347,-6.739861082936309700
0.517000000000000348,-6.676734156838260326
0.518000000000000349,-6.614403868896988392
0.519000000000000350,-6.552861220755877625
0.520000000000000351,-6.492097206156584477
0.521000000000000352,-6.432102815131440998
0.522000000000000353,-6.372869038065475777
0.523000000000000353,-6.314386869629750265
0.524000000000000354,-6.256647312588018650
0.525000000000000355,-6.199641381478321556
0.526000000000000356,-6.143360106171665613
0.527000000000000357,-6.087794535309516419
0.528000000000000358,-6.032935739622136140
0.529000000000000359,-5.978774815129716202
0.530000000000000360,-5.925302886228306143
0.531000000000000361,-5.872511108662529011
0.532000000000000361,-5.820390672387069309
0.533000000000000362,-5.768932804319008234
0.534000000000000363,-5.718128770983055276
0.535000000000000364,-5.667969881051598158
0.536000000000000365,-5.618447487781771166
0.537000000000000366,-5.569552991351500282
0.538000000000000367,-5.521277841096530636
0.539000000000000368,-5.473613537650611427
0.540000000000000369,-5.426551634990708806
0.541000000000000369,-5.380083742389410340
0.542000000000000370,-5.334201526276503458
0.543000000000000371,-5.288896712011665002
0.544000000000000372,-5.244161085570411274
0.545000000000000373,-5.199986495145164866
0.546000000000000374,-5.156364852663481102
0.547000000000000375,-5.113288135225361408
0.548000000000000376,-5.070748386461668034
0.549000000000000377,-5.028737717815490171
0.550000000000000377,-4.987248309748368413
0.551000000000000378,-4.946272412873363500
0.552000000000000379,-4.905802349016743946
0.553000000000000380,-4.865830512210190584
0.554000000000000381,-4.826349369615322793
0.555000000000000382,-4.787351462382416045
0.556000000000000383,-4.748829406444971646
0.557000000000000384,-4.710775893252064250
0.558000000000000385,-4.673183690440066762
0.559000000000000385,-4.636045642445546733
0.560000000000000386,-4.599354671060968514
0.561000000000000387,-4.563103775934949091
0.562000000000000388,-4.527286035018631694
0.563000000000000389,-4.491894604959784765
0.564000000000000390,-4.456922721446297864
0.565000000000000391,-4.422363699500565737
0.566000000000000392,-4.388210933726299778
0.567000000000000393,-4.354457898509339842
0.568000000000000393,-4.321098148173856401
0.569000000000000394,-4.288125317095472511
0.570000000000000395,-4.255533119772731077
0.571000000000000396,-4.223315350858253048
0.572000000000000397,-4.191465885151049342
0.573000000000000398,-4.159978677551253057
0.574000000000000399,-4.128847762978680613
0.575000000000000400,-4.098067256256432422
0.576000000000000401,-4.067631351960878661
0.577000000000000401,-4.037534324239241634
0.578000000000000402,-4.007770526595999527
0.579000000000000403,-3.978334391649279045
0.580000000000000404,-3.949220430858475961
0.581000000000000405,-3.920423234224182263
0.582000000000000406,-3.891937469961519014
0.583000000000000407,-3.863757884148067312
0.584000000000000408,-3.835879300347357912
0.585000000000000409,-3.808296619209005307
0.586000000000000409,-3.781004818046517446
0.587000000000000410,-3.753998950393752754
0.588000000000000411,-3.727274145541008554
0.589000000000000412,-3.700825608051656612
0.590000000000000413,-3.674648617260295680
0.591000000000000414,-3.648738526753282141
0.592000000000000415,-3.623090763832542471
0.593000000000000416,-3.597700828963481090
0.594000000000000417,-3.572564295207873553
0.595000000000000417,-3.547676807642513808
0.596000000000000418,-3.523034082764392227
0.597000000000000419,-3.498631907883245074
0.598000000000000420,-3.474466140502102895
0.599000000000000421,-3.450532707686698508
0.600000000000000422,-3.426827605424325185
0.601000000000000423,-3.403346897972907126
0.602000000000000424,-3.380086717200907032
0.603000000000000425,-3.357043261918724930
0.604000000000000425,-3.334212797202239731
0.605000000000000426,-3.311591653709068162
0.606000000000000427,-3.289176226988170804
0.607000000000000428,-3.266962976783324368
0.608000000000000429,-3.244948426331069502
0.609000000000000430,-3.223129161653650154
0.610000000000000431,-3.201501830847463204
0.611000000000000432,-3.180063143367523715
0.612000000000000433,-3.158809869308435214
0.613000000000000433,-3.137738838682348153
0.614000000000000434,-3.116846940694360413
0.615000000000000435,-3.096131123015758213
0.616000000000000436,-3.075588391055618320
0.617000000000000437,-3.055215807231075775
0.618000000000000438,-3.035010490236744296
0.619000000000000439,-3.014969614313607771
0.620000000000000440,-2.995090408517799396
0.621000000000000441,-2.975370155989589094
0.622000000000000441,-2.955806193222952682
0.623000000000000442,-2.936395909336041221
0.624000000000000443,-2.917136745342850723
0.625000000000000444,-2.898026193426419983
0.626000000000000445,-2.879061796213873148
0.627000000000000446,-2.860241146053512651
0.628000000000000447,-2.841561884294329321
0.629000000000000448,-2.823021700568113967
0.630000000000000449,-2.804618332074461762
0.631000000000000449,-2.786349562868874585
0.632000000000000450,-2.768213223154246005
0.633000000000000451,-2.750207188575867434
0.634000000000000452,-2.732329379520253010
0.635000000000000453,-2.714577760417888896
0.636000000000000454,-2.696950339050183221
0.637000000000000455,-2.679445165860726341
0.638000000000000456,-2.662060333271101698
0.639000000000000457,-2.644793975001339614
0.640000000000000457,-2.627644265395222334
0.641000000000000458,-2.610609418750558852
0.642000000000000459,-2.593687688654600976
0.643000000000000460,-2.576877367324671209
0.644000000000000461,-2.560176784954204532
0.645000000000000462,-2.543584309064256921
0.646000000000000463,-2.527098343860626262
0.647000000000000464,-2.510717329596672709
0.648000000000000465,-2.494439741941946842
0.649000000000000465,-2.478264091356702892
0.650000000000000466,-2.462188922472390740
0.651000000000000467,-2.446212813478206183
0.652000000000000468,-2.430334375513752754
0.653000000000000469,-2.414552252067916349
0.654000000000000470,-2.398865118383974870
0.655000000000000471,-2.383271680871036580
0.656000000000000472,-2.367770676521817386
0.657000000000000473,-2.352360872336835218
0.658000000000000473,-2.337041064755061903
0.659000000000000474,-2.321810079091034318
0.660000000000000475,-2.306666768978506088
0.661000000000000476,-2.291610015820620738
0.662000000000000477,-2.276638728246664023
0.663000000000000478,-2.261751841575406985
0.664000000000000479,-2.246948317285028196
0.665000000000000480,-2.232227142489667138
0.666000000000000481,-2.217587329422606945
0.667000000000000481,-2.203027914926048325
0.668000000000000482,-2.188547959947550137
0.669000000000000483,-2.174146549043070031
0.670000000000000484,-2.159822789886633565
0.671000000000000485,-2.145575812786610914
0.672000000000000486,-2.131404770208600308
0.673000000000000487,-2.117308836304903075
0.674000000000000488,-2.103287206450557001
0.675000000000000488,-2.089339096785919114
0.676000000000000489,-2.075463743765811664
0.677000000000000490,-2.061660403715133150
0.678000000000000491,-2.047928352390978368
0.679000000000000492,-2.034266884551211074
0.680000000000000493,-2.020675313529442629
0.681000000000000494,-2.007152970816421078
0.682000000000000495,-1.993699205647767148
0.683000000000000496,-1.980313384598052950
0.684000000000000496,-1.966994891181113925
0.685000000000000497,-1.953743125456686602
0.686000000000000498,-1.940557503643177029
0.687000000000000499,-1.927437457736644433
0.688000000000000500,-1.914382435135870253
0.689000000000000501,-1.901391898273536496
0.690000000000000502,-1.888465324253403965
0.691000000000000503,-1.875602204493498348
0.692000000000000504,-1.862802044375210686
0.693000000000000504,-1.850064362898314441
0.694000000000000505,-1.837388692341782148
0.695000000000000506,-1.824774577930413200
0.696000000000000507,-1.812221577507192816
0.697000000000000508,-1.799729261211319153
0.698000000000000509,-1.787297211161882560
0.699000000000000510,-1.774925021147081505
0.700000000000000511,-1.762612296319004290
0.701000000000000512,-1.750358652893836631
0.702000000000000512,-1.738163717857494461
0.703000000000000513,-1.726027128676611566
0.704000000000000514,-1.713948533014813647
0.705000000000000515,-1.701927588454241969
0.706000000000000516,-1.689963962222246208
0.707000000000000517,-1.678057330923208967
0.708000000000000518,-1.666207380275431360
0.709000000000000519,-1.654413804853036352
0.710000000000000520,-1.642676307832800831
0.711000000000000520,-1.630994600745897305
0.712000000000000521,-1.619368403234461073
0.713000000000000522,-1.607797442812915589
0.714000000000000523,-1.596281454634047581
0.715000000000000524,-1.584820181259684047
0.716000000000000525,-1.573413372436029301
0.717000000000000526,-1.562060784873473995
0.718000000000000527,-1.550762182030929415
0.719000000000000528,-1.539517333904557805
0.720000000000000528,-1.528326016820885425
0.721000000000000529,-1.517188013234170407
0.722000000000000530,-1.506103111528081850
0.723000000000000531,-1.495071105821507818
0.724000000000000532,-1.484091795778510914
0.725000000000000533,-1.473164986422369482
0.726000000000000534,-1.462290487953593843
0.727000000000000535,-1.451468115571941109
0.728000000000000536,-1.440697689302275375
0.729000000000000536,-1.429979033824328560
0.730000000000000537,-1.419311978306194044
0.731000000000000538,-1.408696356241571968
0.732000000000000539,-1.398132005290684932
0.733000000000000540,-1.387618767124811026
0.734000000000000541,-1.377156487274359353
0.735000000000000542,-1.366745014980486728
0.736000000000000543,-1.356384203050135628
0.737000000000000544,-1.346073907714480100
0.738000000000000544,-1.335813988490721638
0.739000000000000545,-1.325604308047166668
0.740000000000000546,-1.315444732071548106
0.741000000000000547,-1.305335129142530137
0.742000000000000548,-1.295275370604351162
0.743000000000000549,-1.285265330444542276
0.744000000000000550,-1.275304885174673997
0.745000000000000551,-1.265393913714108143
0.746000000000000552,-1.255532297276634957
0.747000000000000552,-1.245719919260045883
0.748000000000000553,-1.235956665138489230
0.749000000000000554,-1.226242422357638251
0.750000000000000555,-1.216577080232585262
0.751000000000000556,-1.206960529848422725
0.752000000000000557,-1.197392663963458448
0.753000000000000558,-1.187873376915036250
0.754000000000000559,-1.178402564527897267
0.755000000000000560,-1.168980124025039924
0.756000000000000560,-1.159605953941031498
0.757000000000000561,-1.150279954037753516
0.758000000000000562,-1.141002025222474625
0.759000000000000563,-1.131772069468297337
0.760000000000000564,-1.122589989736831662
0.761000000000000565,-1.113455689903152246
0.762000000000000566,-1.104369074682915119
0.763000000000000567,-1.095330049561661800
0.764000000000000568,-1.086338520726193524
0.765000000000000568,-1.077394394998066884
0.766000000000000569,-1.068497579769079442
0.767000000000000570,-1.059647982938777488
0.768000000000000571,-1.050845512853878727
0.769000000000000572,-1.042090078249672480
0.770000000000000573,-1.033381588193223788
0.771000000000000574,-1.024719952028472214
0.772000000000000575,-1.016105079323105675
0.773000000000000576,-1.007536879817199527
0.774000000000000576,-0.999015263373598472
0.775000000000000577,-0.990540139929992458
0.776000000000000578,-0.982111419452614376
0.777000000000000579,-0.973729011891630969
0.778000000000000580,-0.965392827138051524
0.779000000000000581,-0.957102774982245608
0.780000000000000582,-0.948858765073948840
0.781000000000000583,-0.940660706883792885
0.782000000000000584,-0.932508509666260421
0.783000000000000584,-0.924402082424091942
0.784000000000000585,-0.916341333874078123
0.785000000000000586,-0.908326172414213873
0.786000000000000587,-0.900356506092201969
0.787000000000000588,-0.892432242575246670
0.788000000000000589,-0.884553289121123187
0.789000000000000590,-0.876719552550513037
0.790000000000000591,-0.868930939220533105
0.791000000000000592,-0.861187354999474630
0.792000000000000592,-0.853488705242695156
0.793000000000000593,-0.845834894769645240
0.794000000000000594,-0.838225827842018489
0.795000000000000595,-0.830661408142967184
0.796000000000000596,-0.823141538757380276
0.797000000000000597,-0.815666122153211992
0.798000000000000598,-0.808235060163782437
0.799000000000000599,-0.800848253971096269
0.800000000000000600,-0.793505604090090855
0.801000000000000600,-0.786207010353853097
0.802000000000000601,-0.778952371899698237
0.803000000000000602,-0.771741587156195896
0.804000000000000603,-0.764574553831016468
0.805000000000000604,-0.757451168899644589
0.806000000000000605,-0.750371328594900300
0.807000000000000606,-0.743334928397289207
0.808000000000000607,-0.736341863026087839
0.809000000000000608,-0.729392026431233464
0.810000000000000608,-0.722485311785929452
0.811000000000000609,-0.715621611479968944
0.812000000000000610,-0.708800817113773851
0.813000000000000611,-0.702022819493093975
0.814000000000000612,-0.695287508624384820
0.815000000000000613,-0.688594773710833996
0.816000000000000614,-0.681944503148976700
0.817000000000000615,-0.675336584525967565
0.818000000000000616,-0.668770904617418283
0.819000000000000616,-0.662247349385801209
0.820000000000000617,-0.655765803979420747
0.821000000000000618,-0.649326152731919182
0.822000000000000619,-0.642928279162332972
0.823000000000000620,-0.636572065975601231
0.824000000000000621,-0.630257395063620329
0.825000000000000622,-0.623984147506749132
0.826000000000000623,-0.617752203575780534
0.827000000000000624,-0.611561442734372407
0.828000000000000624,-0.605411743641890321
0.829000000000000625,-0.599302984156690810
0.830000000000000626,-0.593235041339794988
0.831000000000000627,-0.587207791458964179
0.832000000000000628,-0.581221109993160789
0.833000000000000629,-0.575274871637345919
0.834000000000000630,-0.569368950307668209
0.835000000000000631,-0.563503219146964107
0.836000000000000631,-0.557677550530609967
0.837000000000000632,-0.551891816072675567
0.838000000000000633,-0.546145886632377953
0.839000000000000634,-0.540439632320855678
0.840000000000000635,-0.534772922508200299
0.841000000000000636,-0.529145625830763966
0.842000000000000637,-0.523557610198754131
0.843000000000000638,-0.518008742804025868
0.844000000000000639,-0.512498890128174511
0.845000000000000639,-0.507027917950823137
0.846000000000000640,-0.501595691358134643
0.847000000000000641,-0.496202074751546540
0.848000000000000642,-0.490846931856699698
0.849000000000000643,-0.485530125732560491
0.850000000000000644,-0.480251518780733799
0.851000000000000645,-0.475010972754933647
0.852000000000000646,-0.469808348770647310
0.853000000000000647,-0.464643507314941195
0.854000000000000647,-0.459516308256409545
0.855000000000000648,-0.454426610855286905
0.856000000000000649,-0.449374273773679722
0.857000000000000650,-0.444359155085933988
0.858000000000000651,-0.439381112289110809
0.859000000000000652,-0.434440002313591311
0.860000000000000653,-0.429535681533775082
0.861000000000000654,-0.424668005778877866
0.862000000000000655,-0.419836830343835288
0.863000000000000655,-0.415042010000266248
0.864000000000000656,-0.410283399007543181
0.865000000000000657,-0.405560851123921595
0.866000000000000658,-0.400874219617734506
0.867000000000000659,-0.396223357278656874
0.868000000000000660,-0.391608116429015107
0.869000000000000661,-0.387028348935161748
0.870000000000000662,-0.382483906218876124
0.871000000000000663,-0.377974639268820689
0.872000000000000663,-0.373500398652022003
0.873000000000000664,-0.369061034525385412
0.874000000000000665,-0.364656396647230707
0.875000000000000666,-0.360286334388844220
0.876000000000000667,-0.355950696746063500
0.877000000000000668,-0.351649332350847554
0.878000000000000669,-0.347382089482872858
0.879000000000000670,-0.343148816081118746
0.880000000000000671,-0.338949359755460367
0.881000000000000671,-0.334783567798249693
0.882000000000000672,-0.330651287195887433
0.883000000000000673,-0.326552364640382342
0.884000000000000674,-0.322486646540895427
0.885000000000000675,-0.318453979035251467
0.886000000000000676,-0.314454208001450242
0.887000000000000677,-0.310487179069126151
0.888000000000000678,-0.306552737630980121
0.889000000000000679,-0.302650728854197526
0.890000000000000679,-0.298780997691805716
0.891000000000000680,-0.294943388894008840
0.892000000000000681,-0.291137747019465765
0.893000000000000682,-0.287363916446532142
0.894000000000000683,-0.283621741384450843
0.895000000000000684,-0.279911065884494825
0.896000000000000685,-0.276231733851054706
0.897000000000000686,-0.272583589052668385
0.898000000000000687,-0.268966475132999594
0.899000000000000687,-0.265380235621753779
0.900000000000000688,-0.261824713945521481
0.901000000000000689,-0.258299753438577140
0.902000000000000690,-0.254805197353600854
0.903000000000000691,-0.251340888872333079
0.904000000000000692,-0.247906671116153332
0.905000000000000693,-0.244502387156604190
0.906000000000000694,-0.241127880025824387
0.907000000000000695,-0.237782992726914444
0.908000000000000695,-0.234467568244236146
0.909000000000000696,-0.231181449553613388
0.910000000000000697,-0.227924479632472060
0.911000000000000698,-0.224696501469885179
0.912000000000000699,-0.221497358076546996
0.913000000000000700,-0.218326892494669300
0.914000000000000701,-0.215184947807766924
0.915000000000000702,-0.212071367150386964
0.916000000000000703,-0.208985993717741680
0.917000000000000703,-0.205928670775247180
0.918000000000000704,-0.202899241667982760
0.919000000000000705,-0.199897549830051424
0.920000000000000706,-0.196923438793865507
0.921000000000000707,-0.193976752199328528
0.922000000000000708,-0.191057333802923140
0.923000000000000709,-0.188165027486725700
0.924000000000000710,-0.185299677267300789
0.925000000000000711,-0.182461127304533399
0.926000000000000711,-0.179649221910331475
0.927000000000000712,-0.176863805557266385
0.928000000000000713,-0.174104722887097163
0.929000000000000714,-0.171371818719215835
0.930000000000000715,-0.168664938058973923
0.931000000000000716,-0.165983926105934210
0.932000000000000717,-0.163328628262020825
0.933000000000000718,-0.160698890139562317
0.934000000000000719,-0.158094557569246286
0.935000000000000719,-0.155515476607979264
0.936000000000000720,-0.152961493546643706
0.937000000000000721,-0.150432454917751895
0.938000000000000722,-0.147928207503017495
0.939000000000000723,-0.145448598340815527
0.940000000000000724,-0.142993474733548342
0.941000000000000725,-0.140562684254916637
0.942000000000000726,-0.138156074757088632
0.943000000000000727,-0.135773494377772919
0.944000000000000727,-0.133414791547194933
0.945000000000000728,-0.131079814994973065
0.946000000000000729,-0.128768413756897043
0.947000000000000730,-0.126480437181608008
0.948000000000000731,-0.124215734937186267
0.949000000000000732,-0.121974157017639848
0.950000000000000733,-0.119755553749285676
0.951000000000000734,-0.117559775797052013
0.952000000000000735,-0.115386674170676426
0.953000000000000735,-0.113236100230791115
0.954000000000000736,-0.111107905694940889
0.955000000000000737,-0.109001942643489058
0.956000000000000738,-0.106918063525430054
0.957000000000000739,-0.104856121164106142
0.958000000000000740,-0.102815968762827989
0.959000000000000741,-0.100797459910407075
0.960000000000000742,-0.098800448586598852
0.961000000000000743,-0.096824789167425138
0.962000000000000743,-0.094870336430435437
0.963000000000000744,-0.092936945559860679
0.964000000000000745,-0.091024472151679497
0.965000000000000746,-0.089132772218586523
0.966000000000000747,-0.087261702194864857
0.967000000000000748,-0.085411118941191383
0.968000000000000749,-0.083580879749326153
0.969000000000000750,-0.081770842346723618
0.970000000000000751,-0.079980864901054161
0.971000000000000751,-0.078210806024635954
0.972000000000000752,-0.076460524778769176
0.973000000000000753,-0.074729880678010646
0.974000000000000754,-0.073018733694323754
0.975000000000000755,-0.071326944261170366
0.976000000000000756,-0.069654373277506038
0.977000000000000757,-0.068000882111690489
0.978000000000000758,-0.066366332605307582
0.979000000000000759,-0.064750587076920454
0.980000000000000759,-0.063153508325715951
0.981000000000000760,-0.061574959635088702
0.982000000000000761,-0.060014804776135654
0.983000000000000762,-0.058472908011060434
0.984000000000000763,-0.056949134096510215
0.985000000000000764,-0.055443348286825511
0.986000000000000765,-0.053955416337209371
0.987000000000000766,-0.052485204506816673
0.988000000000000766,-0.051032579561768286
0.989000000000000767,-0.049597408778099858
0.990000000000000768,-0.048179559944593067
0.991000000000000769,-0.046778901365583415
0.992000000000000770,-0.045395301863652260
0.993000000000000771,-0.044028630782261359
0.994000000000000772,-0.042678757988311208
0.995000000000000773,-0.041345553874625754
0.996000000000000774,-0.040028889362354138
0.997000000000000774,-0.038728635903319583
0.998000000000000775,-0.037444665482274930
0.999000000000000776,-0.036176850619107401
1.000000000000000666,-0.034925064370953107
1.001000000000000778,-0.033689180334263533
1.002000000000000668,-0.032469072646783739
1.003000000000000780,-0.031264615989465748
1.004000000000000670,-0.030075685588338091
1.005000000000000782,-0.028902157216266745
1.006000000000000671,-0.027743907194694307
1.007000000000000783,-0.026600812395270429
1.008000000000000673,-0.025472750241453058
1.009000000000000785,-0.024359598710033886
1.010000000000000675,-0.023261236332586331
1.011000000000000787,-0.022177542196871243
1.012000000000000677,-0.021108395948173021
1.013000000000000789,-0.020053677790566021
1.014000000000000679,-0.019013268488137447
1.015000000000000790,-0.017987049366130509
1.016000000000000680,-0.016974902312055569
1.017000000000000792,-0.015976709776694343
1.018000000000000682,-0.014992354775118557
1.019000000000000794,-0.014021720887575020
1.020000000000000684,-0.013064692260371255
1.021000000000000796,-0.012121153606676075
1.022000000000000686,-0.011190990207267607
1.023000000000000798,-0.010274087911243703
1.024000000000000687,-0.009370333136655163
1.025000000000000799,-0.008479612871105305
1.026000000000000689,-0.007601814672281984
1.027000000000000801,-0.006736826668452869
1.028000000000000691,-0.005884537558893304
1.029000000000000803,-0.005044836614278949
1.030000000000000693,-0.004217613677016435
1.031000000000000805,-0.003402759161528807
1.032000000000000695,-0.002600164054496784
1.033000000000000806,-0.001809719915048980
1.034000000000000696,-0.001031318874904874
1.035000000000000808,-0.000264853638463591
1.036000000000000698,0.000489782517141535
1.037000000000000810,0.001232695742029630
1.038000000000000700,0.001963991613630217
1.039000000000000812,0.002683775136753499
1.040000000000000702,0.003392150743724451
1.041000000000000814,0.004089222294548489
1.042000000000000703,0.004775093077136028
1.043000000000000815,0.005449865807544932
1.044000000000000705,0.006113642630282592
1.045000000000000817,0.006766525118639774
1.046000000000000707,0.007408614275069866
1.047000000000000819,0.008040010531594793
1.048000000000000709,0.008660813750285656
1.049000000000000821,0.009271123223716279
1.050000000000000711,0.009871037675528424
1.051000000000000822,0.010460655260974078
1.052000000000000712,0.011040073567530340
1.053000000000000824,0.011609389615545435
1.054000000000000714,0.012168699858891938
1.055000000000000826,0.012718100185699261
1.056000000000000716,0.013257685919075691
1.057000000000000828,0.013787551817901996
1.058000000000000718,0.014307792077638094
1.059000000000000830,0.014818500331153648
1.060000000000000719,0.015319769649612980
1.061000000000000831,0.015811692543388760
1.062000000000000721,0.016294360962976883
1.063000000000000833,0.016767866299978715
1.064000000000000723,0.017232299388096929
1.065000000000000835,0.017687750504163696
1.066000000000000725,0.018134309369181839
1.067000000000000837,0.018572065149430116
1.068000000000000727,0.019001106457552056
1.069000000000000838,0.019421521353712074
1.070000000000000728,0.019833397346755096
1.071000000000000840,0.020236821395393484
1.072000000000000730,0.020631879909434381
1.073000000000000842,0.021018658751009927
1.074000000000000732,0.021397243235862028
1.075000000000000844,0.021767718134616611
1.076000000000000734,0.022130167674114555
1.077000000000000846,0.022484675538745520
1.078000000000000735,0.022831324871810894
1.079000000000000847,0.023170198276907472
1.080000000000000737,0.023501377819338788
1.081000000000000849,0.023824945027547496
1.082000000000000739,0.024140980894556924
1.083000000000000851,0.024449565879451039
1.084000000000000741,0.024750779908858433
1.085000000000000853,0.025044702378473543
1.086000000000000743,0.025331412154580235
1.087000000000000854,0.025610987575607293
1.088000000000000744,0.025883506453692400
1.089000000000000856,0.026149046076279731
1.090000000000000746,0.026407683207712463
1.091000000000000858,0.026659494090862178
1.092000000000000748,0.026904554448772395
1.093000000000000860,0.027142939486313557
1.094000000000000750,0.027374723891844865
1.095000000000000862,0.027599981838922732
1.096000000000000751,0.027818786987992856
1.097000000000000863,0.028031212488111211
1.098000000000000753,0.028237330978678830
1.099000000000000865,0.028437214591193360
1.100000000000000755,0.028630934951015923
1.101000000000000867,0.028818563179138206
1.102000000000000757,0.029000169893974932
1.103000000000000869,0.029175825213173141
1.104000000000000759,0.029345598755427100
1.105000000000000870,0.029509559642301213
1.106000000000000760,0.029667776500072417
1.107000000000000872,0.029820317461586233
1.108000000000000762,0.029967250168111765
1.109000000000000874,0.030108641771225624
1.110000000000000764,0.030244558934689580
1.111000000000000876,0.030375067836344839
1.112000000000000766,0.030500234170029540
1.113000000000000878,0.030620123147479271
1.114000000000000767,0.030734799500254505
1.115000000000000879,0.030844327481681671
1.116000000000000769,0.030948770868791043
1.117000000000000881,0.031048192964265243
1.118000000000000771,0.031142656598401368
1.119000000000000883,0.031232224131077096
1.120000000000000773,0.031316957453723981
1.121000000000000885,0.031396917991315880
1.122000000000000774,0.031472166704352197
1.123000000000000886,0.031542764090852077
1.124000000000000776,0.031608770188363708
1.125000000000000888,0.031670244575970487
1.126000000000000778,0.031727246376302823
1.127000000000000890,0.031779834257564685
1.128000000000000780,0.031828066435555399
1.129000000000000892,0.031872000675701888
1.130000000000000782,0.031911694295101670
1.131000000000000894,0.031947204164548951
1.132000000000000783,0.031978586710598597
1.133000000000000895,0.032005897917599037
1.134000000000000785,0.032029193329768849
1.135000000000000897,0.032048528053226236
1.136000000000000787,0.032063956758074177
1.137000000000000899,0.032075533680456202
1.138000000000000789,0.032083312624623897
1.139000000000000901,0.032087346965006411
1.140000000000000790,0.032087689648288939
1.141000000000000902,0.032084393195492250
1.142000000000000792,0.032077509704039928
1.143000000000000904,0.032067090849842279
1.144000000000000794,0.032053187889387894
1.145000000000000906,0.032035851661820894
1.146000000000000796,0.032015132591022968
1.147000000000000908,0.031991080687708548
1.148000000000000798,0.031963745551505676
1.149000000000000909,0.031933176373049890
1.150000000000000799,0.031899421936069608
1.151000000000000689,0.031862530619484922
1.152000000000000801,0.031822550399479559
1.153000000000000913,0.031779528851614738
1.154000000000000803,0.031733513152906838
1.155000000000000693,0.031684550083913958
1.156000000000000805,0.031632686030839692
1.157000000000000917,0.031577966987610111
1.158000000000000806,0.031520438557966081
1.159000000000000696,0.031460145957558125
1.160000000000000808,0.031397134016024772
1.161000000000000920,0.031331447179083337
1.162000000000000810,0.031263129510609534
1.163000000000000700,0.031192224694734379
1.164000000000000812,0.031118776037900957
1.165000000000000924,0.031042826470972801
1.166000000000000814,0.030964418551291735
1.167000000000000703,0.030883594464760834
1.168000000000000815,0.030800396027917693
1.169000000000000927,0.030714864690008802
1.170000000000000817,0.030627041535046119
1.171000000000000707,0.030536967283896304
1.172000000000000819,0.030444682296322013
1.173000000000000931,0.030350226573054480
1.174000000000000821,0.030253639757848373
1.175000000000000711,0.030154961139534621
1.176000000000000822,0.030054229654077370
1.177000000000000934,0.029951483886619435
1.178000000000000824,0.029846762073529244
1.179000000000000714,0.029740102104434278
1.180000000000000826,0.029631541524267602
1.181000000000000938,0.029521117535299301
1.182000000000000828,0.029408866999165013
1.183000000000000718,0.029294826438892800
1.184000000000000830,0.029179032040928993
1.185000000000000941,0.029061519657146435
1.186000000000000831,0.028942324806867474
1.187000000000000721,0.028821482678870490
1.188000000000000833,0.028699028133389991
1.189000000000000945,0.028574995704121808
1.190000000000000835,0.028449419600217296
1.191000000000000725,0.028322333708276727
1.192000000000000837,0.028193771594324436
1.193000000000000949,0.028063766505806876
1.194000000000000838,0.027932351373551212
1.195000000000000728,0.027799558813749396
1.196000000000000840,0.027665421129914491
1.197000000000000952,0.027529970314846337
1.198000000000000842,0.027393238052589051
1.199000000000000732,0.027255255720367345
1.200000000000000844,0.027116054390552664
1.201000000000000956,0.026975664832577038
1.202000000000000846,0.026834117514892460
1.203000000000000735,0.026691442606868392
1.204000000000000847,0.026547669980740589
1.205000000000000959,0.026402829213510247
1.206000000000000849,0.026256949588861194
1.207000000000000739,0.026110060099061510
1.208000000000000851,0.025962189446861860
1.209000000000000963,0.025813366047383702
1.210000000000000853,0.025663618030010306
1.211000000000000743,0.025512973240266929
1.212000000000000854,0.025361459241687034
1.213000000000000966,0.025209103317687491
1.214000000000000856,0.025055932473420632
1.215000000000000746,0.024901973437642423
1.216000000000000858,0.024747252664535334
1.217000000000000970,0.024591796335582089
1.218000000000000860,0.024435630361374704
1.219000000000000750,0.024278780383451454
1.220000000000000862,0.024121271776123065
1.221000000000000973,0.023963129648279576
1.222000000000000863,0.023804378845203797
1.223000000000000753,0.023645043950372431
1.224000000000000865,0.023485149287243386
1.225000000000000977,0.023324718921057769
1.226000000000000867,0.023163776660605734
1.227000000000000757,0.023002346060008547
1.228000000000000869,0.022840450420490786
1.229000000000000981,0.022678112792124807
1.230000000000000870,0.022515355975597947
1.231000000000000760,0.022352202523950877
1.232000000000000872,0.022188674744323494
1.233000000000000984,0.022024794699681799
1.234000000000000874,0.021860584210537000
1.235000000000000764,0.021696064856681373
1.236000000000000876,0.021531257978875590
1.237000000000000988,0.021366184680573670
1.238000000000000878,0.021200865829599673
1.239000000000000767,0.021035322059850942
1.240000000000000879,0.020869573772970964
1.241000000000000991,0.020703641140032043
1.242000000000000881,0.020537544103192563
1.243000000000000771,0.020371302377358447
1.244000000000000883,0.020204935451849072
1.245000000000000995,0.020038462592019989
1.246000000000000885,0.019871902840917326
1.247000000000000774,0.019705275020899006
1.248000000000000886,0.019538597735263109
1.249000000000000998,0.019371889369862609
1.250000000000000888,0.019205168094703767
1.251000000000000778,0.019038451865562155
1.252000000000000890,0.018871758425560294
1.253000000000001002,0.018705105306770289
1.254000000000000892,0.018538509831776011
1.255000000000000782,0.018371989115246241
1.256000000000000894,0.018205560065510072
1.257000000000001005,0.018039239386094925
1.258000000000000895,0.017873043577284788
1.259000000000000785,0.017706988937668804
1.260000000000000897,0.017541091565648991
1.261000000000001009,0.017375367360995410
1.262000000000000899,0.017209832026341219
1.263000000000000789,0.017044501068710041
1.264000000000000901,0.016879389801001753
1.265000000000001013,0.016714513343504663
1.266000000000000902,0.016549886625373832
1.267000000000000792,0.016385524386111495
1.268000000000000904,0.016221441177045094
1.269000000000001016,0.016057651362785620
1.270000000000000906,0.015894169122694177
1.271000000000000796,0.015731008452322559
1.272000000000000908,0.015568183164863561
1.273000000000001020,0.015405706892580893
1.274000000000000909,0.015243593088243742
1.275000000000000799,0.015081855026540308
1.276000000000000911,0.014920505805487974
1.277000000000001023,0.014759558347853693
1.278000000000000913,0.014599025402529381
1.279000000000000803,0.014438919545946829
1.280000000000000915,0.014279253183434839
1.281000000000001027,0.014120038550617700
1.282000000000000917,0.013961287714768154
1.283000000000000806,0.013803012576173421
1.284000000000000918,0.013645224869486850
1.285000000000001030,0.013487936165077171
1.286000000000000920,0.013331157870353738
1.287000000000000810,0.013174901231119465
1.288000000000000922,0.013019177332870340
1.289000000000001034,0.012863997102129390
1.290000000000000924,0.012709371307746613
1.291000000000000814,0.012555310562196536
1.292000000000000925,0.012401825322886742
1.293000000000001037,0.012248925893425817
1.294000000000000927,0.012096622424919660
1.295000000000000817,0.011944924917221942
1.296000000000000929,0.011793843220229114
1.297000000000001041,0.011643387035110753
1.298000000000000931,0.011493565915568845
1.299000000000000821,0.011344389269083602
1.300000000000000933,0.011195866358145859
1.301000000000001044,0.011048006301483731
1.302000000000000934,0.010900818075289082
1.303000000000000824,0.010754310514428243
1.304000000000000936,0.010608492313648864
1.305000000000001048,0.010463372028777593
1.306000000000000938,0.010318958077910698
1.307000000000000828,0.010175258742612811
1.308000000000000940,0.010032282169081344
1.309000000000001052,0.009890036369318442
1.310000000000000941,0.009748529222299096
1.311000000000000831,0.009607768475133727
1.312000000000000943,0.009467761744212900
1.313000000000001055,0.009328516516339350
1.314000000000000945,0.009190040149882891
1.315000000000000835,0.009052339875897878
1.316000000000000947,0.008915422799256043
1.317000000000001059,0.008779295899743338
1.318000000000000949,0.008643966033187339
1.319000000000000838,0.008509439932548568
1.320000000000000950,0.008375724209016342
1.321000000000001062,0.008242825353102995
1.322000000000000952,0.008110749735714840
1.323000000000000842,0.007979503609232589
1.324000000000000954,0.007849093108575678
1.325000000000001066,0.007719524252272019
1.326000000000000956,0.007590802943495306
1.327000000000000846,0.007462934971128102
1.328000000000000957,0.007335926010794516
1.329000000000001069,0.007209781625899650
1.330000000000000959,0.007084507268643891
1.331000000000000849,0.006960108281063112
1.332000000000000961,0.006836589896026762
1.333000000000001073,0.006713957238254612
1.334000000000000963,0.006592215325311138
1.335000000000000853,0.006471369068608323
1.336000000000000965,0.006351423274384876
1.337000000000001076,0.006232382644693979
1.338000000000000966,0.006114251778379173
1.339000000000000856,0.005997035172029928
1.340000000000000968,0.005880737220968358
1.341000000000001080,0.005765362220181849
1.342000000000000970,0.005650914365285661
1.343000000000000860,0.005537397753463855
1.344000000000000972,0.005424816384405720
1.345000000000001084,0.005313174161228547
1.346000000000000973,0.005202474891419655
1.347000000000000863,0.005092722287740236
1.348000000000000975,0.004983919969144154
1.349000000000001087,0.004876071461677808
1.350000000000000977,0.004769180199391761
1.351000000000000867,0.004663249525217462
1.352000000000000979,0.004558282691872048
1.353000000000001091,0.004454282862731126
1.354000000000000981,0.004351253112699795
1.355000000000000870,0.004249196429096307
1.356000000000000982,0.004148115712500773
1.357000000000001094,0.004048013777621324
1.358000000000000984,0.003948893354147490
1.359000000000000874,0.003850757087585955
1.360000000000000986,0.003753607540111139
1.361000000000001098,0.003657447191389922
1.362000000000000988,0.003562278439426012
1.363000000000000878,0.003468103601362502
1.364000000000000989,0.003374924914303517
1.365000000000001101,0.003282744536141665
1.366000000000000991,0.003191564546340097
1.367000000000000881,0.003101386946749183
1.368000000000000993,0.003012213662388457
1.369000000000001105,0.002924046542243258
1.370000000000000995,0.002836887360048012
1.371000000000000885,0.002750737815052661
1.372000000000000997,0.002665599532805716
1.373000000000001108,0.002581474065908208
1.374000000000000998,0.002498362894798086
1.375000000000000888,0.002416267428469892
1.376000000000001000,0.002335189005257419
1.377000000000001112,0.002255128893552388
1.378000000000001002,0.002176088292563310
1.379000000000000892,0.002098068333032859
1.380000000000001004,0.002021070077980753
1.381000000000001116,0.001945094523407275
1.382000000000001005,0.001870142599033391
1.383000000000000895,0.001796215168995999
1.384000000000001007,0.001723313032559370
1.385000000000001119,0.001651436924817800
1.386000000000001009,0.001580587517393227
1.387000000000000899,0.001510765419129775
1.388000000000001011,0.001441971176762431
1.389000000000001123,0.001374205275626721
1.390000000000001013,0.001307468140306917
1.391000000000000902,0.001241760135330417
1.392000000000001014,0.001177081565812403
1.393000000000001126,0.001113432678132622
1.394000000000001016,0.001050813660585043
1.395000000000000906,0.000989224644027128
1.396000000000001018,0.000928665702534139
1.397000000000001130,0.000869136854029428
1.398000000000001020,0.000810638060926112
1.399000000000000909,0.000753169230762912
1.400000000000001021,0.000696730216821714
1.401000000000001133,0.000641320818758678
1.402000000000001023,0.000586940783212183
1.403000000000000913,0.000533589804422600
1.404000000000001025,0.000481267524842480
1.405000000000001137,0.000429973535724278
1.406000000000001027,0.000379707377739468
1.407000000000000917,0.000330468541552447
1.408000000000001029,0.000282256468428858
1.409000000000001140,0.000235070550801549
1.410000000000001030,0.000188910132864784
1.411000000000000920,0.000143774511143530
1.412000000000001032,0.000099662935065294
1.413000000000001144,0.000056574607527232
1.414000000000001034,0.000014508685452463
1.415000000000000924,-0.000026535719636114
1.416000000000001036,-0.000066559541083239
1.417000000000001148,-0.000105563756540119
1.418000000000001037,-0.000143549387420137
1.419000000000000927,-0.000180517498365650
1.420000000000001039,-0.000216469196699760
1.421000000000001151,-0.000251405631912553
1.422000000000001041,-0.000285327995115812
1.423000000000000931,-0.000318237518531454
1.424000000000001043,-0.000350135474966466
1.425000000000001155,-0.000381023177303434
1.426000000000001044,-0.000410901977980471
1.427000000000000934,-0.000439773268503774
1.428000000000001046,-0.000467638478922630
1.429000000000001158,-0.000494499077343358
1.430000000000001048,-0.000520356569430245
1.431000000000000938,-0.000545212497925820
1.432000000000001050,-0.000569068442151544
1.433000000000001162,-0.000591926017529856
1.434000000000001052,-0.000613786875109384
1.435000000000000941,-0.000634652701085987
1.436000000000001053,-0.000654525216339344
1.437000000000001165,-0.000673406175950699
1.438000000000001055,-0.000691297368764142
1.439000000000000945,-0.000708200616907919
1.440000000000001057,-0.000724117775346127
1.441000000000001169,-0.000739050731422519
1.442000000000001059,-0.000753001404426074
1.443000000000000949,-0.000765971745135571
1.444000000000001060,-0.000777963735381358
1.445000000000001172,-0.000788979387611818
1.446000000000001062,-0.000799020744461519
1.447000000000000952,-0.000808089878314366
1.448000000000001064,-0.000816188890887109
1.449000000000001176,-0.000823319912810556
1.450000000000001066,-0.000829485103191118
1.451000000000000956,-0.000834686649221379
1.452000000000001068,-0.000838926765754756
1.453000000000001180,-0.000842207694900175
1.454000000000001069,-0.000844531705618503
1.455000000000000959,-0.000845901093323263
1.456000000000001071,-0.000846318179475576
1.457000000000001183,-0.000845785311209505
1.458000000000001073,-0.000844304860919946
1.459000000000000963,-0.000841879225885436
1.460000000000001075,-0.000838510827885337
1.461000000000001187,-0.000834202112817512
1.462000000000001076,-0.000828955550325362
1.463000000000000966,-0.000822773633416311
1.464000000000001078,-0.000815658878091860
1.465000000000001190,-0.000807613823000605
1.466000000000001080,-0.000798641029034022
1.467000000000000970,-0.000788743079008247
1.468000000000001082,-0.000777922577282766
1.469000000000001194,-0.000766182149408170
1.470000000000001084,-0.000753524441779468
1.471000000000000973,-0.000739952121284253
1.472000000000001085,-0.000725467874963469
1.473000000000001197,-0.000710074409665298
1.474000000000001087,-0.000693774451704986
1.475000000000000977,-0.000676570746527155
1.476000000000001089,-0.000658466058383449
1.477000000000001201,-0.000639463169993212
1.478000000000001091,-0.000619564882214623
1.479000000000000981,-0.000598774013734902
1.480000000000001092,-0.000577093400727388
1.481000000000001204,-0.000554525896555329
1.482000000000001094,-0.000531074371442786
1.483000000000000984,-0.000506741712168788
1.484000000000001096,-0.000481530821757418
1.485000000000001208,-0.000455444619164027
1.486000000000001098,-0.000428486038984373
1.487000000000000988,-0.000400658031141332
1.488000000000001100,-0.000371963560593592
1.489000000000001211,-0.000342405607037525
1.490000000000001101,-0.000311987164619972
1.491000000000000991,-0.000280711241636307
1.492000000000001103,-0.000248580860259773
1.493000000000001215,-0.000215599056242290
1.494000000000001105,-0.000181768878638894
1.495000000000000995,-0.000147093389528377
1.496000000000001107,-0.000111575663737123
1.497000000000001219,-0.000075218788562863
1.498000000000001108,-0.000038025863508378
1.499000000000000998,0.000000000000000000
