# AuFCC100-Ablate5_CS-582-AC
# h[nm],U(h)[kJ/mol]
0.200000000000000011,119.148749890374304528
0.201000000000000012,110.191678766680482227
0.202000000000000013,105.372584027115067329
0.203000000000000014,102.409929944989841033
0.204000000000000015,100.030673601839268372
0.205000000000000016,97.597433915571969010
0.206000000000000016,94.855794597577087757
0.207000000000000017,91.766940915049218574
0.208000000000000018,88.400110466390358965
0.209000000000000019,84.866297655496680363
0.210000000000000020,81.279842458830657392
0.211000000000000021,77.738382190292014684
0.212000000000000022,74.314477699634437613
0.213000000000000023,71.054293872997362769
0.214000000000000024,67.980210392103316508
0.215000000000000024,65.095308699089102333
0.216000000000000025,62.388436006387642863
0.217000000000000026,59.839070872546415103
0.218000000000000027,57.421570426362052331
0.219000000000000028,55.108613953849953759
0.220000000000000029,52.873806341408908338
0.221000000000000030,50.693493676606024678
0.222000000000000031,48.547891082027568643
0.223000000000000032,46.421643313272994646
0.224000000000000032,44.303941603125714721
0.225000000000000033,42.188312597232695111
0.226000000000000034,40.072181785556210798
0.227000000000000035,37.956297814416544156
0.228000000000000036,35.844087567982775511
0.229000000000000037,33.740996236934591934
0.230000000000000038,31.653852486573434533
0.231000000000000039,29.590286653880752965
0.232000000000000040,27.558219744657936445
0.233000000000000040,25.565432807083134037
0.234000000000000041,23.619219869030789738
0.235000000000000042,21.726122834411018658
0.236000000000000043,19.891743309591902289
0.237000000000000044,18.120624045962099302
0.238000000000000045,16.416191323158450643
0.239000000000000046,14.780748964003731061
0.240000000000000047,13.215514595132281883
0.241000000000000048,11.720689099772418018
0.242000000000000048,10.295550828437658453
0.243000000000000049,8.938566939004729761
0.244000000000000050,7.647515149667563961
0.245000000000000051,6.419610144065558188
0.246000000000000052,5.251629820218219002
0.247000000000000053,4.140037489216822131
0.248000000000000054,3.081096981942729407
0.249000000000000055,2.070978396936047350
0.250000000000000056,1.105852911226864466
0.251000000000000056,0.181975675019085431
0.252000000000000057,-0.704243678905420389
0.253000000000000058,-1.556182955903527398
0.254000000000000059,-2.376961451126039737
0.255000000000000060,-3.169405562432933809
0.256000000000000061,-3.936025190443191768
0.257000000000000062,-4.679000005394214234
0.258000000000000063,-5.400174564752214579
0.259000000000000064,-6.101061212717347360
0.260000000000000064,-6.782849675804660805
0.261000000000000065,-7.446422280987546216
0.262000000000000066,-8.092373758508676573
0.263000000000000067,-8.721034645066252367
0.264000000000000068,-9.332497369992282188
0.265000000000000069,-9.926644183195440618
0.266000000000000070,-10.503176165578633316
0.267000000000000071,-11.061642647456785937
0.268000000000000071,-11.601470445789203723
0.269000000000000072,-12.121992414868911325
0.270000000000000073,-12.622474885946150636
0.271000000000000074,-13.102143647938026660
0.272000000000000075,-13.560208193037624369
0.273000000000000076,-13.995884017094720519
0.274000000000000077,-14.408412824742384828
0.275000000000000078,-14.797080543216239334
0.276000000000000079,-15.161233096645508667
0.277000000000000079,-15.500289934397576630
0.278000000000000080,-15.813755343039398227
0.279000000000000081,-16.101227601926460409
0.280000000000000082,-16.362406067679994948
0.281000000000000083,-16.597096293243389198
0.282000000000000084,-16.805213303219115772
0.283000000000000085,-16.986783159187599068
0.284000000000000086,-17.141942957111801604
0.285000000000000087,-17.270939404140875695
0.286000000000000087,-17.374126124534637228
0.287000000000000088,-17.451959844413018175
0.288000000000000089,-17.504995602943498767
0.289000000000000090,-17.533881133746305636
0.290000000000000091,-17.539350555023538902
0.291000000000000092,-17.522217500487425212
0.292000000000000093,-17.483367815823200431
0.293000000000000094,-17.423751937404293955
0.294000000000000095,-17.344377061481658586
0.295000000000000095,-17.246299203274556788
0.296000000000000096,-17.130615236452008787
0.297000000000000097,-16.998454994547095964
0.298000000000000098,-16.850973507003619289
0.299000000000000099,-16.689343433914167747
0.300000000000000100,-16.514747755147624275
0.301000000000000101,-16.328372761547850445
0.302000000000000102,-16.131401388264102081
0.303000000000000103,-15.925006923084932708
0.304000000000000103,-15.710347115918917638
0.305000000000000104,-15.488558709314853346
0.306000000000000105,-15.260752404151446626
0.307000000000000106,-15.028008269352039150
0.308000000000000107,-14.791371599692979544
0.309000000000000108,-14.551849221463180939
0.310000000000000109,-14.310406241885431200
0.311000000000000110,-14.067963234810639150
0.312000000000000111,-13.825393852223772484
0.313000000000000111,-13.583522848535508842
0.314000000000000112,-13.343124502451260582
0.315000000000000113,-13.104921419386695192
0.316000000000000114,-12.869583695911448018
0.317000000000000115,-12.637728426524386549
0.318000000000000116,-12.409919532171098666
0.319000000000000117,-12.186667889281618926
0.320000000000000118,-11.968431737710412577
0.321000000000000119,-11.755617345777560345
0.322000000000000119,-11.548579910618169464
0.323000000000000120,-11.347624672224087661
0.324000000000000121,-11.153008219888182140
0.325000000000000122,-10.964939970217791654
0.326000000000000123,-10.783583796451427617
0.327000000000000124,-10.609059789475539404
0.328000000000000125,-10.441446131680640619
0.329000000000000126,-10.280781065602438318
0.330000000000000127,-10.127064940151900174
0.331000000000000127,-9.980262318136682964
0.332000000000000128,-9.840304129701546998
0.333000000000000129,-9.707089857260573496
0.334000000000000130,-9.580489738447401038
0.335000000000000131,-9.460346974565524647
0.336000000000000132,-9.346479932969966598
0.337000000000000133,-9.238684332749773631
0.338000000000000134,-9.136735404001049332
0.339000000000000135,-9.040390011879264165
0.340000000000000135,-8.949388737491853263
0.341000000000000136,-8.863457908535949059
0.342000000000000137,-8.782311573397430848
0.343000000000000138,-8.705653413204981206
0.344000000000000139,-8.633178587074187504
0.345000000000000140,-8.564575506481514111
0.346000000000000141,-8.499527535373951892
0.347000000000000142,-8.437714613248507689
0.348000000000000143,-8.378814799025091631
0.349000000000000143,-8.322505734086846019
0.350000000000000144,-8.268466023375207641
0.351000000000000145,-8.216376533901666335
0.352000000000000146,-8.165921610476711834
0.353000000000000147,-8.116790208858841282
0.354000000000000148,-8.068676946894106194
0.355000000000000149,-8.021283074550456860
0.356000000000000150,-7.974317364052929236
0.357000000000000151,-7.927496921595891699
0.358000000000000151,-7.880547922349606438
0.359000000000000152,-7.833206270690611817
0.360000000000000153,-7.785218187771461018
0.361000000000000154,-7.736340728705533465
0.362000000000000155,-7.686342231779181411
0.363000000000000156,-7.635002702217756010
0.364000000000000157,-7.582114133124773225
0.365000000000000158,-7.527480766287683700
0.366000000000000159,-7.470919295598461574
0.367000000000000159,-7.412259015876159651
0.368000000000000160,-7.351341919901672739
0.369000000000000161,-7.288022746483461489
0.370000000000000162,-7.222168982369060686
0.371000000000000163,-7.153660820801017728
0.372000000000000164,-7.082391079488894903
0.373000000000000165,-7.008265080732873464
0.374000000000000166,-6.931200496388917998
0.375000000000000167,-6.851127160312822539
0.376000000000000167,-6.767986850860879144
0.377000000000000168,-6.681733045959139083
0.378000000000000169,-6.592330653182639999
0.379000000000000170,-6.499755717211033179
0.380000000000000171,-6.403995106948032756
0.381000000000000172,-6.305046184510644025
0.382000000000000173,-6.202916458209748463
0.383000000000000174,-6.097623221557915585
0.384000000000000175,-5.989193180252716964
0.385000000000000175,-5.877662068995926248
0.386000000000000176,-5.763074259920402120
0.387000000000000177,-5.645482364307797596
0.388000000000000178,-5.524946829192339592
0.389000000000000179,-5.401535530358156478
0.390000000000000180,-5.275323363151484202
0.391000000000000181,-5.146391832443448777
0.392000000000000182,-5.014828642995965424
0.393000000000000183,-4.880727291400542178
0.394000000000000183,-4.744186660680300704
0.395000000000000184,-4.605310618566979208
0.396000000000000185,-4.464207620388775055
0.397000000000000186,-4.320990317431460781
0.398000000000000187,-4.175775171563612886
0.399000000000000188,-4.028682076848041582
0.400000000000000189,-3.879833988795396316
0.401000000000000190,-3.729356561851647989
0.402000000000000191,-3.577377795650657610
0.403000000000000191,-3.424027690503694821
0.404000000000000192,-3.269437912542409119
0.405000000000000193,-3.113741468877963214
0.406000000000000194,-2.957072393088450379
0.407000000000000195,-2.799565441298498047
0.408000000000000196,-2.641355799069021071
0.409000000000000197,-2.482578799272119774
0.410000000000000198,-2.323369651085321230
0.411000000000000199,-2.163863180200791270
0.412000000000000199,-2.004193580309257872
0.413000000000000200,-1.844494175884742848
0.414000000000000201,-1.684897196264401487
0.415000000000000202,-1.525533560988487469
0.416000000000000203,-1.366532676338444663
0.417000000000000204,-1.208022242985228312
0.418000000000000205,-1.050128074637339815
0.419000000000000206,-0.892973927556161895
0.420000000000000207,-0.736681340786417449
0.421000000000000207,-0.581369486932312385
0.422000000000000208,-0.427155033292677011
0.423000000000000209,-0.274152013154724150
0.424000000000000210,-0.122471707032127730
0.425000000000000211,0.027777466378228956
0.426000000000000212,0.176490049756917372
0.427000000000000213,0.323563637485282052
0.428000000000000214,0.468898956984241444
0.429000000000000214,0.612399941328416686
0.430000000000000215,0.753973793400675163
0.431000000000000216,0.893531041856685193
0.432000000000000217,1.030985589173000427
0.433000000000000218,1.166254752054299626
0.434000000000000219,1.299259294477511428
0.435000000000000220,1.429923453651370746
0.436000000000000221,1.558174959170226304
0.437000000000000222,1.683945045640380389
0.438000000000000222,1.807168459056105458
0.439000000000000223,1.927783457200724637
0.440000000000000224,2.045731804345985783
0.441000000000000225,2.160958760520040656
0.442000000000000226,2.273413065610954131
0.443000000000000227,2.383046918569396766
0.444000000000000228,2.489815951969629015
0.445000000000000229,2.593679202183829968
0.446000000000000230,2.694599075419806589
0.447000000000000230,2.792541309867427213
0.448000000000000231,2.887474934193534182
0.449000000000000232,2.979372222619874222
0.450000000000000233,3.068208646812782714
0.451000000000000234,3.153962824807559961
0.452000000000000235,3.236616467184552981
0.453000000000000236,3.316154320707885184
0.454000000000000237,3.392564109631430735
0.455000000000000238,3.465836474870768846
0.456000000000000238,3.535964911233070218
0.457000000000000239,3.602945702891093838
0.458000000000000240,3.666777857280547614
0.459000000000000241,3.727463037594353157
0.460000000000000242,3.785005494040415641
0.461000000000000243,3.839411994023761654
0.462000000000000244,3.890691751407208354
0.463000000000000245,3.938856354998884424
0.464000000000000246,3.983919696408540823
0.465000000000000246,4.025897897408594162
0.466000000000000247,4.064809236929958658
0.467000000000000248,4.100674077816764296
0.468000000000000249,4.133514793458163084
0.469000000000000250,4.163355694409941243
0.470000000000000251,4.190222955112881564
0.471000000000000252,4.214144540809543926
0.472000000000000253,4.235150134755511608
0.473000000000000254,4.253271065816240259
0.474000000000000254,4.268540236535306676
0.475000000000000255,4.280992051754947347
0.476000000000000256,4.290662347865038306
0.477000000000000257,4.297588322751753509
0.478000000000000258,4.301808466512717644
0.479000000000000259,4.303362493001044342
0.480000000000000260,4.302291272256154819
0.481000000000000261,4.298636763875355093
0.482000000000000262,4.292441951375815634
0.483000000000000262,4.283750777593086312
0.484000000000000263,4.272608081158017157
0.485000000000000264,4.259059534090864574
0.486000000000000265,4.243151580547332991
0.487000000000000266,4.224931376748321199
0.488000000000000267,4.204446732121812857
0.489000000000000268,4.181746051681960452
0.490000000000000269,4.156878279667940213
0.491000000000000270,4.129892844461741319
0.492000000000000270,4.100839604801764793
0.493000000000000271,4.069768797306113406
0.494000000000000272,4.036730985317353415
0.495000000000000273,4.001777009077610359
0.496000000000000274,3.964957937241156749
0.497000000000000275,3.926325019729107080
0.498000000000000276,3.885929641928755895
0.499000000000000277,3.843823280238512829
0.500000000000000222,3.800057458956980661
0.501000000000000334,3.754683708513558482
0.502000000000000224,3.707753525035749398
0.503000000000000336,3.659318331247189970
0.504000000000000226,3.609429438688775527
0.505000000000000338,3.558138011253750843
0.506000000000000227,3.505495030026694714
0.507000000000000339,3.451551259414620709
0.508000000000000229,3.396357214557846227
0.509000000000000341,3.339963130006501579
0.510000000000000231,3.282418929648451833
0.511000000000000343,3.223774197872539382
0.512000000000000233,3.164078151951137396
0.513000000000000345,3.103379615624305643
0.514000000000000234,3.041726993868026252
0.515000000000000346,2.979168248827507082
0.516000000000000236,2.915750876896738397
0.517000000000000348,2.851521886924119009
0.518000000000000238,2.786527779524417436
0.519000000000000350,2.720814527475859279
0.520000000000000240,2.654427557181859409
0.521000000000000352,2.587411731175502272
0.522000000000000242,2.519811331645617436
0.523000000000000353,2.451670044961977712
0.524000000000000243,2.383030947178111258
0.525000000000000355,2.313936490488916142
0.526000000000000245,2.244428490621140249
0.527000000000000357,2.174548115133792425
0.528000000000000247,2.104335872606378111
0.529000000000000359,2.033831602692016904
0.530000000000000249,1.963074467013172342
0.531000000000000361,1.892102940877192552
0.532000000000000250,1.820954805789522180
0.533000000000000362,1.749667142741763826
0.534000000000000252,1.678276326252935657
0.535000000000000364,1.606818019140984433
0.536000000000000254,1.535327168003485232
0.537000000000000366,1.463837999384850930
0.538000000000000256,1.392384016609169661
0.539000000000000368,1.320997997256672107
0.540000000000000258,1.249711991263195099
0.541000000000000369,1.178557319621102328
0.542000000000000259,1.107564573661681706
0.543000000000000371,1.036763614897924679
0.544000000000000261,0.966183575408031681
0.545000000000000373,0.895852858739531022
0.546000000000000263,0.825799141314720764
0.547000000000000375,0.756049374317726675
0.548000000000000265,0.686629786044952617
0.549000000000000377,0.617565884699521228
0.550000000000000266,0.548882461612200445
0.551000000000000378,0.480603594870207318
0.552000000000000268,0.412752653336818209
0.553000000000000380,0.345352301044136112
0.554000000000000270,0.278424501942431291
0.555000000000000382,0.211990524989151913
0.556000000000000272,0.146070949561750596
0.557000000000000384,0.080685671178180554
0.558000000000000274,0.015853907509741832
0.559000000000000385,-0.048405795329011750
0.560000000000000275,-0.112075556227907575
0.561000000000000387,-0.175138152281039045
0.562000000000000277,-0.237577011752637735
0.563000000000000389,-0.299376206823056379
0.564000000000000279,-0.360520446127849947
0.565000000000000391,-0.420995067103364540
0.566000000000000281,-0.480786028151115041
0.567000000000000393,-0.539879900633716603
0.568000000000000282,-0.598263860713946993
0.569000000000000394,-0.655925681049018161
0.570000000000000284,-0.712853722350866637
0.571000000000000396,-0.769036924824065826
0.572000000000000286,-0.824464799491422817
0.573000000000000398,-0.879127419418058720
0.574000000000000288,-0.933015410843618831
0.575000000000000400,-0.986119944232685897
0.576000000000000290,-1.038432725252346422
0.577000000000000401,-1.089945985686457286
0.578000000000000291,-1.140652474294961083
0.579000000000000403,-1.190545447627053832
0.580000000000000293,-1.239618660796117933
0.581000000000000405,-1.287866358224655894
0.582000000000000295,-1.335283264366364797
0.583000000000000407,-1.381864574413254498
0.584000000000000297,-1.427605944994283060
0.585000000000000409,-1.472503484872872193
0.586000000000000298,-1.516553745649299456
0.587000000000000410,-1.559753712474749365
0.588000000000000300,-1.602100794782565840
0.589000000000000412,-1.643592817042938581
0.590000000000000302,-1.684228009546141491
0.591000000000000414,-1.724004999219995726
0.592000000000000304,-1.762922800486316888
0.593000000000000416,-1.800980806161422976
0.594000000000000306,-1.838178778405155311
0.595000000000000417,-1.874516839723014971
0.596000000000000307,-1.909995464025353584
0.597000000000000419,-1.944615467747887960
0.598000000000000309,-1.978378001037186085
0.599000000000000421,-2.011284539004701166
0.600000000000000311,-2.043336873052878477
0.601000000000000423,-2.074537102276550193
0.602000000000000313,-2.104887624942482383
0.603000000000000425,-2.134391130050328655
0.604000000000000314,-2.163050588977243560
0.605000000000000426,-2.190869247209135562
0.606000000000000316,-2.217850616160599309
0.607000000000000428,-2.243998465085970562
0.608000000000000318,-2.269316813083514184
0.609000000000000430,-2.293809921194695178
0.610000000000000320,-2.317482284600247855
0.611000000000000432,-2.340338624914885202
0.612000000000000322,-2.362383882581929218
0.613000000000000433,-2.383623209369479135
0.614000000000000323,-2.404061960969261058
0.615000000000000435,-2.423705689699371391
0.616000000000000325,-2.442560137311855062
0.617000000000000437,-2.460631227906231899
0.618000000000000327,-2.477925060949558222
0.619000000000000439,-2.494447904403918947
0.620000000000000329,-2.510206187961861790
0.621000000000000441,-2.525206496390314914
0.622000000000000330,-2.539455562983419235
0.623000000000000442,-2.552960263124623985
0.624000000000000332,-2.565727607958177003
0.625000000000000444,-2.577764738170379211
0.626000000000000334,-2.589078917880460295
0.627000000000000446,-2.599677528641241686
0.628000000000000336,-2.609568063549435823
0.629000000000000448,-2.618758121465499134
0.630000000000000338,-2.627255401342723840
0.631000000000000449,-2.635067696665465142
0.632000000000000339,-2.642202889996028592
0.633000000000000451,-2.648668947629863268
0.634000000000000341,-2.654473914358618902
0.635000000000000453,-2.659625908340641054
0.636000000000000343,-2.664133116078143182
0.637000000000000455,-2.668003787500727864
0.638000000000000345,-2.671246231154332573
0.639000000000000457,-2.673868809495129284
0.640000000000000346,-2.675879934287497264
0.641000000000000458,-2.677288062105377175
0.642000000000000348,-2.678101689936130292
0.643000000000000460,-2.678329350886111904
0.644000000000000350,-2.677979609987032994
0.645000000000000462,-2.677061060102222889
0.646000000000000352,-2.675582317931819887
0.647000000000000464,-2.673552020115972816
0.648000000000000353,-2.670978819434998819
0.649000000000000465,-2.667871381105487494
0.650000000000000355,-2.664238379171369964
0.651000000000000467,-2.660088492988762265
0.652000000000000357,-2.655430403803676676
0.653000000000000469,-2.650272791421258045
0.654000000000000359,-2.644624330965717807
0.655000000000000471,-2.638493689729572544
0.656000000000000361,-2.631889524111183043
0.657000000000000473,-2.624820476639395661
0.658000000000000362,-2.617295173084124738
0.659000000000000474,-2.609322219651674768
0.660000000000000364,-2.600910200263638838
0.661000000000000476,-2.592067673918153847
0.662000000000000366,-2.582803172132337899
0.663000000000000478,-2.573125196464652653
0.664000000000000368,-2.563042216116035998
0.665000000000000480,-2.552562665608561154
0.666000000000000369,-2.541694942540368096
0.667000000000000481,-2.530447405415737983
0.668000000000000371,-2.518828371548980094
0.669000000000000483,-2.506846115040976208
0.670000000000000373,-2.494508864827188255
0.671000000000000485,-2.481824802795797424
0.672000000000000375,-2.468802061974909812
0.673000000000000487,-2.455448724787479442
0.674000000000000377,-2.441772821372829139
0.675000000000000488,-2.427782327973498244
0.676000000000000378,-2.413485165386297204
0.677000000000000490,-2.398889197476290480
0.678000000000000380,-2.384002229752575808
0.679000000000000492,-2.368832008004611911
0.680000000000000382,-2.353386216998058611
0.681000000000000494,-2.337672479228744660
0.682000000000000384,-2.321698353733858244
0.683000000000000496,-2.305471334958937746
0.684000000000000385,-2.288998851679798552
0.685000000000000497,-2.272288265977995714
0.686000000000000387,-2.255346872268943592
0.687000000000000499,-2.238181896381340685
0.688000000000000389,-2.220800494687042992
0.689000000000000501,-2.203209753280036320
0.690000000000000391,-2.185416687203657560
0.691000000000000503,-2.167428239724834782
0.692000000000000393,-2.149251281654348311
0.693000000000000504,-2.130892610712058044
0.694000000000000394,-2.112358950936057855
0.695000000000000506,-2.093656952134712590
0.696000000000000396,-2.074793189380604197
0.697000000000000508,-2.055774162545339845
0.698000000000000398,-2.036606295874266781
0.699000000000000510,-2.017295937600077416
0.700000000000000400,-1.997849359594422891
0.701000000000000512,-1.978272757056426912
0.702000000000000401,-1.958572248237372193
0.703000000000000513,-1.938753874200425553
0.704000000000000403,-1.918823598614648462
0.705000000000000515,-1.898787307582259443
0.706000000000000405,-1.878650809498391139
0.707000000000000517,-1.858419834942365512
0.708000000000000407,-1.838100036599633613
0.709000000000000519,-1.817696989213640979
0.710000000000000409,-1.797216189566602340
0.711000000000000520,-1.776663056488513082
0.712000000000000410,-1.756042930893552123
0.713000000000000522,-1.735361075842972056
0.714000000000000412,-1.714622676633899889
0.715000000000000524,-1.693832840913064519
0.716000000000000414,-1.672996598814817659
0.717000000000000526,-1.652118903122659743
0.718000000000000416,-1.631204629453601784
0.719000000000000528,-1.610258576464476787
0.720000000000000417,-1.589285466079721543
0.721000000000000529,-1.568289943739765935
0.722000000000000419,-1.547276578669395608
0.723000000000000531,-1.526249864165402759
0.724000000000000421,-1.505214217902977714
0.725000000000000533,-1.484173982259964664
0.726000000000000423,-1.463133424658636494
0.727000000000000535,-1.442096737924086991
0.728000000000000425,-1.421068040658860721
0.729000000000000536,-1.400051377633072303
0.730000000000000426,-1.379050720189523016
0.731000000000000538,-1.358069966663134842
0.732000000000000428,-1.337112942814310923
0.733000000000000540,-1.316183402275456160
0.734000000000000430,-1.295285027010308676
0.735000000000000542,-1.274421427785434435
0.736000000000000432,-1.253596144653446043
0.737000000000000544,-1.232812647447319776
0.738000000000000433,-1.212074336285525744
0.739000000000000545,-1.191384542087221998
0.740000000000000435,-1.170746527097273226
0.741000000000000547,-1.150163485420490073
0.742000000000000437,-1.129638543564687847
0.743000000000000549,-1.109174760992072795
0.744000000000000439,-1.088775130678670378
0.745000000000000551,-1.068442579681095905
0.746000000000000441,-1.048179969710592463
0.747000000000000552,-1.027990097713642914
0.748000000000000442,-1.007875696458930825
0.749000000000000554,-0.987839435130209664
0.750000000000000444,-0.967883919924722669
0.751000000000000556,-0.948011694656752057
0.752000000000000446,-0.928225241366049003
0.753000000000000558,-0.908526980930658090
0.754000000000000448,-0.888919273683957734
0.755000000000000560,-0.869404420035407299
0.756000000000000449,-0.849984661094834393
0.757000000000000561,-0.830662179299837988
0.758000000000000451,-0.811439099046106116
0.759000000000000563,-0.792317487320208236
0.760000000000000453,-0.773299354334731737
0.761000000000000565,-0.754386654165353443
0.762000000000000455,-0.735581285389649286
0.763000000000000567,-0.716885091727329060
0.764000000000000457,-0.698299862681698080
0.765000000000000568,-0.679827334181963616
0.766000000000000458,-0.661469189226339127
0.767000000000000570,-0.643227058525505102
0.768000000000000460,-0.625102521146361778
0.769000000000000572,-0.607097105155716243
0.770000000000000462,-0.589212288263805894
0.771000000000000574,-0.571449498467311745
0.772000000000000464,-0.553810114691840161
0.773000000000000576,-0.536295467433449913
0.774000000000000465,-0.518906839399266961
0.775000000000000577,-0.501645466146783292
0.776000000000000467,-0.484512536721843023
0.777000000000000579,-0.467509194295000596
0.778000000000000469,-0.450636536796203024
0.779000000000000581,-0.433895617547502721
0.780000000000000471,-0.417287445893796072
0.781000000000000583,-0.400812987831264511
0.782000000000000473,-0.384473166633555130
0.783000000000000584,-0.368268863475392061
0.784000000000000474,-0.352200918053591938
0.785000000000000586,-0.336270129205316404
0.786000000000000476,-0.320477255523420324
0.787000000000000588,-0.304823015968792854
0.788000000000000478,-0.289308090479599933
0.789000000000000590,-0.273933120577222744
0.790000000000000480,-0.258698709968939622
0.791000000000000592,-0.243605425147038673
0.792000000000000481,-0.228653795984506969
0.793000000000000593,-0.213844316326963602
0.794000000000000483,-0.199177444580920182
0.795000000000000595,-0.184653604298204460
0.796000000000000485,-0.170273184756448176
0.797000000000000597,-0.156036541535616108
0.798000000000000487,-0.141943997090484664
0.799000000000000599,-0.127995841318914561
0.800000000000000488,-0.114192332126016469
0.801000000000000600,-0.100533695983963112
0.802000000000000490,-0.087020128487529907
0.803000000000000602,-0.073651794905197451
0.804000000000000492,-0.060428830725860673
0.805000000000000604,-0.047351342200975907
0.806000000000000494,-0.034419406882234820
0.807000000000000606,-0.021633074154583553
0.808000000000000496,-0.008992365764652321
0.809000000000000608,0.003502723655537931
0.810000000000000497,0.015852226069529119
0.811000000000000609,0.028056199522173798
0.812000000000000499,0.040114727630133483
0.813000000000000611,0.052027919077202334
0.814000000000000501,0.063795907114473999
0.815000000000000613,0.075418849065356550
0.816000000000000503,0.086896925835475161
0.817000000000000615,0.098230341427495010
0.818000000000000504,0.109419322460851107
0.819000000000000616,0.120464117696432643
0.820000000000000506,0.131364997566196795
0.821000000000000618,0.142122253707790330
0.822000000000000508,0.152736198504088400
0.823000000000000620,0.163207164627778706
0.824000000000000510,0.173535504590882211
0.825000000000000622,0.183721590299290527
0.826000000000000512,0.193765812612307353
0.827000000000000624,0.203668580907167385
0.828000000000000513,0.213430322648562321
0.829000000000000625,0.223051482963151665
0.830000000000000515,0.232532524219064562
0.831000000000000627,0.241873925610395141
0.832000000000000517,0.251076182746659604
0.833000000000000629,0.260139807247233013
0.834000000000000519,0.269065326340715838
0.835000000000000631,0.277853282469303686
0.836000000000000520,0.286504232898026512
0.837000000000000632,0.295018749328954444
0.838000000000000522,0.303397417520286594
0.839000000000000634,0.311640836910350161
0.840000000000000524,0.319749620246433330
0.841000000000000636,0.327724393218533749
0.842000000000000526,0.335565794097869019
0.843000000000000638,0.343274473380271949
0.844000000000000528,0.350851093434340844
0.845000000000000639,0.358296328154363297
0.846000000000000529,0.365610862618009791
0.847000000000000641,0.372795392748729193
0.848000000000000531,0.379850624982868812
0.849000000000000643,0.386777275941449727
0.850000000000000533,0.393576072106594954
0.851000000000000645,0.400247749502613270
0.852000000000000535,0.406793053381619973
0.853000000000000647,0.413212737913779993
0.854000000000000536,0.419507565882051847
0.855000000000000648,0.425678308381471304
0.856000000000000538,0.431725744522884036
0.857000000000000650,0.437650661141155528
0.858000000000000540,0.443453852507782464
0.859000000000000652,0.449136120047891552
0.860000000000000542,0.454698272061592579
0.861000000000000654,0.460141123449677003
0.862000000000000544,0.465465495443556421
0.863000000000000655,0.470672215339515365
0.864000000000000545,0.475762116237139376
0.865000000000000657,0.480736036781962806
0.866000000000000547,0.485594820912254810
0.867000000000000659,0.490339317609932213
0.868000000000000549,0.494970380655553988
0.869000000000000661,0.499488868387376717
0.870000000000000551,0.503895643464397303
0.871000000000000663,0.508191572633423183
0.872000000000000552,0.512377526500027214
0.873000000000000664,0.516454379303462829
0.874000000000000554,0.520423008695413580
0.875000000000000666,0.524284295522602695
0.876000000000000556,0.528039123613180950
0.877000000000000668,0.531688379566902847
0.878000000000000558,0.535232952548992835
0.879000000000000670,0.538673734087739442
0.880000000000000560,0.542011617875711282
0.881000000000000671,0.545247499574601835
0.882000000000000561,0.548382276623651466
0.883000000000000673,0.551416848051611730
0.884000000000000563,0.554352114292205878
0.885000000000000675,0.557188977003065355
0.886000000000000565,0.559928338888098787
0.887000000000000677,0.562571103523244576
0.888000000000000567,0.565118175185577609
0.889000000000000679,0.567570458685757728
0.890000000000000568,0.569928859203734706
0.891000000000000680,0.572194282127708731
0.892000000000000570,0.574367632896305325
0.893000000000000682,0.576449816843913720
0.894000000000000572,0.578441739049163739
0.895000000000000684,0.580344304186508397
0.896000000000000574,0.582158416380849641
0.897000000000000686,0.583884979065221188
0.898000000000000576,0.585524894841428223
0.899000000000000687,0.587079065343666828
0.900000000000000577,0.588548391105039426
0.901000000000000689,0.589933771426982334
0.902000000000000579,0.591236104251499528
0.903000000000000691,0.592456286036250779
0.904000000000000581,0.593595211632374276
0.905000000000000693,0.594653774165085469
0.906000000000000583,0.595632864916957661
0.907000000000000695,0.596533373213883111
0.908000000000000584,0.597356186313670268
0.909000000000000696,0.598102189297235132
0.910000000000000586,0.598772264962377232
0.911000000000000698,0.599367293720062699
0.912000000000000588,0.599888153493229326
0.913000000000000700,0.600335719618049879
0.914000000000000590,0.600710864747628914
0.915000000000000702,0.601014458758091452
0.916000000000000592,0.601247368657044090
0.917000000000000703,0.601410458494380351
0.918000000000000593,0.601504589275362211
0.919000000000000705,0.601530618875985468
0.920000000000000595,0.601489401960589642
0.921000000000000707,0.601381789901650365
0.922000000000000597,0.601208630701764557
0.923000000000000709,0.600970768917771792
0.924000000000000599,0.600669045586972539
0.925000000000000711,0.600304298155443838
0.926000000000000600,0.599877360408409332
0.927000000000000712,0.599389062402591710
0.928000000000000602,0.598840230400605078
0.929000000000000714,0.598231686807252250
0.930000000000000604,0.597564250107797901
0.931000000000000716,0.596838734808115334
0.932000000000000606,0.596055951376706084
0.933000000000000718,0.595216706188566369
0.934000000000000608,0.594321801470868438
0.935000000000000719,0.593372035250418484
0.936000000000000609,0.592368201302879371
0.937000000000000721,0.591311089103712328
0.938000000000000611,0.590201483780838698
0.939000000000000723,0.589040166068950044
0.940000000000000613,0.587827912265486807
0.941000000000000725,0.586565494188228342
0.942000000000000615,0.585253679134475902
0.943000000000000727,0.583893229841802253
0.944000000000000616,0.582484904450350172
0.945000000000000728,0.581029456466642169
0.946000000000000618,0.579527634728876917
0.947000000000000730,0.577980183373698830
0.948000000000000620,0.576387841804401058
0.949000000000000732,0.574751344660554109
0.950000000000000622,0.573071421789002278
0.951000000000000734,0.571348798216267162
0.952000000000000624,0.569584194122254805
0.953000000000000735,0.567778324815309543
0.954000000000000625,0.565931900708548929
0.955000000000000737,0.564045627297479535
0.956000000000000627,0.562120205138861628
0.957000000000000739,0.560156329830806543
0.958000000000000629,0.558154691994067420
0.959000000000000741,0.556115977254528548
0.960000000000000631,0.554040866226849116
0.961000000000000743,0.551930034499247824
0.962000000000000632,0.549784152619406274
0.963000000000000744,0.547603886081475588
0.964000000000000634,0.545389895314155937
0.965000000000000746,0.543142835669831126
0.966000000000000636,0.540863357414745227
0.967000000000000748,0.538552105720193741
0.968000000000000638,0.536209720654718058
0.969000000000000750,0.533836837177253942
0.970000000000000639,0.531434085131273548
0.971000000000000751,0.529002089239839157
0.972000000000000641,0.526541469101586501
0.973000000000000753,0.524052839187614361
0.974000000000000643,0.521536808839248356
0.975000000000000755,0.518993982266676146
0.976000000000000645,0.516424958548429291
0.977000000000000757,0.513830331631693560
0.978000000000000647,0.511210690333439466
0.979000000000000759,0.508566618342326193
0.980000000000000648,0.505898694221414646
0.981000000000000760,0.503207491411620911
0.982000000000000650,0.500493578235921999
0.983000000000000762,0.497757517904281077
0.984000000000000652,0.494999868519312991
0.985000000000000764,0.492221183082607205
0.986000000000000654,0.489422009501769673
0.987000000000000766,0.486602890598103244
0.988000000000000655,0.483764364114956380
0.989000000000000767,0.480906962726699139
0.990000000000000657,0.478031214048332598
0.991000000000000769,0.475137640645678705
0.992000000000000659,0.472226760046193905
0.993000000000000771,0.469299084750338213
0.994000000000000661,0.466355122243530040
0.995000000000000773,0.463395375008623767
0.996000000000000663,0.460420340538952033
0.997000000000000774,0.457430511351873403
0.998000000000000664,0.454426375002839666
0.999000000000000776,0.451408414099963795
1.000000000000000666,0.448377106319060359
1.001000000000000778,0.445332924419168219
1.002000000000000668,0.442276336258534630
1.003000000000000780,0.439207804811045377
1.004000000000000670,0.436127788183085952
1.005000000000000782,0.433036739630833334
1.006000000000000671,0.429935107577959996
1.007000000000000783,0.426823335633732981
1.008000000000000673,0.423701862611517988
1.009000000000000785,0.420571122547637510
1.010000000000000675,0.417431544720620828
1.011000000000000787,0.414283553670805549
1.012000000000000677,0.411127569220271383
1.013000000000000789,0.407964006493131748
1.014000000000000679,0.404793275936134844
1.015000000000000790,0.401615783339592969
1.016000000000000680,0.398431929858598266
1.017000000000000792,0.395242112034572934
1.018000000000000682,0.392046721817057631
1.019000000000000794,0.388846146585816510
1.020000000000000684,0.385640769173189957
1.021000000000000796,0.382430967886712270
1.022000000000000686,0.379217116531984588
1.023000000000000798,0.375999584435777412
1.024000000000000687,0.372778736469375982
1.025000000000000799,0.369554933072139324
1.026000000000000689,0.366328530275297604
1.027000000000000801,0.363099879725917118
1.028000000000000691,0.359869328711116765
1.029000000000000803,0.356637220182421610
1.030000000000000693,0.353403892780346451
1.031000000000000805,0.350169680859124033
1.032000000000000695,0.346934914511621284
1.033000000000000806,0.343699919594400272
1.034000000000000696,0.340465017752949739
1.035000000000000808,0.337230526447051648
1.036000000000000698,0.333996758976295438
1.037000000000000810,0.330764024505711907
1.038000000000000700,0.327532628091549705
1.039000000000000812,0.324302870707161517
1.040000000000000702,0.321075049269013646
1.041000000000000814,0.317849456662776475
1.042000000000000703,0.314626381769552210
1.043000000000000815,0.311406109492167515
1.044000000000000705,0.308188920781564957
1.045000000000000817,0.304975092663287595
1.046000000000000707,0.301764898264012371
1.047000000000000819,0.298558606838179585
1.048000000000000709,0.295356483794686431
1.049000000000000821,0.292158790723619999
1.050000000000000711,0.288965785423070443
1.051000000000000822,0.285777721925967065
1.052000000000000712,0.282594850526988517
1.053000000000000824,0.279417417809480206
1.054000000000000714,0.276245666672432444
1.055000000000000826,0.273079836357472350
1.056000000000000716,0.269920162475889236
1.057000000000000828,0.266766877035663097
1.058000000000000718,0.263620208468535289
1.059000000000000830,0.260480381657074933
1.060000000000000719,0.257347617961737551
1.061000000000000831,0.254222135247954562
1.062000000000000721,0.251104147913202791
1.063000000000000833,0.247993866914076960
1.064000000000000723,0.244891499793331635
1.065000000000000835,0.241797250706951988
1.066000000000000725,0.238711320451156533
1.067000000000000837,0.235633906489407879
1.068000000000000727,0.232565202979396368
1.069000000000000838,0.229505400799996068
1.070000000000000728,0.226454687578166641
1.071000000000000840,0.223413247715850444
1.072000000000000730,0.220381262416816603
1.073000000000000842,0.217358909713451925
1.074000000000000732,0.214346364493527897
1.075000000000000844,0.211343798526904575
1.076000000000000734,0.208351380492186378
1.077000000000000846,0.205369276003329576
1.078000000000000735,0.202397647636179956
1.079000000000000847,0.199436654954958908
1.080000000000000737,0.196486454538688682
1.081000000000000849,0.193547200007544828
1.082000000000000739,0.190619042049145315
1.083000000000000851,0.187702128444768940
1.084000000000000741,0.184796604095492978
1.085000000000000853,0.181902611048271295
1.086000000000000743,0.179020288521913290
1.087000000000000854,0.176149772933002768
1.088000000000000744,0.173291197921719486
1.089000000000000856,0.170444694377589939
1.090000000000000746,0.167610390465125159
1.091000000000000858,0.164788411649408162
1.092000000000000748,0.161978880721558888
1.093000000000000860,0.159181917824117752
1.094000000000000750,0.156397640476340472
1.095000000000000862,0.153626163599379584
1.096000000000000751,0.150867599541390174
1.097000000000000863,0.148122058102512666
1.098000000000000753,0.145389646559780011
1.099000000000000865,0.142670469691881546
1.100000000000000755,0.139964629803875612
1.101000000000000867,0.137272226751749743
1.102000000000000757,0.134593357966892035
1.103000000000000869,0.131928118480454548
1.104000000000000759,0.129276600947614895
1.105000000000000870,0.126638895671685348
1.106000000000000760,0.124015090628166250
1.107000000000000872,0.121405271488642968
1.108000000000000762,0.118809521644587732
1.109000000000000874,0.116227922231018965
1.110000000000000764,0.113660552150089786
1.111000000000000876,0.111107488094508391
1.112000000000000766,0.108568804570863042
1.113000000000000878,0.106044573922832147
1.114000000000000767,0.103534866354244276
1.115000000000000879,0.101039749952049757
1.116000000000000769,0.098559290709144445
1.117000000000000881,0.096093552547077243
1.118000000000000771,0.093642597338630285
1.119000000000000883,0.091206484930282355
1.120000000000000773,0.088785273164527237
1.121000000000000885,0.086379017902075819
1.122000000000000774,0.083987773043939729
1.123000000000000886,0.081611590553364602
1.124000000000000776,0.079250520477644151
1.125000000000000888,0.076904610969810522
1.126000000000000778,0.074573908310189424
1.127000000000000890,0.072258456927813713
1.128000000000000780,0.069958299421726350
1.129000000000000892,0.067673476582131714
1.130000000000000782,0.065404027411428575
1.131000000000000894,0.063149989145094801
1.132000000000000783,0.060911397272471260
1.133000000000000895,0.058688285557356314
1.134000000000000785,0.056480686058533916
1.135000000000000897,0.054288629150111622
1.136000000000000787,0.052112143541754065
1.137000000000000899,0.049951256298779848
1.138000000000000789,0.047805992862110291
1.139000000000000901,0.045676377068095228
1.140000000000000790,0.043562431168201209
1.141000000000000902,0.041464175848567195
1.142000000000000792,0.039381630249410451
1.143000000000000904,0.037314811984321718
1.144000000000000794,0.035263737159404437
1.145000000000000906,0.033228420392287926
1.146000000000000796,0.031208874831002820
1.147000000000000908,0.029205112172717741
1.148000000000000798,0.027217142682353545
1.149000000000000909,0.025244975211044358
1.150000000000000799,0.023288617214473638
1.151000000000000911,0.021348074771080021
1.152000000000000801,0.019423352600113963
1.153000000000000913,0.017514454079561835
1.154000000000000803,0.015621381263962352
1.155000000000000915,0.013744134902041983
1.156000000000000805,0.011882714454248771
1.157000000000000917,0.010037118110154175
1.158000000000000806,0.008207342805687454
1.159000000000000918,0.006393384240273775
1.160000000000000808,0.004595236893830015
1.161000000000000920,0.002812894043595304
1.162000000000000810,0.001046347780878473
1.163000000000000922,-0.000704410972366340
1.164000000000000812,-0.002439392447077499
1.165000000000000924,-0.004158608010766188
1.166000000000000814,-0.005862070151318127
1.167000000000000925,-0.007549792460940225
1.168000000000000815,-0.009221789620220813
1.169000000000000927,-0.010878077382347095
1.170000000000000817,-0.012518672557417222
1.171000000000000929,-0.014143592996925077
1.172000000000000819,-0.015752857578334011
1.173000000000000931,-0.017346486189810866
1.174000000000000821,-0.018924499715073657
1.175000000000000933,-0.020486920018372445
1.176000000000000822,-0.022033769929597165
1.177000000000000934,-0.023565073229508501
1.178000000000000824,-0.025080854635110804
1.179000000000000936,-0.026581139785142184
1.180000000000000826,-0.028065955225678819
1.181000000000000938,-0.029535328395897044
1.182000000000000828,-0.030989287613924166
1.183000000000000940,-0.032427862062846292
1.184000000000000830,-0.033851081776815325
1.185000000000000941,-0.035258977627296996
1.186000000000000831,-0.036651581309439768
1.187000000000000943,-0.038028925328562120
1.188000000000000833,-0.039391042986753722
1.189000000000000945,-0.040737968369623657
1.190000000000000835,-0.042069736333148304
1.191000000000000947,-0.043386382490648703
1.192000000000000837,-0.044687943199884346
1.193000000000000949,-0.045974455550271340
1.194000000000000838,-0.047245957350219560
1.195000000000000950,-0.048502487114581980
1.196000000000000840,-0.049744084052230762
1.197000000000000952,-0.050970788053746163
1.198000000000000842,-0.052182639679217421
1.199000000000000954,-0.053379680146180240
1.200000000000000844,-0.054561951317636456
1.201000000000000734,-0.055729495690225714
1.202000000000000846,-0.056882356382483866
1.203000000000000957,-0.058020577123222040
1.204000000000000847,-0.059144202240041174
1.205000000000000737,-0.060253276647914598
1.206000000000000849,-0.061347845837933936
1.207000000000000961,-0.062427955866124617
1.208000000000000851,-0.063493653342395470
1.209000000000000741,-0.064544985419596149
1.210000000000000853,-0.065581999782671888
1.211000000000000965,-0.066604744637947216
1.212000000000000854,-0.067613268702497689
1.213000000000000744,-0.068607621193640000
1.214000000000000856,-0.069587851818539811
1.215000000000000968,-0.070554010763893116
1.216000000000000858,-0.071506148685753626
1.217000000000000748,-0.072444316699440958
1.218000000000000860,-0.073368566369552954
1.219000000000000972,-0.074278949700100322
1.220000000000000862,-0.075175519124716567
1.221000000000000751,-0.076058327497004349
1.222000000000000863,-0.076927428080952445
1.223000000000000975,-0.077782874541472882
1.224000000000000865,-0.078624720935034711
1.225000000000000755,-0.079453021700397253
1.226000000000000867,-0.080267831649437155
1.227000000000000979,-0.081069205958086879
1.228000000000000869,-0.081857200157361684
1.229000000000000759,-0.082631870124484946
1.230000000000000870,-0.083393272074114330
1.231000000000000982,-0.084141462549654530
1.232000000000000872,-0.084876498414690069
1.233000000000000762,-0.085598436844474643
1.234000000000000874,-0.086307335317549930
1.235000000000000986,-0.087003251607442780
1.236000000000000876,-0.087686243774452402
1.237000000000000766,-0.088356370157534364
1.238000000000000878,-0.089013689366285023
1.239000000000000989,-0.089658260272986387
1.240000000000000879,-0.090290142004796931
1.241000000000000769,-0.090909393935962229
1.242000000000000881,-0.091516075680177653
1.243000000000000993,-0.092110247082996449
1.244000000000000883,-0.092691968214351689
1.245000000000000773,-0.093261299361147396
1.246000000000000885,-0.093818301019950909
1.247000000000000997,-0.094363033889760126
1.248000000000000886,-0.094895558864864754
1.249000000000000776,-0.095415937027778008
1.250000000000000888,-0.095924229642275385
1.251000000000001000,-0.096420498146492881
1.252000000000000890,-0.096904804146127677
1.253000000000000780,-0.097377209407690776
1.254000000000000892,-0.097837775851899025
1.255000000000001004,-0.098286565547068910
1.256000000000000894,-0.098723640702660750
1.257000000000000783,-0.099149063662864870
1.258000000000000895,-0.099562896900276837
1.259000000000001007,-0.099965203009646342
1.260000000000000897,-0.100356044701710403
1.261000000000000787,-0.100735484797105729
1.262000000000000899,-0.101103586220340588
1.263000000000001011,-0.101460411993865685
1.264000000000000901,-0.101806025232201142
1.265000000000000790,-0.102140489136149662
1.266000000000000902,-0.102463866987082056
1.267000000000001014,-0.102776222141285081
1.268000000000000904,-0.103077618024403031
1.269000000000000794,-0.103368118125928984
1.270000000000000906,-0.103647785993782368
1.271000000000001018,-0.103916685228954808
1.272000000000000908,-0.104174879480222499
1.273000000000000798,-0.104422432438930277
1.274000000000000909,-0.104659407833845378
1.275000000000001021,-0.104885869426082509
1.276000000000000911,-0.105101881004089973
1.277000000000000801,-0.105307506378711932
1.278000000000000913,-0.105502809378304363
1.279000000000001025,-0.105687853843940499
1.280000000000000915,-0.105862703624652305
1.281000000000000805,-0.106027422572762028
1.282000000000000917,-0.106182074539267021
1.283000000000001029,-0.106326723369278578
1.284000000000000918,-0.106461432897563005
1.285000000000000808,-0.106586266944087127
1.286000000000000920,-0.106701289309673042
1.287000000000001032,-0.106806563771704305
1.288000000000000922,-0.106902154079872996
1.289000000000000812,-0.106988123952014694
1.290000000000000924,-0.107064537069985463
1.291000000000001036,-0.107131457075607478
1.292000000000000925,-0.107188947566663723
1.293000000000000815,-0.107237072092970981
1.294000000000000927,-0.107275894152481982
1.295000000000001039,-0.107305477187472492
1.296000000000000929,-0.107325884580772662
1.297000000000000819,-0.107337179652046519
1.298000000000000931,-0.107339425654144005
1.299000000000001043,-0.107332685769506234
1.300000000000000933,-0.107317023106603265
1.301000000000000822,-0.107292500696461832
1.302000000000000934,-0.107259181489212291
1.303000000000001046,-0.107217128350722030
1.304000000000000936,-0.107166404059243978
1.305000000000000826,-0.107107071302151843
1.306000000000000938,-0.107039192672708700
1.307000000000001050,-0.106962830666893494
1.308000000000000940,-0.106878047680271093
1.309000000000000830,-0.106784906004923477
1.310000000000000941,-0.106683467826416981
1.311000000000001053,-0.106573795220835724
1.312000000000000943,-0.106455950151844503
1.313000000000000833,-0.106329994467824832
1.314000000000000945,-0.106195989899024304
1.315000000000001057,-0.106053998054795290
1.316000000000000947,-0.105904080420836835
1.317000000000000837,-0.105746298356528670
1.318000000000000949,-0.105580713092263245
1.319000000000001060,-0.105407385726861952
1.320000000000000950,-0.105226377225022191
1.321000000000000840,-0.105037748414801152
1.322000000000000952,-0.104841559985156388
1.323000000000001064,-0.104637872483528890
1.324000000000000954,-0.104426746313453389
1.325000000000000844,-0.104208241732236889
1.326000000000000956,-0.103982418848659636
1.327000000000001068,-0.103749337620724399
1.328000000000000957,-0.103509057853454697
1.329000000000000847,-0.103261639196718089
1.330000000000000959,-0.103007141143105649
1.331000000000001071,-0.102745623025842073
1.332000000000000961,-0.102477144016741795
1.333000000000000851,-0.102201763124197459
1.334000000000000963,-0.101919539191216255
1.335000000000001075,-0.101630530893487322
1.336000000000000965,-0.101334796737492350
1.337000000000000854,-0.101032395058641589
1.338000000000000966,-0.100723384019475698
1.339000000000001078,-0.100407821607871067
1.340000000000000968,-0.100085765635301582
1.341000000000000858,-0.099757273735136501
1.342000000000000970,-0.099422403360955147
1.343000000000001082,-0.099081211784932219
1.344000000000000972,-0.098733756096215514
1.345000000000000862,-0.098380093199380542
1.346000000000000973,-0.098020279812875394
1.347000000000001085,-0.097654372467548572
1.348000000000000975,-0.097282427505162999
1.349000000000000865,-0.096904501076973334
1.350000000000000977,-0.096520649142329454
1.351000000000001089,-0.096130927467308308
1.352000000000000979,-0.095735391623375091
1.353000000000000869,-0.095334096986087011
1.354000000000000981,-0.094927098733817952
1.355000000000001092,-0.094514451846523378
1.356000000000000982,-0.094096211104520905
1.357000000000000872,-0.093672431087316613
1.358000000000000984,-0.093243166172461145
1.359000000000001096,-0.092808470534419749
1.360000000000000986,-0.092368398143480454
1.361000000000000876,-0.091923002764704498
1.362000000000000988,-0.091472337956875469
1.363000000000001100,-0.091016457071518217
1.364000000000000989,-0.090555413251890093
1.365000000000000879,-0.090089259432054786
1.366000000000000991,-0.089618048335952022
1.367000000000001103,-0.089141832476504104
1.368000000000000993,-0.088660664154736959
1.369000000000000883,-0.088174595458953869
1.370000000000000995,-0.087683678263902304
1.371000000000001107,-0.087187964229993684
1.372000000000000997,-0.086687504802524587
1.373000000000000886,-0.086182351210958075
1.374000000000000998,-0.085672554468179118
1.375000000000001110,-0.085158165369827954
1.376000000000001000,-0.084639234493612464
1.377000000000000890,-0.084115812198675102
1.378000000000001002,-0.083587948624975816
1.379000000000001114,-0.083055693692681398
1.380000000000001004,-0.082519097101602670
1.381000000000000894,-0.081978208330636682
1.382000000000001005,-0.081433076637244889
1.383000000000001117,-0.080883751056934614
1.384000000000001007,-0.080330280402782256
1.385000000000000897,-0.079772713264968112
1.386000000000001009,-0.079211098010330688
1.387000000000001121,-0.078645482781953019
1.388000000000001011,-0.078075915498748399
1.389000000000000901,-0.077502443855091696
1.390000000000001013,-0.076925115320457663
1.391000000000001124,-0.076343977139073010
1.392000000000001014,-0.075759076329604075
1.393000000000000904,-0.075170459684854515
1.394000000000001016,-0.074578173771480585
1.395000000000001128,-0.073982264929724539
1.396000000000001018,-0.073382779273182305
1.397000000000000908,-0.072779762688568603
1.398000000000001020,-0.072173260835505626
1.399000000000001132,-0.071563319146343826
1.400000000000001021,-0.070949982825979946
1.401000000000000911,-0.070333296851710719
1.402000000000001023,-0.069713305973091999
1.403000000000001135,-0.069090054711807888
1.404000000000001025,-0.068463587361588668
1.405000000000000915,-0.067833947988104118
1.406000000000001027,-0.067201180428899526
1.407000000000001139,-0.066565328293346646
1.408000000000001029,-0.065926434962591790
1.409000000000000918,-0.065284543589548244
1.410000000000001030,-0.064639697098870255
1.411000000000001142,-0.063991938186972144
1.412000000000001032,-0.063341309322049733
1.413000000000000922,-0.062687852744114925
1.414000000000001034,-0.062031610465044483
1.415000000000001146,-0.061372624268648937
1.416000000000001036,-0.060710935710755656
1.417000000000000925,-0.060046586119295475
1.418000000000001037,-0.059379616594408734
1.419000000000001149,-0.058710068008579676
1.420000000000001039,-0.058037981006753135
1.421000000000000929,-0.057363396006501491
1.422000000000001041,-0.056686353198163876
1.423000000000001153,-0.056006892545030704
1.424000000000001043,-0.055325053783536041
1.425000000000000933,-0.054640876423439497
1.426000000000001044,-0.053954399748045390
1.427000000000001156,-0.053265662814423423
1.428000000000001046,-0.052574704453648077
1.429000000000000936,-0.051881563271034527
1.430000000000001048,-0.051186277646397028
1.431000000000001160,-0.050488885734325174
1.432000000000001050,-0.049789425464453342
1.433000000000000940,-0.049087934541757805
1.434000000000001052,-0.048384450446854230
1.435000000000001164,-0.047679010436310051
1.436000000000001053,-0.046971651542961922
1.437000000000000943,-0.046262410576256553
1.438000000000001055,-0.045551324122587902
1.439000000000001167,-0.044838428545643169
1.440000000000001057,-0.044123759986778345
1.441000000000000947,-0.043407354365373865
1.442000000000001059,-0.042689247379224110
1.443000000000001171,-0.041969474504932117
1.444000000000001060,-0.041248070998295597
1.445000000000000950,-0.040525071894719725
1.446000000000001062,-0.039800512009640056
1.447000000000001174,-0.039074425938943017
1.448000000000001064,-0.038346848059395741
1.449000000000000954,-0.037617812529096316
1.450000000000001066,-0.036887353287918277
1.451000000000001178,-0.036155504057969669
1.452000000000001068,-0.035422298344060077
1.453000000000000957,-0.034687769434176730
1.454000000000001069,-0.033951950399957867
1.455000000000001181,-0.033214874097197852
1.456000000000001071,-0.032476573166322811
1.457000000000000961,-0.031737080032913700
1.458000000000001073,-0.030996426908204821
1.459000000000001185,-0.030254645789599504
1.460000000000001075,-0.029511768461209630
1.461000000000000965,-0.028767826494369569
1.462000000000001076,-0.028022851248183107
1.463000000000001188,-0.027276873870065894
1.464000000000001078,-0.026529925296297930
1.465000000000000968,-0.025782036252571340
1.466000000000001080,-0.025033237254564154
1.467000000000001192,-0.024283558608499005
1.468000000000001082,-0.023533030411730230
1.469000000000000972,-0.022781682553305701
1.470000000000001084,-0.022029544714568892
1.471000000000001195,-0.021276646369740391
1.472000000000001085,-0.020523016786520513
1.473000000000000975,-0.019768685026682959
1.474000000000001087,-0.019013679946687161
1.475000000000001199,-0.018258030198290049
1.476000000000001089,-0.017501764229160596
1.477000000000000979,-0.016744910283503018
1.478000000000001091,-0.015987496402680490
1.479000000000001203,-0.015229550425840292
1.480000000000001092,-0.014471099990566805
1.481000000000000982,-0.013712172533503372
1.482000000000001094,-0.012952795291003225
1.483000000000001206,-0.012192995299771050
1.484000000000001096,-0.011432799397526580
1.485000000000000986,-0.010672234223646682
1.486000000000001098,-0.009911326219839266
1.487000000000001210,-0.009150101630794263
1.488000000000001100,-0.008388586504858898
1.489000000000000989,-0.007626806694698496
1.490000000000001101,-0.006864787857986132
1.491000000000001213,-0.006102555458065370
1.492000000000001103,-0.005340134764641314
1.493000000000000993,-0.004577550854454710
1.494000000000001105,-0.003814828611980614
1.495000000000001217,-0.003051992730106315
1.496000000000001107,-0.002289067710836768
1.497000000000000997,-0.001526077865984904
1.498000000000001108,-0.000763047317864096
1.499000000000001220,0.000000000000000000
