# Al2O3-001_CS-61465-AC
# h[nm],U(h)[kJ/mol]
0.200000000000000011,71.212341061947654453
0.201000000000000012,68.708917857592467726
0.202000000000000013,66.984061779232220601
0.203000000000000014,65.625663069042957432
0.204000000000000015,64.395552778208468681
0.205000000000000016,63.168485623114271732
0.206000000000000016,61.889719941534892200
0.207000000000000017,60.546104958988919975
0.208000000000000018,59.146868241264733967
0.209000000000000019,57.711275411874133567
0.210000000000000020,56.261078382007028154
0.211000000000000021,54.816231022241048265
0.212000000000000022,53.392774215381450631
0.213000000000000023,52.002108149411412796
0.214000000000000024,50.651103861516858728
0.215000000000000024,49.342678056212761817
0.216000000000000025,48.076580259792358163
0.217000000000000026,46.850231120132491469
0.218000000000000027,45.659514076586965814
0.219000000000000028,44.499466555145559710
0.220000000000000029,43.364846493816401107
0.221000000000000030,42.250569307427269905
0.222000000000000031,41.152022316273090041
0.223000000000000032,40.065270394330312342
0.224000000000000032,38.987169770597795093
0.225000000000000033,37.915407734798030503
0.226000000000000034,36.848485318669546018
0.227000000000000035,35.785658460214349930
0.228000000000000036,34.726851138785725936
0.229000000000000037,33.672551784859152235
0.230000000000000038,32.623702110372541085
0.231000000000000039,31.581585491809050836
0.232000000000000040,30.547720235383799547
0.233000000000000040,29.523761492630502090
0.234000000000000041,28.511414282006221299
0.235000000000000042,27.512358998785117592
0.236000000000000043,26.528189942878498186
0.237000000000000044,25.560366738493737415
0.238000000000000045,24.610178034759069732
0.239000000000000046,23.678716536521694280
0.240000000000000047,22.766864194596532656
0.241000000000000048,21.875286261945962707
0.242000000000000048,21.004432876168053212
0.243000000000000049,20.154546841421900893
0.244000000000000050,19.325676339268557768
0.245000000000000051,18.517691385040734531
0.246000000000000052,17.730302953739908389
0.247000000000000053,16.963083818570805050
0.248000000000000054,16.215490269334733142
0.249000000000000055,15.486884001822630808
0.250000000000000056,14.776553589193019533
0.251000000000000056,14.083735059302890491
0.252000000000000057,13.407631206190774975
0.253000000000000058,12.747429358233656416
0.254000000000000059,12.102317409328582798
0.255000000000000060,11.471497992657585741
0.256000000000000061,10.854200739388925712
0.257000000000000062,10.249692617509612802
0.258000000000000063,9.657286389508785263
0.259000000000000064,9.076347262588411624
0.260000000000000064,8.506297832281667581
0.261000000000000065,7.946621440653624191
0.262000000000000066,7.396864084480500701
0.263000000000000067,6.856635017772292784
0.264000000000000068,6.325606197490317051
0.265000000000000069,5.803510722041837155
0.266000000000000070,5.290140409774426900
0.267000000000000071,4.785342659844511459
0.268000000000000071,4.289016731040730335
0.269000000000000072,3.801109565878783236
0.270000000000000073,3.321611277969283460
0.271000000000000074,2.850550410653535316
0.272000000000000075,2.387989064509855375
0.273000000000000076,1.934017980814187521
0.274000000000000077,1.488751657603538892
0.275000000000000078,1.052323564813259171
0.276000000000000079,0.624881515174634639
0.277000000000000079,0.206583238271481673
0.278000000000000080,-0.202407803556912846
0.279000000000000081,-0.601926326864793859
0.280000000000000082,-0.991808843122266026
0.281000000000000083,-1.371896962680018373
0.282000000000000084,-1.742040376314123673
0.283000000000000085,-2.102099509388942078
0.284000000000000086,-2.451947848427975529
0.285000000000000087,-2.791473944010273378
0.286000000000000087,-3.120583097448161869
0.287000000000000088,-3.439198741684750704
0.288000000000000089,-3.747263529316055219
0.289000000000000090,-4.044740142633452606
0.290000000000000091,-4.331611842136789292
0.291000000000000092,-4.607882771130032751
0.292000000000000093,-4.873578034817203530
0.293000000000000094,-5.128743572807349160
0.294000000000000095,-5.373445844149427941
0.295000000000000095,-5.607771343987865365
0.296000000000000096,-5.831825970688593763
0.297000000000000097,-6.045734261866805070
0.298000000000000098,-6.249638517178355279
0.299000000000000099,-6.443697825044632843
0.300000000000000100,-6.628087009688523601
0.301000000000000101,-6.802995513990343746
0.302000000000000102,-6.968626232744806082
0.303000000000000103,-7.125194309933519321
0.304000000000000103,-7.272925912634525147
0.305000000000000104,-7.412056993187536413
0.306000000000000105,-7.542832050230950713
0.307000000000000106,-7.665502898234739959
0.308000000000000107,-7.780327454181642288
0.309000000000000108,-7.887568549103527005
0.310000000000000109,-7.987492771268049019
0.311000000000000110,-8.080369346935341923
0.312000000000000111,-8.166469063772400006
0.313000000000000111,-8.246063241223357210
0.314000000000000112,-8.319422751392075099
0.315000000000000113,-8.386817093298713388
0.316000000000000114,-8.448513522726035063
0.317000000000000115,-8.504776239273272864
0.318000000000000116,-8.555865631686037531
0.319000000000000117,-8.602037582028435381
0.320000000000000118,-8.643542828807367684
0.321000000000000119,-8.680626388748034827
0.322000000000000119,-8.713527036551131033
0.323000000000000120,-8.742476841635527407
0.324000000000000121,-8.767700760582833652
0.325000000000000122,-8.789416283749666547
0.326000000000000123,-8.807833134298622468
0.327000000000000124,-8.823153017716418134
0.328000000000000125,-8.835569419736611252
0.329000000000000126,-8.845267450461076209
0.330000000000000127,-8.852423732378133181
0.331000000000000127,-8.857206329903078768
0.332000000000000128,-8.859774718016840467
0.333000000000000129,-8.860279787548927644
0.334000000000000130,-8.858863884639264441
0.335000000000000131,-8.855660881919122929
0.336000000000000132,-8.850796278970580744
0.337000000000000133,-8.844387329657541486
0.338000000000000134,-8.836543193965459508
0.339000000000000135,-8.827365112041563933
0.340000000000000135,-8.816946598190629203
0.341000000000000136,-8.805373652651862670
0.342000000000000137,-8.792724989059292895
0.343000000000000138,-8.779072275569790307
0.344000000000000139,-8.764480387728937671
0.345000000000000140,-8.749007671233950845
0.346000000000000141,-8.732706212844098204
0.347000000000000142,-8.715622117781977707
0.348000000000000143,-8.697795792062716913
0.349000000000000143,-8.679262228281846347
0.350000000000000144,-8.660051293486169754
0.351000000000000145,-8.640188017844332435
0.352000000000000146,-8.619692882925265920
0.353000000000000147,-8.598582108481879871
0.354000000000000148,-8.576867936725161456
0.355000000000000149,-8.554558913158681221
0.356000000000000150,-8.531660163126234764
0.357000000000000151,-8.508173663305068857
0.358000000000000151,-8.484098507453911253
0.359000000000000152,-8.459431165798799057
0.360000000000000153,-8.434165737510310734
0.361000000000000154,-8.408294195793043713
0.362000000000000155,-8.381806625172266934
0.363000000000000156,-8.354691450623345617
0.364000000000000157,-8.326935658246906513
0.365000000000000158,-8.298525007246965401
0.366000000000000159,-8.269444233019783042
0.367000000000000159,-8.239677241209024672
0.368000000000000160,-8.209207292627255015
0.369000000000000161,-8.178017178984955393
0.370000000000000162,-8.146089389406785841
0.371000000000000163,-8.113406267750139733
0.372000000000000164,-8.079950160773639922
0.373000000000000165,-8.045703557233029102
0.374000000000000166,-8.010649218009300299
0.375000000000000167,-7.974770297398348085
0.376000000000000167,-7.938050455714010134
0.377000000000000168,-7.900473963376166253
0.378000000000000169,-7.862025796673333566
0.379000000000000170,-7.822691725405218399
0.380000000000000171,-7.782458392623946786
0.381000000000000172,-7.741313386705120259
0.382000000000000173,-7.699245305989438570
0.383000000000000174,-7.656243816244665545
0.384000000000000175,-7.612299701204152669
0.385000000000000175,-7.567404906443949919
0.386000000000000176,-7.521552576864626083
0.387000000000000177,-7.474737088046620848
0.388000000000000178,-7.426954071750050623
0.389000000000000179,-7.378200435830130743
0.390000000000000180,-7.328474378839456627
0.391000000000000181,-7.277775399586802862
0.392000000000000182,-7.226104301920375228
0.393000000000000183,-7.173463195000332249
0.394000000000000183,-7.119855489322172382
0.395000000000000184,-7.065285888748330301
0.396000000000000185,-7.009760378800669045
0.397000000000000186,-6.953286211461541022
0.398000000000000187,-6.895871886725402078
0.399000000000000188,-6.837527131137039582
0.400000000000000189,-6.778262873546277767
0.401000000000000190,-6.718091218302312484
0.402000000000000191,-6.657025416104299431
0.403000000000000191,-6.595079832717504864
0.404000000000000192,-6.532269915757536793
0.405000000000000193,-6.468612159737628708
0.406000000000000194,-6.404124069566803357
0.407000000000000195,-6.338824122679383777
0.408000000000000196,-6.272731729968625380
0.409000000000000197,-6.205867195690188076
0.410000000000000198,-6.138251676493606368
0.411000000000000199,-6.069907139732489298
0.412000000000000199,-6.000856321197082011
0.413000000000000200,-5.931122682405574054
0.414000000000000201,-5.860730367583419920
0.415000000000000202,-5.789704160452910919
0.416000000000000203,-5.718069440948639226
0.417000000000000204,-5.645852141967439231
0.418000000000000205,-5.573078706255116366
0.419000000000000206,-5.499776043525854696
0.420000000000000207,-5.425971487903674451
0.421000000000000207,-5.351692755769789756
0.422000000000000208,-5.276967904093195827
0.423000000000000209,-5.201825289316735379
0.424000000000000210,-5.126293526864941441
0.425000000000000211,-5.050401451334779246
0.426000000000000212,-4.974178077425412070
0.427000000000000213,-4.897652561657855230
0.428000000000000214,-4.820854164931016150
0.429000000000000214,-4.743812215955681921
0.430000000000000215,-4.666556075603876863
0.431000000000000216,-4.589115102206856811
0.432000000000000217,-4.511518617830698297
0.433000000000000218,-4.433795875555017751
0.434000000000000219,-4.355976027776423010
0.435000000000000220,-4.278088095555025561
0.436000000000000221,-4.200160939018903861
0.437000000000000222,-4.122223228838379327
0.438000000000000222,-4.044303418779078285
0.439000000000000223,-3.966429719339788385
0.440000000000000224,-3.888630072478699962
0.441000000000000225,-3.810932127428903637
0.442000000000000226,-3.733363217602078343
0.443000000000000227,-3.655950338576615444
0.444000000000000228,-3.578720127164877418
0.445000000000000229,-3.501698841552087771
0.446000000000000230,-3.424912342497648865
0.447000000000000230,-3.348386075588174471
0.448000000000000231,-3.272145054529828290
0.449000000000000232,-3.196213845466221670
0.450000000000000233,-3.120616552306979319
0.451000000000000234,-3.045376803050636738
0.452000000000000235,-2.970517737084765741
0.453000000000000236,-2.896061993444943639
0.454000000000000237,-2.822031700013652333
0.455000000000000238,-2.748448463639043382
0.456000000000000238,-2.675333361153152456
0.457000000000000239,-2.602706931268221613
0.458000000000000240,-2.530589167329596822
0.459000000000000241,-2.458999510902766694
0.460000000000000242,-2.387956846172260672
0.461000000000000243,-2.317479495129237677
0.462000000000000244,-2.247585213524900372
0.463000000000000245,-2.178291187566073095
0.464000000000000246,-2.109614031329766437
0.465000000000000246,-2.041569784872970139
0.466000000000000247,-1.974173913014134474
0.467000000000000248,-1.907441304762684808
0.468000000000000249,-1.841386273373158300
0.469000000000000250,-1.776022557000357383
0.470000000000000251,-1.711363319932344584
0.471000000000000252,-1.647421154378001962
0.472000000000000253,-1.584208082786376703
0.473000000000000254,-1.521735560674946974
0.474000000000000254,-1.460014479944471644
0.475000000000000255,-1.399055172658218549
0.476000000000000256,-1.338867415263700567
0.477000000000000257,-1.279460433235503736
0.478000000000000258,-1.220842906117888038
0.479000000000000259,-1.163022972946511135
0.480000000000000260,-1.106008238028797441
0.481000000000000261,-1.049805777062904344
0.482000000000000262,-0.994422143575794615
0.483000000000000262,-0.939863375661145639
0.484000000000000263,-0.886135002998395094
0.485000000000000264,-0.833242054134608834
0.486000000000000265,-0.781189064011343470
0.487000000000000266,-0.729980081719064144
0.488000000000000267,-0.679618678462185155
0.489000000000000268,-0.630107955718314128
0.490000000000000269,-0.581450553575546092
0.491000000000000270,-0.533648659232429101
0.492000000000000270,-0.486704015645333832
0.493000000000000271,-0.440617930308756456
0.494000000000000272,-0.395391284154297029
0.495000000000000273,-0.351024540554620457
0.496000000000000274,-0.307517754419246836
0.497000000000000275,-0.264870581369241798
0.498000000000000276,-0.223082286978605548
0.499000000000000277,-0.182151756070401044
0.500000000000000222,-0.142077502056165483
0.501000000000000334,-0.102857676307644197
0.502000000000000224,-0.064490077550266492
0.503000000000000336,-0.026972161268096935
0.504000000000000226,0.009698950889260455
0.505000000000000338,0.045526461707413708
0.506000000000000227,0.080513889024188628
0.507000000000000339,0.114665056371752921
0.508000000000000229,0.147984083651697490
0.509000000000000341,0.180475377851090635
0.510000000000000231,0.212143623806622550
0.511000000000000343,0.242993775024153674
0.512000000000000233,0.273031044560071823
0.513000000000000345,0.302260895970983823
0.514000000000000234,0.330689034337494636
0.515000000000000346,0.358321397368004169
0.516000000000000236,0.385164146587554934
0.517000000000000348,0.411223658616962584
0.518000000000000238,0.436506516546795287
0.519000000000000350,0.461019501410709132
0.520000000000000240,0.484769583762175771
0.521000000000000352,0.507763915358501294
0.522000000000000242,0.530009820955676503
0.523000000000000353,0.551514790217388695
0.524000000000000243,0.572286469741208448
0.525000000000000355,0.592332655204820258
0.526000000000000245,0.611661283634768238
0.527000000000000357,0.630280425800187727
0.528000000000000247,0.648198278733475353
0.529000000000000359,0.665423158379973900
0.530000000000000249,0.681963492378205749
0.531000000000000361,0.697827812972280248
0.532000000000000250,0.713024750057664525
0.533000000000000362,0.727563024361556288
0.534000000000000252,0.741451440758696845
0.535000000000000364,0.754698881723457782
0.536000000000000254,0.767314300918782277
0.537000000000000366,0.779306716922477438
0.538000000000000256,0.790685207091082587
0.539000000000000368,0.801458901561581838
0.540000000000000258,0.811636977390861825
0.541000000000000369,0.821228652832939998
0.542000000000000259,0.830243181753612225
0.543000000000000371,0.838689848182265330
0.544000000000000261,0.846577961000321899
0.545000000000000373,0.853916848765803094
0.546000000000000263,0.860715854673298253
0.547000000000000375,0.866984331648604112
0.548000000000000265,0.872731637577143560
0.549000000000000377,0.877967130665248563
0.550000000000000266,0.882700164933274634
0.551000000000000378,0.886940085839414416
0.552000000000000268,0.890696226033080074
0.553000000000000380,0.893977901236581829
0.554000000000000270,0.896794406253794030
0.555000000000000382,0.899155011104469937
0.556000000000000272,0.901068957282736172
0.557000000000000384,0.902545454138367509
0.558000000000000274,0.903593675379223304
0.559000000000000385,0.904222755693382396
0.560000000000000275,0.904441787489292937
0.561000000000000387,0.904259817752325334
0.562000000000000277,0.903685845016083178
0.563000000000000389,0.902728816446690230
0.564000000000000279,0.901397625038393047
0.565000000000000391,0.899701106918657567
0.566000000000000281,0.897648038761047040
0.567000000000000393,0.895247135303999242
0.568000000000000282,0.892507046973742169
0.569000000000000394,0.889436357609490025
0.570000000000000284,0.886043582289100629
0.571000000000000396,0.882337165253283984
0.572000000000000286,0.878325477926550136
0.573000000000000398,0.874016817033016147
0.574000000000000288,0.869419402805202468
0.575000000000000400,0.864541377283881141
0.576000000000000290,0.859390802707240220
0.577000000000000401,0.853975659987327496
0.578000000000000291,0.848303847272024569
0.579000000000000403,0.842383178590640269
0.580000000000000293,0.836221382581269657
0.581000000000000405,0.829826101298033469
0.582000000000000295,0.823204889096452952
0.583000000000000407,0.816365211594992979
0.584000000000000297,0.809314444711092484
0.585000000000000409,0.802059873769735532
0.586000000000000298,0.794608692682915452
0.587000000000000410,0.786968003198054711
0.588000000000000300,0.779144814213770021
0.589000000000000412,0.771146041161100637
0.590000000000000302,0.762978505448589583
0.591000000000000414,0.754648933969362501
0.592000000000000304,0.746163958668681238
0.593000000000000416,0.737530116170137418
0.594000000000000306,0.728753847458930792
0.595000000000000417,0.719841497620536397
0.596000000000000307,0.710799315633228512
0.597000000000000419,0.701633454212749141
0.598000000000000309,0.692349969707635959
0.599000000000000421,0.682954822043668308
0.600000000000000311,0.673453874715830736
0.601000000000000423,0.663852894826344908
0.602000000000000313,0.654157553167292627
0.603000000000000425,0.644373424346336376
0.604000000000000314,0.634505986954134071
0.605000000000000426,0.624560623772010604
0.606000000000000316,0.614542622018534823
0.607000000000000428,0.604457173633604072
0.608000000000000318,0.594309375598719769
0.609000000000000430,0.584104230292108340
0.610000000000000320,0.573846645877469141
0.611000000000000432,0.563541436724963263
0.612000000000000322,0.553193323863347741
0.613000000000000433,0.542806935461896289
0.614000000000000323,0.532386807341017732
0.615000000000000435,0.521937383510326147
0.616000000000000325,0.511463016733098130
0.617000000000000437,0.500967969115892919
0.618000000000000327,0.490456412722338697
0.619000000000000439,0.479932430209933814
0.620000000000000329,0.469400015488859013
0.621000000000000441,0.458863074401739013
0.622000000000000330,0.448325425423385326
0.623000000000000442,0.437790800379478484
0.624000000000000332,0.427262845183334239
0.625000000000000444,0.416745120589664897
0.626000000000000334,0.406241102964598699
0.627000000000000446,0.395754185070895770
0.628000000000000336,0.385287676867625439
0.629000000000000448,0.374844806323359314
0.630000000000000338,0.364428720242134907
0.631000000000000449,0.354042485101283944
0.632000000000000339,0.343689087900459267
0.633000000000000451,0.333371437020981598
0.634000000000000341,0.323092363094864776
0.635000000000000453,0.312854619882669049
0.636000000000000343,0.302660885159660054
0.637000000000000455,0.292513761609356604
0.638000000000000345,0.282415777724040917
0.639000000000000457,0.272369388711377891
0.640000000000000346,0.262376977406680034
0.641000000000000458,0.252440855190062707
0.642000000000000348,0.242563262908043697
0.643000000000000460,0.232746371798866258
0.644000000000000350,0.222992284421127784
0.645000000000000462,0.213303035585041462
0.646000000000000352,0.203680593285945843
0.647000000000000464,0.194126859639409399
0.648000000000000353,0.184643671817591365
0.649000000000000465,0.175232802986232006
0.650000000000000355,0.165895963241962929
0.651000000000000467,0.156634800549369346
0.652000000000000357,0.147450901677457530
0.653000000000000469,0.138345793135072392
0.654000000000000359,0.129320942104887093
0.655000000000000471,0.120377757375570188
0.656000000000000361,0.111517590271773062
0.657000000000000473,0.102741735581543647
0.658000000000000362,0.094051432480881242
0.659000000000000474,0.085447865455049926
0.660000000000000364,0.076932165216365006
0.661000000000000476,0.068505409618111066
0.662000000000000366,0.060168624564362873
0.663000000000000478,0.051922784915336660
0.664000000000000368,0.043768815388107535
0.665000000000000480,0.035707591452319561
0.666000000000000369,0.027739940220762260
0.667000000000000481,0.019866641334459017
0.668000000000000371,0.012088427842154571
0.669000000000000483,0.004405987073876743
0.670000000000000373,-0.003180038491537388
0.671000000000000485,-0.010669050365207117
0.672000000000000375,-0.018060493193430911
0.673000000000000487,-0.025353853909541119
0.674000000000000377,-0.032548660892555939
0.675000000000000488,-0.039644483132811728
0.676000000000000378,-0.046640929404672071
0.677000000000000490,-0.053537647446530653
0.678000000000000380,-0.060334323148160916
0.679000000000000492,-0.067030679745598329
0.680000000000000382,-0.073626477023645109
0.681000000000000494,-0.080121510526118572
0.682000000000000384,-0.086515610773920781
0.683000000000000496,-0.092808642491072610
0.684000000000000385,-0.099000503838747839
0.685000000000000497,-0.105091125657429035
0.686000000000000387,-0.111080470717231955
0.687000000000000499,-0.116968532976497452
0.688000000000000389,-0.122755336848681632
0.689000000000000501,-0.128440936477626944
0.690000000000000391,-0.134025415021243877
0.691000000000000503,-0.139508883943672751
0.692000000000000393,-0.144891482315942122
0.693000000000000504,-0.150173376125177699
0.694000000000000394,-0.155354757592370885
0.695000000000000506,-0.160435844498757030
0.696000000000000396,-0.165416879520801030
0.697000000000000508,-0.170298129573821150
0.698000000000000398,-0.175079885164247828
0.699000000000000510,-0.179762459750541753
0.700000000000000400,-0.184346189112754522
0.701000000000000512,-0.188831430730751426
0.702000000000000401,-0.193218563171061092
0.703000000000000513,-0.197507985482387960
0.704000000000000403,-0.201700116599717594
0.705000000000000515,-0.205795394757062544
0.706000000000000405,-0.209794276908763455
0.707000000000000517,-0.213697238159382685
0.708000000000000407,-0.217504771202120528
0.709000000000000519,-0.221217385765753422
0.710000000000000409,-0.224835608070038884
0.711000000000000520,-0.228359980289587844
0.712000000000000410,-0.231791060026121182
0.713000000000000522,-0.235129419789106231
0.714000000000000412,-0.238375646484726256
0.715000000000000524,-0.241530340913127028
0.716000000000000414,-0.244594117273896045
0.717000000000000526,-0.247567602679751891
0.718000000000000416,-0.250451436678332584
0.719000000000000528,-0.253246270782118144
0.720000000000000417,-0.255952768006345310
0.721000000000000529,-0.258571602414926549
0.722000000000000419,-0.261103458674275868
0.723000000000000531,-0.263549031614989215
0.724000000000000421,-0.265909025801336019
0.725000000000000533,-0.268184155108491584
0.726000000000000423,-0.270375142307429484
0.727000000000000535,-0.272482718657435286
0.728000000000000425,-0.274507623506162202
0.729000000000000536,-0.276450603897169467
0.730000000000000426,-0.278312414184860801
0.731000000000000538,-0.280093815656781653
0.732000000000000428,-0.281795576163169137
0.733000000000000540,-0.283418469753724533
0.734000000000000430,-0.284963276321495484
0.735000000000000542,-0.286430781253840139
0.736000000000000432,-0.287821775090361720
0.737000000000000544,-0.289137053187762949
0.738000000000000433,-0.290377415391535221
0.739000000000000545,-0.291543665714427525
0.740000000000000435,-0.292636612021585862
0.741000000000000547,-0.293657065722334298
0.742000000000000437,-0.294605841468473628
0.743000000000000549,-0.295483756859052815
0.744000000000000439,-0.296291632151545969
0.745000000000000551,-0.297030289979317241
0.746000000000000441,-0.297700555075343209
0.747000000000000552,-0.298303254002083518
0.748000000000000442,-0.298839214887440141
0.749000000000000554,-0.299309267166739001
0.750000000000000444,-0.299714241330607645
0.751000000000000556,-0.300054968678747203
0.752000000000000446,-0.300332281079460084
0.753000000000000558,-0.300547010734883879
0.754000000000000448,-0.300699989951844882
0.755000000000000560,-0.300792050918290643
0.756000000000000449,-0.300824025485144642
0.757000000000000561,-0.300796744953608752
0.758000000000000451,-0.300711039867758489
0.759000000000000563,-0.300567739812397483
0.760000000000000453,-0.300367673216070608
0.761000000000000565,-0.300111667159202233
0.762000000000000455,-0.299800547187214994
0.763000000000000567,-0.299435137128639894
0.764000000000000457,-0.299016258918075595
0.765000000000000568,-0.298544732423950521
0.766000000000000458,-0.298021375281022682
0.767000000000000570,-0.297447002727538434
0.768000000000000460,-0.296822427446955417
0.769000000000000572,-0.296148459414203591
0.770000000000000462,-0.295425905746363016
0.771000000000000574,-0.294655570557731838
0.772000000000000464,-0.293838254819184130
0.773000000000000576,-0.292974756221757338
0.774000000000000465,-0.292065869044412563
0.775000000000000577,-0.291112384025866755
0.776000000000000467,-0.290115088240473384
0.777000000000000579,-0.289074764978038856
0.778000000000000469,-0.287992193627551185
0.779000000000000581,-0.286868149564706298
0.780000000000000471,-0.285703404043216591
0.781000000000000583,-0.284498724089791155
0.782000000000000473,-0.283254872402762758
0.783000000000000584,-0.281972607254266316
0.784000000000000474,-0.280652682395919950
0.785000000000000586,-0.279295846967947736
0.786000000000000476,-0.277902845411668875
0.787000000000000588,-0.276474417385315419
0.788000000000000478,-0.275011297683086742
0.789000000000000590,-0.273514216157405010
0.790000000000000480,-0.271983897644308192
0.791000000000000592,-0.270421061891900349
0.792000000000000481,-0.268826423491837718
0.793000000000000593,-0.267200691813758939
0.794000000000000483,-0.265544570942613467
0.795000000000000595,-0.263858759618852912
0.796000000000000485,-0.262143951181384616
0.797000000000000597,-0.260400833513278251
0.798000000000000487,-0.258630088990147833
0.799000000000000599,-0.256832394431146915
0.800000000000000488,-0.255008421052548284
0.801000000000000600,-0.253158834423839352
0.802000000000000490,-0.251284294426280363
0.803000000000000602,-0.249385455213883805
0.804000000000000492,-0.247462965176759780
0.805000000000000604,-0.245517466906766957
0.806000000000000494,-0.243549597165450216
0.807000000000000606,-0.241559986854171488
0.808000000000000496,-0.239549260986428342
0.809000000000000608,-0.237518038662288239
0.810000000000000497,-0.235466933044897381
0.811000000000000609,-0.233396551339022235
0.812000000000000499,-0.231307494771573419
0.813000000000000611,-0.229200358574074226
0.814000000000000501,-0.227075731967009004
0.815000000000000613,-0.224934198146049313
0.816000000000000503,-0.222776334270061577
0.817000000000000615,-0.220602711450902822
0.818000000000000504,-0.218413894744923898
0.819000000000000616,-0.216210443146175380
0.820000000000000506,-0.213992909581240592
0.821000000000000618,-0.211761840905677762
0.822000000000000508,-0.209517777902035046
0.823000000000000620,-0.207261255279373779
0.824000000000000510,-0.204992801674298286
0.825000000000000622,-0.202712939653429958
0.826000000000000512,-0.200422185717276324
0.827000000000000624,-0.198121050305513080
0.828000000000000513,-0.195810037803575060
0.829000000000000625,-0.193489646550574518
0.830000000000000515,-0.191160368848479340
0.831000000000000627,-0.188822690972532625
0.832000000000000517,-0.186477093182875364
0.833000000000000629,-0.184124049737348416
0.834000000000000519,-0.181764028905422814
0.835000000000000631,-0.179397492983237067
0.836000000000000520,-0.177024898309727396
0.837000000000000632,-0.174646695283774356
0.838000000000000522,-0.172263328382396497
0.839000000000000634,-0.169875236179896943
0.840000000000000524,-0.167482851367998758
0.841000000000000636,-0.165086600776876841
0.842000000000000526,-0.162686905397110004
0.843000000000000638,-0.160284180402499310
0.844000000000000528,-0.157878835173717119
0.845000000000000639,-0.155471273322800890
0.846000000000000529,-0.153061892718405673
0.847000000000000641,-0.150651085511852439
0.848000000000000531,-0.148239238163891451
0.849000000000000643,-0.145826731472193771
0.850000000000000533,-0.143413940599544432
0.851000000000000645,-0.141001235102662464
0.852000000000000535,-0.138588978961720344
0.853000000000000647,-0.136177530610433944
0.854000000000000536,-0.133767242966784938
0.855000000000000648,-0.131358463464294695
0.856000000000000538,-0.128951534083869390
0.857000000000000650,-0.126546791386165924
0.858000000000000540,-0.124144566544478696
0.859000000000000652,-0.121745185378107343
0.860000000000000542,-0.119348968386208606
0.861000000000000654,-0.116956230782083087
0.862000000000000544,-0.114567282527916731
0.863000000000000655,-0.112182428369903081
0.864000000000000545,-0.109801967873797882
0.865000000000000657,-0.107426195460819912
0.866000000000000547,-0.105055400443927097
0.867000000000000659,-0.102689867064423110
0.868000000000000549,-0.100329874528905405
0.869000000000000661,-0.097975697046496224
0.870000000000000551,-0.095627603866389202
0.871000000000000663,-0.093285859315651018
0.872000000000000552,-0.090950722837304349
0.873000000000000664,-0.088622449028627107
0.874000000000000554,-0.086301287679713123
0.875000000000000666,-0.083987483812219030
0.876000000000000556,-0.081681277718332668
0.877000000000000668,-0.079382904999913365
0.878000000000000558,-0.077092596607815839
0.879000000000000670,-0.074810578881366857
0.880000000000000560,-0.072537073587984113
0.881000000000000671,-0.070272297962949717
0.882000000000000561,-0.068016464749273906
0.883000000000000673,-0.065769782237692170
0.884000000000000563,-0.063532454306753236
0.885000000000000675,-0.061304680462981188
0.886000000000000565,-0.059086655881127728
0.887000000000000677,-0.056878571444477680
0.888000000000000567,-0.054680613785212460
0.889000000000000679,-0.052492965324809383
0.890000000000000568,-0.050315804314471156
0.891000000000000680,-0.048149304875590854
0.892000000000000570,-0.045993637040211741
0.893000000000000682,-0.043848966791494595
0.894000000000000572,-0.041715456104186512
0.895000000000000684,-0.039593262985055715
0.896000000000000574,-0.037482541513322837
0.897000000000000686,-0.035383441881038494
0.898000000000000576,-0.033296110433433390
0.899000000000000687,-0.031220689709211581
0.900000000000000577,-0.029157318480787193
0.901000000000000689,-0.027106131794451659
0.902000000000000579,-0.025067261010480457
0.903000000000000691,-0.023040833843138125
0.904000000000000581,-0.021026974400620572
0.905000000000000693,-0.019025803224880990
0.906000000000000583,-0.017037437331374430
0.907000000000000695,-0.015061990248670026
0.908000000000000584,-0.013099572057977706
0.909000000000000696,-0.011150289432536273
0.910000000000000586,-0.009214245676877942
0.911000000000000698,-0.007291540765968316
0.912000000000000588,-0.005382271384208289
0.913000000000000700,-0.003486530964280471
0.914000000000000590,-0.001604409725864836
0.915000000000000702,0.000264005285808661
0.916000000000000592,0.002118630161557516
0.917000000000000703,0.003959384090018894
0.918000000000000593,0.005786189319572014
0.919000000000000705,0.007598971120450590
0.920000000000000595,0.009397657747009713
0.921000000000000707,0.011182180400197080
0.922000000000000597,0.012952473190184985
0.923000000000000709,0.014708473099207139
0.924000000000000599,0.016450119944572624
0.925000000000000711,0.018177356341883808
0.926000000000000600,0.019890127668456818
0.927000000000000712,0.021588382026929375
0.928000000000000602,0.023272070209084353
0.929000000000000714,0.024941145659876950
0.930000000000000604,0.026595564441668988
0.931000000000000716,0.028235285198695437
0.932000000000000606,0.029860269121715789
0.933000000000000718,0.031470479912907405
0.934000000000000608,0.033065883750980095
0.935000000000000719,0.034646449256496091
0.936000000000000609,0.036212147457434771
0.937000000000000721,0.037762951754976189
0.938000000000000611,0.039298837889511704
0.939000000000000723,0.040819783906896501
0.940000000000000613,0.042325770124926741
0.941000000000000725,0.043816779100051877
0.942000000000000615,0.045292795594331248
0.943000000000000727,0.046753806542620305
0.944000000000000616,0.048199801020000391
0.945000000000000728,0.049630770209455832
0.946000000000000618,0.051046707369778302
0.947000000000000730,0.052447607803731720
0.948000000000000620,0.053833468826448724
0.949000000000000732,0.055204289734079356
0.950000000000000622,0.056560071772687091
0.951000000000000734,0.057900818107381548
0.952000000000000624,0.059226533791720416
0.953000000000000735,0.060537225737338531
0.954000000000000625,0.061832902683836767
0.955000000000000737,0.063113575168921562
0.956000000000000627,0.064379255498790047
0.957000000000000739,0.065629957718773071
0.958000000000000629,0.066865697584221673
0.959000000000000741,0.068086492531651666
0.960000000000000631,0.069292361650135498
0.961000000000000743,0.070483325652948750
0.962000000000000632,0.071659406849465881
0.963000000000000744,0.072820629117314489
0.964000000000000634,0.073967017874768670
0.965000000000000746,0.075098600053417619
0.966000000000000636,0.076215404071052900
0.967000000000000748,0.077317459804839769
0.968000000000000638,0.078404798564724681
0.969000000000000750,0.079477453067087270
0.970000000000000639,0.080535457408659111
0.971000000000000751,0.081578847040686811
0.972000000000000641,0.082607658743338572
0.973000000000000753,0.083621930600370861
0.974000000000000643,0.084621701974035901
0.975000000000000755,0.085607013480244104
0.976000000000000645,0.086577906963969831
0.977000000000000757,0.087534425474910929
0.978000000000000647,0.088476613243386099
0.979000000000000759,0.089404515656488034
0.980000000000000648,0.090318179234472384
0.981000000000000760,0.091217651607401889
0.982000000000000650,0.092102981492026365
0.983000000000000762,0.092974218668907677
0.984000000000000652,0.093831413959790472
0.985000000000000764,0.094674619205208047
0.986000000000000654,0.095503887242335730
0.987000000000000766,0.096319271883077012
0.988000000000000655,0.097120827892392000
0.989000000000000767,0.097908610966864068
0.990000000000000657,0.098682677713500644
0.991000000000000769,0.099443085628772951
0.992000000000000659,0.100189893077881037
0.993000000000000771,0.100923159274263652
0.994000000000000661,0.101642944259336995
0.995000000000000773,0.102349308882457593
0.996000000000000663,0.103042314781121511
0.997000000000000774,0.103722024361393148
0.998000000000000664,0.104388500778556922
0.999000000000000776,0.105041807917999636
1.000000000000000666,0.105682010376313612
1.001000000000000778,0.106309173442625068
1.002000000000000668,0.106923363080145870
1.003000000000000780,0.107524645907948774
1.004000000000000670,0.108113089182957103
1.005000000000000782,0.108688760782158278
1.006000000000000671,0.109251729185025570
1.007000000000000783,0.109802063456174187
1.008000000000000673,0.110339833228207534
1.009000000000000785,0.110865108684797792
1.010000000000000675,0.111377960543964122
1.011000000000000787,0.111878460041573161
1.012000000000000677,0.112366678915034227
1.013000000000000789,0.112842689387218975
1.014000000000000679,0.113306564150569541
1.015000000000000790,0.113758376351429560
1.016000000000000680,0.114198199574560233
1.017000000000000792,0.114626107827876828
1.018000000000000682,0.115042175527368923
1.019000000000000794,0.115446477482228999
1.020000000000000684,0.115839088880179950
1.021000000000000796,0.116220085272992768
1.022000000000000686,0.116589542562199888
1.023000000000000798,0.116947536985006900
1.024000000000000687,0.117294145100393196
1.025000000000000799,0.117629443775395442
1.026000000000000689,0.117953510171593612
1.027000000000000801,0.118266421731772625
1.028000000000000691,0.118568256166779615
1.029000000000000803,0.118859091442553175
1.030000000000000693,0.119139005767344069
1.031000000000000805,0.119408077579120239
1.032000000000000695,0.119666385533144876
1.033000000000000806,0.119914008489727081
1.034000000000000696,0.120151025502167788
1.035000000000000808,0.120377515804865082
1.036000000000000698,0.120593558801600415
1.037000000000000810,0.120799234053991539
1.038000000000000700,0.120994621270120659
1.039000000000000812,0.121179800293337150
1.040000000000000702,0.121354851091214133
1.041000000000000814,0.121519853744682257
1.042000000000000703,0.121674888437331388
1.043000000000000815,0.121820035444860419
1.044000000000000705,0.121955375124698895
1.045000000000000817,0.122080987905803615
1.046000000000000707,0.122196954278576658
1.047000000000000819,0.122303354784980112
1.048000000000000709,0.122400270008782147
1.049000000000000821,0.122487780565968540
1.050000000000000711,0.122565967095305539
1.051000000000000822,0.122634910249048559
1.052000000000000712,0.122694690683809740
1.053000000000000824,0.122745389051567025
1.054000000000000714,0.122787085990826911
1.055000000000000826,0.122819862117926462
1.056000000000000716,0.122843798018486799
1.057000000000000828,0.122858974239000315
1.058000000000000718,0.122865471278570615
1.059000000000000830,0.122863369580784365
1.060000000000000719,0.122852749525720964
1.061000000000000831,0.122833691422112756
1.062000000000000721,0.122806275499616466
1.063000000000000833,0.122770581901252299
1.064000000000000723,0.122726690675936695
1.065000000000000835,0.122674681771192159
1.066000000000000725,0.122614635025941568
1.067000000000000837,0.122546630163468090
1.068000000000000727,0.122470746784477807
1.069000000000000838,0.122387064360306580
1.070000000000000728,0.122295662226240928
1.071000000000000840,0.122196619574965928
1.072000000000000730,0.122090015450132802
1.073000000000000842,0.121975928740056846
1.074000000000000732,0.121854438171519600
1.075000000000000844,0.121725622303700279
1.076000000000000734,0.121589559522224527
1.077000000000000846,0.121446328033326598
1.078000000000000735,0.121296005858118908
1.079000000000000847,0.121138670826986899
1.080000000000000737,0.120974400574088342
1.081000000000000849,0.120803272531963685
1.082000000000000739,0.120625363926261261
1.083000000000000851,0.120440751770562571
1.084000000000000741,0.120249512861315730
1.085000000000000853,0.120051723772886892
1.086000000000000743,0.119847460852691906
1.087000000000000854,0.119636800216461170
1.088000000000000744,0.119419817743577211
1.089000000000000856,0.119196589072537579
1.090000000000000746,0.118967189596496853
1.091000000000000858,0.118731694458922316
1.092000000000000748,0.118490178549340963
1.093000000000000860,0.118242716499178349
1.094000000000000750,0.117989382677701274
1.095000000000000862,0.117730251188050028
1.096000000000000751,0.117465395863356512
1.097000000000000863,0.117194890262968546
1.098000000000000753,0.116918807668748986
1.099000000000000865,0.116637221081473411
1.100000000000000755,0.116350203217316234
1.101000000000000867,0.116057826504421729
1.102000000000000757,0.115760163079550948
1.103000000000000869,0.115457284784834663
1.104000000000000759,0.115149263164597976
1.105000000000000870,0.114836169462254473
1.106000000000000760,0.114518074617314419
1.107000000000000872,0.114195049262441173
1.108000000000000762,0.113867163720607650
1.109000000000000874,0.113534488002317427
1.110000000000000764,0.113197091802922367
1.111000000000000876,0.112855044499992022
1.112000000000000766,0.112508415150777766
1.113000000000000878,0.112157272489748189
1.114000000000000767,0.111801684926182171
1.115000000000000879,0.111441720541863146
1.116000000000000769,0.111077447088815173
1.117000000000000881,0.110708931987132789
1.118000000000000771,0.110336242322862627
1.119000000000000883,0.109959444845969867
1.120000000000000773,0.109578605968358084
1.121000000000000885,0.109193791761966891
1.122000000000000774,0.108805067956927792
1.123000000000000886,0.108412499939789034
1.124000000000000776,0.108016152751805011
1.125000000000000888,0.107616091087284579
1.126000000000000778,0.107212379292007665
1.127000000000000890,0.106805081361698501
1.128000000000000780,0.106394260940559565
1.129000000000000892,0.105979981319870492
1.130000000000000782,0.105562305436638776
1.131000000000000894,0.105141295872309498
1.132000000000000783,0.104717014851543208
1.133000000000000895,0.104289524241028803
1.134000000000000785,0.103858885548376592
1.135000000000000897,0.103425159921042398
1.136000000000000787,0.102988408145325533
1.137000000000000899,0.102548690645407170
1.138000000000000789,0.102106067482443108
1.139000000000000901,0.101660598353713993
1.140000000000000790,0.101212342591817994
1.141000000000000902,0.100761359163922787
1.142000000000000792,0.100307706671052446
1.143000000000000904,0.099851443347442045
1.144000000000000794,0.099392627059923300
1.145000000000000906,0.098931315307360296
1.146000000000000796,0.098467565220143452
1.147000000000000908,0.098001433559713289
1.148000000000000798,0.097532976718136821
1.149000000000000909,0.097062250717728588
1.150000000000000799,0.096589311210709600
1.151000000000000911,0.096114213478918520
1.152000000000000801,0.095637012433550897
1.153000000000000913,0.095157762614954705
1.154000000000000803,0.094676518192457593
1.155000000000000915,0.094193332964235224
1.156000000000000805,0.093708260357213052
1.157000000000000917,0.093221353427030987
1.158000000000000806,0.092732664858007394
1.159000000000000918,0.092242246963173707
1.160000000000000808,0.091750151684336520
1.161000000000000920,0.091256430592160209
1.162000000000000810,0.090761134886308395
1.163000000000000922,0.090264315395604866
1.164000000000000812,0.089766022578236959
1.165000000000000924,0.089266306521982378
1.166000000000000814,0.088765216944483541
1.167000000000000925,0.088262803193543266
1.168000000000000815,0.087759114247455750
1.169000000000000927,0.087254198715367048
1.170000000000000817,0.086748104837675449
1.171000000000000929,0.086240880486446750
1.172000000000000819,0.085732573165874640
1.173000000000000931,0.085223230012756127
1.174000000000000821,0.084712897797009329
1.175000000000000933,0.084201622922208480
1.176000000000000822,0.083689451426148670
1.177000000000000934,0.083176428981450945
1.178000000000000824,0.082662600896169197
1.179000000000000936,0.082148012114440200
1.180000000000000826,0.081632707217162051
1.181000000000000938,0.081116730422682817
1.182000000000000828,0.080600125587527494
1.183000000000000940,0.080082936207141034
1.184000000000000830,0.079565205416658263
1.185000000000000941,0.079046975991697341
1.186000000000000831,0.078528290349170971
1.187000000000000943,0.078009190548127522
1.188000000000000833,0.077489718290607690
1.189000000000000945,0.076969914922526667
1.190000000000000835,0.076449821434572171
1.191000000000000947,0.075929478463128738
1.192000000000000837,0.075408926291215095
1.193000000000000949,0.074888204849452633
1.194000000000000838,0.074367353717036108
1.195000000000000950,0.073846412122738195
1.196000000000000840,0.073325418945927215
1.197000000000000952,0.072804412717598271
1.198000000000000842,0.072283431621427391
1.199000000000000954,0.071762513494842459
1.200000000000000844,0.071241695830106810
1.201000000000000734,0.070721015775425666
1.202000000000000846,0.070200510136057992
1.203000000000000957,0.069680215375460722
1.204000000000000847,0.069160167616425156
1.205000000000000737,0.068640402642253601
1.206000000000000849,0.068120955897929408
1.207000000000000961,0.067601862491315279
1.208000000000000851,0.067083157194351747
1.209000000000000741,0.066564874444288852
1.210000000000000853,0.066047048344906420
1.211000000000000965,0.065529712667769385
1.212000000000000854,0.065012900853481118
1.213000000000000744,0.064496646012954725
1.214000000000000856,0.063980980928691616
1.215000000000000968,0.063465938056083360
1.216000000000000858,0.062951549524707190
1.217000000000000748,0.062437847139642191
1.218000000000000860,0.061924862382804036
1.219000000000000972,0.061412626414264482
1.220000000000000862,0.060901170073615694
1.221000000000000751,0.060390523881311109
1.222000000000000863,0.059880718040036675
1.223000000000000975,0.059371782436083785
1.224000000000000865,0.058863746640729485
1.225000000000000755,0.058356639911631536
1.226000000000000867,0.057850491194221421
1.227000000000000979,0.057345329123117780
1.228000000000000869,0.056841182023535122
1.229000000000000759,0.056338077912708021
1.230000000000000870,0.055836044501321548
1.231000000000000982,0.055335109194948918
1.232000000000000872,0.054835299095484832
1.233000000000000762,0.054336641002606115
1.234000000000000874,0.053839161415219661
1.235000000000000986,0.053342886532921317
1.236000000000000876,0.052847842257474423
1.237000000000000766,0.052354054194264130
1.238000000000000878,0.051861547653786845
1.239000000000000989,0.051370347653136049
1.240000000000000879,0.050880478917468372
1.241000000000000769,0.050391965881521707
1.242000000000000881,0.049904832691090778
1.243000000000000993,0.049419103204536220
1.244000000000000883,0.048934800994283441
1.245000000000000773,0.048451949348335265
1.246000000000000885,0.047970571271777195
1.247000000000000997,0.047490689488294997
1.248000000000000886,0.047012326441687652
1.249000000000000776,0.046535504297393268
1.250000000000000888,0.046060244944004472
1.251000000000001000,0.045586569994799500
1.252000000000000890,0.045114500789265391
1.253000000000000780,0.044644058394631869
1.254000000000000892,0.044175263607393649
1.255000000000001004,0.043708136954856092
1.256000000000000894,0.043242698696661391
1.257000000000000783,0.042778968826325960
1.258000000000000895,0.042316967072778086
1.259000000000001007,0.041856712901898484
1.260000000000000897,0.041398225518056199
1.261000000000000787,0.040941523865652599
1.262000000000000899,0.040486626630660008
1.263000000000001011,0.040033552242159688
1.264000000000000901,0.039582318873891520
1.265000000000000790,0.039132944445787111
1.266000000000000902,0.038685446625516075
1.267000000000001014,0.038239842830026370
1.268000000000000904,0.037796150227086919
1.269000000000000794,0.037354385736824383
1.270000000000000906,0.036914566033268884
1.271000000000001018,0.036476707545889234
1.272000000000000908,0.036040826461131305
1.273000000000000798,0.035606938723960979
1.274000000000000909,0.035175060039396480
1.275000000000001021,0.034745205874041882
1.276000000000000911,0.034317391457627244
1.277000000000000801,0.033891631784535782
1.278000000000000913,0.033467941615341168
1.279000000000001025,0.033046335478326347
1.280000000000000915,0.032626827671023234
1.281000000000000805,0.032209432261729329
1.282000000000000917,0.031794163091037608
1.283000000000001029,0.031381033773354938
1.284000000000000918,0.030970057698418107
1.285000000000000808,0.030561248032818643
1.286000000000000920,0.030154617721512855
1.287000000000001032,0.029750179489328593
1.288000000000000922,0.029347945842485911
1.289000000000000812,0.028947929070096724
1.290000000000000924,0.028550141245664074
1.291000000000001036,0.028154594228594822
1.292000000000000925,0.027761299665686266
1.293000000000000815,0.027370268992627345
1.294000000000000927,0.026981513435487631
1.295000000000001039,0.026595044012206047
1.296000000000000929,0.026210871534075635
1.297000000000000819,0.025829006607224488
1.298000000000000931,0.025449459634095693
1.299000000000001043,0.025072240814915769
1.300000000000000933,0.024697360149177304
1.301000000000000822,0.024324827437089445
1.302000000000000934,0.023954652281056941
1.303000000000001046,0.023586844087123714
1.304000000000000936,0.023221412066445145
1.305000000000000826,0.022858365236724038
1.306000000000000938,0.022497712423666449
1.307000000000001050,0.022139462262421909
1.308000000000000940,0.021783623199020382
1.309000000000000830,0.021430203491810313
1.310000000000000941,0.021079211212885363
1.311000000000001053,0.020730654249512620
1.312000000000000943,0.020384540305553138
1.313000000000000833,0.020040876902873477
1.314000000000000945,0.019699671382767958
1.315000000000001057,0.019360930907355915
1.316000000000000947,0.019024662460991010
1.317000000000000837,0.018690872851655046
1.318000000000000949,0.018359568712353232
1.319000000000001060,0.018030756502503256
1.320000000000000950,0.017704442509317471
1.321000000000000840,0.017380632849181770
1.322000000000000952,0.017059333469026279
1.323000000000001064,0.016740550147698374
1.324000000000000954,0.016424288497326196
1.325000000000000844,0.016110553964671641
1.326000000000000956,0.015799351832488272
1.327000000000001068,0.015490687220868854
1.328000000000000957,0.015184565088587482
1.329000000000000847,0.014880990234434805
1.330000000000000959,0.014579967298553837
1.331000000000001071,0.014281500763767463
1.332000000000000961,0.013985594956894620
1.333000000000000851,0.013692254050070513
1.334000000000000963,0.013401482062060256
1.335000000000001075,0.013113282859555991
1.336000000000000965,0.012827660158482856
1.337000000000000854,0.012544617525295568
1.338000000000000966,0.012264158378257397
1.339000000000001078,0.011986285988733986
1.340000000000000968,0.011711003482464120
1.341000000000000858,0.011438313840834094
1.342000000000000970,0.011168219902146625
1.343000000000001082,0.010900724362874063
1.344000000000000972,0.010635829778924695
1.345000000000000862,0.010373538566877621
1.346000000000000973,0.010113853005242635
1.347000000000001085,0.009856775235683077
1.348000000000000975,0.009602307264258984
1.349000000000000865,0.009350450962647919
1.350000000000000977,0.009101208069366705
1.351000000000001089,0.008854580190984063
1.352000000000000979,0.008610568803335125
1.353000000000000869,0.008369175252718769
1.354000000000000981,0.008130400757097122
1.355000000000001092,0.007894246407286152
1.356000000000000982,0.007660713168144514
1.357000000000000872,0.007429801879747147
1.358000000000000984,0.007201513258562784
1.359000000000001096,0.006975847898621522
1.360000000000000986,0.006752806272680387
1.361000000000000876,0.006532388733366359
1.362000000000000988,0.006314595514344610
1.363000000000001100,0.006099426731444427
1.364000000000000989,0.005886882383811860
1.365000000000000879,0.005676962355036523
1.366000000000000991,0.005469666414272148
1.367000000000001103,0.005264994217365790
1.368000000000000993,0.005062945307969394
1.369000000000000883,0.004863519118643104
1.370000000000000995,0.004666714971965184
1.371000000000001107,0.004472532081621301
1.372000000000000997,0.004280969553504180
1.373000000000000886,0.004092026386783715
1.374000000000000998,0.003905701475003627
1.375000000000001110,0.003721993607135793
1.376000000000001000,0.003540901468660440
1.377000000000000890,0.003362423642618995
1.378000000000001002,0.003186558610673307
1.379000000000001114,0.003013304754148753
1.380000000000001004,0.002842660355083360
1.381000000000000894,0.002674623597260715
1.382000000000001005,0.002509192567238561
1.383000000000001117,0.002346365255379103
1.384000000000001007,0.002186139556863580
1.385000000000000897,0.002028513272707012
1.386000000000001009,0.001873484110764362
1.387000000000001121,0.001721049686730521
1.388000000000001011,0.001571207525137437
1.389000000000000901,0.001423955060344106
1.390000000000001013,0.001279289637513442
1.391000000000001124,0.001137208513599580
1.392000000000001014,0.000997708858309364
1.393000000000000904,0.000860787755074542
1.394000000000001016,0.000726442202008684
1.395000000000001128,0.000594669112862083
1.396000000000001018,0.000465465317967273
1.397000000000000908,0.000338827565185580
1.398000000000001020,0.000214752520837834
1.399000000000001132,0.000093236770638193
1.400000000000001021,-0.000025723179377977
1.401000000000000911,-0.000142130901946411
1.402000000000001023,-0.000255990047649537
1.403000000000001135,-0.000367304344012923
1.404000000000001025,-0.000476077594606344
1.405000000000000915,-0.000582313678148207
1.406000000000001027,-0.000686016547608173
1.407000000000001139,-0.000787190229336641
1.408000000000001029,-0.000885838822170333
1.409000000000000918,-0.000981966496574738
1.410000000000001030,-0.001075577493766594
1.411000000000001142,-0.001166676124852926
1.412000000000001032,-0.001255266769982626
1.413000000000000922,-0.001341353877492504
1.414000000000001034,-0.001424941963061285
1.415000000000001146,-0.001506035608868657
1.416000000000001036,-0.001584639462772229
1.417000000000000925,-0.001660758237468733
1.418000000000001037,-0.001734396709676210
1.419000000000001149,-0.001805559719319977
1.420000000000001039,-0.001874252168717447
1.421000000000000929,-0.001940479021778553
1.422000000000001041,-0.002004245303198230
1.423000000000001153,-0.002065556097665890
1.424000000000001043,-0.002124416549081604
1.425000000000000933,-0.002180831859761766
1.426000000000001044,-0.002234807289670145
1.427000000000001156,-0.002286348155638748
1.428000000000001046,-0.002335459830609271
1.429000000000000936,-0.002382147742863044
1.430000000000001048,-0.002426417375265670
1.431000000000001160,-0.002468274264518375
1.432000000000001050,-0.002507724000415064
1.433000000000000940,-0.002544772225093876
1.434000000000001052,-0.002579424632309926
1.435000000000001164,-0.002611686966697781
1.436000000000001053,-0.002641565023054354
1.437000000000000943,-0.002669064645614817
1.438000000000001055,-0.002694191727340855
1.439000000000001167,-0.002716952209209274
1.440000000000001057,-0.002737352079508342
1.441000000000000947,-0.002755397373141284
1.442000000000001059,-0.002771094170932064
1.443000000000001171,-0.002784448598937170
1.444000000000001060,-0.002795466827757434
1.445000000000000950,-0.002804155071868046
1.446000000000001062,-0.002810519588938300
1.447000000000001174,-0.002814566679169157
1.448000000000001064,-0.002816302684625724
1.449000000000000954,-0.002815733988578554
1.450000000000001066,-0.002812867014855912
1.451000000000001178,-0.002807708227191234
1.452000000000001068,-0.002800264128577860
1.453000000000000957,-0.002790541260637287
1.454000000000001069,-0.002778546202977969
1.455000000000001181,-0.002764285572574052
1.456000000000001071,-0.002747766023134711
1.457000000000000961,-0.002728994244491624
1.458000000000001073,-0.002707976961979340
1.459000000000001185,-0.002684720935827982
1.460000000000001075,-0.002659232960559877
1.461000000000000965,-0.002631519864388440
1.462000000000001076,-0.002601588508622171
1.463000000000001188,-0.002569445787074279
1.464000000000001078,-0.002535098625481105
1.465000000000000968,-0.002498553980915095
1.466000000000001080,-0.002459818841209266
1.467000000000001192,-0.002418900224388685
1.468000000000001082,-0.002375805178100892
1.469000000000000972,-0.002330540779051859
1.470000000000001084,-0.002283114132452106
1.471000000000001195,-0.002233532371457222
1.472000000000001085,-0.002181802656622401
1.473000000000000975,-0.002127932175358316
1.474000000000001087,-0.002071928141385336
1.475000000000001199,-0.002013797794206809
1.476000000000001089,-0.001953548398568439
1.477000000000000979,-0.001891187243938880
1.478000000000001091,-0.001826721643980293
1.479000000000001203,-0.001760158936031736
1.480000000000001092,-0.001691506480602167
1.481000000000000982,-0.001620771660850712
1.482000000000001094,-0.001547961882088161
1.483000000000001206,-0.001473084571269659
1.484000000000001096,-0.001396147176505544
1.485000000000000986,-0.001317157166559987
1.486000000000001098,-0.001236122030371568
1.487000000000001210,-0.001153049276560775
1.488000000000001100,-0.001067946432954739
1.489000000000000989,-0.000980821046107182
1.490000000000001101,-0.000891680680832504
1.491000000000001213,-0.000800532919730995
1.492000000000001103,-0.000707385362729009
1.493000000000000993,-0.000612245626619554
1.494000000000001105,-0.000515121344602358
1.495000000000001217,-0.000416020165835369
1.496000000000001107,-0.000314949754988353
1.497000000000000997,-0.000211917791795314
1.498000000000001108,-0.000106931970616334
1.499000000000001220,0.000000000000000000
