# CNT15_DIMETHOXYPHENOL-AC
# h[nm],U(h)[kJ/mol]
0.149999999999999994,122.386643447058901302
0.150999999999999995,122.092867388805913720
0.151999999999999996,119.661043562601960843
0.152999999999999997,116.831307403392926858
0.153999999999999998,114.233696450840994885
0.154999999999999999,111.980135481252361274
0.156000000000000000,109.982343075360020634
0.157000000000000001,108.109106621346384713
0.158000000000000002,106.253407146357318425
0.159000000000000002,104.352075027295953191
0.160000000000000003,102.382960078457543318
0.161000000000000004,100.353559540238364889
0.162000000000000005,98.288338003660513209
0.163000000000000006,96.218036153609290295
0.164000000000000007,94.172067874091510475
0.165000000000000008,92.173971977297981084
0.166000000000000009,90.239380017617307317
0.167000000000000010,88.375809874000907485
0.168000000000000010,86.583626077969853441
0.169000000000000011,84.857620814609646231
0.170000000000000012,83.188806447054247428
0.171000000000000013,81.566140899078050097
0.172000000000000014,79.978017351950683178
0.173000000000000015,78.413435087826940162
0.174000000000000016,76.862829716248938894
0.175000000000000017,75.318581692215886392
0.176000000000000018,73.775246090637637053
0.177000000000000018,72.229558153359533890
0.178000000000000019,70.680271830662292132
0.179000000000000020,69.127885427123302975
0.180000000000000021,67.574301900215573369
0.181000000000000022,66.022463109599144104
0.182000000000000023,64.475988617239551104
0.183000000000000024,62.938841314711694963
0.184000000000000025,61.415034700825117397
0.185000000000000026,59.908390305663246522
0.186000000000000026,58.422348641229163491
0.187000000000000027,56.959833124647296643
0.188000000000000028,55.523163566639674116
0.189000000000000029,54.114013906182847791
0.190000000000000030,52.733407746297906726
0.191000000000000031,51.381744750025042379
0.192000000000000032,50.058850943778367082
0.193000000000000033,48.764046317119465357
0.194000000000000034,47.496223691647969645
0.195000000000000034,46.253933564463558525
0.196000000000000035,45.035470439243617591
0.197000000000000036,43.838956983050962890
0.198000000000000037,42.662423147059101325
0.199000000000000038,41.503878134674138778
0.200000000000000039,40.361373771751047457
0.201000000000000040,39.233058419878311440
0.202000000000000041,38.117221070746168721
0.203000000000000042,37.012325668057940220
0.204000000000000042,35.917036027482403426
0.205000000000000043,34.830231971383383893
0.206000000000000044,33.751017471577846152
0.207000000000000045,32.678721709007660934
0.208000000000000046,31.612894022995625676
0.209000000000000047,30.553293743519020609
0.210000000000000048,29.499875885997177249
0.211000000000000049,28.452773647093216880
0.212000000000000050,27.412278578802261819
0.213000000000000050,26.378819242633511521
0.214000000000000051,25.352939061107722551
0.215000000000000052,24.335273994393112673
0.216000000000000053,23.326530579208256455
0.217000000000000054,22.327464777940114971
0.218000000000000055,21.338862000431891630
0.219000000000000056,20.361518580699875969
0.220000000000000057,19.396224917063388915
0.221000000000000058,18.443750417545203391
0.222000000000000058,17.504830333284701283
0.223000000000000059,16.580154511218562874
0.224000000000000060,15.670358053293560019
0.225000000000000061,14.776013832702483697
0.226000000000000062,13.897626787661877756
0.227000000000000063,13.035629889578562057
0.228000000000000064,12.190381664524901240
0.229000000000000065,11.362165134169064373
0.230000000000000066,10.551188034094119317
0.231000000000000066,9.757584163191918236
0.232000000000000067,8.981415716969729957
0.233000000000000068,8.222676459613721178
0.234000000000000069,7.481295594012318695
0.235000000000000070,6.757142195187779699
0.236000000000000071,6.050030080297680968
0.237000000000000072,5.359722997168769432
0.238000000000000073,4.685940022885644929
0.239000000000000073,4.028361073983586671
0.240000000000000074,3.386632440036791536
0.241000000000000075,2.760372262684889666
0.242000000000000076,2.149175892221049544
0.243000000000000077,1.552621063632857901
0.244000000000000078,0.970272843329733403
0.245000000000000079,0.401688306617906110
0.246000000000000080,-0.153579085765512602
0.247000000000000081,-0.695975436122233559
0.248000000000000081,-1.225942700350661774
0.249000000000000082,-1.743915331359836784
0.250000000000000111,-2.250317280451094248
0.251000000000000112,-2.745559356770994164
0.252000000000000113,-3.230036940562041714
0.253000000000000114,-3.704128042160552248
0.254000000000000115,-4.168191695489463555
0.255000000000000115,-4.622566672125339338
0.256000000000000116,-5.067570499851591137
0.257000000000000117,-5.503498767901399802
0.258000000000000118,-5.930624699804599942
0.259000000000000119,-6.349198973844535132
0.260000000000000120,-6.759449770563176862
0.261000000000000121,-7.161583026486651349
0.262000000000000122,-7.555782873245021847
0.263000000000000123,-7.942212241491162672
0.264000000000000123,-8.321013609454825044
0.265000000000000124,-8.692309876565369464
0.266000000000000125,-9.056205343314548628
0.267000000000000126,-9.412786779380780899
0.268000000000000127,-9.762124562976847386
0.269000000000000128,-10.104273875389576887
0.270000000000000129,-10.439275935736029410
0.271000000000000130,-10.767159262047233170
0.272000000000000131,-11.087940945892048816
0.273000000000000131,-11.401627928857925198
0.274000000000000132,-11.708218270299477481
0.275000000000000133,-12.007702396840851833
0.276000000000000134,-12.300064325164814960
0.277000000000000135,-12.585282850632708573
0.278000000000000136,-12.863332695251671112
0.279000000000000137,-13.134185609430847563
0.280000000000000138,-13.397811422845688156
0.281000000000000139,-13.654179040556055469
0.282000000000000139,-13.903257381296493023
0.283000000000000140,-14.145016255577024467
0.284000000000000141,-14.379427181897886712
0.285000000000000142,-14.606464139993116547
0.286000000000000143,-14.826104260576679295
0.287000000000000144,-15.038328451570814437
0.288000000000000145,-15.243121961253232044
0.289000000000000146,-15.440474879166448119
0.290000000000000147,-15.630382575994309136
0.291000000000000147,-15.812846083926569207
0.292000000000000148,-15.987872419307686656
0.293000000000000149,-16.155474849599695375
0.294000000000000150,-16.315673106887498278
0.295000000000000151,-16.468493550316988916
0.296000000000000152,-16.613969279987273353
0.297000000000000153,-16.752140204918653410
0.298000000000000154,-16.883053067791504276
0.299000000000000155,-17.006761429199222846
0.300000000000000155,-17.123325614183947607
0.301000000000000156,-17.232812623828451137
0.302000000000000157,-17.335296014664347553
0.303000000000000158,-17.430855748626267854
0.304000000000000159,-17.519578016237449702
0.305000000000000160,-17.601555035654492087
0.306000000000000161,-17.676884830130891402
0.307000000000000162,-17.745670986380982725
0.308000000000000163,-17.808022396239927332
0.309000000000000163,-17.864052983922960038
0.310000000000000164,-17.913881421089261181
0.311000000000000165,-17.957630831813613526
0.312000000000000166,-17.995428489463812127
0.313000000000000167,-18.027405507374368199
0.314000000000000168,-18.053696525098455794
0.315000000000000169,-18.074439391910495090
0.316000000000000170,-18.089774849123330114
0.317000000000000171,-18.099846212675302581
0.318000000000000171,-18.104799057335913659
0.319000000000000172,-18.104780903774155831
0.320000000000000173,-18.099940909630731767
0.321000000000000174,-18.090429565635620435
0.322000000000000175,-18.076398397715752964
0.323000000000000176,-18.057999675943847251
0.324000000000000177,-18.035386131089321538
0.325000000000000178,-18.008710679445684377
0.326000000000000179,-17.978126156526474944
0.327000000000000179,-17.943785060142438681
0.328000000000000180,-17.905839303298101584
0.329000000000000181,-17.864439977275132776
0.330000000000000182,-17.819737125202273376
0.331000000000000183,-17.771879526349597000
0.332000000000000184,-17.721014491324769580
0.333000000000000185,-17.667287668294605396
0.334000000000000186,-17.610842860303314694
0.335000000000000187,-17.551821853711320642
0.336000000000000187,-17.490364257734434261
0.337000000000000188,-17.426607355022518675
0.338000000000000189,-17.360685963179633973
0.339000000000000190,-17.292732307093874766
0.340000000000000191,-17.222875901913891283
0.341000000000000192,-17.151243446482013155
0.342000000000000193,-17.077958727008255124
0.343000000000000194,-17.003142530748100114
0.344000000000000195,-16.926912569426612265
0.345000000000000195,-16.849383412135303217
0.346000000000000196,-16.770666427412528776
0.347000000000000197,-16.690869734206383868
0.348000000000000198,-16.610098161408348716
0.349000000000000199,-16.528453215637235019
0.350000000000000200,-16.446033056946859574
0.351000000000000201,-16.362932482125266631
0.352000000000000202,-16.279242915250218715
0.353000000000000203,-16.195052405163846032
0.354000000000000203,-16.110445629528392431
0.355000000000000204,-16.025503905125802362
0.356000000000000205,-15.940305204065742473
0.357000000000000206,-15.854924175569314215
0.358000000000000207,-15.769432172999326980
0.359000000000000208,-15.683897285812951949
0.360000000000000209,-15.598384376117618189
0.361000000000000210,-15.512955119517050306
0.362000000000000210,-15.427668049941214434
0.363000000000000211,-15.342578608160863496
0.364000000000000212,-15.257739193695138979
0.365000000000000213,-15.173199219828703121
0.366000000000000214,-15.089005171463208299
0.367000000000000215,-15.005200665536586158
0.368000000000000216,-14.921826513752657561
0.369000000000000217,-14.838920787372297028
0.370000000000000218,-14.756518883827061117
0.371000000000000218,-14.674653594925047173
0.372000000000000219,-14.593355176428326914
0.373000000000000220,-14.512651418790813551
0.374000000000000221,-14.432567718854372174
0.375000000000000222,-14.353127152310662495
0.376000000000000223,-14.274350546745324664
0.377000000000000224,-14.196256555090267071
0.378000000000000225,-14.118861729318794573
0.379000000000000226,-14.042180594227303914
0.380000000000000226,-13.966225721156011019
0.381000000000000227,-13.891007801509536179
0.382000000000000228,-13.816535719946978489
0.383000000000000229,-13.742816627118775941
0.384000000000000230,-13.669856011835960885
0.385000000000000231,-13.597657772565224121
0.386000000000000232,-13.526224288150359598
0.387000000000000233,-13.455556487668436816
0.388000000000000234,-13.385653919335661399
0.389000000000000234,-13.316514818385210006
0.390000000000000235,-13.248136173845287189
0.391000000000000236,-13.180513794152719953
0.392000000000000237,-13.113642371542761467
0.393000000000000238,-13.047515545162358563
0.394000000000000239,-12.982125962859047519
0.395000000000000240,-12.917465341603644902
0.396000000000000241,-12.853524526509582770
0.397000000000000242,-12.790293548416835634
0.398000000000000242,-12.727761680013088608
0.399000000000000243,-12.665917490469094986
0.400000000000000244,-12.604748898569436477
0.401000000000000245,-12.544243224324063135
0.402000000000000246,-12.484387239049421936
0.403000000000000247,-12.425167213911915809
0.404000000000000248,-12.366568966929493811
0.405000000000000249,-12.308577908430667236
0.406000000000000250,-12.251179084972836364
0.407000000000000250,-12.194357221724906992
0.408000000000000251,-12.138096763321655658
0.409000000000000252,-12.082381913199757406
0.410000000000000253,-12.027196671427535790
0.411000000000000254,-11.972524871042859118
0.412000000000000255,-11.918350212915191477
0.413000000000000256,-11.864656299149965335
0.414000000000000257,-11.811426665054680640
0.415000000000000258,-11.758644809688073352
0.416000000000000258,-11.706294225014644894
0.417000000000000259,-11.654358423688425006
0.418000000000000260,-11.602820965490712624
0.419000000000000261,-11.551665482447711852
0.420000000000000262,-11.500875702654683508
0.421000000000000263,-11.450435472834334050
0.422000000000000264,-11.400328779657376899
0.423000000000000265,-11.350539769854210093
0.424000000000000266,-11.301052769147034383
0.425000000000000266,-11.251852300031934817
0.426000000000000267,-11.202923098441065264
0.427000000000000268,-11.154250129315224527
0.428000000000000269,-11.105818601117139366
0.429000000000000270,-11.057613979316240460
0.430000000000000271,-11.009621998875299909
0.431000000000000272,-10.961828675769760721
0.432000000000000273,-10.914220317570135776
0.433000000000000274,-10.866783533118027805
0.434000000000000274,-10.819505241325927614
0.435000000000000275,-10.772372679130894468
0.436000000000000276,-10.725373408631966754
0.437000000000000277,-10.678495323440662546
0.438000000000000278,-10.631726654273901289
0.439000000000000279,-10.585055973818139563
0.440000000000000280,-10.538472200893075126
0.441000000000000281,-10.491964603943012335
0.442000000000000282,-10.445522803883539709
0.443000000000000282,-10.399136776330433207
0.444000000000000283,-10.352796853237691721
0.445000000000000284,-10.306493723970602261
0.446000000000000285,-10.260218435839606244
0.447000000000000286,-10.213962394120093435
0.448000000000000287,-10.167717361582496949
0.449000000000000288,-10.121475457556956101
0.450000000000000289,-10.075229156555753462
0.451000000000000290,-10.028971286476572544
0.452000000000000290,-9.982695026408867633
0.453000000000000291,-9.936393904064980021
0.454000000000000292,-9.890061792857345324
0.455000000000000293,-9.843692908642172057
0.456000000000000294,-9.797281806149776173
0.457000000000000295,-9.750823375120893033
0.458000000000000296,-9.704312836167833467
0.459000000000000297,-9.657745736378814172
0.460000000000000298,-9.611117944683055470
0.461000000000000298,-9.564425646993942820
0.462000000000000299,-9.517665341146694047
0.463000000000000300,-9.470833831646597645
0.464000000000000301,-9.423928224243312002
0.465000000000000302,-9.376945920346184238
0.466000000000000303,-9.329884611294861685
0.467000000000000304,-9.282742272499223901
0.468000000000000305,-9.235517157461853088
0.469000000000000306,-9.188207791695935711
0.470000000000000306,-9.140812966550974750
0.471000000000000307,-9.093331732957990354
0.472000000000000308,-9.045763395105844040
0.473000000000000309,-8.998107504059245088
0.474000000000000310,-8.950363851329143472
0.475000000000000311,-8.902532462405281066
0.476000000000000312,-8.854613590260592915
0.477000000000000313,-8.806607708836365234
0.478000000000000314,-8.758515506516991067
0.479000000000000314,-8.710337879602489508
0.480000000000000315,-8.662075925786631103
0.481000000000000316,-8.613730937648247377
0.482000000000000317,-8.565304396162643386
0.483000000000000318,-8.516797964239977148
0.484000000000000319,-8.468213480296848061
0.485000000000000320,-8.419552951867199653
0.486000000000000321,-8.370818549258144614
0.487000000000000322,-8.322012599256044751
0.488000000000000322,-8.273137578887855170
0.489000000000000323,-8.224196109242546626
0.490000000000000324,-8.175190949356879955
0.491000000000000325,-8.126124990169753204
0.492000000000000326,-8.077001248548889123
0.493000000000000327,-8.027822861393548948
0.494000000000000328,-7.978593079816443279
0.495000000000000329,-7.929315263408064141
0.496000000000000330,-7.879992874586075224
0.497000000000000330,-7.830629473032596266
0.498000000000000331,-7.781228710221407496
0.499000000000000332,-7.731794324037612576
0.500000000000000333,-7.682330133491407587
0.501000000000000334,-7.632840033527780399
0.502000000000000335,-7.583327989933765778
0.503000000000000336,-7.533798034344551198
0.504000000000000337,-7.484254259349637728
0.505000000000000338,-7.434700813700088062
0.506000000000000338,-7.385141897617748086
0.507000000000000339,-7.335581758207095682
0.508000000000000340,-7.286024684970304754
0.509000000000000341,-7.236475005426056484
0.510000000000000342,-7.186937080832151992
0.511000000000000343,-7.137415302012342977
0.512000000000000344,-7.087914085287209787
0.513000000000000345,-7.038437868509175743
0.514000000000000346,-6.988991107201428576
0.515000000000000346,-6.939578270800355497
0.516000000000000347,-6.890203839001268982
0.517000000000000348,-6.840872298206909008
0.518000000000000349,-6.791588138078017423
0.519000000000000350,-6.742355848185563438
0.520000000000000351,-6.693179914763698335
0.521000000000000352,-6.644064817562798098
0.522000000000000353,-6.595015026801621438
0.523000000000000353,-6.546035000217655053
0.524000000000000354,-6.497129180214810340
0.525000000000000355,-6.448301991107186382
0.526000000000000356,-6.399557836457992366
0.527000000000000357,-6.350901096512456157
0.528000000000000358,-6.302336125723383198
0.529000000000000359,-6.253867250368393194
0.530000000000000360,-6.205498766257296239
0.531000000000000361,-6.157234936528508840
0.532000000000000361,-6.109079989533072741
0.533000000000000362,-6.061038116804935427
0.534000000000000363,-6.013113471116136921
0.535000000000000364,-5.965310164615425848
0.536000000000000365,-5.917632267048945849
0.537000000000000366,-5.870083804061520638
0.538000000000000367,-5.822668755576978938
0.539000000000000368,-5.775391054256278522
0.540000000000000369,-5.728254584031615693
0.541000000000000369,-5.681263178715353135
0.542000000000000370,-5.634420620681987124
0.543000000000000371,-5.587730639621820927
0.544000000000000372,-5.541196911364765221
0.545000000000000373,-5.494823056772775161
0.546000000000000374,-5.448612640699343146
0.547000000000000375,-5.402569171014626193
0.548000000000000376,-5.356696097694667813
0.549000000000000377,-5.310996811973194731
0.550000000000000377,-5.265474645554460764
0.551000000000000378,-5.220132869885712346
0.552000000000000379,-5.174974695487782661
0.553000000000000380,-5.130003271342259197
0.554000000000000381,-5.085221684333847136
0.555000000000000382,-5.040632958746497749
0.556000000000000383,-4.996240055811682623
0.557000000000000384,-4.952045873307669765
0.558000000000000385,-4.908053245208090054
0.559000000000000385,-4.864264941378634965
0.560000000000000386,-4.820683667320340149
0.561000000000000387,-4.777312063958180310
0.562000000000000388,-4.734152707473567645
0.563000000000000389,-4.691208109179451746
0.564000000000000390,-4.648480715436694943
0.565000000000000391,-4.605972907610396128
0.566000000000000392,-4.563687002064929388
0.567000000000000393,-4.521625250196406931
0.568000000000000393,-4.479789838501311294
0.569000000000000394,-4.438182888680064941
0.570000000000000395,-4.396806457774427024
0.571000000000000396,-4.355662538337352174
0.572000000000000397,-4.314753058634344995
0.573000000000000398,-4.274079882874994851
0.574000000000000399,-4.233644811473710412
0.575000000000000400,-4.193449581338405174
0.576000000000000401,-4.153495866186167618
0.577000000000000401,-4.113785276884831532
0.578000000000000402,-4.074319361819315866
0.579000000000000403,-4.035099607281809497
0.580000000000000404,-3.996127437884793743
0.581000000000000405,-3.957404216995834112
0.582000000000000406,-3.918931247193294887
0.583000000000000407,-3.880709770741928022
0.584000000000000408,-3.842740970087518804
0.585000000000000409,-3.805025968369606826
0.586000000000000409,-3.767565829951430523
0.587000000000000410,-3.730361560966281242
0.588000000000000411,-3.693414109879325391
0.589000000000000412,-3.656724368064206310
0.590000000000000413,-3.620293170393481752
0.591000000000000414,-3.584121295842234822
0.592000000000000415,-3.548209468104082553
0.593000000000000416,-3.512558356218725031
0.594000000000000417,-3.477168575210441759
0.595000000000000417,-3.442040686736861144
0.596000000000000418,-3.407175199747065619
0.597000000000000419,-3.372572571148744203
0.598000000000000420,-3.338233206483374182
0.599000000000000421,-3.304157460609071340
0.600000000000000422,-3.270345638390330212
0.601000000000000423,-3.236797995394154803
0.602000000000000424,-3.203514738591935362
0.603000000000000425,-3.170496027066540989
0.604000000000000425,-3.137741972724085393
0.605000000000000426,-3.105252641009796477
0.606000000000000427,-3.073028051627577639
0.607000000000000428,-3.041068179262546689
0.608000000000000429,-3.009372954306409387
0.609000000000000430,-2.977942263584786087
0.610000000000000431,-2.946775951086457290
0.611000000000000432,-2.915873818693751396
0.612000000000000433,-2.885235626913824625
0.613000000000000433,-2.854861095610428112
0.614000000000000434,-2.824749904735697648
0.615000000000000435,-2.794901695061589031
0.616000000000000436,-2.765316068910644631
0.617000000000000437,-2.735992590885735876
0.618000000000000438,-2.706930788598374438
0.619000000000000439,-2.678130153395271051
0.620000000000000440,-2.649590141082935446
0.621000000000000441,-2.621310172649867098
0.622000000000000441,-2.593289634986134296
0.623000000000000442,-2.565527881600027538
0.624000000000000443,-2.538024233331505730
0.625000000000000444,-2.510777979062247756
0.626000000000000445,-2.483788376421922628
0.627000000000000446,-2.457054652490617386
0.628000000000000447,-2.430576004497024822
0.629000000000000448,-2.404351600512298681
0.630000000000000449,-2.378380580139306311
0.631000000000000449,-2.352662055197075386
0.632000000000000450,-2.327195110400315237
0.633000000000000451,-2.301978804033742332
0.634000000000000452,-2.277012168621090016
0.635000000000000453,-2.252294211588655060
0.636000000000000454,-2.227823915923163423
0.637000000000000455,-2.203600240823908596
0.638000000000000456,-2.179622122348896518
0.639000000000000457,-2.155888474055008608
0.640000000000000457,-2.132398187631952879
0.641000000000000458,-2.109150133529915649
0.642000000000000459,-2.086143161580883199
0.643000000000000460,-2.063376101613365599
0.644000000000000461,-2.040847764060638614
0.645000000000000462,-2.018556940562241664
0.646000000000000463,-1.996502404558727850
0.647000000000000464,-1.974682911879606761
0.648000000000000465,-1.953097201324383692
0.649000000000000465,-1.931743995236602895
0.650000000000000466,-1.910622000070929971
0.651000000000000467,-1.889729906953109495
0.652000000000000468,-1.869066392232842322
0.653000000000000469,-1.848630118029483738
0.654000000000000470,-1.828419732770572903
0.655000000000000471,-1.808433871723117203
0.656000000000000472,-1.788671157517636390
0.657000000000000473,-1.769130200664921215
0.658000000000000473,-1.749809600065533433
0.659000000000000474,-1.730707943511957225
0.660000000000000475,-1.711823808183495554
0.661000000000000476,-1.693155761133777304
0.662000000000000477,-1.674702359771014226
0.663000000000000478,-1.656462152330884452
0.664000000000000479,-1.638433678342169131
0.665000000000000480,-1.620615469084984328
0.666000000000000481,-1.603006048041852427
0.667000000000000481,-1.585603931341359019
0.668000000000000482,-1.568407628194692371
0.669000000000000483,-1.551415641324822126
0.670000000000000484,-1.534626467388549909
0.671000000000000485,-1.518038597391338840
0.672000000000000486,-1.501650517094982096
0.673000000000000487,-1.485460707418187365
0.674000000000000488,-1.469467644830015685
0.675000000000000488,-1.453669801736289235
0.676000000000000489,-1.438065646859025382
0.677000000000000490,-1.422653645608809914
0.678000000000000491,-1.407432260450315553
0.679000000000000492,-1.392399951260896440
0.680000000000000493,-1.377555175682332100
0.681000000000000494,-1.362896389465807712
0.682000000000000495,-1.348422046810112240
0.683000000000000496,-1.334130600693180124
0.684000000000000496,-1.320020503196958961
0.685000000000000497,-1.306090205825702233
0.686000000000000498,-1.292338159817738807
0.687000000000000499,-1.278762816450747630
0.688000000000000500,-1.265362627340609114
0.689000000000000501,-1.252136044733920484
0.690000000000000502,-1.239081521794191509
0.691000000000000503,-1.226197512881794349
0.692000000000000504,-1.213482473827732111
0.693000000000000504,-1.200934862201328057
0.694000000000000505,-1.188553137571780605
0.695000000000000506,-1.176335761763812382
0.696000000000000507,-1.164281199107331632
0.697000000000000508,-1.152387916681246960
0.698000000000000509,-1.140654384551509581
0.699000000000000510,-1.129079076003367543
0.700000000000000511,-1.117660467768018639
0.701000000000000512,-1.106397040243612517
0.702000000000000512,-1.095287277710746965
0.703000000000000513,-1.084329668542489689
0.704000000000000514,-1.073522705409008626
0.705000000000000515,-1.062864885476859866
0.706000000000000516,-1.052354710603028209
0.707000000000000517,-1.041990687523772108
0.708000000000000518,-1.031771328038309843
0.709000000000000519,-1.021695149187515694
0.710000000000000520,-1.011760673427546831
0.711000000000000520,-1.001966428798611863
0.712000000000000521,-0.992310949088853755
0.713000000000000522,-0.982792773993441893
0.714000000000000523,-0.973410449268991229
0.715000000000000524,-0.964162526883254656
0.716000000000000525,-0.955047565160326739
0.717000000000000526,-0.946064128921260461
0.718000000000000527,-0.937210789620258389
0.719000000000000528,-0.928486125476496560
0.720000000000000528,-0.919888721601641146
0.721000000000000529,-0.911417170123066223
0.722000000000000530,-0.903070070302977590
0.723000000000000531,-0.894846028653332182
0.724000000000000532,-0.886743659046775989
0.725000000000000533,-0.878761582823578413
0.726000000000000534,-0.870898428894622434
0.727000000000000535,-0.863152833840585165
0.728000000000000536,-0.855523442007287471
0.729000000000000536,-0.848008905597350093
0.730000000000000537,-0.840607884758175494
0.731000000000000538,-0.833319047666312818
0.732000000000000539,-0.826141070608316874
0.733000000000000540,-0.819072638058109148
0.734000000000000541,-0.812112442750932084
0.735000000000000542,-0.805259185753936846
0.736000000000000543,-0.798511576533512346
0.737000000000000544,-0.791868333019335124
0.738000000000000544,-0.785328181665294389
0.739000000000000545,-0.778889857507250594
0.740000000000000546,-0.772552104217785862
0.741000000000000547,-0.766313674157902525
0.742000000000000548,-0.760173328425863049
0.743000000000000549,-0.754129836903043582
0.744000000000000550,-0.748181978297019934
0.745000000000000551,-0.742328540181879215
0.746000000000000552,-0.736568319035792229
0.747000000000000552,-0.730900120275933762
0.748000000000000553,-0.725322758290784741
0.749000000000000554,-0.719835056469875223
0.750000000000000555,-0.714435847231047250
0.751000000000000556,-0.709123972045211493
0.752000000000000557,-0.703898281458780639
0.753000000000000558,-0.698757635113657516
0.754000000000000559,-0.693700901765009093
0.755000000000000560,-0.688726959296727448
0.756000000000000560,-0.683834694734737569
0.757000000000000561,-0.679023004258097806
0.758000000000000562,-0.674290793208033423
0.759000000000000563,-0.669636976094902803
0.760000000000000564,-0.665060476603144712
0.761000000000000565,-0.660560227594260030
0.762000000000000566,-0.656135171107875226
0.763000000000000567,-0.651784258360922686
0.764000000000000568,-0.647506449744988055
0.765000000000000568,-0.643300714821890662
0.766000000000000569,-0.639166032317473931
0.767000000000000570,-0.635101390113748776
0.768000000000000571,-0.631105785239297279
0.769000000000000572,-0.627178223858148920
0.770000000000000573,-0.623317721256989921
0.771000000000000574,-0.619523301830894324
0.772000000000000575,-0.615793999067509756
0.773000000000000576,-0.612128855529811999
0.774000000000000576,-0.608526922837407391
0.775000000000000577,-0.604987261646482422
0.776000000000000578,-0.601508941628357996
0.777000000000000579,-0.598091041446781491
0.778000000000000580,-0.594732648733890423
0.779000000000000581,-0.591432860064975197
0.780000000000000582,-0.588190780932006385
0.781000000000000583,-0.585005525716007280
0.782000000000000584,-0.581876217658277239
0.783000000000000584,-0.578801988830498604
0.784000000000000585,-0.575781980103802216
0.785000000000000586,-0.572815341116745813
0.786000000000000587,-0.569901230242323753
0.787000000000000588,-0.567038814553977644
0.788000000000000589,-0.564227269790637642
0.789000000000000590,-0.561465780320900887
0.790000000000000591,-0.558753539106260022
0.791000000000000592,-0.556089747663507161
0.792000000000000592,-0.553473616026297188
0.793000000000000593,-0.550904362705895601
0.794000000000000594,-0.548381214651162407
0.795000000000000595,-0.545903407207804170
0.796000000000000596,-0.543470184076833895
0.797000000000000597,-0.541080797272426639
0.798000000000000598,-0.538734507079030145
0.799000000000000599,-0.536430582007860868
0.800000000000000600,-0.534168298752777604
0.801000000000000600,-0.531946942145544499
0.802000000000000601,-0.529765805110525068
0.803000000000000602,-0.527624188618825762
0.804000000000000603,-0.525521401641914299
0.805000000000000604,-0.523456761104735602
0.806000000000000605,-0.521429591838303841
0.807000000000000606,-0.519439226531904774
0.808000000000000607,-0.517485005684784616
0.809000000000000608,-0.515566277557452324
0.810000000000000608,-0.513682398122597750
0.811000000000000609,-0.511832731015570808
0.812000000000000610,-0.510016647484571761
0.813000000000000611,-0.508233526340427733
0.814000000000000612,-0.506482753906100758
0.815000000000000613,-0.504763723965870215
0.816000000000000614,-0.503075837714206164
0.817000000000000615,-0.501418503704406104
0.818000000000000616,-0.499791137796963880
0.819000000000000616,-0.498193163107693515
0.820000000000000617,-0.496624009955637824
0.821000000000000618,-0.495083115810783625
0.822000000000000619,-0.493569925241585827
0.823000000000000620,-0.492083889862296009
0.824000000000000621,-0.490624468280155601
0.825000000000000622,-0.489191126042441748
0.826000000000000623,-0.487783335583383937
0.827000000000000624,-0.486400576170955223
0.828000000000000624,-0.485042333853575092
0.829000000000000625,-0.483708101406713165
0.830000000000000626,-0.482397378279426192
0.831000000000000627,-0.481109670540825873
0.832000000000000628,-0.479844490826515202
0.833000000000000629,-0.478601358284949985
0.834000000000000630,-0.477379798523809018
0.835000000000000631,-0.476179343556339951
0.836000000000000631,-0.474999531747689663
0.837000000000000632,-0.473839907761268164
0.838000000000000633,-0.472700022505098238
0.839000000000000634,-0.471579433078219867
0.840000000000000635,-0.470477702717136292
0.841000000000000636,-0.469394400742275342
0.842000000000000637,-0.468329102504560169
0.843000000000000638,-0.467281389332003805
0.844000000000000639,-0.466250848476404300
0.845000000000000639,-0.465237073060125905
0.846000000000000640,-0.464239662022957411
0.847000000000000641,-0.463258220069114934
0.848000000000000642,-0.462292357614299820
0.849000000000000643,-0.461341690732919474
0.850000000000000644,-0.460405841105434532
0.851000000000000645,-0.459484435965802462
0.852000000000000646,-0.458577108049119719
0.853000000000000647,-0.457683495539365937
0.854000000000000647,-0.456803242017327360
0.855000000000000648,-0.455935996408682098
0.856000000000000649,-0.455081412932258178
0.857000000000000650,-0.454239151048456524
0.858000000000000651,-0.453408875407859457
0.859000000000000652,-0.452590255800034424
0.860000000000000653,-0.451782967102536570
0.861000000000000654,-0.450986689230081339
0.862000000000000655,-0.450201107083967156
0.863000000000000655,-0.449425910501659920
0.864000000000000656,-0.448660794206638791
0.865000000000000657,-0.447905457758416947
0.866000000000000658,-0.447159605502826463
0.867000000000000659,-0.446422946522515296
0.868000000000000660,-0.445695194587666876
0.869000000000000661,-0.444976068106971545
0.870000000000000662,-0.444265290078843134
0.871000000000000663,-0.443562588042875017
0.872000000000000663,-0.442867694031534032
0.873000000000000664,-0.442180344522132951
0.874000000000000665,-0.441500280389030941
0.875000000000000666,-0.440827246856123733
0.876000000000000667,-0.440160993449567273
0.877000000000000668,-0.439501273950788196
0.878000000000000669,-0.438847846349760817
0.879000000000000670,-0.438200472798534857
0.880000000000000671,-0.437558919565076920
0.881000000000000671,-0.436922956987341238
0.882000000000000672,-0.436292359427665921
0.883000000000000673,-0.435666905227417189
0.884000000000000674,-0.435046376661936296
0.885000000000000675,-0.434430559895756463
0.886000000000000676,-0.433819244938129345
0.887000000000000677,-0.433212225598819778
0.888000000000000678,-0.432609299444198403
0.889000000000000679,-0.432010267753639154
0.890000000000000679,-0.431414935476196859
0.891000000000000680,-0.430823111187586705
0.892000000000000681,-0.430234607047460305
0.893000000000000682,-0.429649238756982854
0.894000000000000683,-0.429066825516697559
0.895000000000000684,-0.428487189984717964
0.896000000000000685,-0.427910158235191962
0.897000000000000686,-0.427335559717082591
0.898000000000000687,-0.426763227213264429
0.899000000000000687,-0.426192996799892199
0.900000000000000688,-0.425624707806109004
0.901000000000000689,-0.425058202774033667
0.902000000000000690,-0.424493327419073474
0.903000000000000691,-0.423929930590527415
0.904000000000000692,-0.423367864232509938
0.905000000000000693,-0.422806983345162979
0.906000000000000694,-0.422247145946209379
0.907000000000000695,-0.421688213032760495
0.908000000000000695,-0.421130048543490232
0.909000000000000696,-0.420572519321068594
0.910000000000000697,-0.420015495074934908
0.911000000000000698,-0.419458848344356816
0.912000000000000699,-0.418902454461806240
0.913000000000000700,-0.418346191516650368
0.914000000000000701,-0.417789940319116204
0.915000000000000702,-0.417233584364614107
0.916000000000000703,-0.416677009798310127
0.917000000000000703,-0.416120105380048344
0.918000000000000704,-0.415562762449553702
0.919000000000000705,-0.415004874891942432
0.920000000000000706,-0.414446339103546557
0.921000000000000707,-0.413887053958025053
0.922000000000000708,-0.413326920772790263
0.923000000000000709,-0.412765843275738231
0.924000000000000710,-0.412203727572258427
0.925000000000000711,-0.411640482112569039
0.926000000000000711,-0.411076017659334714
0.927000000000000712,-0.410510247255591931
0.928000000000000713,-0.409943086192961936
0.929000000000000714,-0.409374451980174137
0.930000000000000715,-0.408804264311863896
0.931000000000000716,-0.408232445037684244
0.932000000000000717,-0.407658918131704240
0.933000000000000718,-0.407083609662090562
0.934000000000000719,-0.406506447761091849
0.935000000000000719,-0.405927362595313368
0.936000000000000720,-0.405346286336261907
0.937000000000000721,-0.404763153131200759
0.938000000000000722,-0.404177899074281644
0.939000000000000723,-0.403590462177950304
0.940000000000000724,-0.403000782344658859
0.941000000000000725,-0.402408801338831890
0.942000000000000726,-0.401814462759146895
0.943000000000000727,-0.401217712011054606
0.944000000000000727,-0.400618496279614766
0.945000000000000728,-0.400016764502589328
0.946000000000000729,-0.399412467343801758
0.947000000000000730,-0.398805557166795221
0.948000000000000731,-0.398195988008738400
0.949000000000000732,-0.397583715554623462
0.950000000000000733,-0.396968697111707181
0.951000000000000734,-0.396350891584258680
0.952000000000000735,-0.395730259448527633
0.953000000000000735,-0.395106762728004490
0.954000000000000736,-0.394480364968945341
0.955000000000000737,-0.393851031216145064
0.956000000000000738,-0.393218727988979055
0.957000000000000739,-0.392583423257696962
0.958000000000000740,-0.391945086419983046
0.959000000000000741,-0.391303688277756190
0.960000000000000742,-0.390659201014242563
0.961000000000000743,-0.390011598171281615
0.962000000000000743,-0.389360854626891850
0.963000000000000744,-0.388706946573080248
0.964000000000000745,-0.388049851493915576
0.965000000000000746,-0.387389548143813989
0.966000000000000747,-0.386726016526098837
0.967000000000000748,-0.386059237871779204
0.968000000000000749,-0.385389194618598441
0.969000000000000750,-0.384715870390276715
0.970000000000000751,-0.384039249976041774
0.971000000000000751,-0.383359319310343172
0.972000000000000752,-0.382676065452834835
0.973000000000000753,-0.381989476568590780
0.974000000000000754,-0.381299541908518558
0.975000000000000755,-0.380606251790032102
0.976000000000000756,-0.379909597577940239
0.977000000000000757,-0.379209571665553746
0.978000000000000758,-0.378506167456018061
0.979000000000000759,-0.377799379343888575
0.980000000000000759,-0.377089202696879178
0.981000000000000760,-0.376375633837873591
0.982000000000000761,-0.375658670027137487
0.983000000000000762,-0.374938309444728168
0.984000000000000763,-0.374214551173137067
0.985000000000000764,-0.373487395180146453
0.986000000000000765,-0.372756842301872005
0.987000000000000766,-0.372022894226030021
0.988000000000000766,-0.371285553475406149
0.989000000000000767,-0.370544823391538158
0.990000000000000768,-0.369800708118581900
0.991000000000000769,-0.369053212587384105
0.992000000000000770,-0.368302342499760571
0.993000000000000771,-0.367548104312977630
0.994000000000000772,-0.366790505224400432
0.995000000000000773,-0.366029553156372978
0.996000000000000774,-0.365265256741256372
0.997000000000000774,-0.364497625306679174
0.998000000000000775,-0.363726668860969049
0.999000000000000776,-0.362952398078767502
1.000000000000000666,-0.362174824286838726
1.001000000000000778,-0.361393959450055258
1.002000000000000668,-0.360609816157569374
1.003000000000000780,-0.359822407609158457
1.004000000000000670,-0.359031747601757822
1.005000000000000782,-0.358237850516168632
1.006000000000000671,-0.357440731303937997
1.007000000000000783,-0.356640405474406674
1.008000000000000673,-0.355836889081949104
1.009000000000000785,-0.355030198713358836
1.010000000000000675,-0.354220351475425577
1.011000000000000787,-0.353407364982657790
1.012000000000000677,-0.352591257345198139
1.013000000000000789,-0.351772047156876322
1.014000000000000679,-0.350949753483429328
1.015000000000000790,-0.350124395850907710
1.016000000000000680,-0.349295994234212370
1.017000000000000792,-0.348464569045795258
1.018000000000000682,-0.347630141124527892
1.019000000000000794,-0.346792731724713366
1.020000000000000684,-0.345952362505259514
1.021000000000000796,-0.345109055518997176
1.022000000000000686,-0.344262833202151841
1.023000000000000798,-0.343413718363964893
1.024000000000000687,-0.342561734176457078
1.025000000000000799,-0.341706904164350012
1.026000000000000689,-0.340849252195115582
1.027000000000000801,-0.339988802469177009
1.028000000000000691,-0.339125579510258235
1.029000000000000803,-0.338259608155852820
1.030000000000000693,-0.337390913547851834
1.031000000000000805,-0.336519521123303522
1.032000000000000695,-0.335645456605291215
1.033000000000000806,-0.334768745993981598
1.034000000000000696,-0.333889415557765301
1.035000000000000808,-0.333007491824554469
1.036000000000000698,-0.332123001573197796
1.037000000000000810,-0.331235971825051212
1.038000000000000700,-0.330346429835622069
1.039000000000000812,-0.329454403086389680
1.040000000000000702,-0.328559919276733337
1.041000000000000814,-0.327663006315978611
1.042000000000000703,-0.326763692315560406
1.043000000000000815,-0.325862005581326719
1.044000000000000705,-0.324957974605951605
1.045000000000000817,-0.324051628061444441
1.046000000000000707,-0.323142994791818183
1.047000000000000819,-0.322232103805842107
1.048000000000000709,-0.321318984269908126
1.049000000000000821,-0.320403665501033552
1.050000000000000711,-0.319486176959940582
1.051000000000000822,-0.318566548244288650
1.052000000000000712,-0.317644809081973400
1.053000000000000824,-0.316720989324559554
1.054000000000000714,-0.315795118940813691
1.055000000000000826,-0.314867228010341449
1.056000000000000716,-0.313937346717331978
1.057000000000000828,-0.313005505344392865
1.058000000000000718,-0.312071734266509027
1.059000000000000830,-0.311136063945077701
1.060000000000000719,-0.310198524922067231
1.061000000000000831,-0.309259147814248680
1.062000000000000721,-0.308317963307543352
1.063000000000000833,-0.307375002151467125
1.064000000000000723,-0.306430295153647447
1.065000000000000835,-0.305483873174461129
1.066000000000000725,-0.304535767121755396
1.067000000000000837,-0.303586007945638392
1.068000000000000727,-0.302634626633407899
1.069000000000000838,-0.301681654204514815
1.070000000000000728,-0.300727121705658629
1.071000000000000840,-0.299771060205945461
1.072000000000000730,-0.298813500792142361
1.073000000000000842,-0.297854474564012817
1.074000000000000732,-0.296894012629731252
1.075000000000000844,-0.295932146101396287
1.076000000000000734,-0.294968906090612770
1.077000000000000846,-0.294004323704153525
1.078000000000000735,-0.293038430039714970
1.079000000000000847,-0.292071256181731076
1.080000000000000737,-0.291102833197293354
1.081000000000000849,-0.290133192132112250
1.082000000000000739,-0.289162364006588513
1.083000000000000851,-0.288190379811938957
1.084000000000000741,-0.287217270506407829
1.085000000000000853,-0.286243067011537122
1.086000000000000743,-0.285267800208526101
1.087000000000000854,-0.284291500934651720
1.088000000000000744,-0.283314199979769643
1.089000000000000856,-0.282335928082861898
1.090000000000000746,-0.281356715928679668
1.091000000000000858,-0.280376594144449098
1.092000000000000748,-0.279395593296623723
1.093000000000000860,-0.278413743887731935
1.094000000000000750,-0.277431076353260253
1.095000000000000862,-0.276447621058629078
1.096000000000000751,-0.275463408296218071
1.097000000000000863,-0.274478468282441046
1.098000000000000753,-0.273492831154914851
1.099000000000000865,-0.272506526969665430
1.100000000000000755,-0.271519585698391519
1.101000000000000867,-0.270532037225804600
1.102000000000000757,-0.269543911347019938
1.103000000000000869,-0.268555237765007337
1.104000000000000759,-0.267566046088078546
1.105000000000000870,-0.266576365827477180
1.106000000000000760,-0.265586226394968539
1.107000000000000872,-0.264595657100530679
1.108000000000000762,-0.263604687150075734
1.109000000000000874,-0.262613345643224194
1.110000000000000764,-0.261621661571143971
1.111000000000000876,-0.260629663814425538
1.112000000000000766,-0.259637381141027801
1.113000000000000878,-0.258644842204255820
1.114000000000000767,-0.257652075540802827
1.115000000000000879,-0.256659109568823596
1.116000000000000769,-0.255665972586081480
1.117000000000000881,-0.254672692768116271
1.118000000000000771,-0.253679298166479772
1.119000000000000883,-0.252685816707005517
1.120000000000000773,-0.251692276188134445
1.121000000000000885,-0.250698704279268270
1.122000000000000774,-0.249705128519187719
1.123000000000000886,-0.248711576314501193
1.124000000000000776,-0.247718074938148514
1.125000000000000888,-0.246724651527921779
1.126000000000000778,-0.245731333085060566
1.127000000000000890,-0.244738146472878337
1.128000000000000780,-0.243745118415401002
1.129000000000000892,-0.242752275496092851
1.130000000000000782,-0.241759644156588654
1.131000000000000894,-0.240767250695471613
1.132000000000000783,-0.239775121267097380
1.133000000000000895,-0.238783281880454445
1.134000000000000785,-0.237791758398038816
1.135000000000000897,-0.236800576534815288
1.136000000000000787,-0.235809761857154021
1.137000000000000899,-0.234819339781854181
1.138000000000000789,-0.233829335575163666
1.139000000000000901,-0.232839774351871531
1.140000000000000790,-0.231850681074397380
1.141000000000000902,-0.230862080551926141
1.142000000000000792,-0.229873997439600908
1.143000000000000904,-0.228886456237705482
1.144000000000000794,-0.227899481290920303
1.145000000000000906,-0.226913096787562496
1.146000000000000796,-0.225927326758917996
1.147000000000000908,-0.224942195078543128
1.148000000000000798,-0.223957725461638141
1.149000000000000909,-0.222973941464430725
1.150000000000000799,-0.221990866483586569
1.151000000000000689,-0.221008523755667291
1.152000000000000801,-0.220026936356597341
1.153000000000000913,-0.219046127201165675
1.154000000000000803,-0.218066119042554851
1.155000000000000693,-0.217086934471889759
1.156000000000000805,-0.216108595917836821
1.157000000000000917,-0.215131125646186389
1.158000000000000806,-0.214154545759507708
1.159000000000000696,-0.213178878196792765
1.160000000000000808,-0.212204144733141586
1.161000000000000920,-0.211230366979469425
1.162000000000000810,-0.210257566382241412
1.163000000000000700,-0.209285764223215487
1.164000000000000812,-0.208314981619229567
1.165000000000000924,-0.207345239521988411
1.166000000000000814,-0.206376558717900588
1.167000000000000703,-0.205408959827903692
1.168000000000000815,-0.204442463307344058
1.169000000000000927,-0.203477089445849385
1.170000000000000817,-0.202512858367246806
1.171000000000000707,-0.201549790029473097
1.172000000000000819,-0.200587904224540869
1.173000000000000931,-0.199627220578487835
1.174000000000000821,-0.198667758551366674
1.175000000000000711,-0.197709537437251948
1.176000000000000822,-0.196752576364262521
1.177000000000000934,-0.195796894294594542
1.178000000000000824,-0.194842510024591659
1.179000000000000714,-0.193889442184807193
1.180000000000000826,-0.192937709240112942
1.181000000000000938,-0.191987329489793634
1.182000000000000828,-0.191038321067684536
1.183000000000000718,-0.190090701942312978
1.184000000000000830,-0.189144489917054515
1.185000000000000941,-0.188199702630300975
1.186000000000000831,-0.187256357555667108
1.187000000000000721,-0.186314472002178266
1.188000000000000833,-0.185374063114503773
1.189000000000000945,-0.184435147873181049
1.190000000000000835,-0.183497743094872767
1.191000000000000725,-0.182561865432612214
1.192000000000000837,-0.181627531376109902
1.193000000000000949,-0.180694757252004762
1.194000000000000838,-0.179763559224200897
1.195000000000000728,-0.178833953294156051
1.196000000000000840,-0.177905955301226743
1.197000000000000952,-0.176979580923003449
1.198000000000000842,-0.176054845675655797
1.199000000000000732,-0.175131764914309429
1.200000000000000844,-0.174210353833402498
1.201000000000000956,-0.173290627467093450
1.202000000000000846,-0.172372600689642497
1.203000000000000735,-0.171456288215831559
1.204000000000000847,-0.170541704601365335
1.205000000000000959,-0.169628864243330402
1.206000000000000849,-0.168717781380603643
1.207000000000000739,-0.167808470094316792
1.208000000000000851,-0.166900944308316757
1.209000000000000963,-0.165995217789628585
1.210000000000000853,-0.165091304148935886
1.211000000000000743,-0.164189216841061525
1.212000000000000854,-0.163288969165472947
1.213000000000000966,-0.162390574266775778
1.214000000000000856,-0.161494045135238684
1.215000000000000746,-0.160599394607293083
1.216000000000000858,-0.159706635366086674
1.217000000000000970,-0.158815779942000523
1.218000000000000860,-0.157926840713198097
1.219000000000000750,-0.157039829906182482
1.220000000000000862,-0.156154759596345644
1.221000000000000973,-0.155271641708535857
1.222000000000000863,-0.154390488017638966
1.223000000000000753,-0.153511310149139241
1.224000000000000865,-0.152634119579721672
1.225000000000000977,-0.151758927637856644
1.226000000000000867,-0.150885745504393237
1.227000000000000757,-0.150014584213169905
1.228000000000000869,-0.149145454651613718
1.229000000000000981,-0.148278367561377494
1.230000000000000870,-0.147413333538926578
1.231000000000000760,-0.146550363036191011
1.232000000000000872,-0.145689466361191455
1.233000000000000984,-0.144830653678661880
1.234000000000000874,-0.143973935010707516
1.235000000000000764,-0.143119320237435926
1.236000000000000876,-0.142266819097614711
1.237000000000000988,-0.141416441189320535
1.238000000000000878,-0.140568195970606935
1.239000000000000767,-0.139722092760152100
1.240000000000000879,-0.138878140737936639
1.241000000000000991,-0.138036348945909659
1.242000000000000881,-0.137196726288660753
1.243000000000000771,-0.136359281534101873
1.244000000000000883,-0.135524023314139208
1.245000000000000995,-0.134690960125372267
1.246000000000000885,-0.133860100329765169
1.247000000000000774,-0.133031452155345009
1.248000000000000886,-0.132205023696891966
1.249000000000000998,-0.131380822916637524
1.250000000000000888,-0.130558857644964610
1.251000000000000778,-0.129739135581100784
1.252000000000000890,-0.128921664293828619
1.253000000000001002,-0.128106451222184725
1.254000000000000892,-0.127293503676180919
1.255000000000000782,-0.126482828837497951
1.256000000000000894,-0.125674433760204096
1.257000000000001005,-0.124868325371473521
1.258000000000000895,-0.124064510472297232
1.259000000000000785,-0.123262995738198169
1.260000000000000897,-0.122463787719952366
1.261000000000001009,-0.121666892844314201
1.262000000000000899,-0.120872317414725899
1.263000000000000789,-0.120080067612051505
1.264000000000000901,-0.119290149495297412
1.265000000000001013,-0.118502569002333843
1.266000000000000902,-0.117717331950625198
1.267000000000000792,-0.116934444037955859
1.268000000000000904,-0.116153910843157099
1.269000000000001016,-0.115375737826832594
1.270000000000000906,-0.114599930332099170
1.271000000000000796,-0.113826493585300351
1.272000000000000908,-0.113055432696744645
1.273000000000001020,-0.112286752661437658
1.274000000000000909,-0.111520458359811947
1.275000000000000799,-0.110756554558449016
1.276000000000000911,-0.109995045910827469
1.277000000000001023,-0.109235936958036545
1.278000000000000913,-0.108479232129519668
1.279000000000000803,-0.107724935743796449
1.280000000000000915,-0.106973052009208119
1.281000000000001027,-0.106223585024622744
1.282000000000000917,-0.105476538780193363
1.283000000000000806,-0.104731917158070204
1.284000000000000918,-0.103989723933138836
1.285000000000001030,-0.103249962773741183
1.286000000000000920,-0.102512637242414037
1.287000000000000810,-0.101777750796606586
1.288000000000000922,-0.101045306789420586
1.289000000000001034,-0.100315308470322953
1.290000000000000924,-0.099587758985875838
1.291000000000000814,-0.098862661380471034
1.292000000000000925,-0.098140018597037623
1.293000000000001037,-0.097419833477780882
1.294000000000000927,-0.096702108764892686
1.295000000000000817,-0.095986847101276279
1.296000000000000929,-0.095274051031267709
1.297000000000001041,-0.094563723001349145
1.298000000000000931,-0.093855865360874868
1.299000000000000821,-0.093150480362780230
1.300000000000000933,-0.092447570164295487
1.301000000000001044,-0.091747136827664305
1.302000000000000934,-0.091049182320850075
1.303000000000000824,-0.090353708518256581
1.304000000000000936,-0.089660717201418688
1.305000000000001048,-0.088970210059727634
1.306000000000000938,-0.088282188691131969
1.307000000000000828,-0.087596654602830754
1.308000000000000940,-0.086913609211986403
1.309000000000001052,-0.086233053846430402
1.310000000000000941,-0.085554989745348614
1.311000000000000831,-0.084879418059985223
1.312000000000000943,-0.084206339854332624
1.313000000000001055,-0.083535756105842740
1.314000000000000945,-0.082867667706092912
1.315000000000000835,-0.082202075461491872
1.316000000000000947,-0.081538980093960878
1.317000000000001059,-0.080878382241626773
1.318000000000000949,-0.080220282459490463
1.319000000000000838,-0.079564681220128372
1.320000000000000950,-0.078911578914354658
1.321000000000001062,-0.078260975851902406
1.322000000000000952,-0.077612872262106586
1.323000000000000842,-0.076967268294565100
1.324000000000000954,-0.076324164019821700
1.325000000000001066,-0.075683559430018171
1.326000000000000956,-0.075045454439579579
1.327000000000000846,-0.074409848885857680
1.328000000000000957,-0.073776742529812867
1.329000000000001069,-0.073146135056652559
1.330000000000000959,-0.072518026076506481
1.331000000000000849,-0.071892415125068471
1.332000000000000961,-0.071269301664249413
1.333000000000001073,-0.070648685082830662
1.334000000000000963,-0.070030564697113232
1.335000000000000853,-0.069414939751550067
1.336000000000000965,-0.068801809419402102
1.337000000000001076,-0.068191172803369865
1.338000000000000966,-0.067583028936229347
1.339000000000000856,-0.066977376781472461
1.340000000000000968,-0.066374215233931042
1.341000000000001080,-0.065773543120408576
1.342000000000000970,-0.065175359200310840
1.343000000000000860,-0.064579662166262777
1.344000000000000972,-0.063986450644732462
1.345000000000001084,-0.063395723196654943
1.346000000000000973,-0.062807478318038942
1.347000000000000863,-0.062221714440583088
1.348000000000000975,-0.061638429932286930
1.349000000000001087,-0.061057623098060586
1.350000000000000977,-0.060479292180326313
1.351000000000000867,-0.059903435359625681
1.352000000000000979,-0.059330050755204103
1.353000000000001091,-0.058759136425630409
1.354000000000000981,-0.058190690369375998
1.355000000000000870,-0.057624710525403175
1.356000000000000982,-0.057061194773762348
1.357000000000001094,-0.056500140936175648
1.358000000000000984,-0.055941546776615857
1.359000000000000874,-0.055385410001886515
1.360000000000000986,-0.054831728262201763
1.361000000000001098,-0.054280499151762474
1.362000000000000988,-0.053731720209318379
1.363000000000000878,-0.053185388918743845
1.364000000000000989,-0.052641502709607345
1.365000000000001101,-0.052100058957722274
1.366000000000000991,-0.051561054985713964
1.367000000000000881,-0.051024488063578913
1.368000000000000993,-0.050490355409232600
1.369000000000001105,-0.049958654189067621
1.370000000000000995,-0.049429381518494520
1.371000000000000885,-0.048902534462490529
1.372000000000000997,-0.048378110036145359
1.373000000000001108,-0.047856105205200734
1.374000000000000998,-0.047336516886570479
1.375000000000000888,-0.046819341948905066
1.376000000000001000,-0.046304577213093875
1.377000000000001112,-0.045792219452810881
1.378000000000001002,-0.045282265395030115
1.379000000000000892,-0.044774711720551585
1.380000000000001004,-0.044269555064520134
1.381000000000001116,-0.043766792016944903
1.382000000000001005,-0.043266419123205294
1.383000000000000895,-0.042768432884567296
1.384000000000001007,-0.042272829758688728
1.385000000000001119,-0.041779606160126645
1.386000000000001009,-0.041288758460836766
1.387000000000000899,-0.040800282990666972
1.388000000000001011,-0.040314176037872219
1.389000000000001123,-0.039830433849579468
1.390000000000001013,-0.039349052632300333
1.391000000000000902,-0.038870028552408606
1.392000000000001014,-0.038393357736626256
1.393000000000001126,-0.037919036272503856
1.394000000000001016,-0.037447060208904689
1.395000000000000906,-0.036977425556472425
1.396000000000001018,-0.036510128288104841
1.397000000000001130,-0.036045164339429843
1.398000000000001020,-0.035582529609268373
1.399000000000000909,-0.035122219960097803
1.400000000000001021,-0.034664231218510991
1.401000000000001133,-0.034208559175685035
1.402000000000001023,-0.033755199587821152
1.403000000000000913,-0.033304148176607727
1.404000000000001025,-0.032855400629671613
1.405000000000001137,-0.032408952601014215
1.406000000000001027,-0.031964799711465368
1.407000000000000917,-0.031522937549125232
1.408000000000001029,-0.031083361669790078
1.409000000000001140,-0.030646067597404746
1.410000000000001030,-0.030211050824480723
1.411000000000000920,-0.029778306812535127
1.412000000000001032,-0.029347830992513257
1.413000000000001144,-0.028919618765215583
1.414000000000001034,-0.028493665501716708
1.415000000000000924,-0.028069966543782538
1.416000000000001036,-0.027648517204293531
1.417000000000001148,-0.027229312767650671
1.418000000000001037,-0.026812348490186509
1.419000000000000927,-0.026397619600573203
1.420000000000001039,-0.025985121300228908
1.421000000000001151,-0.025574848763719255
1.422000000000001041,-0.025166797139157093
1.423000000000000931,-0.024760961548593224
1.424000000000001043,-0.024357337088418245
1.425000000000001155,-0.023955918829748995
1.426000000000001044,-0.023556701818817378
1.427000000000000934,-0.023159681077358690
1.428000000000001046,-0.022764851602990112
1.429000000000001158,-0.022372208369590037
1.430000000000001048,-0.021981746327684196
1.431000000000000938,-0.021593460404810038
1.432000000000001050,-0.021207345505896862
1.433000000000001162,-0.020823396513630823
1.434000000000001052,-0.020441608288820450
1.435000000000000941,-0.020061975670768929
1.436000000000001053,-0.019684493477624677
1.437000000000001165,-0.019309156506745688
1.438000000000001055,-0.018935959535060859
1.439000000000000945,-0.018564897319414152
1.440000000000001057,-0.018195964596923665
1.441000000000001169,-0.017829156085321742
1.442000000000001059,-0.017464466483309380
1.443000000000000949,-0.017101890470897819
1.444000000000001060,-0.016741422709745067
1.445000000000001172,-0.016383057843494812
1.446000000000001062,-0.016026790498121050
1.447000000000000952,-0.015672615282246831
1.448000000000001064,-0.015320526787486860
1.449000000000001176,-0.014970519588774937
1.450000000000001066,-0.014622588244677683
1.451000000000000956,-0.014276727297731473
1.452000000000001068,-0.013932931274758090
1.453000000000001180,-0.013591194687180614
1.454000000000001069,-0.013251512031343702
1.455000000000000959,-0.012913877788822931
1.456000000000001071,-0.012578286426735735
1.457000000000001183,-0.012244732398057411
1.458000000000001073,-0.011913210141919000
1.459000000000000963,-0.011583714083907758
1.460000000000001075,-0.011256238636381597
1.461000000000001187,-0.010930778198752756
1.462000000000001076,-0.010607327157802039
1.463000000000000966,-0.010285879887954045
1.464000000000001078,-0.009966430751579106
1.465000000000001190,-0.009648974099286927
1.466000000000001080,-0.009333504270200795
1.467000000000000970,-0.009020015592253168
1.468000000000001082,-0.008708502382465845
1.469000000000001194,-0.008398958947225307
1.470000000000001084,-0.008091379582567348
1.471000000000000973,-0.007785758574445761
1.472000000000001085,-0.007482090199013839
1.473000000000001197,-0.007180368722889243
1.474000000000001087,-0.006880588403424831
1.475000000000000977,-0.006582743488970202
1.476000000000001089,-0.006286828219148337
1.477000000000001201,-0.005992836825107628
1.478000000000001091,-0.005700763529780581
1.479000000000000981,-0.005410602548151184
1.480000000000001092,-0.005122348087498508
1.481000000000001204,-0.004835994347660895
1.482000000000001094,-0.004551535521279283
1.483000000000000984,-0.004268965794053628
1.484000000000001096,-0.003988279344984489
1.485000000000001208,-0.003709470346612170
1.486000000000001098,-0.003432532965276356
1.487000000000000988,-0.003157461361341158
1.488000000000001100,-0.002884249689437127
1.489000000000001211,-0.002612892098705209
1.490000000000001101,-0.002343382733021893
1.491000000000000991,-0.002075715731233280
1.492000000000001103,-0.001809885227392106
1.493000000000001215,-0.001545885350977273
1.494000000000001105,-0.001283710227123673
1.495000000000000995,-0.001023353976846918
1.496000000000001107,-0.000764810717265078
1.497000000000001219,-0.000508074561816808
1.498000000000001108,-0.000253139620484115
1.499000000000000998,0.000000000000000000
