# AuFCC110UCD_MAS-AC
# h[nm],U(h)[kJ/mol]
0.149999999999999994,121.305421283459892834
0.150999999999999995,118.122369867010974076
0.151999999999999996,115.985082645493804421
0.152999999999999997,114.136378494144352658
0.153999999999999998,112.279048656506191151
0.154999999999999999,110.339297494063160343
0.156000000000000000,108.336596950044253163
0.157000000000000001,106.316898086865720074
0.158000000000000002,104.322167671791291355
0.159000000000000002,102.379658844396857376
0.160000000000000003,100.501029391894846299
0.161000000000000004,98.685649590798789177
0.162000000000000005,96.925048325307301411
0.163000000000000006,95.207005773320588560
0.164000000000000007,93.518696076848613075
0.165000000000000008,91.848766210204388472
0.166000000000000009,90.188471595503216349
0.167000000000000010,88.532079634925395339
0.168000000000000010,86.876764780971470259
0.169000000000000011,85.222192938722614031
0.170000000000000012,83.569952239906868385
0.171000000000000013,81.922944449166166692
0.172000000000000014,80.284812924888314001
0.173000000000000015,78.659451802194638503
0.174000000000000016,77.050617378532166413
0.175000000000000017,75.461645929779379571
0.176000000000000018,73.895271245085410783
0.177000000000000018,72.353528794415780112
0.178000000000000019,70.837730456050280736
0.179000000000000020,69.348493115393722519
0.180000000000000021,67.885805376751221729
0.181000000000000022,66.449118470071084630
0.182000000000000023,65.037449717025310747
0.183000000000000024,63.649489317688960455
0.184000000000000025,62.283703515094074987
0.185000000000000026,60.938429260445410307
0.186000000000000026,59.611957270181662238
0.187000000000000027,58.302601815108310745
0.188000000000000028,57.008756718840778888
0.189000000000000029,55.728937893429439043
0.190000000000000030,54.461813339933108580
0.191000000000000031,53.206221930607668469
0.192000000000000032,51.961182507130978081
0.193000000000000033,50.725894913282971288
0.194000000000000034,49.499734564216979038
0.195000000000000034,48.282242066731072327
0.196000000000000035,47.073109269822452916
0.197000000000000036,45.872162961699821437
0.198000000000000037,44.679347253526621842
0.199000000000000038,43.494705512923466983
0.200000000000000039,42.318362539946328127
0.201000000000000040,41.150507520500084979
0.202000000000000041,39.991378150442265849
0.203000000000000042,38.841246199799805083
0.204000000000000042,37.700404681106633120
0.205000000000000043,36.569156698491291024
0.206000000000000044,35.447805983759174353
0.207000000000000045,34.336649070871196443
0.208000000000000046,33.235969019213285947
0.209000000000000047,32.146030567074845408
0.210000000000000048,31.067076577999785059
0.211000000000000049,29.999325632405252406
0.212000000000000050,28.942970613459443996
0.213000000000000050,27.898178138212536226
0.214000000000000051,26.865088691076572047
0.215000000000000052,25.843817325832429077
0.216000000000000053,24.834454813442896182
0.217000000000000054,23.837069125275085923
0.218000000000000055,22.851707154233508845
0.219000000000000056,21.878396589263921612
0.220000000000000057,20.917147871303647833
0.221000000000000058,19.967956170741935296
0.222000000000000058,19.030803337592274715
0.223000000000000059,18.105659785745224610
0.224000000000000060,17.192486281779387980
0.225000000000000061,16.291235616837113298
0.226000000000000062,15.401854147028222641
0.227000000000000063,14.524283193747072218
0.228000000000000064,13.658460300236047402
0.229000000000000065,12.804320344771479512
0.230000000000000066,11.961796514073247621
0.231000000000000066,11.130821143026690123
0.232000000000000067,10.311326428649062237
0.233000000000000068,9.503245027512559062
0.234000000000000069,8.706510546638959624
0.235000000000000070,7.921057938281014899
0.236000000000000071,7.146823809077683443
0.237000000000000072,6.383746653874569965
0.238000000000000073,5.631767024100328811
0.239000000000000073,4.890827640033615253
0.240000000000000074,4.160873455624765072
0.241000000000000075,3.441851683797094719
0.242000000000000076,2.733711789370115497
0.243000000000000077,2.036405455950724974
0.244000000000000078,1.349886532351042057
0.245000000000000079,0.674110963327347656
0.246000000000000080,0.009036708711231568
0.247000000000000081,-0.645376345674887886
0.248000000000000081,-1.289166482546774350
0.249000000000000082,-1.922370250924590795
0.250000000000000111,-2.545022565432030870
0.251000000000000112,-3.157156805864672400
0.252000000000000113,-3.758804916147090669
0.253000000000000114,-4.349997502119440362
0.254000000000000115,-4.930763927866010476
0.255000000000000115,-5.501132410514623317
0.256000000000000116,-6.061130113608529157
0.257000000000000117,-6.610783239281825097
0.258000000000000118,-7.150117119560578161
0.259000000000000119,-7.679156307170939222
0.260000000000000120,-8.197924666265864246
0.261000000000000121,-8.706445463486689462
0.262000000000000122,-9.204741459761967448
0.263000000000000123,-9.692835003213883027
0.264000000000000123,-10.170748123498668747
0.265000000000000124,-10.638502627852833626
0.266000000000000125,-11.096120199055734545
0.267000000000000126,-11.543622495453154997
0.268000000000000127,-11.981031253118933577
0.269000000000000128,-12.408368390162543449
0.270000000000000129,-12.825656113123994118
0.271000000000000130,-13.232917025333184924
0.272000000000000131,-13.630174237049766717
0.273000000000000131,-14.017451477144344807
0.274000000000000132,-14.394773206030851753
0.275000000000000133,-14.762164729515669492
0.276000000000000134,-15.119652313190922399
0.277000000000000135,-15.467263296966297759
0.278000000000000136,-15.805026209309442464
0.279000000000000137,-16.132970880744814224
0.280000000000000138,-16.451128556147615711
0.281000000000000139,-16.759532005362906659
0.282000000000000139,-17.058215631677487778
0.283000000000000140,-17.347215577676546872
0.284000000000000141,-17.626569828024749143
0.285000000000000142,-17.896318308725078339
0.286000000000000143,-18.156502982425291037
0.287000000000000144,-18.407167939361979592
0.288000000000000145,-18.648359483556866678
0.289000000000000146,-18.880126213904713239
0.290000000000000147,-19.102519099822028892
0.291000000000000147,-19.315591551155140593
0.292000000000000148,-19.519399482078306107
0.293000000000000149,-19.714001368745094567
0.294000000000000150,-19.899458300489541784
0.295000000000000151,-20.075834024407384959
0.296000000000000152,-20.243194983181570734
0.297000000000000153,-20.401610346049103839
0.298000000000000154,-20.551152032840068529
0.299000000000000155,-20.691894731051156953
0.300000000000000155,-20.823915905947792737
0.301000000000000156,-20.947295803718649410
0.302000000000000157,-21.062117447735779763
0.303000000000000158,-21.168466628000544461
0.304000000000000159,-21.266431883881889320
0.305000000000000160,-21.356104480277476654
0.306000000000000161,-21.437578377351471204
0.307000000000000162,-21.510950194023251925
0.308000000000000163,-21.576319165400860811
0.309000000000000163,-21.633787094370514836
0.310000000000000164,-21.683458297569295326
0.311000000000000165,-21.725439545981810596
0.312000000000000166,-21.759840000414648387
0.313000000000000167,-21.786771142112201005
0.314000000000000168,-21.806346698787073990
0.315000000000000169,-21.818682566345167118
0.316000000000000170,-21.823896726591861750
0.317000000000000171,-21.822109161209553463
0.318000000000000171,-21.813441762299987658
0.319000000000000172,-21.798018239786578931
0.320000000000000173,-21.775964025971902061
0.321000000000000174,-21.747406177544764461
0.322000000000000175,-21.712473275329507771
0.323000000000000176,-21.671295322066832512
0.324000000000000177,-21.624003638511688052
0.325000000000000178,-21.570730758128526361
0.326000000000000179,-21.511610320659251272
0.327000000000000179,-21.446776964831759216
0.328000000000000180,-21.376366220470664814
0.329000000000000181,-21.300514400264003001
0.330000000000000182,-21.219358491430853064
0.331000000000000183,-21.133036047527163248
0.332000000000000184,-21.041685080617160253
0.333000000000000185,-20.945443954028686306
0.334000000000000186,-20.844451275901228371
0.335000000000000187,-20.738845793725225519
0.336000000000000187,-20.628766290061605559
0.337000000000000188,-20.514351479619783447
0.338000000000000189,-20.395739907862711959
0.339000000000000190,-20.273069851296988020
0.340000000000000191,-20.146479219595647692
0.341000000000000192,-20.016105459691658552
0.342000000000000193,-19.882085461969126072
0.343000000000000194,-19.744555468670341725
0.344000000000000195,-19.603650984625769382
0.345000000000000195,-19.459506690405543594
0.346000000000000196,-19.312256357980636778
0.347000000000000197,-19.162032768973180197
0.348000000000000198,-19.008967635566296650
0.349000000000000199,-18.853191524134693680
0.350000000000000200,-18.694833781649393245
0.351000000000000201,-18.534022464901092064
0.352000000000000202,-18.370884272579147023
0.353000000000000203,-18.205544480235452909
0.354000000000000203,-18.038126878155047450
0.355000000000000204,-17.868753712148226498
0.356000000000000205,-17.697545627272567970
0.357000000000000206,-17.524621614486392218
0.358000000000000207,-17.350098960229431100
0.359000000000000208,-17.174093198920633796
0.360000000000000209,-16.996718068357537845
0.361000000000000210,-16.818085467996581883
0.362000000000000210,-16.638305420088698838
0.363000000000000211,-16.457486033640243761
0.364000000000000212,-16.275733471165061417
0.365000000000000213,-16.093151918189182226
0.366000000000000214,-15.909843555466617104
0.367000000000000215,-15.725908533860664562
0.368000000000000216,-15.541444951842612099
0.369000000000000217,-15.356548835556532495
0.370000000000000218,-15.171314121396425989
0.371000000000000218,-14.985832641039568358
0.372000000000000219,-14.800194108877898103
0.373000000000000220,-14.614486111787375222
0.374000000000000221,-14.428794101173718190
0.375000000000000222,-14.243201387231142263
0.376000000000000223,-14.057789135350109433
0.377000000000000224,-13.872636364608499804
0.378000000000000225,-13.687819948280127491
0.379000000000000226,-13.503414616293715866
0.380000000000000226,-13.319492959575105928
0.381000000000000227,-13.136125436204906691
0.382000000000000228,-12.953380379323949256
0.383000000000000229,-12.771324006718607791
0.384000000000000230,-12.590020432018237173
0.385000000000000231,-12.409531677437353636
0.386000000000000232,-12.229917687995328635
0.387000000000000233,-12.051236347146996764
0.388000000000000234,-11.873543493758001333
0.389000000000000234,-11.696892940359632007
0.390000000000000235,-11.521336492618283742
0.391000000000000236,-11.346923969955970080
0.392000000000000237,-11.173703227258735993
0.393000000000000238,-11.001720177611371554
0.394000000000000239,-10.831018815997273563
0.395000000000000240,-10.661641243904002252
0.396000000000000241,-10.493627694775819137
0.397000000000000242,-10.327016560255824373
0.398000000000000242,-10.161844417161754350
0.399000000000000243,-9.998146055140535893
0.400000000000000244,-9.835954504947991950
0.401000000000000245,-9.675301067301841584
0.402000000000000246,-9.516215342257044796
0.403000000000000247,-9.358725259054059720
0.404000000000000248,-9.202857106392260178
0.405000000000000249,-9.048635563081813160
0.406000000000000250,-8.896083729028912757
0.407000000000000250,-8.745223156510755658
0.408000000000000251,-8.596073881697842367
0.409000000000000252,-8.448654456383032141
0.410000000000000253,-8.302981979877634089
0.411000000000000254,-8.159072131036833042
0.412000000000000255,-8.016939200377699137
0.413000000000000256,-7.876596122254707844
0.414000000000000257,-7.738054507058930831
0.415000000000000258,-7.601324673408510257
0.416000000000000258,-7.466415680299377300
0.417000000000000259,-7.333335359186449409
0.418000000000000260,-7.202090345967008034
0.419000000000000261,-7.072686112838963979
0.420000000000000262,-6.945127000008445073
0.421000000000000263,-6.819416247221887772
0.422000000000000264,-6.695556025099487663
0.423000000000000265,-6.573547466247622317
0.424000000000000266,-6.453390696129626569
0.425000000000000266,-6.335084863674746991
0.426000000000000267,-6.218628171606844113
0.427000000000000268,-6.104017906475108113
0.428000000000000269,-5.991250468370322046
0.429000000000000270,-5.880321400311254720
0.430000000000000271,-5.771225417286538928
0.431000000000000272,-5.663956434938755891
0.432000000000000273,-5.558507597878056927
0.433000000000000274,-5.454871307613866627
0.434000000000000274,-5.353039250093774015
0.435000000000000275,-5.253002422840009622
0.436000000000000276,-5.154751161674414384
0.437000000000000277,-5.058275167023707830
0.438000000000000278,-4.963563529797768936
0.439000000000000279,-4.870604756834300275
0.440000000000000280,-4.779386795903922902
0.441000000000000281,-4.689897060270603824
0.442000000000000282,-4.602122452802938746
0.443000000000000282,-4.516049389632314615
0.444000000000000283,-4.431663823354966780
0.445000000000000284,-4.348951265775114372
0.446000000000000285,-4.267896810187175483
0.447000000000000286,-4.188485153195766308
0.448000000000000287,-4.110700616072242575
0.449000000000000288,-4.034527165647620706
0.450000000000000289,-3.959948434741699774
0.451000000000000290,-3.886947742129005512
0.452000000000000290,-3.815508112042463207
0.453000000000000291,-3.745612293216108668
0.454000000000000292,-3.677242777468675339
0.455000000000000293,-3.610381817830055073
0.456000000000000294,-3.545011446213231388
0.457000000000000295,-3.481113490634426988
0.458000000000000296,-3.418669591984603962
0.459000000000000297,-3.357661220355770304
0.460000000000000298,-3.298069690925763631
0.461000000000000298,-3.239876179405533296
0.462000000000000299,-3.183061737053115348
0.463000000000000300,-3.127607305258707004
0.464000000000000301,-3.073493729705601307
0.465000000000000302,-3.020701774111806959
0.466000000000000303,-2.969212133557352473
0.467000000000000304,-2.919005447402555742
0.468000000000000305,-2.870062311802680011
0.469000000000000306,-2.822363291824374620
0.470000000000000306,-2.775888933169729178
0.471000000000000307,-2.730619773513544679
0.472000000000000308,-2.686536353459867854
0.473000000000000309,-2.643619227123645832
0.474000000000000310,-2.601848972343681510
0.475000000000000311,-2.561206200532907928
0.476000000000000312,-2.521671566172412060
0.477000000000000313,-2.483225775955175685
0.478000000000000314,-2.445849597586128077
0.479000000000000314,-2.409523868244738853
0.480000000000000315,-2.374229502716511231
0.481000000000000316,-2.339947501199913127
0.482000000000000317,-2.306658956795011317
0.483000000000000318,-2.274345062680389162
0.484000000000000319,-2.242987118984659745
0.485000000000000320,-2.212566539359144269
0.486000000000000321,-2.183064857257979163
0.487000000000000322,-2.154463731932178661
0.488000000000000322,-2.126744954143941158
0.489000000000000323,-2.099890451607643094
0.490000000000000324,-2.073882294163748696
0.491000000000000325,-2.048702698691981183
0.492000000000000326,-2.024334033769932706
0.493000000000000327,-2.000758824083369802
0.494000000000000328,-1.977959754594354580
0.495000000000000329,-1.955919674473213465
0.496000000000000330,-1.934621600800494834
0.497000000000000330,-1.914048722044787265
0.498000000000000331,-1.894184401322342781
0.499000000000000332,-1.875012179444370375
0.500000000000000333,-1.856515777757759666
0.501000000000000334,-1.838679100784891274
0.502000000000000335,-1.821486238668248436
0.503000000000000336,-1.804921469425327274
0.504000000000000337,-1.788969261019331514
0.505000000000000338,-1.773614273251077789
0.506000000000000338,-1.758841359477425481
0.507000000000000339,-1.744635568161436057
0.508000000000000340,-1.730982144259473943
0.509000000000000341,-1.717866530450309570
0.510000000000000342,-1.705274368211197267
0.511000000000000343,-1.693191498745846957
0.512000000000000344,-1.681603963769123355
0.513000000000000345,-1.670498006153195547
0.514000000000000346,-1.659860070439817648
0.515000000000000346,-1.649676803223246946
0.516000000000000347,-1.639935053408327903
0.517000000000000348,-1.630621872348158252
0.518000000000000349,-1.621724513865547168
0.519000000000000350,-1.613230434162566285
0.520000000000000351,-1.605127291622327590
0.521000000000000352,-1.597402946506977228
0.522000000000000353,-1.590045460555925771
0.523000000000000353,-1.583043096488135459
0.524000000000000354,-1.576384317412317992
0.525000000000000355,-1.570057786148709500
0.526000000000000356,-1.564052364466022471
0.527000000000000357,-1.558357112237209741
0.528000000000000358,-1.552961286517355211
0.529000000000000359,-1.547854340547227814
0.530000000000000360,-1.543025922685639761
0.531000000000000361,-1.538465875273952843
0.532000000000000361,-1.534164233435766800
0.533000000000000362,-1.530111223814935473
0.534000000000000363,-1.526297263254811742
0.535000000000000364,-1.522712957421676228
0.536000000000000365,-1.519349099375161050
0.537000000000000366,-1.516196668088418686
0.538000000000000367,-1.513246826920704002
0.539000000000000368,-1.510490922045028883
0.540000000000000369,-1.507920480833337518
0.541000000000000369,-1.505527210201752508
0.542000000000000370,-1.503302994918242819
0.543000000000000371,-1.501239895875025487
0.544000000000000372,-1.499330148328026580
0.545000000000000373,-1.497566160105525679
0.546000000000000374,-1.495940509788137529
0.547000000000000375,-1.494445944862213160
0.548000000000000376,-1.493075379848661344
0.549000000000000377,-1.491821894409104399
0.550000000000000377,-1.490678731431250847
0.551000000000000378,-1.489639295095372296
0.552000000000000379,-1.488697148923533664
0.553000000000000380,-1.487846013813407753
0.554000000000000381,-1.487079766058218455
0.555000000000000382,-1.486392435354487285
0.556000000000000383,-1.485778202799067138
0.557000000000000384,-1.485231398877001840
0.558000000000000385,-1.484746501441604583
0.559000000000000385,-1.484318133688206975
0.560000000000000386,-1.483941062122813515
0.561000000000000387,-1.483610194527079873
0.562000000000000388,-1.483320577920749006
0.563000000000000389,-1.483067396522826709
0.564000000000000390,-1.482845969712578427
0.565000000000000391,-1.482651749991507062
0.566000000000000392,-1.482480320947364705
0.567000000000000393,-1.482327395221210597
0.568000000000000393,-1.482188812478506978
0.569000000000000394,-1.482060537385206711
0.570000000000000395,-1.481938657589714214
0.571000000000000396,-1.481819381711606765
0.572000000000000397,-1.481699037337954605
0.573000000000000398,-1.481574069027989715
0.574000000000000399,-1.481441036326946570
0.575000000000000400,-1.481296611789732598
0.576000000000000401,-1.481137579015172623
0.577000000000000401,-1.480960830691473884
0.578000000000000402,-1.480763366653520263
0.579000000000000403,-1.480542291952599010
0.580000000000000404,-1.480294814939160597
0.581000000000000405,-1.480018245359103535
0.582000000000000406,-1.479709992464127044
0.583000000000000407,-1.479367563136619657
0.584000000000000408,-1.478988560029553589
0.585000000000000409,-1.478570679721781689
0.586000000000000409,-1.478111710889217223
0.587000000000000410,-1.477609532492182520
0.588000000000000411,-1.477062111979355219
0.589000000000000412,-1.476467503508641421
0.590000000000000413,-1.475823846185236876
0.591000000000000414,-1.475129362317230797
0.592000000000000415,-1.474382355689000779
0.593000000000000416,-1.473581209852627083
0.594000000000000417,-1.472724386437594957
0.595000000000000417,-1.471810423478987717
0.596000000000000418,-1.470837933764334693
0.597000000000000419,-1.469805603199345168
0.598000000000000420,-1.468712189192647788
0.599000000000000421,-1.467556519059680209
0.600000000000000422,-1.466337488445894177
0.601000000000000423,-1.465054059769346217
0.602000000000000424,-1.463705260682786058
0.603000000000000425,-1.462290182555353812
0.604000000000000425,-1.460807978973909238
0.605000000000000426,-1.459257864264066118
0.606000000000000427,-1.457639112031042128
0.607000000000000428,-1.455951053720184962
0.608000000000000429,-1.454193077197460493
0.609000000000000430,-1.452364625349587435
0.610000000000000431,-1.450465194704140259
0.611000000000000432,-1.448494334069369671
0.612000000000000433,-1.446451643193794379
0.613000000000000433,-1.444336771445613676
0.614000000000000434,-1.442149416511770310
0.615000000000000435,-1.439889323116660957
0.616000000000000436,-1.437556281760490107
0.617000000000000437,-1.435150127477134330
0.618000000000000438,-1.432670738611449890
0.619000000000000439,-1.430118035615965066
0.620000000000000440,-1.427491979866867045
0.621000000000000441,-1.424792572499167687
0.622000000000000441,-1.422019853260962474
0.623000000000000442,-1.419173899386654947
0.624000000000000443,-1.416254824489054043
0.625000000000000444,-1.413262777470247533
0.626000000000000445,-1.410197941451021064
0.627000000000000446,-1.407060532718847679
0.628000000000000447,-1.403850799694183138
0.629000000000000448,-1.400569021914995327
0.630000000000000449,-1.397215509039363424
0.631000000000000449,-1.393790599865996738
0.632000000000000450,-1.390294661372534213
0.633000000000000451,-1.386728087771474716
0.634000000000000452,-1.383091299583551592
0.635000000000000453,-1.379384742728413160
0.636000000000000454,-1.375608887632455479
0.637000000000000455,-1.371764228353609782
0.638000000000000456,-1.367851281722937129
0.639000000000000457,-1.363870586502858639
0.640000000000000457,-1.359822702561860996
0.641000000000000458,-1.355708210065439179
0.642000000000000459,-1.351527708683211149
0.643000000000000460,-1.347281816811887856
0.644000000000000461,-1.342971170814071691
0.645000000000000462,-1.338596424272558982
0.646000000000000463,-1.334158247260055052
0.647000000000000464,-1.329657325624092890
0.648000000000000465,-1.325094360286975803
0.649000000000000465,-1.320470066560524014
0.650000000000000466,-1.315785173475520820
0.651000000000000467,-1.311040423125571008
0.652000000000000468,-1.306236570025270716
0.653000000000000469,-1.301374380482439808
0.654000000000000470,-1.296454631984296668
0.655000000000000471,-1.291478112597308270
0.656000000000000472,-1.286445620380602950
0.657000000000000473,-1.281357962812699203
0.658000000000000473,-1.276215956231421700
0.659000000000000474,-1.271020425286774280
0.660000000000000475,-1.265772202406605151
0.661000000000000476,-1.260472127274859799
0.662000000000000477,-1.255121046322279055
0.663000000000000478,-1.249719812229297622
0.664000000000000479,-1.244269283441048923
0.665000000000000480,-1.238770323694152520
0.666000000000000481,-1.233223801555298760
0.667000000000000481,-1.227630589971224095
0.668000000000000482,-1.221991565830125026
0.669000000000000483,-1.216307609534146073
0.670000000000000484,-1.210579604582871394
0.671000000000000485,-1.204808437167610213
0.672000000000000486,-1.198994995776285322
0.673000000000000487,-1.193140170808823397
0.674000000000000488,-1.187244854202746724
0.675000000000000488,-1.181309939068914128
0.676000000000000489,-1.175336319337210167
0.677000000000000490,-1.169324889411944124
0.678000000000000491,-1.163276543836911925
0.679000000000000492,-1.157192176969847219
0.680000000000000493,-1.151072682666145264
0.681000000000000494,-1.144918953971731046
0.682000000000000495,-1.138731882824813413
0.683000000000000496,-1.132512359766479459
0.684000000000000496,-1.126261273659877604
0.685000000000000497,-1.119979511417892759
0.686000000000000498,-1.113667957739133296
0.687000000000000499,-1.107327494852075045
0.688000000000000500,-1.100959002267214659
0.689000000000000501,-1.094563356537089138
0.690000000000000502,-1.088141431024021832
0.691000000000000503,-1.081694095675398870
0.692000000000000504,-1.075222216806391407
0.693000000000000504,-1.068726656889972038
0.694000000000000505,-1.062208274354003112
0.695000000000000506,-1.055667923385410045
0.696000000000000507,-1.049106453741129652
0.697000000000000508,-1.042524710565827295
0.698000000000000509,-1.035923534216194097
0.699000000000000510,-1.029303760091677011
0.700000000000000511,-1.022666218471554256
0.701000000000000512,-1.016011734358184260
0.702000000000000512,-1.009341127326328635
0.703000000000000513,-1.002655211378411071
0.704000000000000514,-0.995954794805584909
0.705000000000000515,-0.989240680054492949
0.706000000000000516,-0.982513663599596354
0.707000000000000517,-0.975774535820959854
0.708000000000000518,-0.969024080887340711
0.709000000000000519,-0.962263076644541471
0.710000000000000520,-0.955492294508804685
0.711000000000000520,-0.948712499365251816
0.712000000000000521,-0.941924449471157721
0.713000000000000522,-0.935128896364002649
0.714000000000000523,-0.928326584774212593
0.715000000000000524,-0.921518252542386840
0.716000000000000525,-0.914704630541066654
0.717000000000000526,-0.907886442600754906
0.718000000000000527,-0.901064405440248573
0.719000000000000528,-0.894239228601071856
0.720000000000000528,-0.887411614386005021
0.721000000000000529,-0.880582257801477475
0.722000000000000530,-0.873751846503931673
0.723000000000000531,-0.866921060749836103
0.724000000000000532,-0.860090573349437171
0.725000000000000533,-0.853261049624072343
0.726000000000000534,-0.846433147366954186
0.727000000000000535,-0.839607516807380549
0.728000000000000536,-0.832784800578236784
0.729000000000000536,-0.825965633686752021
0.730000000000000537,-0.819150643488398500
0.731000000000000538,-0.812340449663826236
0.732000000000000539,-0.805535664198838264
0.733000000000000540,-0.798736891367219703
0.734000000000000541,-0.791944727716433428
0.735000000000000542,-0.785159762056039989
0.736000000000000543,-0.778382575448828051
0.737000000000000544,-0.771613741204508097
0.738000000000000544,-0.764853824875996957
0.739000000000000545,-0.758103384258091206
0.740000000000000546,-0.751362969388601920
0.741000000000000547,-0.744633122551751514
0.742000000000000548,-0.737914378283912265
0.743000000000000549,-0.731207263381431494
0.744000000000000550,-0.724512296910654774
0.745000000000000551,-0.717829990220006042
0.746000000000000552,-0.711160846954040915
0.747000000000000552,-0.704505363069478863
0.748000000000000553,-0.697864026853075248
0.749000000000000554,-0.691237318941343104
0.750000000000000555,-0.684625712342050607
0.751000000000000556,-0.678029672457380661
0.752000000000000557,-0.671449657108815101
0.753000000000000558,-0.664886116563542018
0.754000000000000559,-0.658339493562471789
0.755000000000000560,-0.651810223349711393
0.756000000000000560,-0.645298733703516758
0.757000000000000561,-0.638805444968596925
0.758000000000000562,-0.632330770089789773
0.759000000000000563,-0.625875114647047814
0.760000000000000564,-0.619438876891648116
0.761000000000000565,-0.613022447783630797
0.762000000000000566,-0.606626211030376838
0.763000000000000567,-0.600250543126328973
0.764000000000000568,-0.593895813393753302
0.765000000000000568,-0.587562384024576390
0.766000000000000569,-0.581250610123169809
0.767000000000000570,-0.574960839750129127
0.768000000000000571,-0.568693413966903982
0.769000000000000572,-0.562448666881378401
0.770000000000000573,-0.556226925694223051
0.771000000000000574,-0.550028510746088051
0.772000000000000575,-0.543853735565521412
0.773000000000000576,-0.537702906917656098
0.774000000000000576,-0.531576324853553106
0.775000000000000577,-0.525474282760244549
0.776000000000000578,-0.519397067411354385
0.777000000000000579,-0.513344959018372848
0.778000000000000580,-0.507318231282436805
0.779000000000000581,-0.501317151446696974
0.780000000000000582,-0.495341980349140620
0.781000000000000583,-0.489392972475938937
0.782000000000000584,-0.483470376015198267
0.783000000000000584,-0.477574432911147539
0.784000000000000585,-0.471705378918732154
0.785000000000000586,-0.465863443658543985
0.786000000000000587,-0.460048850672116927
0.787000000000000588,-0.454261817477532914
0.788000000000000589,-0.448502555625286015
0.789000000000000590,-0.442771270754485358
0.790000000000000591,-0.437068162649217551
0.791000000000000592,-0.431393425295196753
0.792000000000000592,-0.425747246936574897
0.793000000000000593,-0.420129810132947423
0.794000000000000594,-0.414541291816500734
0.795000000000000595,-0.408981863349340280
0.796000000000000596,-0.403451690580852229
0.797000000000000597,-0.397950933905257209
0.798000000000000598,-0.392479748319172483
0.799000000000000599,-0.387038283479272771
0.800000000000000600,-0.381626683759984098
0.801000000000000600,-0.376245088311193299
0.802000000000000601,-0.370893631115989442
0.803000000000000602,-0.365572441048366392
0.804000000000000603,-0.360281641930941643
0.805000000000000604,-0.355021352592614803
0.806000000000000605,-0.349791686926147594
0.807000000000000606,-0.344592753945748342
0.808000000000000607,-0.339424657844498323
0.809000000000000608,-0.334287498051720866
0.810000000000000608,-0.329181369290266868
0.811000000000000609,-0.324106361633607620
0.812000000000000610,-0.319062560562877628
0.813000000000000611,-0.314050047023699930
0.814000000000000612,-0.309068897482912441
0.815000000000000613,-0.304119183985101960
0.816000000000000614,-0.299200974208937542
0.817000000000000615,-0.294314331523362394
0.818000000000000616,-0.289459315043554988
0.819000000000000616,-0.284635979686679086
0.820000000000000617,-0.279844376227429970
0.821000000000000618,-0.275084551353348417
0.822000000000000619,-0.270356547719904583
0.823000000000000620,-0.265660404005324480
0.824000000000000621,-0.260996154965161264
0.825000000000000622,-0.256363831486621618
0.826000000000000623,-0.251763460642624559
0.827000000000000624,-0.247195065745561549
0.828000000000000624,-0.242658666400804079
0.829000000000000625,-0.238154278559885718
0.830000000000000626,-0.233681914573430349
0.831000000000000627,-0.229241583243734282
0.832000000000000628,-0.224833289877101772
0.833000000000000629,-0.220457036335780288
0.834000000000000630,-0.216112821089655294
0.835000000000000631,-0.211800639267590574
0.836000000000000631,-0.207520482708419662
0.837000000000000632,-0.203272340011645902
0.838000000000000633,-0.199056196587758139
0.839000000000000634,-0.194872034708241382
0.840000000000000635,-0.190719833555227092
0.841000000000000636,-0.186599569270767124
0.842000000000000637,-0.182511215005814353
0.843000000000000638,-0.178454740968777170
0.844000000000000639,-0.174430114473754588
0.845000000000000639,-0.170437299988399238
0.846000000000000640,-0.166476259181393998
0.847000000000000641,-0.162546950969604587
0.848000000000000642,-0.158649331564800378
0.849000000000000643,-0.154783354520032002
0.850000000000000644,-0.150948970775664076
0.851000000000000645,-0.147146128704935736
0.852000000000000646,-0.143374774159255369
0.853000000000000647,-0.139634850513021214
0.854000000000000647,-0.135926298708097637
0.855000000000000648,-0.132249057297906258
0.856000000000000649,-0.128603062491121134
0.857000000000000650,-0.124988248194984081
0.858000000000000651,-0.121404546058210189
0.859000000000000652,-0.117851885513522076
0.860000000000000653,-0.114330193819804429
0.861000000000000654,-0.110839396103824830
0.862000000000000655,-0.107379415401618022
0.863000000000000655,-0.103950172699416379
0.864000000000000656,-0.100551586974251012
0.865000000000000657,-0.097183575234097611
0.866000000000000658,-0.093846052557683218
0.867000000000000659,-0.090538932133870403
0.868000000000000660,-0.087262125300648141
0.869000000000000661,-0.084015541583733727
0.870000000000000662,-0.080799088734797325
0.871000000000000663,-0.077612672769275276
0.872000000000000663,-0.074456198003793633
0.873000000000000664,-0.071329567093215515
0.874000000000000665,-0.068232681067273121
0.875000000000000666,-0.065165439366850555
0.876000000000000667,-0.062127739879820995
0.877000000000000668,-0.059119478976550933
0.878000000000000669,-0.056140551544994699
0.879000000000000670,-0.053190851025383720
0.880000000000000671,-0.050270269444578089
0.881000000000000671,-0.047378697449979301
0.882000000000000672,-0.044516024343113428
0.883000000000000673,-0.041682138112796085
0.884000000000000674,-0.038876925467936703
0.885000000000000675,-0.036100271869951531
0.886000000000000676,-0.033352061564822025
0.887000000000000677,-0.030632177614756416
0.888000000000000678,-0.027940501929476263
0.889000000000000679,-0.025276915297163638
0.890000000000000679,-0.022641297414995740
0.891000000000000680,-0.020033526919348496
0.892000000000000681,-0.017453481415606424
0.893000000000000682,-0.014901037507625087
0.894000000000000683,-0.012376070826813440
0.895000000000000684,-0.009878456060887881
0.896000000000000685,-0.007408066982224975
0.897000000000000686,-0.004964776475892688
0.898000000000000687,-0.002548456567317692
0.899000000000000687,-0.000158978449575900
0.900000000000000688,0.002203787489621700
0.901000000000000689,0.004539971641342036
0.902000000000000690,0.006849705149136553
0.903000000000000691,0.009133119883144270
0.904000000000000692,0.011390348414494730
0.905000000000000693,0.013621523990077319
0.906000000000000694,0.015826780507624438
0.907000000000000695,0.018006252491165452
0.908000000000000695,0.020160075066756926
0.909000000000000696,0.022288383938613314
0.910000000000000697,0.024391315365498743
0.911000000000000698,0.026469006137491969
0.912000000000000699,0.028521593553052553
0.913000000000000700,0.030549215396398599
0.914000000000000701,0.032552009915248925
0.915000000000000702,0.034530115798808193
0.916000000000000703,0.036483672156138257
0.917000000000000703,0.038412818494784569
0.918000000000000704,0.040317694699751716
0.919000000000000705,0.042198441012760768
0.920000000000000706,0.044055198011806941
0.921000000000000707,0.045888106591054093
0.922000000000000708,0.047697307940977728
0.923000000000000709,0.049482943528832729
0.924000000000000710,0.051245155079425786
0.925000000000000711,0.052984084556145804
0.926000000000000711,0.054699874142308667
0.927000000000000712,0.056392666222781072
0.928000000000000713,0.058062603365880393
0.929000000000000714,0.059709828305566350
0.930000000000000715,0.061334483923905211
0.931000000000000716,0.062936713233814737
0.932000000000000717,0.064516659362067116
0.933000000000000718,0.066074465532593885
0.934000000000000719,0.067610275050017848
0.935000000000000719,0.069124231283486284
0.936000000000000720,0.070616477650750603
0.937000000000000721,0.072087157602512414
0.938000000000000722,0.073536414607012615
0.939000000000000723,0.074964392134910407
0.940000000000000724,0.076371233644368736
0.941000000000000725,0.077757082566441579
0.942000000000000726,0.079122082290657980
0.943000000000000727,0.080466376150901381
0.944000000000000727,0.081790107411489399
0.945000000000000728,0.083093419253512241
0.946000000000000729,0.084376454761433281
0.947000000000000730,0.085639356909871095
0.948000000000000731,0.086882268550677114
0.949000000000000732,0.088105332400184685
0.950000000000000733,0.089308691026739995
0.951000000000000734,0.090492486838406508
0.952000000000000735,0.091656862070948614
0.953000000000000735,0.092801958775996660
0.954000000000000736,0.093927918809442401
0.955000000000000737,0.095034883820047211
0.956000000000000738,0.096122995238277859
0.957000000000000739,0.097192394265341625
0.958000000000000740,0.098243221862432090
0.959000000000000741,0.099275618740184132
0.960000000000000742,0.100289725348334580
0.961000000000000743,0.101285681865584107
0.962000000000000743,0.102263628189659145
0.963000000000000744,0.103223703927578916
0.964000000000000745,0.104166048386090809
0.965000000000000746,0.105090800562342809
0.966000000000000747,0.105998099134707702
0.967000000000000748,0.106888082453826347
0.968000000000000749,0.107760888533799504
0.969000000000000750,0.108616655043614646
0.970000000000000751,0.109455519298700607
0.971000000000000751,0.110277618252718063
0.972000000000000752,0.111083088489483117
0.973000000000000753,0.111872066215072091
0.974000000000000754,0.112644687250137737
0.975000000000000755,0.113401087022345679
0.976000000000000756,0.114141400559014450
0.977000000000000757,0.114865762479910954
0.978000000000000758,0.115574306990221351
0.979000000000000759,0.116267167873646021
0.980000000000000759,0.116944478485728948
0.981000000000000760,0.117606371747276173
0.982000000000000761,0.118252980137950520
0.983000000000000762,0.118884435690051832
0.984000000000000763,0.119500869982416116
0.985000000000000764,0.120102414134469579
0.986000000000000765,0.120689198800448413
0.987000000000000766,0.121261354163756691
0.988000000000000766,0.121819009931466798
0.989000000000000767,0.122362295328955456
0.990000000000000768,0.122891339094698140
0.991000000000000769,0.123406269475207081
0.992000000000000770,0.123907214220080469
0.993000000000000771,0.124394300577199982
0.994000000000000772,0.124867655288081969
0.995000000000000773,0.125327404583322644
0.996000000000000774,0.125773674178210559
0.997000000000000774,0.126206589268445024
0.998000000000000775,0.126626274525986460
0.999000000000000776,0.127032854095037478
1.000000000000000666,0.127426451588138645
1.001000000000000778,0.127807190082390332
1.002000000000000668,0.128175192115798892
1.003000000000000780,0.128530579683729329
1.004000000000000670,0.128873474235491725
1.005000000000000782,0.129203996671014509
1.006000000000000671,0.129522267337661534
1.007000000000000783,0.129828406027153509
1.008000000000000673,0.130122531972573757
1.009000000000000785,0.130404763845518523
1.010000000000000675,0.130675219753327104
1.011000000000000787,0.130934017236444072
1.012000000000000677,0.131181273265842308
1.013000000000000789,0.131417104240591665
1.014000000000000679,0.131641625985519456
1.015000000000000790,0.131854953748936687
1.016000000000000680,0.132057202200502405
1.017000000000000792,0.132248485429169504
1.018000000000000682,0.132428916941212421
1.019000000000000794,0.132598609658375416
1.020000000000000684,0.132757675916082007
1.021000000000000796,0.132906227461752957
1.022000000000000686,0.133044375453217095
1.023000000000000798,0.133172230457189539
1.024000000000000687,0.133289902447863595
1.025000000000000799,0.133397500805555291
1.026000000000000689,0.133495134315462283
1.027000000000000801,0.133582911166486767
1.028000000000000691,0.133660938950132757
1.029000000000000803,0.133729324659513427
1.030000000000000693,0.133788174688402622
1.031000000000000805,0.133837594830374246
1.032000000000000695,0.133877690278041583
1.033000000000000806,0.133908565622313236
1.034000000000000696,0.133930324851795846
1.035000000000000808,0.133943071352210868
1.036000000000000698,0.133946907905913848
1.037000000000000810,0.133941936691445440
1.038000000000000700,0.133928259283221857
1.039000000000000812,0.133905976651212344
1.040000000000000702,0.133875189160732322
1.041000000000000814,0.133835996572277599
1.042000000000000703,0.133788498041455595
1.043000000000000815,0.133732792118926913
1.044000000000000705,0.133668976750453028
1.045000000000000817,0.133597149276993815
1.046000000000000707,0.133517406434843888
1.047000000000000819,0.133429844355852645
1.048000000000000709,0.133334558567694605
1.049000000000000821,0.133231643994176974
1.050000000000000711,0.133121194955649058
1.051000000000000822,0.133003305169398622
1.052000000000000712,0.132878067750160561
1.053000000000000824,0.132745575210657163
1.054000000000000714,0.132605919462171873
1.055000000000000826,0.132459191815205823
1.056000000000000716,0.132305482980153072
1.057000000000000828,0.132144883068047919
1.058000000000000718,0.131977481591344092
1.059000000000000830,0.131803367464753102
1.060000000000000719,0.131622629006105052
1.061000000000000831,0.131435353937296162
1.062000000000000721,0.131241629385230540
1.063000000000000833,0.131041541882835177
1.064000000000000723,0.130835177370120459
1.065000000000000835,0.130622621195259386
1.066000000000000725,0.130403958115718727
1.067000000000000837,0.130179272299449533
1.068000000000000727,0.129948647326067757
1.069000000000000838,0.129712166188132250
1.070000000000000728,0.129469911292405371
1.071000000000000840,0.129221964461191996
1.072000000000000730,0.128968406933683749
1.073000000000000842,0.128709319367359382
1.074000000000000732,0.128444781839408328
1.075000000000000844,0.128174873848188042
1.076000000000000734,0.127899674314717077
1.077000000000000846,0.127619261584200061
1.078000000000000735,0.127333713427575351
1.079000000000000847,0.127043107043109338
1.080000000000000737,0.126747519058000691
1.081000000000000849,0.126447025530035423
1.082000000000000739,0.126141701949247759
1.083000000000000851,0.125831623239627322
1.084000000000000741,0.125516863760836095
1.085000000000000853,0.125197497309973566
1.086000000000000743,0.124873597123344199
1.087000000000000854,0.124545235878269531
1.088000000000000744,0.124212485694897706
1.089000000000000856,0.123875418138084198
1.090000000000000746,0.123534104219241742
1.091000000000000858,0.123188614398245355
1.092000000000000748,0.122839018585351928
1.093000000000000860,0.122485386143141792
1.094000000000000750,0.122127785888477988
1.095000000000000862,0.121766286094488807
1.096000000000000751,0.121400954492562357
1.097000000000000863,0.121031858274382759
1.098000000000000753,0.120659064093952037
1.099000000000000865,0.120282638069650533
1.100000000000000755,0.119902645786321524
1.101000000000000867,0.119519152297353035
1.102000000000000757,0.119132222126788270
1.103000000000000869,0.118741919271442994
1.104000000000000759,0.118348307203063260
1.105000000000000870,0.117951448870453141
1.106000000000000760,0.117551406701671371
1.107000000000000872,0.117148242606192804
1.108000000000000762,0.116742017977109508
1.109000000000000874,0.116332793693350672
1.110000000000000764,0.115920630121891535
1.111000000000000876,0.115505587119997338
1.112000000000000766,0.115087724037460926
1.113000000000000878,0.114667099718869792
1.114000000000000767,0.114243772505861346
1.115000000000000879,0.113817800239418815
1.116000000000000769,0.113389240262142671
1.117000000000000881,0.112958149420560011
1.118000000000000771,0.112524584067430239
1.119000000000000883,0.112088600064059074
1.120000000000000773,0.111650252782619974
1.121000000000000885,0.111209597108502492
1.122000000000000774,0.110766687442634071
1.123000000000000886,0.110321577703841073
1.124000000000000776,0.109874321331193459
1.125000000000000888,0.109424971286382511
1.126000000000000778,0.108973580056074895
1.127000000000000890,0.108520199654280433
1.128000000000000780,0.108064881624757136
1.129000000000000892,0.107607677043370889
1.130000000000000782,0.107148636520496915
1.131000000000000894,0.106687810203410560
1.132000000000000783,0.106225247778688275
1.133000000000000895,0.105760998474603074
1.134000000000000785,0.105295111063545749
1.135000000000000897,0.104827633864411143
1.136000000000000787,0.104358614745036340
1.137000000000000899,0.103888101124590765
1.138000000000000789,0.103416139976021754
1.139000000000000901,0.102942777828437498
1.140000000000000790,0.102468060769563968
1.141000000000000902,0.101992034448155008
1.142000000000000792,0.101514744076407010
1.143000000000000904,0.101036234432400063
1.144000000000000794,0.100556549862510433
1.145000000000000906,0.100075734283858547
1.146000000000000796,0.099593831186706977
1.147000000000000908,0.099110883636913741
1.148000000000000798,0.098626934278346276
1.149000000000000909,0.098142025335310829
1.150000000000000799,0.097656198614985021
1.151000000000000689,0.097169495509833587
1.152000000000000801,0.096681957000035776
1.153000000000000913,0.096193623655916105
1.154000000000000803,0.095704535640351529
1.155000000000000693,0.095214732711210850
1.156000000000000805,0.094724254223747945
1.157000000000000917,0.094233139133039587
1.158000000000000806,0.093741425996388794
1.159000000000000696,0.093249152975734662
1.160000000000000808,0.092756357840067166
1.161000000000000920,0.092263077967824458
1.162000000000000810,0.091769350349300921
1.163000000000000700,0.091275211589045363
1.164000000000000812,0.090780697908249344
1.165000000000000924,0.090285845147152835
1.166000000000000814,0.089790688767419885
1.167000000000000703,0.089295263854527407
1.168000000000000815,0.088799605120145036
1.169000000000000927,0.088303746904513369
1.170000000000000817,0.087807723178806169
1.171000000000000707,0.087311567547512708
1.172000000000000819,0.086815313250781512
1.173000000000000931,0.086318993166787414
1.174000000000000821,0.085822639814090593
1.175000000000000711,0.085326285353967440
1.176000000000000822,0.084829961592760808
1.177000000000000934,0.084333699984216665
1.178000000000000824,0.083837531631811082
1.179000000000000714,0.083341487291083302
1.180000000000000826,0.082845597371938626
1.181000000000000938,0.082349891940977388
1.182000000000000828,0.081854400723796614
1.183000000000000718,0.081359153107288612
1.184000000000000830,0.080864178141929144
1.185000000000000941,0.080369504544090337
1.186000000000000831,0.079875160698289482
1.187000000000000721,0.079381174659487491
1.188000000000000833,0.078887574155347057
1.189000000000000945,0.078394386588495305
1.190000000000000835,0.077901639038777420
1.191000000000000725,0.077409358265518008
1.192000000000000837,0.076917570709726768
1.193000000000000949,0.076426302496379356
1.194000000000000838,0.075935579436595763
1.195000000000000728,0.075445427029897691
1.196000000000000840,0.074955870466395541
1.197000000000000952,0.074466934628996451
1.198000000000000842,0.073978644095609308
1.199000000000000732,0.073491023141317210
1.200000000000000844,0.073004095740579922
1.201000000000000956,0.072517885569380214
1.202000000000000846,0.072032416007412420
1.203000000000000735,0.071547710140216686
1.204000000000000847,0.071063790761353135
1.205000000000000959,0.070580680374512872
1.206000000000000849,0.070098401195675189
1.207000000000000739,0.069616975155220986
1.208000000000000851,0.069136423900045790
1.209000000000000963,0.068656768795669967
1.210000000000000853,0.068178030928342875
1.211000000000000743,0.067700231107123171
1.212000000000000854,0.067223389865971608
1.213000000000000966,0.066747527465812723
1.214000000000000856,0.066272663896606493
1.215000000000000746,0.065798818879410220
1.216000000000000858,0.065326011868408224
1.217000000000000970,0.064854262052970596
1.218000000000000860,0.064383588359670549
1.219000000000000750,0.063914009454306725
1.220000000000000862,0.063445543743915686
1.221000000000000973,0.062978209378784872
1.222000000000000863,0.062512024254427923
1.223000000000000753,0.062047006013587327
1.224000000000000865,0.061583172048204272
1.225000000000000977,0.061120539501375748
1.226000000000000867,0.060659125269334688
1.227000000000000757,0.060198946003378453
1.228000000000000869,0.059740018111828219
1.229000000000000981,0.059282357761927085
1.230000000000000870,0.058825980881806662
1.231000000000000760,0.058370903162364617
1.232000000000000872,0.057917140059175073
1.233000000000000984,0.057464706794398836
1.234000000000000874,0.057013618358644547
1.235000000000000764,0.056563889512865936
1.236000000000000876,0.056115534790209087
1.237000000000000988,0.055668568497886706
1.238000000000000878,0.055223004719008650
1.239000000000000767,0.054778857314435526
1.240000000000000879,0.054336139924595558
1.241000000000000991,0.053894865971312801
1.242000000000000881,0.053455048659614313
1.243000000000000771,0.053016700979527799
1.244000000000000883,0.052579835707881405
1.245000000000000995,0.052144465410076071
1.246000000000000885,0.051710602441863138
1.247000000000000774,0.051278258951108178
1.248000000000000886,0.050847446879548321
1.249000000000000998,0.050418177964524483
1.250000000000000888,0.049990463740730497
1.251000000000000778,0.049564315541932039
1.252000000000000890,0.049139744502684428
1.253000000000001002,0.048716761560045382
1.254000000000000892,0.048295377455253544
1.255000000000000782,0.047875602735443681
1.256000000000000894,0.047457447755305041
1.257000000000001005,0.047040922678761476
1.258000000000000895,0.046626037480624563
1.259000000000000785,0.046212801948251156
1.260000000000000897,0.045801225683183566
1.261000000000001009,0.045391318102771264
1.262000000000000899,0.044983088441816227
1.263000000000000789,0.044576545754161992
1.264000000000000901,0.044171698914310678
1.265000000000001013,0.043768556619018392
1.266000000000000902,0.043367127388879101
1.267000000000000792,0.042967419569892439
1.268000000000000904,0.042569441335048863
1.269000000000001016,0.042173200685871784
1.270000000000000906,0.041778705453968987
1.271000000000000796,0.041385963302577614
1.272000000000000908,0.040994981728092753
1.273000000000001020,0.040605768061584634
1.274000000000000909,0.040218329470310191
1.275000000000000799,0.039832672959225844
1.276000000000000911,0.039448805372463924
1.277000000000001023,0.039066733394833741
1.278000000000000913,0.038686463553287274
1.279000000000000803,0.038308002218387191
1.280000000000000915,0.037931355605761649
1.281000000000001027,0.037556529777566454
1.282000000000000917,0.037183530643901438
1.283000000000000806,0.036812363964257785
1.284000000000000918,0.036443035348932958
1.285000000000001030,0.036075550260445809
1.286000000000000920,0.035709914014934660
1.287000000000000810,0.035346131783559200
1.288000000000000922,0.034984208593874931
1.289000000000001034,0.034624149331221814
1.290000000000000924,0.034265958740090877
1.291000000000000814,0.033909641425469830
1.292000000000000925,0.033555201854212638
1.293000000000001037,0.033202644356363629
1.294000000000000927,0.032851973126502385
1.295000000000000817,0.032503192225062670
1.296000000000000929,0.032156305579646847
1.297000000000001041,0.031811316986340356
1.298000000000000931,0.031468230110997607
1.299000000000000821,0.031127048490537535
1.300000000000000933,0.030787775534231725
1.301000000000001044,0.030450414524964241
1.302000000000000934,0.030114968620509608
1.303000000000000824,0.029781440854766039
1.304000000000000936,0.029449834139033078
1.305000000000001048,0.029120151263225025
1.306000000000000938,0.028792394897105240
1.307000000000000828,0.028466567591528779
1.308000000000000940,0.028142671779630191
1.309000000000001052,0.027820709778036225
1.310000000000000941,0.027500683788068813
1.311000000000000831,0.027182595896932983
1.312000000000000943,0.026866448078900339
1.313000000000001055,0.026552242196458565
1.314000000000000945,0.026239980001508890
1.315000000000000835,0.025929663136504456
1.316000000000000947,0.025621293135598522
1.317000000000001059,0.025314871425784657
1.318000000000000949,0.025010399328038325
1.319000000000000838,0.024707878058427429
1.320000000000000950,0.024407308729232781
1.321000000000001062,0.024108692350067129
1.322000000000000952,0.023812029828962699
1.323000000000000842,0.023517321973465642
1.324000000000000954,0.023224569491724363
1.325000000000001066,0.022933772993569107
1.326000000000000956,0.022644932991568792
1.327000000000000846,0.022358049902113621
1.328000000000000957,0.022073124046440889
1.329000000000001069,0.021790155651711374
1.330000000000000959,0.021509144852022308
1.331000000000000849,0.021230091689453702
1.332000000000000961,0.020952996115087531
1.333000000000001073,0.020677857990025077
1.334000000000000963,0.020404677086388347
1.335000000000000853,0.020133453088337114
1.336000000000000965,0.019864185593039641
1.337000000000001076,0.019596874111680020
1.338000000000000966,0.019331518070427794
1.339000000000000856,0.019068116811407319
1.340000000000000968,0.018806669593668720
1.341000000000001080,0.018547175594143022
1.342000000000000970,0.018289633908586615
1.343000000000000860,0.018034043552535978
1.344000000000000972,0.017780403462228807
1.345000000000001084,0.017528712495541089
1.346000000000000973,0.017278969432911805
1.347000000000000863,0.017031172978250658
1.348000000000000975,0.016785321759851445
1.349000000000001087,0.016541414331284521
1.350000000000000977,0.016299449172300431
1.351000000000000867,0.016059424689708397
1.352000000000000979,0.015821339218268570
1.353000000000001091,0.015585191021548336
1.354000000000000981,0.015350978292796389
1.355000000000000870,0.015118699155813181
1.356000000000000982,0.014888351665790219
1.357000000000001094,0.014659933810154641
1.358000000000000984,0.014433443509424233
1.359000000000000874,0.014208878618030362
1.360000000000000986,0.013986236925139534
1.361000000000001098,0.013765516155485342
1.362000000000000988,0.013546713970176308
1.363000000000000878,0.013329827967504825
1.364000000000000989,0.013114855683740942
1.365000000000001101,0.012901794593937106
1.366000000000000991,0.012690642112713969
1.367000000000000881,0.012481395595035808
1.368000000000000993,0.012274052336990781
1.369000000000001105,0.012068609576560464
1.370000000000000995,0.011865064494380854
1.371000000000000885,0.011663414214504597
1.372000000000000997,0.011463655805142983
1.373000000000001108,0.011265786279410762
1.374000000000000998,0.011069802596087600
1.375000000000000888,0.010875701660310133
1.376000000000001000,0.010683480324335057
1.377000000000001112,0.010493135388238267
1.378000000000001002,0.010304663600641775
1.379000000000000892,0.010118061659415331
1.380000000000001004,0.009933326212381195
1.381000000000001116,0.009750453858009905
1.382000000000001005,0.009569441146117498
1.383000000000000895,0.009390284578544888
1.384000000000001007,0.009212980609839144
1.385000000000001119,0.009037525647929100
1.386000000000001009,0.008863916054792972
1.387000000000000899,0.008692148147125323
1.388000000000001011,0.008522218196977478
1.389000000000001123,0.008354122432439260
1.390000000000001013,0.008187857038257541
1.391000000000000902,0.008023418156492478
1.392000000000001014,0.007860801887146506
1.393000000000001126,0.007700004288798118
1.394000000000001016,0.007541021379219632
1.395000000000000906,0.007383849136003659
1.396000000000001018,0.007228483497178223
1.397000000000001130,0.007074920361805992
1.398000000000001020,0.006923155590594060
1.399000000000000909,0.006773185006490609
1.400000000000001021,0.006625004395285068
1.401000000000001133,0.006478609506177677
1.402000000000001023,0.006333996052384147
1.403000000000000913,0.006191159711696738
1.404000000000001025,0.006050096127063425
1.405000000000001137,0.005910800907158197
1.406000000000001027,0.005773269626939255
1.407000000000000917,0.005637497828199297
1.408000000000001029,0.005503481020139605
1.409000000000001140,0.005371214679893000
1.410000000000001030,0.005240694253085598
1.411000000000000920,0.005111915154361543
1.412000000000001032,0.004984872767926805
1.413000000000001144,0.004859562448069597
1.414000000000001034,0.004735979519689076
1.415000000000000924,0.004614119278811775
1.416000000000001036,0.004493976993107586
1.417000000000001148,0.004375547902395296
1.418000000000001037,0.004258827219154051
1.419000000000000927,0.004143810129020072
1.420000000000001039,0.004030491791285439
1.421000000000001151,0.003918867339382633
1.422000000000001041,0.003808931881375246
1.423000000000000931,0.003700680500447333
1.424000000000001043,0.003594108255372425
1.425000000000001155,0.003489210180986952
1.426000000000001044,0.003385981288665435
1.427000000000000934,0.003284416566779588
1.428000000000001046,0.003184510981165621
1.429000000000001158,0.003086259475575333
1.430000000000001048,0.002989656972123887
1.431000000000000938,0.002894698371750899
1.432000000000001050,0.002801378554651191
1.433000000000001162,0.002709692380718950
1.434000000000001052,0.002619634689987166
1.435000000000000941,0.002531200303047533
1.436000000000001053,0.002444384021490503
1.437000000000001165,0.002359180628323622
1.438000000000001055,0.002275584888383038
1.439000000000000945,0.002193591548759065
1.440000000000001057,0.002113195339199013
1.441000000000001169,0.002034390972525457
1.442000000000001059,0.001957173145030634
1.443000000000000949,0.001881536536866175
1.444000000000001060,0.001807475812457827
1.445000000000001172,0.001734985620894956
1.446000000000001062,0.001664060596297019
1.447000000000000952,0.001594695358226198
1.448000000000001064,0.001526884512045037
1.449000000000001176,0.001460622649302205
1.450000000000001066,0.001395904348109927
1.451000000000000956,0.001332724173503184
1.452000000000001068,0.001271076677810813
1.453000000000001180,0.001210956401020187
1.454000000000001069,0.001152357871124972
1.455000000000000959,0.001095275604490238
1.456000000000001071,0.001039704106204279
1.457000000000001183,0.000985637870411233
1.458000000000001073,0.000933071380672735
1.459000000000000963,0.000881999110301130
1.460000000000001075,0.000832415522695907
1.461000000000001187,0.000784315071683139
1.462000000000001076,0.000737692201828849
1.463000000000000966,0.000692541348791803
1.464000000000001078,0.000648856939631524
1.465000000000001190,0.000606633393121355
1.466000000000001080,0.000565865120088954
1.467000000000000970,0.000526546523708076
1.468000000000001082,0.000488671999818088
1.469000000000001194,0.000452235937232770
1.470000000000001084,0.000417232718042360
1.471000000000000973,0.000383656717915399
1.472000000000001085,0.000351502306391816
1.473000000000001197,0.000320763847183712
1.474000000000001087,0.000291435698466406
1.475000000000000977,0.000263512213165711
1.476000000000001089,0.000236987739238963
1.477000000000001201,0.000211856619963889
1.478000000000001091,0.000188113194217595
1.479000000000000981,0.000165751796747764
1.480000000000001092,0.000144766758454176
1.481000000000001204,0.000125152406648399
1.482000000000001094,0.000106903065334838
1.483000000000000984,0.000090013055460976
1.484000000000001096,0.000074476695186580
1.485000000000001208,0.000060288300154475
1.486000000000001098,0.000047442183720085
1.487000000000000988,0.000035932657226375
1.488000000000001100,0.000025754030250837
1.489000000000001211,0.000016900610843345
1.490000000000001101,0.000009366705782925
1.491000000000000991,0.000003146620815996
1.492000000000001103,-0.000001765339112698
1.493000000000001215,-0.000005374869605003
1.494000000000001105,-0.000007687666589549
1.495000000000000995,-0.000008709426087834
1.496000000000001107,-0.000008445843979541
1.497000000000001219,-0.000006902615777866
1.498000000000001108,-0.000004085436413300
1.499000000000000998,0.000000000000000000
