# AlFCC110UCD_ISOQUINOLINE-AC
# h[nm],U(h)[kJ/mol]
0.149999999999999994,134.765541919266695459
0.150999999999999995,128.985570696904403576
0.151999999999999996,125.493897577285139278
0.152999999999999997,122.558906746664092680
0.153999999999999998,119.522538903235115981
0.154999999999999999,116.243671989630371399
0.156000000000000000,112.792153127717639904
0.157000000000000001,109.292459754669422978
0.158000000000000002,105.853282144016176858
0.159000000000000002,102.543764370437315847
0.160000000000000003,99.392922462389918792
0.161000000000000004,96.398764973508306753
0.162000000000000005,93.539842171465508613
0.163000000000000006,90.785678408736472988
0.164000000000000007,88.104691765114324653
0.165000000000000008,85.469368509988981941
0.166000000000000009,82.859025296669415184
0.167000000000000010,80.260709077593247684
0.168000000000000010,77.668811051334316176
0.169000000000000011,75.083903180401946997
0.170000000000000012,72.511201057129909486
0.171000000000000013,69.958947028561880188
0.172000000000000014,67.436908722240744396
0.173000000000000015,64.955107218838946892
0.174000000000000016,62.522827479055308686
0.175000000000000017,60.147919789909565225
0.176000000000000018,57.836372201268730464
0.177000000000000018,55.592117056780452344
0.178000000000000019,53.417026794595571459
0.179000000000000020,51.311052588784903605
0.180000000000000021,49.272461975799750178
0.181000000000000022,47.298136684872012836
0.182000000000000023,45.383898215941215426
0.183000000000000024,43.524835394381128140
0.184000000000000025,41.715614582245940767
0.185000000000000026,39.950759072374872005
0.186000000000000026,38.224889236086333710
0.187000000000000027,36.532919161075298575
0.188000000000000028,34.870208810676324163
0.189000000000000029,33.232673219456309255
0.190000000000000030,31.616852004569171442
0.191000000000000031,30.019943623283616319
0.192000000000000032,28.439809453435952236
0.193000000000000033,26.874953019545859689
0.194000000000000034,25.324479628078233162
0.195000000000000034,23.788041394272376294
0.196000000000000035,22.265772210930890651
0.197000000000000036,20.758216684884398973
0.198000000000000037,19.266256496095884643
0.199000000000000038,17.791037053523069744
0.200000000000000039,16.333896757659992716
0.201000000000000040,14.896300651029639184
0.202000000000000041,13.479779757226285852
0.203000000000000042,12.085876983623602854
0.204000000000000042,10.716100095702460138
0.205000000000000043,9.371881962153651102
0.206000000000000044,8.054548017246883518
0.207000000000000045,6.765290686649590768
0.208000000000000046,5.505150370135579507
0.209000000000000047,4.275002464105360112
0.210000000000000048,3.075549832996295141
0.211000000000000049,1.907320095993013664
0.212000000000000050,0.770667078685844054
0.213000000000000050,-0.334224216425874243
0.214000000000000051,-1.407329745898166395
0.215000000000000052,-2.448776259721923587
0.216000000000000053,-3.458829383605035446
0.217000000000000054,-4.437880450071941318
0.218000000000000055,-5.386432527123544034
0.219000000000000056,-6.305086039500859663
0.220000000000000057,-7.194524324051707609
0.221000000000000058,-8.055499408615078849
0.222000000000000058,-8.888818254232315752
0.223000000000000059,-9.695329654080861559
0.224000000000000060,-10.475911939815700791
0.225000000000000061,-11.231461607292335003
0.226000000000000062,-11.962882939077395861
0.227000000000000063,-12.671078670744318373
0.228000000000000064,-13.356941721610464668
0.229000000000000065,-14.021347988137771168
0.230000000000000066,-14.665150179461415192
0.231000000000000066,-15.289172659174814939
0.232000000000000067,-15.894207245289067032
0.233000000000000068,-16.481009910904514726
0.234000000000000069,-17.050298321273572810
0.235000000000000070,-17.602750138297434290
0.236000000000000071,-18.139002020792769798
0.237000000000000072,-18.659649247814733997
0.238000000000000073,-19.165245892666170846
0.239000000000000073,-19.656305476723506587
0.240000000000000074,-20.133302034650288448
0.241000000000000075,-20.596671525748266873
0.242000000000000076,-21.046813529940898491
0.243000000000000077,-21.484093171039603476
0.244000000000000078,-21.908843214371540142
0.245000000000000079,-22.321366290434347945
0.246000000000000080,-22.721937200887104780
0.247000000000000081,-23.110805267806806995
0.248000000000000081,-23.488196691664043669
0.249000000000000082,-23.854316887847108575
0.250000000000000111,-24.209352775746587838
0.251000000000000112,-24.553474998367519788
0.252000000000000113,-24.886840054143213763
0.253000000000000114,-25.209592326060981549
0.254000000000000115,-25.521865996375119323
0.255000000000000115,-25.823786838063426785
0.256000000000000116,-26.115473876789074836
0.257000000000000117,-26.397040919460778241
0.258000000000000118,-26.668597947549642413
0.259000000000000119,-26.930252375134632103
0.260000000000000120,-27.182110173219115268
0.261000000000000121,-27.424276863205175658
0.262000000000000122,-27.656858383545774416
0.263000000000000123,-27.879961834530224252
0.264000000000000123,-28.093696106916496547
0.265000000000000124,-28.298172400714957320
0.266000000000000125,-28.493504640873727141
0.267000000000000126,-28.679809796925958665
0.268000000000000127,-28.857208113852777842
0.269000000000000128,-29.025823261503724382
0.270000000000000129,-29.185782409913571200
0.271000000000000130,-29.337216237773596106
0.272000000000000131,-29.480258881166019336
0.273000000000000131,-29.615047829465709128
0.274000000000000132,-29.741723775061149837
0.275000000000000133,-29.860430423257639632
0.276000000000000134,-29.971314268406349157
0.277000000000000135,-30.074524341961343055
0.278000000000000136,-30.170211937810268665
0.279000000000000137,-30.258530319856532742
0.280000000000000138,-30.339634416459109190
0.281000000000000139,-30.413680505963839096
0.282000000000000139,-30.480825897190278795
0.283000000000000140,-30.541228608376265186
0.284000000000000141,-30.595047047728371581
0.285000000000000142,-30.642439698385430802
0.286000000000000143,-30.683564810273644241
0.287000000000000144,-30.718580101018439166
0.288000000000000145,-30.747642467781339803
0.289000000000000146,-30.770907711609208235
0.290000000000000147,-30.788530275620352938
0.291000000000000147,-30.800662998106254520
0.292000000000000148,-30.807456881400462123
0.293000000000000149,-30.809060877155456382
0.294000000000000150,-30.805621688475934405
0.295000000000000151,-30.797283589181439822
0.296000000000000152,-30.784188260311488250
0.297000000000000153,-30.766474643843945813
0.298000000000000154,-30.744278813468561395
0.299000000000000155,-30.717733862145099266
0.300000000000000155,-30.686969806075381939
0.301000000000000156,-30.652113504632389152
0.302000000000000157,-30.613288595715609119
0.303000000000000158,-30.570615445938823740
0.304000000000000159,-30.524211115005044803
0.305000000000000160,-30.474189333580930850
0.306000000000000161,-30.420660493950244074
0.307000000000000162,-30.363731652701734021
0.308000000000000163,-30.303506544689248869
0.309000000000000163,-30.240085607492822817
0.310000000000000164,-30.173566015605253199
0.311000000000000165,-30.104041723570674094
0.312000000000000166,-30.031603517309093831
0.313000000000000167,-29.956339072871582374
0.314000000000000168,-29.878333021886454901
0.315000000000000169,-29.797667022975264928
0.316000000000000170,-29.714419838439180666
0.317000000000000171,-29.628667415539752028
0.318000000000000171,-29.540482971724269845
0.319000000000000172,-29.449937083174052788
0.320000000000000173,-29.357097776081598539
0.321000000000000174,-29.262030620093888444
0.322000000000000175,-29.164798823388469629
0.323000000000000176,-29.065463328880703386
0.324000000000000177,-28.964082911091328043
0.325000000000000178,-28.860714273234503224
0.326000000000000179,-28.755412144118007944
0.327000000000000179,-28.648229374476933629
0.328000000000000180,-28.539217032392922846
0.329000000000000181,-28.428424497480136779
0.330000000000000182,-28.315899553547147605
0.331000000000000183,-28.201688479472885263
0.332000000000000184,-28.085836138059999456
0.333000000000000185,-27.968386062656197311
0.334000000000000186,-27.849380541357874108
0.335000000000000187,-27.728860698634214543
0.336000000000000187,-27.606866574232963529
0.337000000000000188,-27.483437199249436844
0.338000000000000189,-27.358610669261548054
0.339000000000000190,-27.232424214452187528
0.340000000000000191,-27.104914266658028055
0.341000000000000192,-26.976116523301357120
0.342000000000000193,-26.846066008176173057
0.343000000000000194,-26.714797129075442683
0.344000000000000195,-26.582343732258770785
0.345000000000000195,-26.448739153773420441
0.346000000000000196,-26.314016267651659575
0.347000000000000197,-26.178207531019172194
0.348000000000000198,-26.041345026157859621
0.349000000000000199,-25.903460499575221121
0.350000000000000200,-25.764585398140411598
0.351000000000000201,-25.624750902353650162
0.352000000000000202,-25.483987956821859910
0.353000000000000203,-25.342327298018769710
0.354000000000000203,-25.199799479412426706
0.355000000000000204,-25.056434894046617501
0.356000000000000205,-24.912263794666476002
0.357000000000000206,-24.767316311481167190
0.358000000000000207,-24.621622467658152544
0.359000000000000208,-24.475212192646090159
0.360000000000000209,-24.328115333423834699
0.361000000000000210,-24.180361663773844327
0.362000000000000210,-24.031980891678927037
0.363000000000000211,-23.883002664940665483
0.364000000000000212,-23.733456575117816811
0.365000000000000213,-23.583372159881797359
0.366000000000000214,-23.432778903885790101
0.367000000000000215,-23.281706238242030338
0.368000000000000216,-23.130183538701050594
0.369000000000000217,-22.978240122623937225
0.370000000000000218,-22.825905244837620955
0.371000000000000218,-22.673208092460278351
0.372000000000000219,-22.520177778782120015
0.373000000000000220,-22.366843336284254917
0.374000000000000221,-22.213233708875769423
0.375000000000000222,-22.059377743426544782
0.376000000000000223,-21.905304180670739811
0.377000000000000224,-21.751041645553016224
0.378000000000000225,-21.596618637086816506
0.379000000000000226,-21.442063517791087435
0.380000000000000226,-21.287404502769415870
0.381000000000000227,-21.132669648491919645
0.382000000000000228,-20.977886841338211354
0.383000000000000229,-20.823083785956448821
0.384000000000000230,-20.668287993490650933
0.385000000000000231,-20.513526769726048826
0.386000000000000232,-20.358827203199002298
0.387000000000000233,-20.204216153315805116
0.388000000000000234,-20.049720238521494764
0.389000000000000234,-19.895365824557892154
0.390000000000000235,-19.741179012846675533
0.391000000000000236,-19.587185629031758083
0.392000000000000237,-19.433411211711952404
0.393000000000000238,-19.279881001393214035
0.394000000000000239,-19.126619929687038280
0.395000000000000240,-18.973652608779666195
0.396000000000000241,-18.821003321194552882
0.397000000000000242,-18.668696009868128272
0.398000000000000242,-18.516754268557750862
0.399000000000000243,-18.365201332597841599
0.400000000000000244,-18.214060070018966542
0.401000000000000245,-18.063352973042992033
0.402000000000000246,-17.913102149965151710
0.403000000000000247,-17.763329317432781096
0.404000000000000248,-17.614055793128905236
0.405000000000000249,-17.465302488867095576
0.406000000000000250,-17.317089904102985543
0.407000000000000250,-17.169438119866345716
0.408000000000000251,-17.022366793116276540
0.409000000000000252,-16.875895151521380200
0.410000000000000253,-16.730041988664900998
0.411000000000000254,-16.584825659674589104
0.412000000000000255,-16.440264077275529075
0.413000000000000256,-16.296374708263527964
0.414000000000000257,-16.153174570395567144
0.415000000000000258,-16.010680229693484478
0.416000000000000258,-15.868907798155703404
0.417000000000000259,-15.727872931871738515
0.418000000000000260,-15.587590829533152004
0.419000000000000261,-15.448076231334301411
0.420000000000000262,-15.309343418255574321
0.421000000000000263,-15.171406211721517820
0.422000000000000264,-15.034277973625432168
0.423000000000000265,-14.897971606712101078
0.424000000000000266,-14.762499555309744892
0.425000000000000266,-14.627873806401813894
0.426000000000000267,-14.494105891029306576
0.427000000000000268,-14.361206886013860640
0.428000000000000269,-14.229187415991654930
0.429000000000000270,-14.098057655748124972
0.430000000000000271,-13.967827332843153698
0.431000000000000272,-13.838505730516592607
0.432000000000000273,-13.710101690863467638
0.433000000000000274,-13.582623618268749865
0.434000000000000274,-13.456079483090793047
0.435000000000000275,-13.330476825583295053
0.436000000000000276,-13.205822760045203168
0.437000000000000277,-13.082123979187937124
0.438000000000000278,-12.959386758709865006
0.439000000000000279,-12.837616962067489368
0.440000000000000280,-12.716820045433147257
0.441000000000000281,-12.597001062829185969
0.442000000000000282,-12.478164671428569221
0.443000000000000282,-12.360315137011957276
0.444000000000000283,-12.243456339571689995
0.445000000000000284,-12.127591779052986354
0.446000000000000285,-12.012724581222823161
0.447000000000000286,-11.898857503657655599
0.448000000000000287,-11.785992941840330417
0.449000000000000288,-11.674132935357894425
0.450000000000000289,-11.563279174191162468
0.451000000000000290,-11.453433005087756413
0.452000000000000290,-11.344595438010429689
0.453000000000000291,-11.236767152652291202
0.454000000000000292,-11.129948505011428850
0.455000000000000293,-11.024139534016930142
0.456000000000000294,-10.919339968199182067
0.457000000000000295,-10.815549232396971746
0.458000000000000296,-10.712766454494552448
0.459000000000000297,-10.610990472181848432
0.460000000000000298,-10.510219839731185232
0.461000000000000298,-10.410452834784310383
0.462000000000000299,-10.311687465143517528
0.463000000000000300,-10.213921475560947982
0.464000000000000301,-10.117152354520470681
0.465000000000000302,-10.021377341006644457
0.466000000000000303,-9.926593431255465561
0.467000000000000304,-9.832797385481862662
0.468000000000000305,-9.739985734579239107
0.469000000000000306,-9.648154786786202308
0.470000000000000306,-9.557300634316350241
0.471000000000000307,-9.467419159946606655
0.472000000000000308,-9.378506043560332017
0.473000000000000309,-9.290556768641192065
0.474000000000000310,-9.203566628714288100
0.475000000000000311,-9.117530733730996317
0.476000000000000312,-9.032444016394409303
0.477000000000000313,-8.948301238422054382
0.478000000000000314,-8.865096996743204727
0.479000000000000314,-8.782825729627967704
0.480000000000000315,-8.701481722745507241
0.481000000000000316,-8.621059115149165564
0.482000000000000317,-8.541551905186050675
0.483000000000000318,-8.462953956329164029
0.484000000000000319,-8.385259002929975836
0.485000000000000320,-8.308460655889847501
0.486000000000000321,-8.232552408248462683
0.487000000000000322,-8.157527640687895598
0.488000000000000322,-8.083379626950819130
0.489000000000000323,-8.010101539171765594
0.490000000000000324,-7.937686453120164742
0.491000000000000325,-7.866127353354308127
0.492000000000000326,-7.795417138285174019
0.493000000000000327,-7.725548625149572857
0.494000000000000328,-7.656514554891768576
0.495000000000000329,-7.588307596953160150
0.496000000000000330,-7.520920353969461125
0.497000000000000330,-7.454345366375147997
0.498000000000000331,-7.388575116914776864
0.499000000000000332,-7.323602035061203885
0.500000000000000333,-7.259418501340411112
0.501000000000000334,-7.196016851563102890
0.502000000000000335,-7.133389380963071069
0.503000000000000336,-7.071528348242564377
0.504000000000000337,-7.010425979524822715
0.505000000000000338,-6.950074472214107679
0.506000000000000338,-6.890465998763652067
0.507000000000000339,-6.831592710351844566
0.508000000000000340,-6.773446740467250038
0.509000000000000341,-6.716020208403007175
0.510000000000000342,-6.659305222661123125
0.511000000000000343,-6.603293884267418257
0.512000000000000344,-6.547978289997746337
0.513000000000000345,-6.493350535516301925
0.514000000000000346,-6.439402718426795680
0.515000000000000346,-6.386126941237276533
0.516000000000000347,-6.333515314239511085
0.517000000000000348,-6.281559958303929214
0.518000000000000349,-6.230253007590786929
0.519000000000000350,-6.179586612178871619
0.520000000000000351,-6.129552940612494893
0.521000000000000352,-6.080144182367909877
0.522000000000000353,-6.031352550240171695
0.523000000000000353,-5.983170282651476768
0.524000000000000354,-5.935589645882219045
0.525000000000000355,-5.888602936225645124
0.526000000000000356,-5.842202482067431646
0.527000000000000357,-5.796380645891285432
0.528000000000000358,-5.751129826211602847
0.529000000000000359,-5.706442459434542869
0.530000000000000360,-5.662311021648548603
0.531000000000000361,-5.618728030345588209
0.532000000000000361,-5.575686046074239677
0.533000000000000362,-5.533177674025918868
0.534000000000000363,-5.491195565555360147
0.535000000000000364,-5.449732419636607261
0.536000000000000365,-5.408780984255723290
0.537000000000000366,-5.368334057741448895
0.538000000000000367,-5.328384490034949295
0.539000000000000368,-5.288925183900006211
0.540000000000000369,-5.249949096074669086
0.541000000000000369,-5.211449238365771564
0.542000000000000370,-5.173418678687398575
0.543000000000000371,-5.135850542044488876
0.544000000000000372,-5.098738011462885744
0.545000000000000373,-5.062074328866903450
0.546000000000000374,-5.025852795905633386
0.547000000000000375,-4.990066774729171151
0.548000000000000376,-4.954709688715952964
0.549000000000000377,-4.919775023152313409
0.550000000000000377,-4.885256325865383609
0.551000000000000378,-4.851147207810583062
0.552000000000000379,-4.817441343614710547
0.553000000000000380,-4.784132472075824261
0.554000000000000381,-4.751214396620954794
0.555000000000000382,-4.718680985722845556
0.556000000000000383,-4.686526173276623908
0.557000000000000384,-4.654743958937706871
0.558000000000000385,-4.623328408421754077
0.559000000000000385,-4.592273653767904307
0.560000000000000386,-4.561573893566192694
0.561000000000000387,-4.531223393150241918
0.562000000000000388,-4.501216484756179526
0.563000000000000389,-4.471547567648793020
0.564000000000000390,-4.442211108215889048
0.565000000000000391,-4.413201640031805262
0.566000000000000392,-4.384513763891024318
0.567000000000000393,-4.356142147812838594
0.568000000000000393,-4.328081527017916486
0.569000000000000394,-4.300326703877732193
0.570000000000000395,-4.272872547837742729
0.571000000000000396,-4.245713995315089306
0.572000000000000397,-4.218846049571826740
0.573000000000000398,-4.192263780564349673
0.574000000000000399,-4.165962324769993508
0.575000000000000400,-4.139936884991493926
0.576000000000000401,-4.114182730140168331
0.577000000000000401,-4.088695194998598126
0.578000000000000402,-4.063469679963514380
0.579000000000000403,-4.038501650769680040
0.580000000000000404,-4.013786638195521839
0.581000000000000405,-3.989320237751171838
0.582000000000000406,-3.965098109349641131
0.583000000000000407,-3.941115976961852230
0.584000000000000408,-3.917369628256147873
0.585000000000000409,-3.893854914222955266
0.586000000000000409,-3.870567748785267437
0.587000000000000410,-3.847504108395550126
0.588000000000000411,-3.824660031619691036
0.589000000000000412,-3.802031618708611838
0.590000000000000413,-3.779615031158091831
0.591000000000000414,-3.757406491257430758
0.592000000000000415,-3.735402281627469456
0.593000000000000416,-3.713598744748515035
0.594000000000000417,-3.691992282478735454
0.595000000000000417,-3.670579355563537316
0.596000000000000418,-3.649356483136364293
0.597000000000000419,-3.628320242211556579
0.598000000000000420,-3.607467267169583103
0.599000000000000421,-3.586794249235250476
0.600000000000000422,-3.566297935949266584
0.601000000000000423,-3.545975130633654882
0.602000000000000424,-3.525822691851399959
0.603000000000000425,-3.505837532860799577
0.604000000000000425,-3.486016621064892185
0.605000000000000426,-3.466356977456372501
0.606000000000000427,-3.446855676058426354
0.607000000000000428,-3.427509843361707276
0.608000000000000429,-3.408316657758098334
0.609000000000000430,-3.389273348971253430
0.610000000000000431,-3.370377197484633935
0.611000000000000432,-3.351625533967075743
0.612000000000000433,-3.333015738696355701
0.613000000000000433,-3.314545240981081609
0.614000000000000434,-3.296211518581143363
0.615000000000000435,-3.278012097127029456
0.616000000000000436,-3.259944549538349889
0.617000000000000437,-3.242006495441792424
0.618000000000000438,-3.224195600588784405
0.619000000000000439,-3.206509576273107065
0.620000000000000440,-3.188946178748771842
0.621000000000000441,-3.171503208648309258
0.622000000000000441,-3.154178510401780322
0.623000000000000442,-3.136969971656683676
0.624000000000000443,-3.119875522698992931
0.625000000000000444,-3.102893135875548936
0.626000000000000445,-3.086020825017968150
0.627000000000000446,-3.069256644868302519
0.628000000000000447,-3.052598690506607149
0.629000000000000448,-3.036045096780603636
0.630000000000000449,-3.019594037737612258
0.631000000000000449,-3.003243726058911545
0.632000000000000450,-2.986992412496687788
0.633000000000000451,-2.970838385313746777
0.634000000000000452,-2.954779969726077038
0.635000000000000453,-2.938815527348463519
0.636000000000000454,-2.922943455643243205
0.637000000000000455,-2.907162187372364759
0.638000000000000456,-2.891470190052829903
0.639000000000000457,-2.875865965415671521
0.640000000000000457,-2.860348048868569748
0.641000000000000458,-2.844915008962168645
0.642000000000000459,-2.829565446860284439
0.643000000000000460,-2.814297995813975550
0.644000000000000461,-2.799111320639699141
0.645000000000000462,-2.784004117201516859
0.646000000000000463,-2.768975111897507890
0.647000000000000464,-2.754023061150439489
0.648000000000000465,-2.739146750902769156
0.649000000000000465,-2.724344996116022877
0.650000000000000466,-2.709616640274663535
0.651000000000000467,-2.694960554894442861
0.652000000000000468,-2.680375639035346591
0.653000000000000469,-2.665860818819144384
0.654000000000000470,-2.651415046951623999
0.655000000000000471,-2.637037302249524373
0.656000000000000472,-2.622726589172226230
0.657000000000000473,-2.608481937358209990
0.658000000000000473,-2.594302401166369787
0.659000000000000474,-2.580187059222136092
0.660000000000000475,-2.566135013968513512
0.661000000000000476,-2.552145391221969373
0.662000000000000477,-2.538217339733298772
0.663000000000000478,-2.524350030753369278
0.664000000000000479,-2.510542657603883399
0.665000000000000480,-2.496794435253021582
0.666000000000000481,-2.483104599896164277
0.667000000000000481,-2.469472408541478536
0.668000000000000482,-2.455897138600609875
0.669000000000000483,-2.442378087484272431
0.670000000000000484,-2.428914572202878652
0.671000000000000485,-2.415505928972140559
0.672000000000000486,-2.402151512823651025
0.673000000000000487,-2.388850697220479713
0.674000000000000488,-2.375602873677686411
0.675000000000000488,-2.362407451387823709
0.676000000000000489,-2.349263856851421028
0.677000000000000490,-2.336171533512342968
0.678000000000000491,-2.323129941398121456
0.679000000000000492,-2.310138556765186202
0.680000000000000493,-2.297196871748948599
0.681000000000000494,-2.284304394018819018
0.682000000000000495,-2.271460646438005160
0.683000000000000496,-2.258665166728202056
0.684000000000000496,-2.245917507139028935
0.685000000000000497,-2.233217234122292005
0.686000000000000498,-2.220563928010978128
0.687000000000000499,-2.207957182702981136
0.688000000000000500,-2.195396605349517749
0.689000000000000501,-2.182881816048238388
0.690000000000000502,-2.170412447540963630
0.691000000000000503,-2.157988144916025419
0.692000000000000504,-2.145608565315195282
0.693000000000000504,-2.133273377645180879
0.694000000000000505,-2.120982262293573672
0.695000000000000506,-2.108734910849356048
0.696000000000000507,-2.096531025827793826
0.697000000000000508,-2.084370320399754117
0.698000000000000509,-2.072252518125420551
0.699000000000000510,-2.060177352692300623
0.700000000000000511,-2.048144567657581572
0.701000000000000512,-2.036153916194707314
0.702000000000000512,-2.024205160844205320
0.703000000000000513,-2.012298073268694587
0.704000000000000514,-2.000432434012028970
0.705000000000000515,-1.988608032262560332
0.706000000000000516,-1.976824665620469101
0.707000000000000517,-1.965082139869115618
0.708000000000000518,-1.953380268750374515
0.709000000000000519,-1.941718873743945029
0.710000000000000520,-1.930097783850520443
0.711000000000000520,-1.918516835378868191
0.712000000000000521,-1.906975871736711792
0.713000000000000522,-1.895474743225378234
0.714000000000000523,-1.884013306838243862
0.715000000000000524,-1.872591426062791609
0.716000000000000525,-1.861208970686431430
0.717000000000000526,-1.849865816605841484
0.718000000000000527,-1.838561845639937742
0.719000000000000528,-1.827296945346355006
0.720000000000000528,-1.816071008841447565
0.721000000000000529,-1.804883934623670472
0.722000000000000530,-1.793735626400462468
0.723000000000000531,-1.782625992918408286
0.724000000000000532,-1.771554947796763813
0.725000000000000533,-1.760522409364282170
0.726000000000000534,-1.749528300499217481
0.727000000000000535,-1.738572548472593127
0.728000000000000536,-1.727655084794571749
0.729000000000000536,-1.716775845063984729
0.730000000000000537,-1.705934768820914105
0.731000000000000538,-1.695131799402291861
0.732000000000000539,-1.684366883800532566
0.733000000000000540,-1.673639972525080566
0.734000000000000541,-1.662951019466882840
0.735000000000000542,-1.652299981765728898
0.736000000000000543,-1.641686819680434395
0.737000000000000544,-1.631111496461787880
0.738000000000000544,-1.620573978228288414
0.739000000000000545,-1.610074233844543290
0.740000000000000546,-1.599612234802391786
0.741000000000000547,-1.589187955104609085
0.742000000000000548,-1.578801371151278277
0.743000000000000549,-1.568452461628629724
0.744000000000000550,-1.558141207400455031
0.745000000000000551,-1.547867591402005027
0.746000000000000552,-1.537631598536292943
0.747000000000000552,-1.527433215572848058
0.748000000000000553,-1.517272431048794390
0.749000000000000554,-1.507149235172289270
0.750000000000000555,-1.497063619728259631
0.751000000000000556,-1.487015577986365855
0.752000000000000557,-1.477005104611243347
0.753000000000000558,-1.467032195574865749
0.754000000000000559,-1.457096848071122608
0.755000000000000560,-1.447199060432471374
0.756000000000000560,-1.437338832048711712
0.757000000000000561,-1.427516163287766426
0.758000000000000562,-1.417731055418501640
0.759000000000000563,-1.407983510535544047
0.760000000000000564,-1.398273531486014409
0.761000000000000565,-1.388601121798204607
0.762000000000000566,-1.378966285612118758
0.763000000000000567,-1.369369027611884393
0.764000000000000568,-1.359809352959952644
0.765000000000000568,-1.350287267233138744
0.766000000000000569,-1.340802776360362270
0.767000000000000570,-1.331355886562164859
0.768000000000000571,-1.321946604291860172
0.769000000000000572,-1.312574936178436458
0.770000000000000573,-1.303240888971008982
0.771000000000000574,-1.293944469484944459
0.772000000000000575,-1.284685684549520257
0.773000000000000576,-1.275464540957153892
0.774000000000000576,-1.266281045414143547
0.775000000000000577,-1.257135204492924929
0.776000000000000578,-1.248027024585737221
0.777000000000000579,-1.238956511859804710
0.778000000000000580,-1.229923672213852237
0.779000000000000581,-1.220928511236063940
0.780000000000000582,-1.211971034163351835
0.781000000000000583,-1.203051245842006622
0.782000000000000584,-1.194169150689605718
0.783000000000000584,-1.185324752658225567
0.784000000000000585,-1.176518055198920054
0.785000000000000586,-1.167749061227397078
0.786000000000000587,-1.159017773090936121
0.787000000000000588,-1.150324192536480217
0.788000000000000589,-1.141668320679843029
0.789000000000000590,-1.133050157976140282
0.790000000000000591,-1.124469704191243480
0.791000000000000592,-1.115926958374381162
0.792000000000000592,-1.107421918831785312
0.793000000000000593,-1.098954583101380056
0.794000000000000594,-1.090524947928504407
0.795000000000000595,-1.082133009242652211
0.796000000000000596,-1.073778762135137788
0.797000000000000597,-1.065462200837793638
0.798000000000000598,-1.057183318702553887
0.799000000000000599,-1.048942108181984967
0.800000000000000600,-1.040738560810704261
0.801000000000000600,-1.032572667187690474
0.802000000000000601,-1.024444416959434001
0.803000000000000602,-1.016353798803951047
0.804000000000000603,-1.008300800415614429
0.805000000000000604,-1.000285408490788175
0.806000000000000605,-0.992307608714226297
0.807000000000000606,-0.984367385746296564
0.808000000000000607,-0.976464723210887842
0.809000000000000608,-0.968599603684097032
0.810000000000000608,-0.960772008683632661
0.811000000000000609,-0.952981918658873162
0.812000000000000610,-0.945229312981677894
0.813000000000000611,-0.937514169937790909
0.814000000000000612,-0.929836466718957921
0.815000000000000613,-0.922196179415660788
0.816000000000000614,-0.914593283010431302
0.817000000000000615,-0.907027751371837665
0.818000000000000616,-0.899499557249020532
0.819000000000000616,-0.892008672266800140
0.820000000000000617,-0.884555066921360322
0.821000000000000618,-0.877138710576476077
0.822000000000000619,-0.869759571460287484
0.823000000000000620,-0.862417616662555675
0.824000000000000621,-0.855112812132453159
0.825000000000000622,-0.847845122676844420
0.826000000000000623,-0.840614511959043242
0.827000000000000624,-0.833420942498032447
0.828000000000000624,-0.826264375668139150
0.829000000000000625,-0.819144771699151564
0.830000000000000626,-0.812062089676871657
0.831000000000000627,-0.805016287544070286
0.832000000000000628,-0.798007322101885186
0.833000000000000629,-0.791035149011552363
0.834000000000000630,-0.784099722796575471
0.835000000000000631,-0.777200996845250347
0.836000000000000631,-0.770338923413534271
0.837000000000000632,-0.763513453628299699
0.838000000000000633,-0.756724537490881533
0.839000000000000634,-0.749972123881004871
0.840000000000000635,-0.743256160561008072
0.841000000000000636,-0.736576594180352484
0.842000000000000637,-0.729933370280495764
0.843000000000000638,-0.723326433299985472
0.844000000000000639,-0.716755726579880292
0.845000000000000639,-0.710221192369433929
0.846000000000000640,-0.703722771832019589
0.847000000000000641,-0.697260405051360110
0.848000000000000642,-0.690834031037942942
0.849000000000000643,-0.684443587735707792
0.850000000000000644,-0.678089012028984972
0.851000000000000645,-0.671770239749579501
0.852000000000000646,-0.665487205684167193
0.853000000000000647,-0.659239843581818308
0.854000000000000647,-0.653028086161746568
0.855000000000000648,-0.646851865121259584
0.856000000000000649,-0.640711111143881129
0.857000000000000650,-0.634605753907651504
0.858000000000000651,-0.628535722093585880
0.859000000000000652,-0.622500943394311057
0.860000000000000653,-0.616501344522861650
0.861000000000000654,-0.610536851221592847
0.862000000000000655,-0.604607388271284352
0.863000000000000655,-0.598712879500325812
0.864000000000000656,-0.592853247794086990
0.865000000000000657,-0.587028415104358325
0.866000000000000658,-0.581238302458955136
0.867000000000000659,-0.575482829971414978
0.868000000000000660,-0.569761916850786698
0.869000000000000661,-0.564075481411544066
0.870000000000000662,-0.558423441083586547
0.871000000000000663,-0.552805712422334783
0.872000000000000663,-0.547222211118893243
0.873000000000000664,-0.541672852010320005
0.874000000000000665,-0.536157549089945618
0.875000000000000666,-0.530676215517789096
0.876000000000000667,-0.525228763631010009
0.877000000000000668,-0.519815104954446272
0.878000000000000669,-0.514435150211205783
0.879000000000000670,-0.509088809333282932
0.880000000000000671,-0.503775991472268259
0.881000000000000671,-0.498496605010056548
0.882000000000000672,-0.493250557569633874
0.883000000000000673,-0.488037756025870961
0.884000000000000674,-0.482858106516368069
0.885000000000000675,-0.477711514452305863
0.886000000000000676,-0.472597884529358414
0.887000000000000677,-0.467517120738584258
0.888000000000000678,-0.462469126377353656
0.889000000000000679,-0.457453804060305669
0.890000000000000679,-0.452471055730286398
0.891000000000000680,-0.447520782669320827
0.892000000000000681,-0.442602885509567501
0.893000000000000682,-0.437717264244288973
0.894000000000000683,-0.432863818238809483
0.895000000000000684,-0.428042446241484964
0.896000000000000685,-0.423253046394645949
0.897000000000000686,-0.418495516245537602
0.898000000000000687,-0.413769752757263298
0.899000000000000687,-0.409075652319679073
0.900000000000000688,-0.404413110760295957
0.901000000000000689,-0.399782023355154004
0.902000000000000690,-0.395182284839682763
0.903000000000000691,-0.390613789419514412
0.904000000000000692,-0.386076430781289670
0.905000000000000693,-0.381570102103426179
0.906000000000000694,-0.377094696066863799
0.907000000000000695,-0.372650104865746457
0.908000000000000695,-0.368236220218124799
0.909000000000000696,-0.363852933376553000
0.910000000000000697,-0.359500135138706212
0.911000000000000698,-0.355177715857912968
0.912000000000000699,-0.350885565453667225
0.913000000000000700,-0.346623573422103981
0.914000000000000701,-0.342391628846384966
0.915000000000000702,-0.338189620407098879
0.916000000000000703,-0.334017436392556433
0.917000000000000703,-0.329874964709072960
0.918000000000000704,-0.325762092891172528
0.919000000000000705,-0.321678708111749367
0.920000000000000706,-0.317624697192186667
0.921000000000000707,-0.313599946612386438
0.922000000000000708,-0.309604342520773512
0.923000000000000709,-0.305637770744234871
0.924000000000000710,-0.301700116797972206
0.925000000000000711,-0.297791265895336388
0.926000000000000711,-0.293911102957561066
0.927000000000000712,-0.290059512623456139
0.928000000000000713,-0.286236379259031393
0.929000000000000714,-0.282441586967057900
0.930000000000000715,-0.278675019596548723
0.931000000000000716,-0.274936560752190251
0.932000000000000717,-0.271226093803706658
0.933000000000000718,-0.267543501895136704
0.934000000000000719,-0.263888667954062850
0.935000000000000719,-0.260261474700761386
0.936000000000000720,-0.256661804657279724
0.937000000000000721,-0.253089540156443416
0.938000000000000722,-0.249544563350805243
0.939000000000000723,-0.246026756221493892
0.940000000000000724,-0.242536000587022960
0.941000000000000725,-0.239072178111995631
0.942000000000000726,-0.235635170315765696
0.943000000000000727,-0.232224858580992233
0.944000000000000727,-0.228841124162152243
0.945000000000000728,-0.225483848193960806
0.946000000000000729,-0.222152911699703554
0.947000000000000730,-0.218848195599526563
0.948000000000000731,-0.215569580718615844
0.949000000000000732,-0.212316947795331668
0.950000000000000733,-0.209090177489234641
0.951000000000000734,-0.205889150389073489
0.952000000000000735,-0.202713747020656754
0.953000000000000735,-0.199563847854663384
0.954000000000000736,-0.196439333314389813
0.955000000000000737,-0.193340083783402783
0.956000000000000738,-0.190265979613120473
0.957000000000000739,-0.187216901130307811
0.958000000000000740,-0.184192728644512332
0.959000000000000741,-0.181193342455400946
0.960000000000000742,-0.178218622860043863
0.961000000000000743,-0.175268450160089684
0.962000000000000743,-0.172342704668888985
0.963000000000000744,-0.169441266718524858
0.964000000000000745,-0.166564016666787162
0.965000000000000746,-0.163710834904034819
0.966000000000000747,-0.160881601860005496
0.967000000000000748,-0.158076198010542790
0.968000000000000749,-0.155294503884253643
0.969000000000000750,-0.152536400069061606
0.970000000000000751,-0.149801767218724624
0.971000000000000751,-0.147090486059228670
0.972000000000000752,-0.144402437395135974
0.973000000000000753,-0.141737502115869274
0.974000000000000754,-0.139095561201868140
0.975000000000000755,-0.136476495730723846
0.976000000000000756,-0.133880186883206159
0.977000000000000757,-0.131306515949223657
0.978000000000000758,-0.128755364333702771
0.979000000000000759,-0.126226613562416712
0.980000000000000759,-0.123720145287691458
0.981000000000000760,-0.121235841294082408
0.982000000000000761,-0.118773583503964650
0.983000000000000762,-0.116333253983027629
0.984000000000000763,-0.113914734945718826
0.985000000000000764,-0.111517908760613807
0.986000000000000765,-0.109142657955699662
0.987000000000000766,-0.106788865223587548
0.988000000000000766,-0.104456413426662481
0.989000000000000767,-0.102145185602165275
0.990000000000000768,-0.099855064967179913
0.991000000000000769,-0.097585934923562337
0.992000000000000770,-0.095337679062802688
0.993000000000000771,-0.093110181170819289
0.994000000000000772,-0.090903325232658025
0.995000000000000773,-0.088716995437160814
0.996000000000000774,-0.086551076181520914
0.997000000000000774,-0.084405452075807283
0.998000000000000775,-0.082280007947394582
0.999000000000000776,-0.080174628845337381
1.000000000000000666,-0.078089200044667906
1.001000000000000778,-0.076023607050642761
1.002000000000000668,-0.073977735602898054
1.003000000000000780,-0.071951471679552459
1.004000000000000670,-0.069944701501249637
1.005000000000000782,-0.067957311535121120
1.006000000000000671,-0.065989188498698240
1.007000000000000783,-0.064040219363731610
1.008000000000000673,-0.062110291359986525
1.009000000000000785,-0.060199291978944060
1.010000000000000675,-0.058307108977447633
1.011000000000000787,-0.056433630381278840
1.012000000000000677,-0.054578744488696554
1.013000000000000789,-0.052742339873881397
1.014000000000000679,-0.050924305390328398
1.015000000000000790,-0.049124530174195588
1.016000000000000680,-0.047342903647577414
1.017000000000000792,-0.045579315521700005
1.018000000000000682,-0.043833655800102692
1.019000000000000794,-0.042105814781709230
1.020000000000000684,-0.040395683063880305
1.021000000000000796,-0.038703151545383487
1.022000000000000686,-0.037028111429310381
1.023000000000000798,-0.035370454225946188
1.024000000000000687,-0.033730071755566290
1.025000000000000799,-0.032106856151192381
1.026000000000000689,-0.030500699861278922
1.027000000000000801,-0.028911495652353049
1.028000000000000691,-0.027339136611598498
1.029000000000000803,-0.025783516149376302
1.030000000000000693,-0.024244528001701692
1.031000000000000805,-0.022722066232667006
1.032000000000000695,-0.021216025236795517
1.033000000000000806,-0.019726299741375596
1.034000000000000696,-0.018252784808704129
1.035000000000000808,-0.016795375838300867
1.036000000000000698,-0.015353968569063948
1.037000000000000810,-0.013928459081401067
1.038000000000000700,-0.012518743799247081
1.039000000000000812,-0.011124719492102106
1.040000000000000702,-0.009746283276980312
1.041000000000000814,-0.008383332620324969
1.042000000000000703,-0.007035765339852754
1.043000000000000815,-0.005703479606388578
1.044000000000000705,-0.004386373945623542
1.045000000000000817,-0.003084347239824969
1.046000000000000707,-0.001797298729525079
1.047000000000000819,-0.000525128015142012
1.048000000000000709,0.000732264941451655
1.049000000000000821,0.001974979815365679
1.050000000000000711,0.003203115917233293
1.051000000000000822,0.004416772191730289
1.052000000000000712,0.005616047216191164
1.053000000000000824,0.006801039199251568
1.054000000000000714,0.007971845979509201
1.055000000000000826,0.009128565024271127
1.056000000000000716,0.010271293428296562
1.057000000000000828,0.011400127912624791
1.058000000000000718,0.012515164823410332
1.059000000000000830,0.013616500130815315
1.060000000000000719,0.014704229427928628
1.061000000000000831,0.015778447929755308
1.062000000000000721,0.016839250472198412
1.063000000000000833,0.017886731511113290
1.064000000000000723,0.018920985121399867
1.065000000000000835,0.019942104996113104
1.066000000000000725,0.020950184445615909
1.067000000000000837,0.021945316396798659
1.068000000000000727,0.022927593392276936
1.069000000000000838,0.023897107589690072
1.070000000000000728,0.024853950760983942
1.071000000000000840,0.025798214291758596
1.072000000000000730,0.026729989180635173
1.073000000000000842,0.027649366038667422
1.074000000000000732,0.028556435088784259
1.075000000000000844,0.029451286165257912
1.076000000000000734,0.030334008713214032
1.077000000000000846,0.031204691788177936
1.078000000000000735,0.032063424055635580
1.079000000000000847,0.032910293790646236
1.080000000000000737,0.033745388877470466
1.081000000000000849,0.034568796809248549
1.082000000000000739,0.035380604687684315
1.083000000000000851,0.036180899222782018
1.084000000000000741,0.036969766732592661
1.085000000000000853,0.037747293143014005
1.086000000000000743,0.038513563987595943
1.087000000000000854,0.039268664407390130
1.088000000000000744,0.040012679150810242
1.089000000000000856,0.040745692573556834
1.090000000000000746,0.041467788638520499
1.091000000000000858,0.042179050915745392
1.092000000000000748,0.042879562582414862
1.093000000000000860,0.043569406422856186
1.094000000000000750,0.044248664828572246
1.095000000000000862,0.044917419798305838
1.096000000000000751,0.045575752938118594
1.097000000000000863,0.046223745461511027
1.098000000000000753,0.046861478189543351
1.099000000000000865,0.047489031551001870
1.100000000000000755,0.048106485582586019
1.101000000000000867,0.048713919929108479
1.102000000000000757,0.049311413843720703
1.103000000000000869,0.049899046188169857
1.104000000000000759,0.050476895433082966
1.105000000000000870,0.051045039658242052
1.106000000000000760,0.051603556552924423
1.107000000000000872,0.052152523416231403
1.108000000000000762,0.052692017157446688
1.109000000000000874,0.053222114296431165
1.110000000000000764,0.053742890964013509
1.111000000000000876,0.054254422902421350
1.112000000000000766,0.054756785465722178
1.113000000000000878,0.055250053620284234
1.114000000000000767,0.055734301945255374
1.115000000000000879,0.056209604633074672
1.116000000000000769,0.056676035489982346
1.117000000000000881,0.057133667936561140
1.118000000000000771,0.057582575008292468
1.119000000000000883,0.058022829356129402
1.120000000000000773,0.058454503247085385
1.121000000000000885,0.058877668564852860
1.122000000000000774,0.059292396810417744
1.123000000000000886,0.059698759102705744
1.124000000000000776,0.060096826179238082
1.125000000000000888,0.060486668396815657
1.126000000000000778,0.060868355732199939
1.127000000000000890,0.061241957782813147
1.128000000000000780,0.061607543767480379
1.129000000000000892,0.061965182527143982
1.130000000000000782,0.062314942525628358
1.131000000000000894,0.062656891850395136
1.132000000000000783,0.062991098213333263
1.133000000000000895,0.063317628951537114
1.134000000000000785,0.063636551028138255
1.135000000000000897,0.063947931033094513
1.136000000000000787,0.064251835184052239
1.137000000000000899,0.064548329327172041
1.138000000000000789,0.064837478938006080
1.139000000000000901,0.065119349122346237
1.140000000000000790,0.065394004617129783
1.141000000000000902,0.065661509791333825
1.142000000000000792,0.065921928646865205
1.143000000000000904,0.066175324819494882
1.144000000000000794,0.066421761579779734
1.145000000000000906,0.066661301834020900
1.146000000000000796,0.066894008125187351
1.147000000000000908,0.067119942633904167
1.148000000000000798,0.067339167179410769
1.149000000000000909,0.067551743220549104
1.150000000000000799,0.067757731856762177
1.151000000000000689,0.067957193829086937
1.152000000000000801,0.068150189521168719
1.153000000000000913,0.068336778960290237
1.154000000000000803,0.068517021818392809
1.155000000000000693,0.068690977413126547
1.156000000000000805,0.068858704708883348
1.157000000000000917,0.069020262317871436
1.158000000000000806,0.069175708501164501
1.159000000000000696,0.069325101169786379
1.160000000000000808,0.069468497885786934
1.161000000000000920,0.069605955863330446
1.162000000000000810,0.069737531969790489
1.163000000000000700,0.069863282726863263
1.164000000000000812,0.069983264311658258
1.165000000000000924,0.070097532557841707
1.166000000000000814,0.070206142956738701
1.167000000000000703,0.070309150658477579
1.168000000000000815,0.070406610473118442
1.169000000000000927,0.070498576871807841
1.170000000000000817,0.070585103987912790
1.171000000000000707,0.070666245618197482
1.172000000000000819,0.070742055223962139
1.173000000000000931,0.070812585932224642
1.174000000000000821,0.070877890536893431
1.175000000000000711,0.070938021499934140
1.176000000000000822,0.070993030952562167
1.177000000000000934,0.071042970696427551
1.178000000000000824,0.071087892204807088
1.179000000000000714,0.071127846623803240
1.180000000000000826,0.071162884773539131
1.181000000000000938,0.071193057149373878
1.182000000000000828,0.071218413923108931
1.183000000000000718,0.071239004944197812
1.184000000000000830,0.071254879740968793
1.185000000000000941,0.071266087521851179
1.186000000000000831,0.071272677176588556
1.187000000000000721,0.071274697277479676
1.188000000000000833,0.071272196080602104
1.189000000000000945,0.071265221527051864
1.190000000000000835,0.071253821244178769
1.191000000000000725,0.071238042546841379
1.192000000000000837,0.071217932438620249
1.193000000000000949,0.071193537613106858
1.194000000000000838,0.071164904455110881
1.195000000000000728,0.071132079041947599
1.196000000000000840,0.071095107144668407
1.197000000000000952,0.071054034229323854
1.198000000000000842,0.071008905458231547
1.199000000000000732,0.070959765691215038
1.200000000000000844,0.070906659486897283
1.201000000000000956,0.070849631103929361
1.202000000000000846,0.070788724502288833
1.203000000000000735,0.070723983344515046
1.204000000000000847,0.070655450997010774
1.205000000000000959,0.070583170531279313
1.206000000000000849,0.070507184725220703
1.207000000000000739,0.070427536064392740
1.208000000000000851,0.070344266743283118
1.209000000000000963,0.070257418666582444
1.210000000000000853,0.070167033450464850
1.211000000000000743,0.070073152423859170
1.212000000000000854,0.069975816629724116
1.213000000000000966,0.069875066826326299
1.214000000000000856,0.069770943488509804
1.215000000000000746,0.069663486808991662
1.216000000000000858,0.069552736699608528
1.217000000000000970,0.069438732792626467
1.218000000000000860,0.069321514441995996
1.219000000000000750,0.069201120724634330
1.220000000000000862,0.069077590441705458
1.221000000000000973,0.068950962119897874
1.222000000000000863,0.068821274012690961
1.223000000000000753,0.068688564101644561
1.224000000000000865,0.068552870097662380
1.225000000000000977,0.068414229442270394
1.226000000000000867,0.068272679308896148
1.227000000000000757,0.068128256604132728
1.228000000000000869,0.067980997969027041
1.229000000000000981,0.067830939780320981
1.230000000000000870,0.067678118151760683
1.231000000000000760,0.067522568935336744
1.232000000000000872,0.067364327722561040
1.233000000000000984,0.067203429845745885
1.234000000000000874,0.067039910379245851
1.235000000000000764,0.066873804140748574
1.236000000000000876,0.066705145692517023
1.237000000000000988,0.066533969342668295
1.238000000000000878,0.066360309146414040
1.239000000000000767,0.066184198907341063
1.240000000000000879,0.066005672178650915
1.241000000000000991,0.065824762264426018
1.242000000000000881,0.065641502220879583
1.243000000000000771,0.065455924857600767
1.244000000000000883,0.065268062738823282
1.245000000000000995,0.065077948184649029
1.246000000000000885,0.064885613272310808
1.247000000000000774,0.064691089837410079
1.248000000000000886,0.064494409475161954
1.249000000000000998,0.064295603541630816
1.250000000000000888,0.064094703154966792
1.251000000000000778,0.063891739196647396
1.252000000000000890,0.063686742312702868
1.253000000000001002,0.063479742914958864
1.254000000000000892,0.063270771182242905
1.255000000000000782,0.063059857061630517
1.256000000000000894,0.062847030269660348
1.257000000000001005,0.062632320293550578
1.258000000000000895,0.062415756392420883
1.259000000000000785,0.062197367598514006
1.260000000000000897,0.061977182718393961
1.261000000000001009,0.061755230334165342
1.262000000000000899,0.061531538804683539
1.263000000000000789,0.061306136266749911
1.264000000000000901,0.061079050636315434
1.265000000000001013,0.060850309609684204
1.266000000000000902,0.060619940664706141
1.267000000000000792,0.060387971061964217
1.268000000000000904,0.060154427845973954
1.269000000000001016,0.059919337846363142
1.270000000000000906,0.059682727679054956
1.271000000000000796,0.059444623747450340
1.272000000000000908,0.059205052243608523
1.273000000000001020,0.058964039149414060
1.274000000000000909,0.058721610237751007
1.275000000000000799,0.058477791073675234
1.276000000000000911,0.058232607015565284
1.277000000000001023,0.057986083216301020
1.278000000000000913,0.057738244624405001
1.279000000000000803,0.057489115985211448
1.280000000000000915,0.057238721841997152
1.281000000000001027,0.056987086537157686
1.282000000000000917,0.056734234213323298
1.283000000000000806,0.056480188814516517
1.284000000000000918,0.056224974087280576
1.285000000000001030,0.055968613581822924
1.286000000000000920,0.055711130653129735
1.287000000000000810,0.055452548462111326
1.288000000000000922,0.055192889976704927
1.289000000000001034,0.054932177973010456
1.290000000000000924,0.054670435036403675
1.291000000000000814,0.054407683562632481
1.292000000000000925,0.054143945758950394
1.293000000000001037,0.053879243645197250
1.294000000000000927,0.053613599054918012
1.295000000000000817,0.053347033636445773
1.296000000000000929,0.053079568854008531
1.297000000000001041,0.052811225988812105
1.298000000000000931,0.052542026140122267
1.299000000000000821,0.052271990226350186
1.300000000000000933,0.052001138986136432
1.301000000000001044,0.051729492979416827
1.302000000000000934,0.051457072588500373
1.303000000000000824,0.051183898019125186
1.304000000000000936,0.050909989301536840
1.305000000000001048,0.050635366291534242
1.306000000000000938,0.050360048671523341
1.307000000000000828,0.050084055951588061
1.308000000000000940,0.049807407470517248
1.309000000000001052,0.049530122396848966
1.310000000000000941,0.049252219729919160
1.311000000000000831,0.048973718300896599
1.312000000000000943,0.048694636773815997
1.313000000000001055,0.048414993646583013
1.314000000000000945,0.048134807252027997
1.315000000000000835,0.047854095758912252
1.316000000000000947,0.047572877172943215
1.317000000000001059,0.047291169337780936
1.318000000000000949,0.047008989936060286
1.319000000000000838,0.046726356490376812
1.320000000000000950,0.046443286364297509
1.321000000000001062,0.046159796763357748
1.322000000000000952,0.045875904736042972
1.323000000000000842,0.045591627174782517
1.324000000000000954,0.045306980816928924
1.325000000000001066,0.045021982245746585
1.326000000000000956,0.044736647891369309
1.327000000000000846,0.044450994031792368
1.328000000000000957,0.044165036793818543
1.329000000000001069,0.043878792154041737
1.330000000000000959,0.043592275939783806
1.331000000000000849,0.043305503830067808
1.332000000000000961,0.043018491356559427
1.333000000000001073,0.042731253904517694
1.334000000000000963,0.042443806713727807
1.335000000000000853,0.042156164879456989
1.336000000000000965,0.041868343353368954
1.337000000000001076,0.041580356944467642
1.338000000000000966,0.041292220320020841
1.339000000000000856,0.041003948006473161
1.340000000000000968,0.040715554390378342
1.341000000000001080,0.040427053719302761
1.342000000000000970,0.040138460102736050
1.343000000000000860,0.039849787513003325
1.344000000000000972,0.039561049786158820
1.345000000000001084,0.039272260622880903
1.346000000000000973,0.038983433589379182
1.347000000000000863,0.038694582118269434
1.348000000000000975,0.038405719509469985
1.349000000000001087,0.038116858931069281
1.350000000000000977,0.037828013420218035
1.351000000000000867,0.037539195883985889
1.352000000000000979,0.037250419100251043
1.353000000000001091,0.036961695718543096
1.354000000000000981,0.036673038260911978
1.355000000000000870,0.036384459122795712
1.356000000000000982,0.036095970573856433
1.357000000000001094,0.035807584758832681
1.358000000000000984,0.035519313698393874
1.359000000000000874,0.035231169289969652
1.360000000000000986,0.034943163308588945
1.361000000000001098,0.034655307407710848
1.362000000000000988,0.034367613120063770
1.363000000000000878,0.034080091858455862
1.364000000000000989,0.033792754916593580
1.365000000000001101,0.033505613469915277
1.366000000000000991,0.033218678576388674
1.367000000000000881,0.032931961177322347
1.368000000000000993,0.032645472098169863
1.369000000000001105,0.032359222049330560
1.370000000000000995,0.032073221626949276
1.371000000000000885,0.031787481313701800
1.372000000000000997,0.031502011479586631
1.373000000000001108,0.031216822382702524
1.374000000000000998,0.030931924170055514
1.375000000000000888,0.030647326878289714
1.376000000000001000,0.030363040434502407
1.377000000000001112,0.030079074656985977
1.378000000000001002,0.029795439256007149
1.379000000000000892,0.029512143834558462
1.380000000000001004,0.029229197889122920
1.381000000000001116,0.028946610810414532
1.382000000000001005,0.028664391884144914
1.383000000000000895,0.028382550291754044
1.384000000000001007,0.028101095111155994
1.385000000000001119,0.027820035317476909
1.386000000000001009,0.027539379783786906
1.387000000000000899,0.027259137281839197
1.388000000000001011,0.026979316482768495
1.389000000000001123,0.026699925957854632
1.390000000000001013,0.026420974179201868
1.391000000000000902,0.026142469520479959
1.392000000000001014,0.025864420257617558
1.393000000000001126,0.025586834569520239
1.394000000000001016,0.025309720538764170
1.395000000000000906,0.025033086152303562
1.396000000000001018,0.024756939302165180
1.397000000000001130,0.024481287786132979
1.398000000000001020,0.024206139308441333
1.399000000000000909,0.023931501480461369
1.400000000000001021,0.023657381821379105
1.401000000000001133,0.023383787758867663
1.402000000000001023,0.023110726629770165
1.403000000000000913,0.022838205680761465
1.404000000000001025,0.022566232069017339
1.405000000000001137,0.022294812862874602
1.406000000000001027,0.022023955042494926
1.407000000000000917,0.021753665500506000
1.408000000000001029,0.021483951042674372
1.409000000000001140,0.021214818388531363
1.410000000000001030,0.020946274172032948
1.411000000000000920,0.020678324942190292
1.412000000000001032,0.020410977163711999
1.413000000000001144,0.020144237217636484
1.414000000000001034,0.019878111401957201
1.415000000000000924,0.019612605932259601
1.416000000000001036,0.019347726942330189
1.417000000000001148,0.019083480484782596
1.418000000000001037,0.018819872531676617
1.419000000000000927,0.018556908975122615
1.420000000000001039,0.018294595627901002
1.421000000000001151,0.018032938224050620
1.422000000000001041,0.017771942419484998
1.423000000000000931,0.017511613792588022
1.424000000000001043,0.017251957844805581
1.425000000000001155,0.016992980001235218
1.426000000000001044,0.016734685611221045
1.427000000000000934,0.016477079948927987
1.428000000000001046,0.016220168213934925
1.429000000000001158,0.015963955531807045
1.430000000000001048,0.015708446954665542
1.431000000000000938,0.015453647461766829
1.432000000000001050,0.015199561960064844
1.433000000000001162,0.014946195284777780
1.434000000000001052,0.014693552199950962
1.435000000000000941,0.014441637399007723
1.436000000000001053,0.014190455505310956
1.437000000000001165,0.013940011072719092
1.438000000000001055,0.013690308586114927
1.439000000000000945,0.013441352461969369
1.440000000000001057,0.013193147048873846
1.441000000000001169,0.012945696628088411
1.442000000000001059,0.012699005414062881
1.443000000000000949,0.012453077554972507
1.444000000000001060,0.012207917133254701
1.445000000000001172,0.011963528166130928
1.446000000000001062,0.011719914606120268
1.447000000000000952,0.011477080341575362
1.448000000000001064,0.011235029197182264
1.449000000000001176,0.010993764934477897
1.450000000000001066,0.010753291252373069
1.451000000000000956,0.010513611787639958
1.452000000000001068,0.010274730115424995
1.453000000000001180,0.010036649749752550
1.454000000000001069,0.009799374144016252
1.455000000000000959,0.009562906691475281
1.456000000000001071,0.009327250725754823
1.457000000000001183,0.009092409521313112
1.458000000000001073,0.008858386293948011
1.459000000000000963,0.008625184201274328
1.460000000000001075,0.008392806343195841
1.461000000000001187,0.008161255762393797
1.462000000000001076,0.007930535444780484
1.463000000000000966,0.007700648319995257
1.464000000000001078,0.007471597261860667
1.465000000000001190,0.007243385088831658
1.466000000000001080,0.007016014564493795
1.467000000000000970,0.006789488397986145
1.468000000000001082,0.006563809244475030
1.469000000000001194,0.006338979705608745
1.470000000000001084,0.006115002329961251
1.471000000000000973,0.005891879613486545
1.472000000000001085,0.005669613999952924
1.473000000000001197,0.005448207881395154
1.474000000000001087,0.005227663598549179
1.475000000000000977,0.005007983441295182
1.476000000000001089,0.004789169649077244
1.477000000000001201,0.004571224411344926
1.478000000000001091,0.004354149867984516
1.479000000000000981,0.004137948109730376
1.480000000000001092,0.003922621178605773
1.481000000000001204,0.003708171068326378
1.482000000000001094,0.003494599724729453
1.483000000000000984,0.003281909046179157
1.484000000000001096,0.003070100883982098
1.485000000000001208,0.002859177042808313
1.486000000000001098,0.002649139281073732
1.487000000000000988,0.002439989311365570
1.488000000000001100,0.002231728800836474
1.489000000000001211,0.002024359371598404
1.490000000000001101,0.001817882601125166
1.491000000000000991,0.001612300022649260
1.492000000000001103,0.001407613125535978
1.493000000000001215,0.001203823355694345
1.494000000000001105,0.001000932115949825
1.495000000000000995,0.000798940766429733
1.496000000000001107,0.000597850624944423
1.497000000000001219,0.000397662967368776
1.498000000000001108,0.000198379028011509
1.499000000000000998,0.000000000000000000
