# AuFCC100-Ablate75_CS-12814-AC
# h[nm],U(h)[kJ/mol]
0.149999999999999994,140.756157380377061372
0.150999999999999995,136.369772984038263530
0.151999999999999996,132.056434400516423011
0.152999999999999997,127.806200002342308153
0.153999999999999998,123.639131478345305482
0.154999999999999999,119.575796650107434971
0.156000000000000000,115.627157123633580227
0.157000000000000001,111.793704490782005223
0.158000000000000002,108.068260834168341944
0.159000000000000002,104.439578173539800332
0.160000000000000003,100.895437885571453762
0.161000000000000004,97.424808119182586097
0.162000000000000005,94.019049384676435466
0.163000000000000006,90.672345576710796422
0.164000000000000007,87.381590900342402506
0.165000000000000008,84.145949443492469300
0.166000000000000009,80.966262289481733205
0.167000000000000010,77.844428387486971133
0.168000000000000010,74.782840573742987544
0.169000000000000011,71.783921627481930727
0.170000000000000012,68.849778074187966581
0.171000000000000013,65.981970885512581049
0.172000000000000014,63.181390792536831214
0.173000000000000015,60.448219965004014398
0.174000000000000016,57.781959760578857299
0.175000000000000017,55.181504801614458700
0.176000000000000018,52.645245756014730887
0.177000000000000018,50.171186112351662700
0.178000000000000019,47.757061405741978888
0.179000000000000020,45.400452414453106087
0.180000000000000021,43.098886595248799836
0.181000000000000022,40.849924350404982931
0.182000000000000023,38.651228586529583708
0.183000000000000024,36.500617448082138594
0.184000000000000025,34.396101128880914644
0.185000000000000026,32.335904339842649335
0.186000000000000026,30.318476402848215656
0.187000000000000027,28.342491109904734969
0.188000000000000028,26.406838489528769998
0.189000000000000029,24.510610507206010311
0.190000000000000030,22.653082534607758447
0.191000000000000031,20.833692185744727254
0.192000000000000032,19.052016862796524066
0.193000000000000033,17.307751098801837486
0.194000000000000034,15.600684541988362852
0.195000000000000034,13.930681205912787135
0.196000000000000035,12.297660415781617615
0.197000000000000036,10.701579716518185847
0.198000000000000037,9.142419872443072748
0.199000000000000038,7.620171980490899166
0.200000000000000039,6.134826636379282050
0.201000000000000040,4.686365033191014717
0.202000000000000041,3.274751831283038150
0.203000000000000042,1.899929614114466148
0.204000000000000042,0.561814733427445701
0.205000000000000043,-0.739705653604927016
0.206000000000000044,-2.004775545673702197
0.207000000000000045,-3.233571234914047743
0.208000000000000046,-4.426301782333300849
0.209000000000000047,-5.583208974210089437
0.210000000000000048,-6.704566883235903774
0.211000000000000049,-7.790681138877731726
0.212000000000000050,-8.841887992941186880
0.213000000000000050,-9.858553249120378226
0.214000000000000051,-10.841071109784655491
0.215000000000000052,-11.789862979565487677
0.216000000000000053,-12.705376253552547183
0.217000000000000054,-13.588083108077180228
0.218000000000000055,-14.438479304075883647
0.219000000000000056,-15.257083006757559573
0.220000000000000057,-16.044433620593586909
0.221000000000000058,-16.801090635319440025
0.222000000000000058,-17.527632476509047876
0.223000000000000059,-18.224655353156499871
0.224000000000000060,-18.892772094404751471
0.225000000000000061,-19.532610967923019984
0.226000000000000062,-20.144814473298325197
0.227000000000000063,-20.730038105034871876
0.228000000000000064,-21.288949081221876014
0.229000000000000065,-21.822225035535009141
0.230000000000000066,-22.330552671884671412
0.231000000000000066,-22.814626382649230152
0.232000000000000067,-23.275146832970115440
0.233000000000000068,-23.712819514997661940
0.234000000000000069,-24.128353277227422069
0.235000000000000070,-24.522458835136106359
0.236000000000000071,-24.895847270200128776
0.237000000000000072,-25.249228525056309991
0.238000000000000073,-25.583309903041470790
0.239000000000000073,-25.898794580634660889
0.240000000000000074,-26.196380141433802891
0.241000000000000075,-26.476757140239726596
0.242000000000000076,-26.740607705611346034
0.243000000000000077,-26.988604188915680027
0.244000000000000078,-27.221407867440468920
0.245000000000000079,-27.439667708585933070
0.246000000000000080,-27.644019201522326057
0.247000000000000081,-27.835083262010975602
0.248000000000000081,-28.013465215351438076
0.249000000000000082,-28.179753861655235880
0.250000000000000111,-28.334520626869640125
0.251000000000000112,-28.478318802194714010
0.252000000000000113,-28.611682873769460400
0.253000000000000114,-28.735127943750047308
0.254000000000000115,-28.849149243183223490
0.255000000000000115,-28.954221736389104791
0.256000000000000116,-29.050799815921955371
0.257000000000000117,-29.139317086576475901
0.258000000000000118,-29.220186236354454223
0.259000000000000119,-29.293798991805925169
0.260000000000000120,-29.360526154711390490
0.261000000000000121,-29.420717716675603981
0.262000000000000122,-29.474703047862796268
0.263000000000000123,-29.522791155813173702
0.264000000000000123,-29.565271010042856403
0.265000000000000124,-29.602411927939904501
0.266000000000000125,-29.634464017327577068
0.267000000000000126,-29.661658670968204632
0.268000000000000127,-29.684209108225779516
0.269000000000000128,-29.702310959088105591
0.270000000000000129,-29.716142885768864090
0.271000000000000130,-29.725867237161175183
0.272000000000000131,-29.731630731496004216
0.273000000000000131,-29.733565162666064197
0.274000000000000132,-29.731788125806765777
0.275000000000000133,-29.726403757877950085
0.276000000000000134,-29.717503489158200836
0.277000000000000135,-29.705166801747530769
0.278000000000000136,-29.689461991369945792
0.279000000000000137,-29.670446928972769030
0.280000000000000138,-29.648169818831981104
0.281000000000000139,-29.622669950090717350
0.282000000000000139,-29.593978438879123161
0.283000000000000140,-29.562118958385404710
0.284000000000000141,-29.527108454470504029
0.285000000000000142,-29.488957844638115091
0.286000000000000143,-29.447672698389119716
0.287000000000000144,-29.403253897201430789
0.288000000000000145,-29.355698272583957475
0.289000000000000146,-29.304999220853261477
0.290000000000000147,-29.251147293476151390
0.291000000000000147,-29.194130762006288649
0.292000000000000148,-29.133936156821810926
0.293000000000000149,-29.070548779038926313
0.294000000000000150,-29.003953185137447690
0.295000000000000151,-28.934133643984559114
0.296000000000000152,-28.861074566085068938
0.297000000000000153,-28.784760905018636379
0.298000000000000154,-28.705178531146913201
0.299000000000000155,-28.622314577787967949
0.300000000000000155,-28.536157760158523899
0.301000000000000156,-28.446698667481154388
0.302000000000000157,-28.353930028739302571
0.303000000000000158,-28.257846952641180849
0.304000000000000159,-28.158447142423920440
0.305000000000000160,-28.055731086189972245
0.306000000000000161,-27.949702223523253508
0.307000000000000162,-27.840367089178236881
0.308000000000000163,-27.727735434675821580
0.309000000000000163,-27.611820328672457947
0.310000000000000164,-27.492638236996931766
0.311000000000000165,-27.370209083269379846
0.312000000000000166,-27.244556291033706685
0.313000000000000167,-27.115706808344793188
0.314000000000000168,-26.983691115757700629
0.315000000000000169,-26.848543218667476395
0.316000000000000170,-26.710300624946107462
0.317000000000000171,-26.569004308815845405
0.318000000000000171,-26.424698661889273410
0.319000000000000172,-26.277431432293248292
0.320000000000000173,-26.127253652778442472
0.321000000000000174,-25.974219558697928534
0.322000000000000175,-25.818386496718204626
0.323000000000000176,-25.659814825103900660
0.324000000000000177,-25.498567806393090507
0.325000000000000178,-25.334711493255397841
0.326000000000000179,-25.168314608297954749
0.327000000000000179,-24.999448418557115303
0.328000000000000180,-24.828186605384892971
0.329000000000000181,-24.654605130410907066
0.330000000000000182,-24.478782098229828534
0.331000000000000183,-24.300797616435957593
0.332000000000000184,-24.120733653595177515
0.333000000000000185,-23.938673895715520956
0.334000000000000186,-23.754703601747291231
0.335000000000000187,-23.568909458613536145
0.336000000000000187,-23.381379436243275194
0.337000000000000188,-23.192202643049505184
0.338000000000000189,-23.001469182266788494
0.339000000000000190,-22.809270009534234447
0.340000000000000191,-22.615696792082655264
0.341000000000000192,-22.420841769858355974
0.342000000000000193,-22.224797618889002848
0.343000000000000194,-22.027657317173087392
0.344000000000000195,-21.829514013348738644
0.345000000000000195,-21.630460898375201140
0.346000000000000196,-21.430591080436570905
0.347000000000000197,-21.229997463256104595
0.348000000000000198,-21.028772627988139732
0.349000000000000199,-20.827008718834438383
0.350000000000000200,-20.624797332512748937
0.351000000000000201,-20.422229411686846134
0.352000000000000202,-20.219395142449833713
0.353000000000000203,-20.016383855936076941
0.354000000000000203,-19.813283934121106000
0.355000000000000204,-19.610182719854307720
0.356000000000000205,-19.407166431154902142
0.357000000000000206,-19.204320079788836040
0.358000000000000207,-19.001727394131410875
0.359000000000000208,-18.799470746309427938
0.360000000000000209,-18.597631083605310920
0.361000000000000210,-18.396287864096052544
0.362000000000000210,-18.195518996490065433
0.363000000000000211,-17.995400784116760917
0.364000000000000212,-17.796007873015703638
0.365000000000000213,-17.597413204064480396
0.366000000000000214,-17.399687969078481586
0.367000000000000215,-17.202901570809039811
0.368000000000000216,-17.007121586761446252
0.369000000000000217,-16.812413736749075355
0.370000000000000218,-16.618841854095855126
0.371000000000000218,-16.426467860394964760
0.372000000000000219,-16.235351743728763552
0.373000000000000220,-16.045551540251693723
0.374000000000000221,-15.857123319035583364
0.375000000000000222,-15.670121170074541084
0.376000000000000223,-15.484597195345125797
0.377000000000000224,-15.300601502816045141
0.378000000000000225,-15.118182203300653654
0.379000000000000226,-14.937385410044901946
0.380000000000000226,-14.758255240943134012
0.381000000000000227,-14.580833823273692929
0.382000000000000228,-14.405161300847149519
0.383000000000000229,-14.231275843459673780
0.384000000000000230,-14.059213658545251846
0.385000000000000231,-13.889009004921211599
0.386000000000000232,-13.720694208522417057
0.387000000000000233,-13.554299680020999830
0.388000000000000234,-13.389853934229639876
0.389000000000000234,-13.227383611188404444
0.390000000000000235,-13.066913498836148833
0.391000000000000236,-12.908466557170175548
0.392000000000000237,-12.752063943798898293
0.393000000000000238,-12.597725040795049622
0.394000000000000239,-12.445467482758447275
0.395000000000000240,-12.295307185999988064
0.396000000000000241,-12.147258378760502850
0.397000000000000242,-12.001333632380456251
0.398000000000000242,-11.857543893338968743
0.399000000000000243,-11.715898516082857483
0.400000000000000244,-11.576405296568653469
0.401000000000000245,-11.439070506443584918
0.402000000000000246,-11.303898927793230911
0.403000000000000247,-11.170893888386320469
0.404000000000000248,-11.040057297349829213
0.405000000000000249,-10.911389681209607616
0.406000000000000250,-10.784890220234334635
0.407000000000000250,-10.660556785023144855
0.408000000000000251,-10.538385973279455143
0.409000000000000252,-10.418373146716197297
0.410000000000000253,-10.300512468039631386
0.411000000000000254,-10.184796937961637653
0.412000000000000255,-10.071218432192383219
0.413000000000000256,-9.959767738367714784
0.414000000000000257,-9.850434592867610917
0.415000000000000258,-9.743207717484530406
0.416000000000000258,-9.638074855902328153
0.417000000000000259,-9.535022809948625166
0.418000000000000260,-9.434037475585595800
0.419000000000000261,-9.335103878606018313
0.420000000000000262,-9.238206210003511387
0.421000000000000263,-9.143327860987687572
0.422000000000000264,-9.050451457616784268
0.423000000000000265,-8.959558895022139424
0.424000000000000266,-8.870631371200806470
0.425000000000000266,-8.783649420353901505
0.426000000000000267,-8.698592945750272420
0.427000000000000268,-8.615441252096534441
0.428000000000000269,-8.534173077395971418
0.429000000000000270,-8.454766624280461329
0.430000000000000271,-8.377199590800788798
0.431000000000000272,-8.301449200662343486
0.432000000000000273,-8.227492232894281443
0.433000000000000274,-8.155305050941688449
0.434000000000000274,-8.084863631171426590
0.435000000000000275,-8.016143590783524786
0.436000000000000276,-7.949120215121169508
0.437000000000000277,-7.883768484373296026
0.438000000000000278,-7.820063099665006234
0.439000000000000279,-7.757978508531905959
0.440000000000000280,-7.697488929775379241
0.441000000000000281,-7.638568377696804745
0.442000000000000282,-7.581190685709610300
0.443000000000000282,-7.525329529328637079
0.444000000000000283,-7.470958448537449392
0.445000000000000284,-7.418050869534608793
0.446000000000000285,-7.366580125860761719
0.447000000000000286,-7.316519478909214058
0.448000000000000287,-7.267842137822936088
0.449000000000000288,-7.220521278781878216
0.450000000000000289,-7.174530063684831482
0.451000000000000290,-7.129841658230600565
0.452000000000000290,-7.086429249403865427
0.453000000000000291,-7.044266062371382198
0.454000000000000292,-7.003325376794796497
0.455000000000000293,-6.963580542566559117
0.456000000000000294,-6.925004994975928696
0.457000000000000295,-6.887572269312299156
0.458000000000000296,-6.851256014913500891
0.459000000000000297,-6.816030008666887241
0.460000000000000298,-6.781868167971426331
0.461000000000000298,-6.748744563169074340
0.462000000000000299,-6.716633429454184068
0.463000000000000300,-6.685509178269579245
0.464000000000000301,-6.655346408198409058
0.465000000000000302,-6.626119915360800583
0.466000000000000303,-6.597804703324712250
0.467000000000000304,-6.570375992540162358
0.468000000000000305,-6.543809229306551067
0.469000000000000306,-6.518080094282471926
0.470000000000000306,-6.493164510547754453
0.471000000000000307,-6.469038651227331016
0.472000000000000308,-6.445678946686771660
0.473000000000000309,-6.423062091309169830
0.474000000000000310,-6.401165049863098311
0.475000000000000311,-6.379965063471546571
0.476000000000000312,-6.359439655191491347
0.477000000000000313,-6.339566635213815360
0.478000000000000314,-6.320324105693349459
0.479000000000000314,-6.301690465218686477
0.480000000000000315,-6.283644412931280065
0.481000000000000316,-6.266164952303538094
0.482000000000000317,-6.249231394585228472
0.483000000000000318,-6.232823361927694705
0.484000000000000319,-6.216920790195174185
0.485000000000000320,-6.201503931472471365
0.486000000000000321,-6.186553356278071014
0.487000000000000322,-6.172049955491785589
0.488000000000000322,-6.157974942005798091
0.489000000000000323,-6.144309852107986636
0.490000000000000324,-6.131036546606177140
0.491000000000000325,-6.118137211701943912
0.492000000000000326,-6.105594359622346090
0.493000000000000327,-6.093390829018024313
0.494000000000000328,-6.081509785135780888
0.495000000000000329,-6.069934719773744547
0.496000000000000330,-6.058649451027039667
0.497000000000000330,-6.047638122831743068
0.498000000000000331,-6.036885204314829778
0.499000000000000332,-6.026375488957541826
0.500000000000000333,-6.016094093579627433
0.501000000000000334,-6.006026457151635967
0.502000000000000335,-5.996158339442359875
0.503000000000000336,-5.986475819508385143
0.504000000000000337,-5.976965294032500431
0.505000000000000338,-5.967613475517652866
0.506000000000000338,-5.958407390342949306
0.507000000000000339,-5.949334376688031334
0.508000000000000340,-5.940382082332069658
0.509000000000000341,-5.931538462333429074
0.510000000000000342,-5.922791776595941471
0.511000000000000343,-5.914130587327537825
0.512000000000000344,-5.905543756396909316
0.513000000000000345,-5.897020442593664313
0.514000000000000346,-5.888550098797389332
0.515000000000000346,-5.880122469060745871
0.516000000000000347,-5.871727585611738576
0.517000000000000348,-5.863355765780121409
0.518000000000000349,-5.854997608852651858
0.519000000000000350,-5.846643992861941364
0.520000000000000351,-5.838286071313445902
0.521000000000000352,-5.829915269854948789
0.522000000000000353,-5.821523282892846041
0.523000000000000353,-5.813102070159374968
0.524000000000000354,-5.804643853234866313
0.525000000000000355,-5.796141112028818654
0.526000000000000356,-5.787586581223658655
0.527000000000000357,-5.778973246684826037
0.528000000000000358,-5.770294341840729757
0.529000000000000359,-5.761543344035952252
0.530000000000000360,-5.752713970861114134
0.531000000000000361,-5.743800176462505291
0.532000000000000361,-5.734796147834630986
0.533000000000000362,-5.725696301098614605
0.534000000000000363,-5.716495277769404026
0.535000000000000364,-5.707187941014455923
0.536000000000000365,-5.697769371906668212
0.537000000000000366,-5.688234865674073326
0.538000000000000367,-5.678579927948771200
0.539000000000000368,-5.668800271017556902
0.540000000000000369,-5.658891810076392304
0.541000000000000369,-5.648850659491058579
0.542000000000000370,-5.638673129066026135
0.543000000000000371,-5.628355720323542144
0.544000000000000372,-5.617895122794955398
0.545000000000000373,-5.607288210326027311
0.546000000000000374,-5.596532037398093351
0.547000000000000375,-5.585623835466686060
0.548000000000000376,-5.574561009319318750
0.549000000000000377,-5.563341133453909571
0.550000000000000377,-5.551961948479315012
0.551000000000000378,-5.540421357539402791
0.552000000000000379,-5.528717422761987521
0.553000000000000380,-5.516848361733845962
0.554000000000000381,-5.504812544003042873
0.555000000000000382,-5.492608487609739853
0.556000000000000383,-5.480234855646401115
0.557000000000000384,-5.467690452848623650
0.558000000000000385,-5.454974222217338742
0.559000000000000385,-5.442085241673428442
0.560000000000000386,-5.429022720745470210
0.561000000000000387,-5.415785997291504117
0.562000000000000388,-5.402374534255481642
0.563000000000000389,-5.388787916459095939
0.564000000000000390,-5.375025847429641956
0.565000000000000391,-5.361088146264471277
0.566000000000000392,-5.346974744532599466
0.567000000000000393,-5.332685683213954420
0.568000000000000393,-5.318221109676692038
0.569000000000000394,-5.303581274693054404
0.570000000000000395,-5.288766529494092872
0.571000000000000396,-5.273777322863564265
0.572000000000000397,-5.258614198271389206
0.573000000000000398,-5.243277791046842218
0.574000000000000399,-5.227768825591735613
0.575000000000000400,-5.212088112633794346
0.576000000000000401,-5.196236546520355049
0.577000000000000401,-5.180215102552572226
0.578000000000000402,-5.164024834360150251
0.579000000000000403,-5.147666871316751269
0.580000000000000404,-5.131142415996061246
0.581000000000000405,-5.114452741668574554
0.582000000000000406,-5.097599189839059797
0.583000000000000407,-5.080583167824668678
0.584000000000000408,-5.063406146373671035
0.585000000000000409,-5.046069657324689040
0.586000000000000409,-5.028575291306347950
0.587000000000000410,-5.010924695477244839
0.588000000000000411,-4.993119571306047888
0.589000000000000412,-4.975161672391615220
0.590000000000000413,-4.957052802322905904
0.591000000000000414,-4.938794812578537474
0.592000000000000415,-4.920389600465751911
0.593000000000000416,-4.901839107098538761
0.594000000000000417,-4.883145315414748389
0.595000000000000417,-4.864310248231872080
0.596000000000000418,-4.845335966341211886
0.597000000000000419,-4.826224566640267000
0.598000000000000420,-4.806978180302882819
0.599000000000000421,-4.787598970987000158
0.600000000000000422,-4.768089133079607578
0.601000000000000423,-4.748450889978603762
0.602000000000000424,-4.728686492411228848
0.603000000000000425,-4.708798216788734337
0.604000000000000425,-4.688788363596909647
0.605000000000000426,-4.668659255822130483
0.606000000000000427,-4.648413237412605703
0.607000000000000428,-4.628052671774303128
0.608000000000000429,-4.607579940301411270
0.609000000000000430,-4.586997440940687731
0.610000000000000431,-4.566307586789553064
0.611000000000000432,-4.545512804727334988
0.612000000000000433,-4.524615534079378776
0.613000000000000433,-4.503618225313628542
0.614000000000000434,-4.482523338769198951
0.615000000000000435,-4.461333343416551855
0.616000000000000436,-4.440050715648941271
0.617000000000000437,-4.418677938104620395
0.618000000000000438,-4.397217498519440326
0.619000000000000439,-4.375671888609384830
0.620000000000000440,-4.354043602982701877
0.621000000000000441,-4.332335138081125692
0.622000000000000441,-4.310548991149811826
0.623000000000000442,-4.288687659235558058
0.624000000000000443,-4.266753638212884781
0.625000000000000444,-4.244749421837573422
0.626000000000000445,-4.222677500827193953
0.627000000000000446,-4.200540361968263525
0.628000000000000447,-4.178340487249581514
0.629000000000000448,-4.156080353021313734
0.630000000000000449,-4.133762429179419939
0.631000000000000449,-4.111389178375022269
0.632000000000000450,-4.088963055248289180
0.633000000000000451,-4.066486505686404129
0.634000000000000452,-4.043961966105250383
0.635000000000000453,-4.021391862754337687
0.636000000000000454,-3.998778611044646603
0.637000000000000455,-3.976124614898916665
0.638000000000000456,-3.953432266124007555
0.639000000000000457,-3.930703943804937150
0.640000000000000457,-3.907942013720197227
0.641000000000000458,-3.885148827777916036
0.642000000000000459,-3.862326723472574663
0.643000000000000460,-3.839478023361743819
0.644000000000000461,-3.816605034562621679
0.645000000000000462,-3.793710048267858959
0.646000000000000463,-3.770795339280344827
0.647000000000000464,-3.747863165566609034
0.648000000000000465,-3.724915767828426372
0.649000000000000465,-3.701955369092254866
0.650000000000000466,-3.678984174316203504
0.651000000000000467,-3.656004370014080962
0.652000000000000468,-3.633018123896257556
0.653000000000000469,-3.610027584526908750
0.654000000000000470,-3.587034880997390651
0.655000000000000471,-3.564042122615286523
0.656000000000000472,-3.541051398608891621
0.657000000000000473,-3.518064777846714897
0.658000000000000473,-3.495084308571743126
0.659000000000000474,-3.472112018150080193
0.660000000000000475,-3.449149912833674669
0.661000000000000476,-3.426199977536779073
0.662000000000000477,-3.403264175625889010
0.663000000000000478,-3.380344448722770068
0.664000000000000479,-3.357442716520355308
0.665000000000000480,-3.334560876611100788
0.666000000000000481,-3.311700804327655678
0.667000000000000481,-3.288864352595349594
0.668000000000000482,-3.266053351796424753
0.669000000000000483,-3.243269609645563545
0.670000000000000484,-3.220514911076496567
0.671000000000000485,-3.197791018139427344
0.672000000000000486,-3.175099669908941102
0.673000000000000487,-3.152442582402241733
0.674000000000000488,-3.129821448507285275
0.675000000000000488,-3.107237937920697579
0.676000000000000489,-3.084693697095188814
0.677000000000000490,-3.062190349196111328
0.678000000000000491,-3.039729494067068494
0.679000000000000492,-3.017312708204211269
0.680000000000000493,-2.994941544739025296
0.681000000000000494,-2.972617533429387393
0.682000000000000495,-2.950342180658617863
0.683000000000000496,-2.928116969442361661
0.684000000000000496,-2.905943359442996865
0.685000000000000497,-2.883822786991429687
0.686000000000000498,-2.861756665115985587
0.687000000000000499,-2.839746383578257927
0.688000000000000500,-2.817793308915623740
0.689000000000000501,-2.795898784490302269
0.690000000000000502,-2.774064130544709794
0.691000000000000503,-2.752290644262901154
0.692000000000000504,-2.730579599837941185
0.693000000000000504,-2.708932248545021348
0.694000000000000505,-2.687349818820052416
0.695000000000000506,-2.665833516343680376
0.696000000000000507,-2.644384524130425351
0.697000000000000508,-2.623004002622835618
0.698000000000000509,-2.601693089790495073
0.699000000000000510,-2.580452901233619034
0.700000000000000511,-2.559284530291229931
0.701000000000000512,-2.538189048153571825
0.702000000000000512,-2.517167503978768650
0.703000000000000513,-2.496220925013449943
0.704000000000000514,-2.475350316717255250
0.705000000000000515,-2.454556662891048013
0.706000000000000516,-2.433840925808694600
0.707000000000000517,-2.413204046352261489
0.708000000000000518,-2.392646944150492949
0.709000000000000519,-2.372170517720458172
0.710000000000000520,-2.351775644612158267
0.711000000000000520,-2.331463181556066022
0.712000000000000521,-2.311233964613383485
0.713000000000000522,-2.291088809328925890
0.714000000000000523,-2.271028510886544005
0.715000000000000524,-2.251053844266861059
0.716000000000000525,-2.231165564407358026
0.717000000000000526,-2.211364406364536794
0.718000000000000527,-2.191651085478171002
0.719000000000000528,-2.172026297537449580
0.720000000000000528,-2.152490718949001458
0.721000000000000529,-2.133045006906543417
0.722000000000000530,-2.113689799562260330
0.723000000000000531,-2.094425716199603382
0.724000000000000532,-2.075253357407571553
0.725000000000000533,-2.056173305256305817
0.726000000000000534,-2.037186123473892607
0.727000000000000535,-2.018292357624352551
0.728000000000000536,-1.999492535286648387
0.729000000000000536,-1.980787166234690755
0.730000000000000537,-1.962176742618239045
0.731000000000000538,-1.943661739144561862
0.732000000000000539,-1.925242613260900626
0.733000000000000540,-1.906919805337516038
0.734000000000000541,-1.888693738851354720
0.735000000000000542,-1.870564820570197018
0.736000000000000543,-1.852533440737271109
0.737000000000000544,-1.834599973256173300
0.738000000000000544,-1.816764775876167359
0.739000000000000545,-1.799028190377631287
0.740000000000000546,-1.781390542757741668
0.741000000000000547,-1.763852143416213325
0.742000000000000548,-1.746413287341151532
0.743000000000000549,-1.729074254294822977
0.744000000000000550,-1.711835308999393179
0.745000000000000551,-1.694696701322568000
0.746000000000000552,-1.677658666463009096
0.747000000000000552,-1.660721425135579965
0.748000000000000553,-1.643885183756270463
0.749000000000000554,-1.627150134626810241
0.750000000000000555,-1.610516456118945339
0.751000000000000556,-1.593984312858242047
0.752000000000000557,-1.577553855907490199
0.753000000000000558,-1.561225222949547131
0.754000000000000559,-1.544998538469694482
0.755000000000000560,-1.528873913937365936
0.756000000000000560,-1.512851447987295428
0.757000000000000561,-1.496931226599964582
0.758000000000000562,-1.481113323281380012
0.759000000000000563,-1.465397799242135868
0.760000000000000564,-1.449784703575684564
0.761000000000000565,-1.434274073435833019
0.762000000000000566,-1.418865934213402236
0.763000000000000567,-1.403560299712057535
0.764000000000000568,-1.388357172323206878
0.765000000000000568,-1.373256543200050750
0.766000000000000569,-1.358258392430641281
0.767000000000000570,-1.343362689210016780
0.768000000000000571,-1.328569392011309080
0.769000000000000572,-1.313878448755888773
0.770000000000000573,-1.299289796982439960
0.771000000000000574,-1.284803364015000060
0.772000000000000575,-1.270419067129916257
0.773000000000000576,-1.256136813721702605
0.774000000000000576,-1.241956501467798457
0.775000000000000577,-1.227878018492201573
0.776000000000000578,-1.213901243527903073
0.777000000000000579,-1.200026046078243702
0.778000000000000580,-1.186252286577003989
0.779000000000000581,-1.172579816547360210
0.780000000000000582,-1.159008478759596672
0.781000000000000583,-1.145538107387637838
0.782000000000000584,-1.132168528164292365
0.783000000000000584,-1.118899558535297434
0.784000000000000585,-1.105731007812101874
0.785000000000000586,-1.092662677323348319
0.786000000000000587,-1.079694360565136124
0.787000000000000588,-1.066825843349959779
0.788000000000000589,-1.054056903954350588
0.789000000000000590,-1.041387313265268899
0.790000000000000591,-1.028816834925122992
0.791000000000000592,-1.016345225475533631
0.792000000000000592,-1.003972234499737715
0.793000000000000593,-0.991697604763692064
0.794000000000000594,-0.979521072355837630
0.795000000000000595,-0.967442366825544964
0.796000000000000596,-0.955461211320187132
0.797000000000000597,-0.943577322720929090
0.798000000000000598,-0.931790411777120076
0.799000000000000599,-0.920100183239370373
0.800000000000000600,-0.908506335991281944
0.801000000000000600,-0.897008563179815921
0.802000000000000601,-0.885606552344321729
0.803000000000000602,-0.874299985544214509
0.804000000000000603,-0.863088539485306727
0.805000000000000604,-0.851971885644789095
0.806000000000000605,-0.840949690394838356
0.807000000000000606,-0.830021615124937662
0.808000000000000607,-0.819187316362776308
0.809000000000000608,-0.808446445893858945
0.810000000000000608,-0.797798650879767424
0.811000000000000609,-0.787243573975040078
0.812000000000000610,-0.776780853442774588
0.813000000000000611,-0.766410123268841281
0.814000000000000612,-0.756131013274802921
0.815000000000000613,-0.745943149229509883
0.816000000000000614,-0.735846152959319655
0.817000000000000615,-0.725839642457067891
0.818000000000000616,-0.715923231989683995
0.819000000000000616,-0.706096532204493643
0.820000000000000617,-0.696359150234231672
0.821000000000000618,-0.686710689800748897
0.822000000000000619,-0.677150751317436739
0.823000000000000620,-0.667678931990336233
0.824000000000000621,-0.658294825917981941
0.825000000000000622,-0.648998024189966549
0.826000000000000623,-0.639788114984235934
0.827000000000000624,-0.630664683663109016
0.828000000000000624,-0.621627312868058945
0.829000000000000625,-0.612675582613211422
0.830000000000000626,-0.603809070377628876
0.831000000000000627,-0.595027351196340870
0.832000000000000628,-0.586329997750163256
0.833000000000000629,-0.577716580454247786
0.834000000000000630,-0.569186667545471092
0.835000000000000631,-0.560739825168588557
0.836000000000000631,-0.552375617461175916
0.837000000000000632,-0.544093606637414906
0.838000000000000633,-0.535893353070643563
0.839000000000000634,-0.527774415374780759
0.840000000000000635,-0.519736350484554355
0.841000000000000636,-0.511778713734555413
0.842000000000000637,-0.503901058937189061
0.843000000000000638,-0.496102938459423104
0.844000000000000639,-0.488383903298445943
0.845000000000000639,-0.480743503156177199
0.846000000000000640,-0.473181286512653121
0.847000000000000641,-0.465696800698335522
0.848000000000000642,-0.458289591965284626
0.849000000000000643,-0.450959205557243059
0.850000000000000644,-0.443705185778686673
0.851000000000000645,-0.436527076062712460
0.852000000000000646,-0.429424419037953531
0.853000000000000647,-0.422396756594376366
0.854000000000000647,-0.415443629948055171
0.855000000000000648,-0.408564579704901010
0.856000000000000649,-0.401759145923379801
0.857000000000000650,-0.395026868176187040
0.858000000000000651,-0.388367285610916768
0.859000000000000652,-0.381779937009747383
0.860000000000000653,-0.375264360848120149
0.861000000000000654,-0.368820095352428101
0.862000000000000655,-0.362446678556761825
0.863000000000000655,-0.356143648358646592
0.864000000000000656,-0.349910542573870664
0.865000000000000657,-0.343746898990331562
0.866000000000000658,-0.337652255420962888
0.867000000000000659,-0.331626149755742339
0.868000000000000660,-0.325668120012757023
0.869000000000000661,-0.319777704388377992
0.870000000000000662,-0.313954441306534160
0.871000000000000663,-0.308197869467096264
0.872000000000000663,-0.302507527893368100
0.873000000000000664,-0.296882955978721663
0.874000000000000665,-0.291323693532357098
0.875000000000000666,-0.285829280824220711
0.876000000000000667,-0.280399258629064951
0.877000000000000668,-0.275033168269687711
0.878000000000000669,-0.269730551659336737
0.879000000000000670,-0.264490951343290370
0.880000000000000671,-0.259313910539652415
0.881000000000000671,-0.254198973179318721
0.882000000000000672,-0.249145683945181384
0.883000000000000673,-0.244153588310528857
0.884000000000000674,-0.239222232576690230
0.885000000000000675,-0.234351163909903792
0.886000000000000676,-0.229539930377441387
0.887000000000000677,-0.224788080982984695
0.888000000000000678,-0.220095165701243461
0.889000000000000679,-0.215460735511885298
0.890000000000000679,-0.210884342432708538
0.891000000000000680,-0.206365539552131244
0.892000000000000681,-0.201903881060952223
0.893000000000000682,-0.197498922283437628
0.894000000000000683,-0.193150219707709569
0.895000000000000684,-0.188857331015469532
0.896000000000000685,-0.184619815111040364
0.897000000000000686,-0.180437232149747828
0.898000000000000687,-0.176309143565677423
0.899000000000000687,-0.172235112098732657
0.900000000000000688,-0.168214701821111090
0.901000000000000689,-0.164247478163117938
0.902000000000000690,-0.160333007938384176
0.903000000000000691,-0.156470859368455534
0.904000000000000692,-0.152660602106775928
0.905000000000000693,-0.148901807262089347
0.906000000000000694,-0.145194047421249250
0.907000000000000695,-0.141536896671426271
0.908000000000000695,-0.137929930621789126
0.909000000000000696,-0.134372726424563382
0.910000000000000697,-0.130864862795583431
0.911000000000000698,-0.127405920034259240
0.912000000000000699,-0.123995480043017817
0.913000000000000700,-0.120633126346220448
0.914000000000000701,-0.117318444108504713
0.915000000000000702,-0.114051020152674570
0.916000000000000703,-0.110830442977019342
0.917000000000000703,-0.107656302772163565
0.918000000000000704,-0.104528191437391366
0.919000000000000705,-0.101445702596499029
0.920000000000000706,-0.098408431613160000
0.921000000000000707,-0.095415975605797149
0.922000000000000708,-0.092467933461996596
0.923000000000000709,-0.089563905852471037
0.924000000000000710,-0.086703495244525003
0.925000000000000711,-0.083886305915118656
0.926000000000000711,-0.081111943963446537
0.927000000000000712,-0.078380017323106926
0.928000000000000713,-0.075690135773823969
0.929000000000000714,-0.073041910952760108
0.930000000000000715,-0.070434956365387172
0.931000000000000716,-0.067868887395968011
0.932000000000000717,-0.065343321317637398
0.933000000000000718,-0.062857877302043300
0.934000000000000719,-0.060412176428649642
0.935000000000000719,-0.058005841693613468
0.936000000000000720,-0.055638498018296859
0.937000000000000721,-0.053309772257396651
0.938000000000000722,-0.051019293206716720
0.939000000000000723,-0.048766691610562060
0.940000000000000724,-0.046551600168787934
0.941000000000000725,-0.044373653543490432
0.942000000000000726,-0.042232488365355217
0.943000000000000727,-0.040127743239661229
0.944000000000000727,-0.038059058751953846
0.945000000000000728,-0.036026077473393231
0.946000000000000729,-0.034028443965759915
0.947000000000000730,-0.032065804786168224
0.948000000000000731,-0.030137808491443024
0.949000000000000732,-0.028244105642210100
0.950000000000000733,-0.026384348806656792
0.951000000000000734,-0.024558192564033649
0.952000000000000735,-0.022765293507821600
0.953000000000000735,-0.021005310248637027
0.954000000000000736,-0.019277903416852333
0.955000000000000737,-0.017582735664930516
0.956000000000000738,-0.015919471669498825
0.957000000000000739,-0.014287778133141920
0.958000000000000740,-0.012687323785937194
0.959000000000000741,-0.011117779386736859
0.960000000000000742,-0.009578817724194010
0.961000000000000743,-0.008070113617527552
0.962000000000000743,-0.006591343917061970
0.963000000000000744,-0.005142187504509105
0.964000000000000745,-0.003722325293036777
0.965000000000000746,-0.002331440227078335
0.966000000000000747,-0.000969217281932666
0.967000000000000748,0.000364656536861352
0.968000000000000749,0.001670492194363160
0.969000000000000750,0.002948598627303894
0.970000000000000751,0.004199282745338368
0.971000000000000751,0.005422849432533993
0.972000000000000752,0.006619601549051546
0.973000000000000753,0.007789839932996223
0.974000000000000754,0.008933863402518321
0.975000000000000755,0.010051968758051944
0.976000000000000756,0.011144450784771071
0.977000000000000757,0.012211602255213788
0.978000000000000758,0.013253713932104288
0.979000000000000759,0.014271074571311016
0.980000000000000759,0.015263970925026720
0.981000000000000760,0.016232687745087432
0.982000000000000761,0.017177507786445202
0.983000000000000762,0.018098711810833151
0.984000000000000763,0.018996578590576761
0.985000000000000764,0.019871384912533076
0.986000000000000765,0.020723405582225220
0.987000000000000766,0.021552913428095587
0.988000000000000766,0.022360179305909961
0.989000000000000767,0.023145472103294939
0.990000000000000768,0.023909058744435708
0.991000000000000769,0.024651204194888830
0.992000000000000770,0.025372171466530584
0.993000000000000771,0.026072221622636078
0.994000000000000772,0.026751613783090621
0.995000000000000773,0.027410605129704640
0.996000000000000774,0.028049450911675638
0.997000000000000774,0.028668404451142583
0.998000000000000775,0.029267717148871664
0.999000000000000776,0.029847638490037055
1.000000000000000666,0.030408416050130942
1.001000000000000778,0.030950295500956414
1.002000000000000668,0.031473520616743529
1.003000000000000780,0.031978333280358553
1.004000000000000670,0.032464973489598391
1.005000000000000782,0.032933679363604619
1.006000000000000671,0.033384687149347392
1.007000000000000783,0.033818231228222216
1.008000000000000673,0.034234544122711714
1.009000000000000785,0.034633856503146168
1.010000000000000675,0.035016397194548438
1.011000000000000787,0.035382393183554101
1.012000000000000677,0.035732069625405011
1.013000000000000789,0.036065649851036344
1.014000000000000679,0.036383355374219287
1.015000000000000790,0.036685405898789346
1.016000000000000680,0.036972019325924151
1.017000000000000792,0.037243411761523890
1.018000000000000682,0.037499797523612800
1.019000000000000794,0.037741389149843485
1.020000000000000684,0.037968397405035367
1.021000000000000796,0.038181031288784549
1.022000000000000686,0.038379498043132412
1.023000000000000798,0.038564003160276687
1.024000000000000687,0.038734750390358591
1.025000000000000799,0.038891941749266953
1.026000000000000689,0.039035777526534560
1.027000000000000801,0.039166456293241822
1.028000000000000691,0.039284174909992212
1.029000000000000803,0.039389128534923469
1.030000000000000693,0.039481510631762716
1.031000000000000805,0.039561512977914014
1.032000000000000695,0.039629325672605728
1.033000000000000806,0.039685137145043167
1.034000000000000696,0.039729134162625773
1.035000000000000808,0.039761501839193712
1.036000000000000698,0.039782423643290286
1.037000000000000810,0.039792081406461212
1.038000000000000700,0.039790655331606826
1.039000000000000812,0.039778324001328892
1.040000000000000702,0.039755264386320814
1.041000000000000814,0.039721651853776178
1.042000000000000703,0.039677660175844745
1.043000000000000815,0.039623461538065133
1.044000000000000705,0.039559226547856777
1.045000000000000817,0.039485124243022411
1.046000000000000707,0.039401322100255681
1.047000000000000819,0.039307986043673623
1.048000000000000709,0.039205280453387600
1.049000000000000821,0.039093368174030439
1.050000000000000711,0.038972410523370096
1.051000000000000822,0.038842567300866063
1.052000000000000712,0.038703996796289865
1.053000000000000824,0.038556855798328286
1.054000000000000714,0.038401299603191733
1.055000000000000826,0.038237482023250821
1.056000000000000716,0.038065555395652970
1.057000000000000828,0.037885670590970241
1.058000000000000718,0.037697977021828546
1.059000000000000830,0.037502622651557072
1.060000000000000719,0.037299754002820193
1.061000000000000831,0.037089516166281630
1.062000000000000721,0.036872052809227826
1.063000000000000833,0.036647506184219469
1.064000000000000723,0.036416017137740384
1.065000000000000835,0.036177725118826838
1.066000000000000725,0.035932768187696792
1.067000000000000837,0.035681283024399588
1.068000000000000727,0.035423404937413631
1.069000000000000838,0.035159267872288784
1.070000000000000728,0.034889004420237825
1.071000000000000840,0.034612745826749371
1.072000000000000730,0.034330622000173026
1.073000000000000842,0.034042761520308072
1.074000000000000732,0.033749291646977188
1.075000000000000844,0.033450338328579868
1.076000000000000734,0.033146026210650312
1.077000000000000846,0.032836478644391362
1.078000000000000735,0.032521817695191205
1.079000000000000847,0.032202164151145199
1.080000000000000737,0.031877637531530847
1.081000000000000849,0.031548356095311356
1.082000000000000739,0.031214436849573306
1.083000000000000851,0.030875995557989238
1.084000000000000741,0.030533146749233242
1.085000000000000853,0.030186003725403844
1.086000000000000743,0.029834678570403839
1.087000000000000854,0.029479282158321289
1.088000000000000744,0.029119924161768541
1.089000000000000856,0.028756713060237183
1.090000000000000746,0.028389756148386625
1.091000000000000858,0.028019159544341816
1.092000000000000748,0.027645028197967776
1.093000000000000860,0.027267465899105447
1.094000000000000750,0.026886575285797559
1.095000000000000862,0.026502457852493128
1.096000000000000751,0.026115213958209836
1.097000000000000863,0.025724942834702263
1.098000000000000753,0.025331742594572843
1.099000000000000865,0.024935710239375485
1.100000000000000755,0.024536941667705134
1.101000000000000867,0.024135531683228548
1.102000000000000757,0.023731574002717033
1.103000000000000869,0.023325161264038129
1.104000000000000759,0.022916385034135022
1.105000000000000870,0.022505335816949783
1.106000000000000760,0.022092103061358552
1.107000000000000872,0.021676775169039198
1.108000000000000762,0.021259439502333406
1.109000000000000874,0.020840182392079788
1.110000000000000764,0.020419089145404322
1.111000000000000876,0.019996244053498476
1.112000000000000766,0.019571730399351318
1.113000000000000878,0.019145630465461048
1.114000000000000767,0.018718025541509760
1.115000000000000879,0.018288995932020234
1.116000000000000769,0.017858620963967630
1.117000000000000881,0.017426978994363917
1.118000000000000771,0.016994147417814374
1.119000000000000883,0.016560202674042571
1.120000000000000773,0.016125220255372025
1.121000000000000885,0.015689274714201375
1.122000000000000774,0.015252439670416052
1.123000000000000886,0.014814787818786961
1.124000000000000776,0.014376390936331893
1.125000000000000888,0.013937319889647743
1.126000000000000778,0.013497644642199944
1.127000000000000890,0.013057434261579754
1.128000000000000780,0.012616756926749064
1.129000000000000892,0.012175679935218547
1.130000000000000782,0.011734269710217928
1.131000000000000894,0.011292591807816424
1.132000000000000783,0.010850710924025560
1.133000000000000895,0.010408690901842455
1.134000000000000785,0.009966594738295345
1.135000000000000897,0.009524484591410465
1.136000000000000787,0.009082421787185432
1.137000000000000899,0.008640466826499516
1.138000000000000789,0.008198679392013037
1.139000000000000901,0.007757118354992085
1.140000000000000790,0.007315841782149099
1.141000000000000902,0.006874906942425918
1.142000000000000792,0.006434370313719370
1.143000000000000904,0.005994287589600486
1.144000000000000794,0.005554713685996041
1.145000000000000906,0.005115702747830411
1.146000000000000796,0.004677308155614226
1.147000000000000908,0.004239582532031386
1.148000000000000798,0.003802577748460534
1.149000000000000909,0.003366344931479401
1.150000000000000799,0.002930934469329327
1.151000000000000689,0.002496396018336061
1.152000000000000801,0.002062778509300883
1.153000000000000913,0.001630130153865719
1.154000000000000803,0.001198498450821964
1.155000000000000693,0.000767930192403901
1.156000000000000805,0.000338471470524496
1.157000000000000917,-0.000089832316994110
1.158000000000000806,-0.000516936460259029
1.159000000000000696,-0.000942796931157802
1.160000000000000808,-0.001367370377254409
1.161000000000000920,-0.001790614115718062
1.162000000000000810,-0.002212486127296093
1.163000000000000700,-0.002632945050301064
1.164000000000000812,-0.003051950174668744
1.165000000000000924,-0.003469461436008278
1.166000000000000814,-0.003885439409727612
1.167000000000000703,-0.004299845305171579
1.168000000000000815,-0.004712640959803002
1.169000000000000927,-0.005123788833412815
1.170000000000000817,-0.005533252002383682
1.171000000000000707,-0.005940994153956524
1.172000000000000819,-0.006346979580572054
1.173000000000000931,-0.006751173174219460
1.174000000000000821,-0.007153540420820051
1.175000000000000711,-0.007554047394672725
1.176000000000000822,-0.007952660752902777
1.177000000000000934,-0.008349347729967252
1.178000000000000824,-0.008744076132181177
1.179000000000000714,-0.009136814332288598
1.180000000000000826,-0.009527531264075118
1.181000000000000938,-0.009916196416988914
1.182000000000000828,-0.010302779830824584
1.183000000000000718,-0.010687252090426416
1.184000000000000830,-0.011069584320434176
1.185000000000000941,-0.011449748180049513
1.186000000000000831,-0.011827715857865295
1.187000000000000721,-0.012203460066689834
1.188000000000000833,-0.012576954038444468
1.189000000000000945,-0.012948171519065826
1.190000000000000835,-0.013317086763462776
1.191000000000000725,-0.013683674530480796
1.192000000000000837,-0.014047910077953221
1.193000000000000949,-0.014409769157705806
1.194000000000000838,-0.014769228010680646
1.195000000000000728,-0.015126263362026720
1.196000000000000840,-0.015480852416262476
1.197000000000000952,-0.015832972852464024
1.198000000000000842,-0.016182602819466964
1.199000000000000732,-0.016529720931139399
1.200000000000000844,-0.016874306261637911
1.201000000000000956,-0.017216338340756157
1.202000000000000846,-0.017555797149246766
1.203000000000000735,-0.017892663114226340
1.204000000000000847,-0.018226917104570396
1.205000000000000959,-0.018558540426381283
1.206000000000000849,-0.018887514818451169
1.207000000000000739,-0.019213822447786442
1.208000000000000851,-0.019537445905144953
1.209000000000000963,-0.019858368200621875
1.210000000000000853,-0.020176572759249535
1.211000000000000743,-0.020492043416640994
1.212000000000000854,-0.020804764414664258
1.213000000000000966,-0.021114720397146215
1.214000000000000856,-0.021421896405608827
1.215000000000000746,-0.021726277875025936
1.216000000000000858,-0.022027850629644068
1.217000000000000970,-0.022326600878784193
1.218000000000000860,-0.022622515212718689
1.219000000000000750,-0.022915580598563377
1.220000000000000862,-0.023205784376188480
1.221000000000000973,-0.023493114254176543
1.222000000000000863,-0.023777558305808445
1.223000000000000753,-0.024059104965067322
1.224000000000000865,-0.024337743022688662
1.225000000000000977,-0.024613461622234632
1.226000000000000867,-0.024886250256189138
1.227000000000000757,-0.025156098762099410
1.228000000000000869,-0.025422997318722211
1.229000000000000981,-0.025686936442244197
1.230000000000000870,-0.025947906982470969
1.231000000000000760,-0.026205900119098059
1.232000000000000872,-0.026460907357986525
1.233000000000000984,-0.026712920527457617
1.234000000000000874,-0.026961931774656049
1.235000000000000764,-0.027207933561886000
1.236000000000000876,-0.027450918663027613
1.237000000000000988,-0.027690880159944864
1.238000000000000878,-0.027927811438946959
1.239000000000000767,-0.028161706187260376
1.240000000000000879,-0.028392558389538226
1.241000000000000991,-0.028620362324389560
1.242000000000000881,-0.028845112560948776
1.243000000000000771,-0.029066803955465015
1.244000000000000883,-0.029285431647904026
1.245000000000000995,-0.029500991058613250
1.246000000000000885,-0.029713477884981753
1.247000000000000774,-0.029922888098139137
1.248000000000000886,-0.030129217939678266
1.249000000000000998,-0.030332463918411694
1.250000000000000888,-0.030532622807150255
1.251000000000000778,-0.030729691639497052
1.252000000000000890,-0.030923667706692203
1.253000000000001002,-0.031114548554453864
1.254000000000000892,-0.031302331979876821
1.255000000000000782,-0.031487016028327666
1.256000000000000894,-0.031668598990385308
1.257000000000001005,-0.031847079398797828
1.258000000000000895,-0.032022456025471227
1.259000000000000785,-0.032194727878467465
1.260000000000000897,-0.032363894199056283
1.261000000000001009,-0.032529954458760557
1.262000000000000899,-0.032692908356447316
1.263000000000000789,-0.032852755815434329
1.264000000000000901,-0.033009496980630347
1.265000000000001013,-0.033163132215681887
1.266000000000000902,-0.033313662100161810
1.267000000000000792,-0.033461087426777059
1.268000000000000904,-0.033605409198592805
1.269000000000001016,-0.033746628626292595
1.270000000000000906,-0.033884747125450365
1.271000000000000796,-0.034019766313835256
1.272000000000000908,-0.034151688008731140
1.273000000000001020,-0.034280514224289141
1.274000000000000909,-0.034406247168893921
1.275000000000000799,-0.034528889242555857
1.276000000000000911,-0.034648443034336160
1.277000000000001023,-0.034764911319771608
1.278000000000000913,-0.034878297058348787
1.279000000000000803,-0.034988603390973740
1.280000000000000915,-0.035095833637498366
1.281000000000001027,-0.035199991294218434
1.282000000000000917,-0.035301080031452138
1.283000000000000806,-0.035399103691092955
1.284000000000000918,-0.035494066284210070
1.285000000000001030,-0.035585971988659815
1.286000000000000920,-0.035674825146727915
1.287000000000000810,-0.035760630262773208
1.288000000000000922,-0.035843392000923256
1.289000000000001034,-0.035923115182757516
1.290000000000000924,-0.035999804785032785
1.291000000000000814,-0.036073465937433949
1.292000000000000925,-0.036144103920311740
1.293000000000001037,-0.036211724162492243
1.294000000000000927,-0.036276332239054437
1.295000000000000817,-0.036337933869170010
1.296000000000000929,-0.036396534913932022
1.297000000000001041,-0.036452141374218025
1.298000000000000931,-0.036504759388587452
1.299000000000000821,-0.036554395231163127
1.300000000000000933,-0.036601055309557450
1.301000000000001044,-0.036644746162818445
1.302000000000000934,-0.036685474459381286
1.303000000000000824,-0.036723246995052888
1.304000000000000936,-0.036758070690997929
1.305000000000001048,-0.036789952591770897
1.306000000000000938,-0.036818899863341428
1.307000000000000828,-0.036844919791139644
1.308000000000000940,-0.036868019778139735
1.309000000000001052,-0.036888207342949078
1.310000000000000941,-0.036905490117913921
1.311000000000000831,-0.036919875847236348
1.312000000000000943,-0.036931372385125019
1.313000000000001055,-0.036939987693970507
1.314000000000000945,-0.036945729842504244
1.315000000000000835,-0.036948607003998497
1.316000000000000947,-0.036948627454489055
1.317000000000001059,-0.036945799571007007
1.318000000000000949,-0.036940131829814538
1.319000000000000838,-0.036931632804685657
1.320000000000000950,-0.036920311165182393
1.321000000000001062,-0.036906175674948485
1.322000000000000952,-0.036889235190035521
1.323000000000000842,-0.036869498657229889
1.324000000000000954,-0.036846975112405714
1.325000000000001066,-0.036821673678881492
1.326000000000000956,-0.036793603565814965
1.327000000000000846,-0.036762774066587262
1.328000000000000957,-0.036729194557226660
1.329000000000001069,-0.036692874494829643
1.330000000000000959,-0.036653823416018493
1.331000000000000849,-0.036612050935386643
1.332000000000000961,-0.036567566743983398
1.333000000000001073,-0.036520380607804312
1.334000000000000963,-0.036470502366301713
1.335000000000000853,-0.036417941930895002
1.336000000000000965,-0.036362709283523406
1.337000000000001076,-0.036304814475185868
1.338000000000000966,-0.036244267624510836
1.339000000000000856,-0.036181078916345429
1.340000000000000968,-0.036115258600334481
1.341000000000001080,-0.036046816989547585
1.342000000000000970,-0.035975764459096428
1.343000000000000860,-0.035902111444771151
1.344000000000000972,-0.035825868441699250
1.345000000000001084,-0.035747046003016883
1.346000000000000973,-0.035665654738532594
1.347000000000000863,-0.035581705313442069
1.348000000000000975,-0.035495208447020081
1.349000000000001087,-0.035406174911358126
1.350000000000000977,-0.035314615530086343
1.351000000000000867,-0.035220541177135536
1.352000000000000979,-0.035123962775483616
1.353000000000001091,-0.035024891295946430
1.354000000000000981,-0.034923337755965317
1.355000000000000870,-0.034819313218390102
1.356000000000000982,-0.034712828790316647
1.357000000000001094,-0.034603895621906286
1.358000000000000984,-0.034492524905213762
1.359000000000000874,-0.034378727873059373
1.360000000000000986,-0.034262515797880123
1.361000000000001098,-0.034143899990616101
1.362000000000000988,-0.034022891799584273
1.363000000000000878,-0.033899502609400826
1.364000000000000989,-0.033773743839887196
1.365000000000001101,-0.033645626944983589
1.366000000000000991,-0.033515163411703561
1.367000000000000881,-0.033382364759076674
1.368000000000000993,-0.033247242537109215
1.369000000000001105,-0.033109808325755261
1.370000000000000995,-0.032970073733903940
1.371000000000000885,-0.032828050398376288
1.372000000000000997,-0.032683749982927349
1.373000000000001108,-0.032537184177274234
1.374000000000000998,-0.032388364696098272
1.375000000000000888,-0.032237303278129938
1.376000000000001000,-0.032084011685157780
1.377000000000001112,-0.031928501701115886
1.378000000000001002,-0.031770785131144327
1.379000000000000892,-0.031610873800681991
1.380000000000001004,-0.031448779554547626
1.381000000000001116,-0.031284514256061928
1.382000000000001005,-0.031118089786146396
1.383000000000000895,-0.030949518042454376
1.384000000000001007,-0.030778810938513583
1.385000000000001119,-0.030605980402859945
1.386000000000001009,-0.030431038378204111
1.387000000000000899,-0.030253996820581879
1.388000000000001011,-0.030074867698557956
1.389000000000001123,-0.029893662992374403
1.390000000000001013,-0.029710394693176490
1.391000000000000902,-0.029525074802198570
1.392000000000001014,-0.029337715329991382
1.393000000000001126,-0.029148328295635344
1.394000000000001016,-0.028956925725983483
1.395000000000000906,-0.028763519654895115
1.396000000000001018,-0.028568122122489142
1.397000000000001130,-0.028370745174412321
1.398000000000001020,-0.028171400861103358
1.399000000000000909,-0.027970101237069118
1.400000000000001021,-0.027766858360176228
1.401000000000001133,-0.027561684290953660
1.402000000000001023,-0.027354591091886166
1.403000000000000913,-0.027145590826734727
1.404000000000001025,-0.026934695559861183
1.405000000000001137,-0.026721917355558844
1.406000000000001027,-0.026507268277381917
1.407000000000000917,-0.026290760387519669
1.408000000000001029,-0.026072405746117494
1.409000000000001140,-0.025852216410672341
1.410000000000001030,-0.025630204435389277
1.411000000000000920,-0.025406381870567939
1.412000000000001032,-0.025180760761985659
1.413000000000001144,-0.024953353150306504
1.414000000000001034,-0.024724171070474112
1.415000000000000924,-0.024493226551125818
1.416000000000001036,-0.024260531614021863
1.417000000000001148,-0.024026098273466925
1.418000000000001037,-0.023789938535744765
1.419000000000000927,-0.023552064398562902
1.420000000000001039,-0.023312487850501808
1.421000000000001151,-0.023071220870481159
1.422000000000001041,-0.022828275427215296
1.423000000000000931,-0.022583663478686608
1.424000000000001043,-0.022337396971629599
1.425000000000001155,-0.022089487841019141
1.426000000000001044,-0.021839948009558838
1.427000000000000934,-0.021588789387189999
1.428000000000001046,-0.021336023870589721
1.429000000000001158,-0.021081663342689239
1.430000000000001048,-0.020825719672201252
1.431000000000000938,-0.020568204713143360
1.432000000000001050,-0.020309130304372761
1.433000000000001162,-0.020048508269131581
1.434000000000001052,-0.019786350414586491
1.435000000000000941,-0.019522668531397943
1.436000000000001053,-0.019257474393268730
1.437000000000001165,-0.018990779756511152
1.438000000000001055,-0.018722596359637477
1.439000000000000945,-0.018452935922918936
1.440000000000001057,-0.018181810147986522
1.441000000000001169,-0.017909230717412412
1.442000000000001059,-0.017635209294317118
1.443000000000000949,-0.017359757521978440
1.444000000000001060,-0.017082887023426897
1.445000000000001172,-0.016804609401070047
1.446000000000001062,-0.016524936236324454
1.447000000000000952,-0.016243879089222896
1.448000000000001064,-0.015961449498066903
1.449000000000001176,-0.015677658979062491
1.450000000000001066,-0.015392519025953358
1.451000000000000956,-0.015106041109686542
1.452000000000001068,-0.014818236678062041
1.453000000000001180,-0.014529117155394572
1.454000000000001069,-0.014238693942182787
1.455000000000000959,-0.013946978414779387
1.456000000000001071,-0.013653981925067102
1.457000000000001183,-0.013359715800153684
1.458000000000001073,-0.013064191342045037
1.459000000000000963,-0.012767419827343909
1.460000000000001075,-0.012469412506955841
1.461000000000001187,-0.012170180605778846
1.462000000000001076,-0.011869735322431820
1.463000000000000966,-0.011568087828945009
1.464000000000001078,-0.011265249270492547
1.465000000000001190,-0.010961230765124629
1.466000000000001080,-0.010656043403464988
1.467000000000000970,-0.010349698248479791
1.468000000000001082,-0.010042206335193021
1.469000000000001194,-0.009733578670433469
1.470000000000001084,-0.009423826232585772
1.471000000000000973,-0.009112959971334536
1.472000000000001085,-0.008800990807433054
1.473000000000001197,-0.008487929632452110
1.474000000000001087,-0.008173787308548067
1.475000000000000977,-0.007858574668231418
1.476000000000001089,-0.007542302514149513
1.477000000000001201,-0.007224981618853371
1.478000000000001091,-0.006906622724581432
1.479000000000000981,-0.006587236543056004
1.480000000000001092,-0.006266833755257656
1.481000000000001204,-0.005945425011239317
1.482000000000001094,-0.005623020929905855
1.483000000000000984,-0.005299632098835957
1.484000000000001096,-0.004975269074077230
1.485000000000001208,-0.004649942379950572
1.486000000000001098,-0.004323662508887167
1.487000000000000988,-0.003996439921228424
1.488000000000001100,-0.003668285045053021
1.489000000000001211,-0.003339208276005905
1.490000000000001101,-0.003009219977132460
1.491000000000000991,-0.002678330478696982
1.492000000000001103,-0.002346550078043948
1.493000000000001215,-0.002013889039415111
1.494000000000001105,-0.001680357593809316
1.495000000000000995,-0.001345965938826866
1.496000000000001107,-0.001010724238523494
1.497000000000001219,-0.000674642623258911
1.498000000000001108,-0.000337731189566344
1.499000000000000998,0.000000000000000000
