# AuFCC100-Ablate75_GUAIACYL-AC
# h[nm],U(h)[kJ/mol]
0.149999999999999994,96.124689202094629081
0.150999999999999995,91.000603898505943334
0.151999999999999996,87.234442189367428000
0.152999999999999997,83.766359565589013414
0.153999999999999998,80.224287519356082043
0.154999999999999999,76.554588110915318566
0.156000000000000000,72.823737583916766880
0.157000000000000001,69.120507837947599228
0.158000000000000002,65.514675087237648654
0.159000000000000002,62.045531716166578917
0.160000000000000003,58.724498620416042627
0.161000000000000004,55.543039342495411859
0.162000000000000005,52.481292665893398919
0.163000000000000006,49.515326934034384010
0.164000000000000007,46.622315757835970373
0.165000000000000008,43.783660660336536807
0.166000000000000009,40.986413397442717610
0.167000000000000010,38.223452029869228852
0.168000000000000010,35.492847629306027102
0.169000000000000011,32.796787335118906981
0.170000000000000012,30.140331435487702549
0.171000000000000013,27.530197087127408651
0.172000000000000014,24.973688553511344423
0.173000000000000015,22.477836620350238661
0.174000000000000016,20.048767942729284641
0.175000000000000017,17.691296627249414541
0.176000000000000018,15.408712849457984362
0.177000000000000018,13.202734185514197307
0.178000000000000019,11.073582271116539033
0.179000000000000020,9.020148434202642562
0.180000000000000021,7.040215525815486153
0.181000000000000022,5.130708118342099056
0.182000000000000023,3.287948702808870305
0.183000000000000024,1.507902917674841081
0.184000000000000025,-0.213598186507685861
0.185000000000000026,-1.880666505874093897
0.186000000000000026,-3.497199914633044582
0.187000000000000027,-5.066761144486826574
0.188000000000000028,-6.592491508214232354
0.189000000000000029,-8.077056905734746550
0.190000000000000030,-9.522622526322987113
0.191000000000000031,-10.930852076324985234
0.192000000000000032,-12.302927127714916367
0.193000000000000033,-13.639582216418713045
0.194000000000000034,-14.941151547619227813
0.195000000000000034,-16.207623526209726350
0.196000000000000035,-17.438699773019983752
0.197000000000000036,-18.633855770551342346
0.198000000000000037,-19.792400774180915590
0.199000000000000038,-20.913535102733096238
0.200000000000000039,-21.996403369477370404
0.201000000000000040,-23.040142620214293601
0.202000000000000041,-24.043924702952949701
0.203000000000000042,-25.006992501145916208
0.204000000000000042,-25.928689919618683746
0.205000000000000043,-26.808485721256737122
0.206000000000000044,-27.645991476601182057
0.207000000000000045,-28.440974011999053062
0.208000000000000046,-29.193362829575562500
0.209000000000000047,-29.903253028909926314
0.210000000000000048,-30.570904290710114282
0.211000000000000049,-31.196736491570682404
0.212000000000000050,-31.781322510306704743
0.213000000000000050,-32.325378764222456596
0.214000000000000051,-32.829753981405858099
0.215000000000000052,-33.295416675696813513
0.216000000000000053,-33.723441746886372528
0.217000000000000054,-34.114996582078035203
0.218000000000000055,-34.471326986710003837
0.219000000000000056,-34.793743226882966724
0.220000000000000057,-35.083606419436598856
0.221000000000000058,-35.342315463469482495
0.222000000000000058,-35.571294667280241697
0.223000000000000059,-35.771982188390090585
0.224000000000000060,-35.945819371605047365
0.225000000000000061,-36.094241041068336528
0.226000000000000062,-36.218666776908314375
0.227000000000000063,-36.320493185299042693
0.228000000000000064,-36.401087152342945785
0.229000000000000065,-36.461780056943830175
0.230000000000000066,-36.503862905514253612
0.231000000000000066,-36.528582341691816282
0.232000000000000067,-36.537137476951215831
0.233000000000000068,-36.530677482821779734
0.234000000000000069,-36.510299882087757339
0.235000000000000070,-36.477049474608918445
0.236000000000000071,-36.431917833010324159
0.237000000000000072,-36.375843304232958531
0.238000000000000073,-36.309711454605306358
0.239000000000000073,-36.234355898505874904
0.240000000000000074,-36.150559453673423604
0.241000000000000075,-36.059055569637664007
0.242000000000000076,-35.960529979459167293
0.243000000000000077,-35.855622528875095156
0.244000000000000078,-35.744929140948691781
0.245000000000000079,-35.629003878336696687
0.246000000000000080,-35.508361069254860354
0.247000000000000081,-35.383477467080915346
0.248000000000000081,-35.254794417246060334
0.249000000000000082,-35.122720008595720742
0.250000000000000111,-34.987631189724559988
0.251000000000000112,-34.849875833891374555
0.252000000000000113,-34.709774738987135834
0.253000000000000114,-34.567623551657682412
0.254000000000000115,-34.423694607072093277
0.255000000000000115,-34.278238677980901628
0.256000000000000116,-34.131486628631215297
0.257000000000000117,-33.983650970808511715
0.258000000000000118,-33.834927320765473269
0.259000000000000119,-33.685495757091139524
0.260000000000000120,-33.535522080680429724
0.261000000000000121,-33.385158978897528925
0.262000000000000122,-33.234547096802245392
0.263000000000000123,-33.083816018938328796
0.264000000000000123,-32.933085165681291073
0.265000000000000124,-32.782464608523312677
0.266000000000000125,-32.632055808947811215
0.267000000000000126,-32.481952285726627849
0.268000000000000127,-32.332240215572880970
0.269000000000000128,-32.182998972109693625
0.270000000000000129,-32.034301608082373036
0.271000000000000130,-31.886215285656419383
0.272000000000000131,-31.738801659515377906
0.273000000000000131,-31.592117217308810950
0.274000000000000132,-31.446213581807864301
0.275000000000000133,-31.301137778911652276
0.276000000000000134,-31.156932475416120099
0.277000000000000135,-31.013636190214526778
0.278000000000000136,-30.871283482348246707
0.279000000000000137,-30.729905119073940511
0.280000000000000138,-30.589528226859307836
0.281000000000000139,-30.450176427969203985
0.282000000000000139,-30.311869965058672705
0.283000000000000140,-30.174625815951166885
0.284000000000000141,-30.038457800550595778
0.285000000000000142,-29.903376681616812505
0.286000000000000143,-29.769390260925383984
0.287000000000000144,-29.636503472135906634
0.288000000000000145,-29.504718471509043809
0.289000000000000146,-29.374034727440196946
0.290000000000000147,-29.244449109618653182
0.291000000000000147,-29.115955978474573840
0.292000000000000148,-28.988547275441909790
0.293000000000000149,-28.862212614443329528
0.294000000000000150,-28.736939374893307075
0.295000000000000151,-28.612712796416577277
0.296000000000000152,-28.489516075391360772
0.297000000000000153,-28.367330463349691883
0.298000000000000154,-28.246135367198711208
0.299000000000000155,-28.125908451169408409
0.300000000000000155,-28.006625740348624731
0.301000000000000156,-27.888261725608977315
0.302000000000000157,-27.770789469716550713
0.303000000000000158,-27.654180714369186234
0.304000000000000159,-27.538405987896471316
0.305000000000000160,-27.423434713337265123
0.306000000000000161,-27.309235316599966836
0.307000000000000162,-27.195775334405066559
0.308000000000000163,-27.083021521707593138
0.309000000000000163,-26.970939958299233297
0.310000000000000164,-26.859496154294703274
0.311000000000000165,-26.748655154215235541
0.312000000000000166,-26.638381639391855771
0.313000000000000167,-26.528640028423858155
0.314000000000000168,-26.419394575441419448
0.315000000000000169,-26.310609465936941831
0.316000000000000170,-26.202248909945939914
0.317000000000000171,-26.094277232375553410
0.318000000000000171,-25.986658960296544763
0.319000000000000172,-25.879358907032848691
0.320000000000000173,-25.772342252901086823
0.321000000000000174,-25.665574622470785471
0.322000000000000175,-25.559022158234142807
0.323000000000000176,-25.452651590592441977
0.324000000000000177,-25.346430304083312990
0.325000000000000178,-25.240326399790454559
0.326000000000000179,-25.134308753893673583
0.327000000000000179,-25.028347072332991274
0.328000000000000180,-24.922411941575717265
0.329000000000000181,-24.816474875489706875
0.330000000000000182,-24.710508358339545509
0.331000000000000183,-24.604485883935261370
0.332000000000000184,-24.498381990975051536
0.333000000000000185,-24.392172294634544727
0.334000000000000186,-24.285833514465462457
0.335000000000000187,-24.179343498675727631
0.336000000000000187,-24.072681244872065065
0.337000000000000188,-23.965826917353219017
0.338000000000000189,-23.858761861049572417
0.339000000000000190,-23.751468612210707931
0.340000000000000191,-23.643930905947510013
0.341000000000000192,-23.536133680741368579
0.342000000000000193,-23.428063080035158805
0.343000000000000194,-23.319706451025755456
0.344000000000000195,-23.211052340779168901
0.345000000000000195,-23.102090489792402650
0.346000000000000196,-22.992811823126963588
0.347000000000000197,-22.883208439240213750
0.348000000000000198,-22.773273596641185890
0.349000000000000199,-22.663001698497321712
0.350000000000000200,-22.552388275318300259
0.351000000000000201,-22.441429965842040417
0.352000000000000202,-22.330124496246831711
0.353000000000000203,-22.218470657812055435
0.354000000000000203,-22.106468283147751919
0.355000000000000204,-21.994118221111346401
0.356000000000000205,-21.881422310527387509
0.357000000000000206,-21.768383352823299504
0.358000000000000207,-21.655005083691435175
0.359000000000000208,-21.541292143884536614
0.360000000000000209,-21.427250049248744546
0.361000000000000210,-21.312885160094502623
0.362000000000000210,-21.198204650002772098
0.363000000000000211,-21.083216474159975462
0.364000000000000212,-20.967929337311879578
0.365000000000000213,-20.852352661422582258
0.366000000000000214,-20.736496553121309461
0.367000000000000215,-20.620371771015967965
0.368000000000000216,-20.503989692948568546
0.369000000000000217,-20.387362283264010898
0.370000000000000218,-20.270502060159948599
0.371000000000000218,-20.153422063181842816
0.372000000000000219,-20.036135820923476558
0.373000000000000220,-19.918657318989964722
0.374000000000000221,-19.801000968276433412
0.375000000000000222,-19.683181573612081650
0.376000000000000223,-19.565214302816279712
0.377000000000000224,-19.447114656209659955
0.378000000000000225,-19.328898436619923018
0.379000000000000226,-19.210581719919300525
0.380000000000000226,-19.092180826127183479
0.381000000000000227,-18.973712291108405736
0.382000000000000228,-18.855192838895334262
0.383000000000000229,-18.736639354658350953
0.384000000000000230,-18.618068858347289307
0.385000000000000231,-18.499498479023515074
0.386000000000000232,-18.380945429899931298
0.387000000000000233,-18.262426984103633743
0.388000000000000234,-18.143960451174070414
0.389000000000000234,-18.025563154307040037
0.390000000000000235,-17.907252408352814399
0.391000000000000236,-17.789045498574960646
0.392000000000000237,-17.670959660174268890
0.393000000000000238,-17.553012058580641508
0.394000000000000239,-17.435219770513928239
0.395000000000000240,-17.317599765813298518
0.396000000000000241,-17.200168890033165070
0.397000000000000242,-17.082943847802152249
0.398000000000000242,-16.965941186940622032
0.399000000000000243,-16.849177283330647015
0.400000000000000244,-16.732668326531360492
0.401000000000000245,-16.616430306131803718
0.402000000000000246,-16.500478998831859201
0.403000000000000247,-16.384829956241333093
0.404000000000000248,-16.269498493386496563
0.405000000000000249,-16.154499677912259159
0.406000000000000250,-16.039848319967745738
0.407000000000000250,-15.925558962762391246
0.408000000000000251,-15.811645873778866545
0.409000000000000252,-15.698123036629056060
0.410000000000000253,-15.585004143538366606
0.411000000000000254,-15.472302588443707094
0.412000000000000255,-15.360031460689736349
0.413000000000000256,-15.248203539308113008
0.414000000000000257,-15.136831287863705242
0.415000000000000258,-15.025926849852044853
0.416000000000000258,-14.915502044631821832
0.417000000000000259,-14.805568363876165705
0.418000000000000260,-14.696136968526463562
0.419000000000000261,-14.587218686232285236
0.420000000000000262,-14.478824009261126449
0.421000000000000263,-14.370963092861597232
0.422000000000000264,-14.263645754063745130
0.423000000000000265,-14.156881470900263054
0.424000000000000266,-14.050679382032601694
0.425000000000000266,-13.945048286765887369
0.426000000000000267,-13.839996645436787759
0.427000000000000268,-13.735532580158800187
0.428000000000000269,-13.631663875909373118
0.429000000000000270,-13.528397981943646400
0.430000000000000271,-13.425742013519760931
0.431000000000000272,-13.323702753920930064
0.432000000000000273,-13.222286656759749235
0.433000000000000274,-13.121499848550428169
0.434000000000000274,-13.021348131534944415
0.435000000000000275,-12.921836986749365650
0.436000000000000276,-12.822971577317014535
0.437000000000000277,-12.724756751955121459
0.438000000000000278,-12.627197048682335279
0.439000000000000279,-12.530296698714527892
0.440000000000000280,-12.434059630536554053
0.441000000000000281,-12.338489474138228275
0.442000000000000282,-12.243589565402931640
0.443000000000000282,-12.149362950637463854
0.444000000000000283,-12.055812391232407776
0.445000000000000284,-11.962940368442307459
0.446000000000000285,-11.870749088275315941
0.447000000000000286,-11.779240486482596140
0.448000000000000287,-11.688416233637529018
0.449000000000000288,-11.598277740295758420
0.450000000000000289,-11.508826162226798218
0.451000000000000290,-11.420062405708701903
0.452000000000000290,-11.331987132877403113
0.453000000000000291,-11.244600767122623353
0.454000000000000292,-11.157903498522708574
0.455000000000000293,-11.071895289310795363
0.456000000000000294,-10.986575879365355846
0.457000000000000295,-10.901944791718099381
0.458000000000000296,-10.818001338072770423
0.459000000000000297,-10.734744624328538265
0.460000000000000298,-10.652173556101946161
0.461000000000000298,-10.570286844241687518
0.462000000000000299,-10.489083010330858770
0.463000000000000300,-10.408560392171242626
0.464000000000000301,-10.328717149244964091
0.465000000000000302,-10.249551268148566763
0.466000000000000303,-10.171060567995240831
0.467000000000000304,-10.093242705780806290
0.468000000000000305,-10.016095181709637529
0.469000000000000306,-9.939615344476621317
0.470000000000000306,-9.863800396501716250
0.471000000000000307,-9.788647399113614256
0.472000000000000308,-9.714153277679653087
0.473000000000000309,-9.640314826678704208
0.474000000000000310,-9.567128714714606019
0.475000000000000311,-9.494591489467378409
0.476000000000000312,-9.422699582580086997
0.477000000000000313,-9.351449314478859520
0.478000000000000314,-9.280836899124343731
0.479000000000000314,-9.210858448692590628
0.480000000000000315,-9.141509978183659513
0.481000000000000316,-9.072787409956523774
0.482000000000000317,-9.004686578188781709
0.483000000000000318,-8.937203233259932489
0.484000000000000319,-8.870333046057160331
0.485000000000000320,-8.804071612202632124
0.486000000000000321,-8.738414456201402558
0.487000000000000322,-8.673357035509260626
0.488000000000000322,-8.608894744519830056
0.489000000000000323,-8.545022918470525752
0.490000000000000324,-8.481736837266858231
0.491000000000000325,-8.419031729224863980
0.492000000000000326,-8.356902774731398864
0.493000000000000327,-8.295345109822287455
0.494000000000000328,-8.234353829678179082
0.495000000000000329,-8.173923992038329089
0.496000000000000330,-8.114050620532312408
0.497000000000000330,-8.054728707929987408
0.498000000000000331,-7.995953219309977378
0.499000000000000332,-7.937719095147024007
0.500000000000000333,-7.880021254318661406
0.501000000000000334,-7.822854597031688506
0.502000000000000335,-7.766214007669001163
0.503000000000000336,-7.710094357557380818
0.504000000000000337,-7.654490507656896980
0.505000000000000338,-7.599397311172625180
0.506000000000000338,-7.544809616089430904
0.507000000000000339,-7.490722267630609110
0.508000000000000340,-7.437130110641190228
0.509000000000000341,-7.384027991896845222
0.510000000000000342,-7.331410762339181986
0.511000000000000343,-7.279273279238476668
0.512000000000000344,-7.227610408284704135
0.513000000000000345,-7.176417025607906730
0.514000000000000346,-7.125688019728945832
0.515000000000000346,-7.075418293441551043
0.516000000000000347,-7.025602765626824286
0.517000000000000348,-6.976236373001301949
0.518000000000000349,-6.927314071799456130
0.519000000000000350,-6.878830839391996577
0.520000000000000351,-6.830781675840921885
0.521000000000000352,-6.783161605392464821
0.522000000000000353,-6.735965677909128146
0.523000000000000353,-6.689188970241820797
0.524000000000000354,-6.642826587543441796
0.525000000000000355,-6.596873664524823155
0.526000000000000356,-6.551325366654363158
0.527000000000000357,-6.506176891302454024
0.528000000000000358,-6.461423468831779537
0.529000000000000359,-6.417060363634772280
0.530000000000000360,-6.373082875119255419
0.531000000000000361,-6.329486338643520504
0.532000000000000361,-6.286266126401896415
0.533000000000000362,-6.243417648262010289
0.534000000000000363,-6.200936352554879960
0.535000000000000364,-6.158817726818880622
0.536000000000000365,-6.117057298498833617
0.537000000000000366,-6.075650635601226313
0.538000000000000367,-6.034593347306695499
0.539000000000000368,-5.993881084540927162
0.540000000000000369,-5.953509540504934527
0.541000000000000369,-5.913474451165926737
0.542000000000000370,-5.873771595709730065
0.543000000000000371,-5.834396796955837239
0.544000000000000372,-5.795345921736177353
0.545000000000000373,-5.756614881238537151
0.546000000000000374,-5.718199631315743048
0.547000000000000375,-5.680096172761500917
0.548000000000000376,-5.642300551554026988
0.549000000000000377,-5.604808859068281635
0.550000000000000377,-5.567617232257857651
0.551000000000000378,-5.530721853807457400
0.552000000000000379,-5.494118952256887844
0.553000000000000380,-5.457804802097451002
0.554000000000000381,-5.421775723841672168
0.555000000000000382,-5.386028084067272736
0.556000000000000383,-5.350558295436135481
0.557000000000000384,-5.315362816689313874
0.558000000000000385,-5.280438152618724068
0.559000000000000385,-5.245780854016482309
0.560000000000000386,-5.211387517602627639
0.561000000000000387,-5.177254785932054126
0.562000000000000388,-5.143379347281420877
0.563000000000000389,-5.109757935516778815
0.564000000000000390,-5.076387329942699367
0.565000000000000391,-5.043264355133620924
0.566000000000000392,-5.010385880748101428
0.567000000000000393,-4.977748821326743567
0.568000000000000393,-4.945350136074389447
0.569000000000000394,-4.913186828627320146
0.570000000000000395,-4.881255946806122736
0.571000000000000396,-4.849554582354772769
0.572000000000000397,-4.818079870666702291
0.573000000000000398,-4.786828990498301906
0.574000000000000399,-4.755799163670610064
0.575000000000000400,-4.724987654759639000
0.576000000000000401,-4.694391770775970585
0.577000000000000401,-4.664008860834198522
0.578000000000000402,-4.633836315812679629
0.579000000000000403,-4.603871568004167081
0.580000000000000404,-4.574112090757859406
0.581000000000000405,-4.544555398113310218
0.582000000000000406,-4.515199044426700503
0.583000000000000407,-4.486040623989972609
0.584000000000000408,-4.457077770643243397
0.585000000000000409,-4.428308157380978827
0.586000000000000409,-4.399729495952323433
0.587000000000000410,-4.371339536456052777
0.588000000000000411,-4.343136066930509465
0.589000000000000412,-4.315116912938956162
0.590000000000000413,-4.287279937150697329
0.591000000000000414,-4.259623038918386229
0.592000000000000415,-4.232144153851832513
0.593000000000000416,-4.204841253388679867
0.594000000000000417,-4.177712344362295660
0.595000000000000417,-4.150755468567234985
0.596000000000000418,-4.123968702322478919
0.597000000000000419,-4.097350156032940838
0.598000000000000420,-4.070897973749332266
0.599000000000000421,-4.044610332726857216
0.600000000000000422,-4.018485442982880684
0.601000000000000423,-3.992521546853917691
0.602000000000000424,-3.966716918552164906
0.603000000000000425,-3.941069863721825328
0.604000000000000425,-3.915578718995479157
0.605000000000000426,-3.890241851550739760
0.606000000000000427,-3.865057658667398588
0.607000000000000428,-3.840024567285238000
0.608000000000000429,-3.815141033562837514
0.609000000000000430,-3.790405542437410791
0.610000000000000431,-3.765816607186015297
0.611000000000000432,-3.741372768988190156
0.612000000000000433,-3.717072596490289982
0.613000000000000433,-3.692914685371628369
0.614000000000000434,-3.668897657912623345
0.615000000000000435,-3.645020162565061561
0.616000000000000436,-3.621280873524664656
0.617000000000000437,-3.597678490306082555
0.618000000000000438,-3.574211737320452276
0.619000000000000439,-3.550879363455614168
0.620000000000000440,-3.527680141659179647
0.621000000000000441,-3.504612868524488167
0.622000000000000441,-3.481676363879614655
0.623000000000000442,-3.458869470379511313
0.624000000000000443,-3.436191053101367743
0.625000000000000444,-3.413639999143318171
0.626000000000000445,-3.391215217226554390
0.627000000000000446,-3.368915637300927468
0.628000000000000447,-3.346740210154140360
0.629000000000000448,-3.324687907024573175
0.630000000000000449,-3.302757719217829901
0.631000000000000449,-3.280948657727047024
0.632000000000000450,-3.259259752857072812
0.633000000000000451,-3.237690053852511518
0.634000000000000452,-3.216238628529718646
0.635000000000000453,-3.194904562912789459
0.636000000000000454,-3.173686960873575380
0.637000000000000455,-3.152584943775776694
0.638000000000000456,-3.131597650123146614
0.639000000000000457,-3.110724235211837385
0.640000000000000457,-3.089963870786898603
0.641000000000000458,-3.069315744702989512
0.642000000000000459,-3.048779060589316803
0.643000000000000460,-3.028353037518773494
0.644000000000000461,-3.008036909681369053
0.645000000000000462,-2.987829926061911223
0.646000000000000463,-2.967731350121961764
0.647000000000000464,-2.947740459486081654
0.648000000000000465,-2.927856545632381291
0.649000000000000465,-2.908078913587341940
0.650000000000000466,-2.888406881624957290
0.651000000000000467,-2.868839780970154685
0.652000000000000468,-2.849376955506509823
0.653000000000000469,-2.830017761488254457
0.654000000000000470,-2.810761567256553572
0.655000000000000471,-2.791607752960060029
0.656000000000000472,-2.772555710279713814
0.657000000000000473,-2.753604842157794330
0.658000000000000473,-2.734754562531201749
0.659000000000000474,-2.716004296068942558
0.660000000000000475,-2.697353477913822850
0.661000000000000476,-2.678801553428291626
0.662000000000000477,-2.660347977944469644
0.663000000000000478,-2.641992216518279868
0.664000000000000479,-2.623733743687707953
0.665000000000000480,-2.605572043235115487
0.666000000000000481,-2.587506607953655280
0.667000000000000481,-2.569536939417653265
0.668000000000000482,-2.551662547757056032
0.669000000000000483,-2.533882951435799225
0.670000000000000484,-2.516197677034140323
0.671000000000000485,-2.498606259034896748
0.672000000000000486,-2.481108239613552868
0.673000000000000487,-2.463703168432234580
0.674000000000000488,-2.446390602437465756
0.675000000000000488,-2.429170105661709211
0.676000000000000489,-2.412041249028677559
0.677000000000000490,-2.395003610162299790
0.678000000000000491,-2.378056773199404894
0.679000000000000492,-2.361200328606014143
0.680000000000000493,-2.344433872997226054
0.681000000000000494,-2.327757008960680274
0.682000000000000495,-2.311169344883512444
0.683000000000000496,-2.294670494782832471
0.684000000000000496,-2.278260078139591194
0.685000000000000497,-2.261937719735906516
0.686000000000000498,-2.245703049495710424
0.687000000000000499,-2.229555702328755551
0.688000000000000500,-2.213495317977869359
0.689000000000000501,-2.197521540869490586
0.690000000000000502,-2.181634019967386262
0.691000000000000503,-2.165832408629540851
0.692000000000000504,-2.150116364468160679
0.693000000000000504,-2.134485549212793210
0.694000000000000505,-2.118939628576429701
0.695000000000000506,-2.103478272124674753
0.696000000000000507,-2.088101153147833067
0.697000000000000508,-2.072807948535923650
0.698000000000000509,-2.057598338656608128
0.699000000000000510,-2.042472007235888842
0.700000000000000511,-2.027428641241683316
0.701000000000000512,-2.012467930770102331
0.702000000000000512,-1.997589568934466486
0.703000000000000513,-1.982793251756999053
0.704000000000000514,-1.968078678063150289
0.705000000000000515,-1.953445549378528101
0.706000000000000516,-1.938893569828377350
0.707000000000000517,-1.924422446039576018
0.708000000000000518,-1.910031887045117172
0.709000000000000519,-1.895721604191031417
0.710000000000000520,-1.881491311045693227
0.711000000000000520,-1.867340723311502915
0.712000000000000521,-1.853269558738890321
0.713000000000000522,-1.839277537042589117
0.714000000000000523,-1.825364379820182181
0.715000000000000524,-1.811529810472819246
0.716000000000000525,-1.797773554128147211
0.717000000000000526,-1.784095337565337447
0.718000000000000527,-1.770494889142225414
0.719000000000000528,-1.756971938724507520
0.720000000000000528,-1.743526217616979235
0.721000000000000529,-1.730157458496709211
0.722000000000000530,-1.716865395348234014
0.723000000000000531,-1.703649763400609363
0.724000000000000532,-1.690510299066374511
0.725000000000000533,-1.677446739882365367
0.726000000000000534,-1.664458824452307084
0.727000000000000535,-1.651546292391227411
0.728000000000000536,-1.638708884271574018
0.729000000000000536,-1.625946341571077980
0.730000000000000537,-1.613258406622272600
0.731000000000000538,-1.600644822563656477
0.732000000000000539,-1.588105333292485044
0.733000000000000540,-1.575639683419132853
0.734000000000000541,-1.563247618222997071
0.735000000000000542,-1.550928883609937525
0.736000000000000543,-1.538683226071195786
0.737000000000000544,-1.526510392643761760
0.738000000000000544,-1.514410130872183347
0.739000000000000545,-1.502382188771762772
0.740000000000000546,-1.490426314793121154
0.741000000000000547,-1.478542257788103553
0.742000000000000548,-1.466729766977005633
0.743000000000000549,-1.454988591917061758
0.744000000000000550,-1.443318482472192965
0.745000000000000551,-1.431719188784003727
0.746000000000000552,-1.420190461243938662
0.747000000000000552,-1.408732050466662056
0.748000000000000553,-1.397343707264532942
0.749000000000000554,-1.386025182623235708
0.750000000000000555,-1.374776227678497387
0.751000000000000556,-1.363596593693867876
0.752000000000000557,-1.352486032039555308
0.753000000000000558,-1.341444294172271068
0.754000000000000559,-1.330471131616089098
0.755000000000000560,-1.319566295944254675
0.756000000000000560,-1.308729538761968403
0.757000000000000561,-1.297960611690071264
0.758000000000000562,-1.287259266349645159
0.759000000000000563,-1.276625254347512506
0.760000000000000564,-1.266058327262560068
0.761000000000000565,-1.255558236632927649
0.762000000000000566,-1.245124733944002138
0.763000000000000567,-1.234757570617217803
0.764000000000000568,-1.224456497999606874
0.765000000000000568,-1.214221267354143929
0.766000000000000569,-1.204051629850790395
0.767000000000000570,-1.193947336558278005
0.768000000000000571,-1.183908138436557289
0.769000000000000572,-1.173933786329977247
0.770000000000000573,-1.164024030961065215
0.771000000000000574,-1.154178622924984854
0.772000000000000575,-1.144397312684610313
0.773000000000000576,-1.134679850566184367
0.774000000000000576,-1.125025986755597174
0.775000000000000577,-1.115435471295219916
0.776000000000000578,-1.105908054081268244
0.777000000000000579,-1.096443484861764572
0.778000000000000580,-1.087041513234952017
0.779000000000000581,-1.077701888648264994
0.780000000000000582,-1.068424360397761230
0.781000000000000583,-1.059208677628054485
0.782000000000000584,-1.050054589332677146
0.783000000000000584,-1.040961844354910903
0.784000000000000585,-1.031930191389049289
0.785000000000000586,-1.022959378982051026
0.786000000000000587,-1.014049155535639901
0.787000000000000588,-1.005199269308757248
0.788000000000000589,-0.996409468420398348
0.789000000000000590,-0.987679500852836734
0.790000000000000591,-0.979009114455166141
0.791000000000000592,-0.970398056947207599
0.792000000000000592,-0.961846075923725508
0.793000000000000593,-0.953352918858960452
0.794000000000000594,-0.944918333111481545
0.795000000000000595,-0.936542065929307554
0.796000000000000596,-0.928223864455314240
0.797000000000000597,-0.919963475732928693
0.798000000000000598,-0.911760646712049039
0.799000000000000599,-0.903615124255242486
0.800000000000000600,-0.895526655144161632
0.801000000000000600,-0.887494986086205140
0.802000000000000601,-0.879519863721365702
0.803000000000000602,-0.871601034629327254
0.804000000000000603,-0.863738245336724830
0.805000000000000604,-0.855931242324617259
0.806000000000000605,-0.848179772036117385
0.807000000000000606,-0.840483580884226145
0.808000000000000607,-0.832842415259788083
0.809000000000000608,-0.825256021539640172
0.810000000000000608,-0.817724146094890303
0.811000000000000609,-0.810246535299317672
0.812000000000000610,-0.802822935537943372
0.813000000000000611,-0.795453093215677809
0.814000000000000612,-0.788136754766117775
0.815000000000000613,-0.780873666660448107
0.816000000000000614,-0.773663575416412730
0.817000000000000615,-0.766506227607420376
0.818000000000000616,-0.759401369871725129
0.819000000000000616,-0.752348748921669586
0.820000000000000617,-0.745348111553018056
0.821000000000000618,-0.738399204654356489
0.822000000000000619,-0.731501775216571115
0.823000000000000620,-0.724655570342337296
0.824000000000000621,-0.717860337255706193
0.825000000000000622,-0.711115823311711415
0.826000000000000623,-0.704421776006023181
0.827000000000000624,-0.697777942984634914
0.828000000000000624,-0.691184072053574572
0.829000000000000625,-0.684639911188646311
0.830000000000000626,-0.678145208545183897
0.831000000000000627,-0.671699712467824783
0.832000000000000628,-0.665303171500302271
0.833000000000000629,-0.658955334395207482
0.834000000000000630,-0.652655950123799178
0.835000000000000631,-0.646404767885772724
0.836000000000000631,-0.640201537119043596
0.837000000000000632,-0.634046007509513121
0.838000000000000633,-0.627937929000803918
0.839000000000000634,-0.621877051804003544
0.840000000000000635,-0.615863126407367290
0.841000000000000636,-0.609895903585988663
0.842000000000000637,-0.603975134411469106
0.843000000000000638,-0.598100570261511644
0.844000000000000639,-0.592271962829519771
0.845000000000000639,-0.586489064134132709
0.846000000000000640,-0.580751626528718257
0.847000000000000641,-0.575059402710839995
0.848000000000000642,-0.569412145731649999
0.849000000000000643,-0.563809609005248680
0.850000000000000644,-0.558251546317993341
0.851000000000000645,-0.552737711837727130
0.852000000000000646,-0.547267860122984229
0.853000000000000647,-0.541841746132109003
0.854000000000000647,-0.536459125232316980
0.855000000000000648,-0.531119753208698087
0.856000000000000649,-0.525823386273150617
0.857000000000000650,-0.520569781073239590
0.858000000000000651,-0.515358694700990605
0.859000000000000652,-0.510189884701608642
0.860000000000000653,-0.505063109082127815
0.861000000000000654,-0.499978126319969962
0.862000000000000655,-0.494934695371447464
0.863000000000000655,-0.489932575680163240
0.864000000000000656,-0.484971527185349249
0.865000000000000657,-0.480051310330111225
0.866000000000000658,-0.475171686069593591
0.867000000000000659,-0.470332415879064936
0.868000000000000660,-0.465533261761900463
0.869000000000000661,-0.460773986257500323
0.870000000000000662,-0.456054352449099476
0.871000000000000663,-0.451374123971505448
0.872000000000000663,-0.446733065018728837
0.873000000000000664,-0.442130940351538548
0.874000000000000665,-0.437567515304911558
0.875000000000000666,-0.433042555795397355
0.876000000000000667,-0.428555828328391619
0.877000000000000668,-0.424107100005305937
0.878000000000000669,-0.419696138530653240
0.879000000000000670,-0.415322712219026169
0.880000000000000671,-0.410986590001992780
0.881000000000000671,-0.406687541434882782
0.882000000000000672,-0.402425336703488790
0.883000000000000673,-0.398199746630656493
0.884000000000000674,-0.394010542682793896
0.885000000000000675,-0.389857496976261264
0.886000000000000676,-0.385740382283688843
0.887000000000000677,-0.381658972040171629
0.888000000000000678,-0.377613040349371321
0.889000000000000679,-0.373602361989535503
0.890000000000000679,-0.369626712419396208
0.891000000000000680,-0.365685867783981822
0.892000000000000681,-0.361779604920324682
0.893000000000000682,-0.357907701363068709
0.894000000000000683,-0.354069935349980713
0.895000000000000684,-0.350266085827360352
0.896000000000000685,-0.346495932455354871
0.897000000000000686,-0.342759255613162228
0.898000000000000687,-0.339055836404153987
0.899000000000000687,-0.335385456660884540
0.900000000000000688,-0.331747898949999620
0.901000000000000689,-0.328142946577059946
0.902000000000000690,-0.324570383591260059
0.903000000000000691,-0.321029994790044848
0.904000000000000692,-0.317521565723626942
0.905000000000000693,-0.314044882699417716
0.906000000000000694,-0.310599732786352001
0.907000000000000695,-0.307185903819109318
0.908000000000000695,-0.303803184402263227
0.909000000000000696,-0.300451363914303604
0.910000000000000697,-0.297130232511585490
0.911000000000000698,-0.293839581132168737
0.912000000000000699,-0.290579201499571949
0.913000000000000700,-0.287348886126435665
0.914000000000000701,-0.284148428318065194
0.915000000000000702,-0.280977622175917152
0.916000000000000703,-0.277836262600967832
0.917000000000000703,-0.274724145296995126
0.918000000000000704,-0.271641066773772255
0.919000000000000705,-0.268586824350158904
0.920000000000000706,-0.265561216157121360
0.921000000000000707,-0.262564041140642190
0.922000000000000708,-0.259595099064546475
0.923000000000000709,-0.256654190513252056
0.924000000000000710,-0.253741116894402985
0.925000000000000711,-0.250855680441452178
0.926000000000000711,-0.247997684216115205
0.927000000000000712,-0.245166932110773977
0.928000000000000713,-0.242363228850769691
0.929000000000000714,-0.239586379996632376
0.930000000000000715,-0.236836191946196095
0.931000000000000716,-0.234112471936656658
0.932000000000000717,-0.231415028046540960
0.933000000000000718,-0.228743669197576771
0.934000000000000719,-0.226098205156501475
0.935000000000000719,-0.223478446536779674
0.936000000000000720,-0.220884204800241346
0.937000000000000721,-0.218315292258637411
0.938000000000000722,-0.215771522075122180
0.939000000000000723,-0.213252708265653956
0.940000000000000724,-0.210758665700315040
0.941000000000000725,-0.208289210104562722
0.942000000000000726,-0.205844158060394744
0.943000000000000727,-0.203423327007447169
0.944000000000000727,-0.201026535244013538
0.945000000000000728,-0.198653601927990031
0.946000000000000729,-0.196304347077747438
0.947000000000000730,-0.193978591572932318
0.948000000000000731,-0.191676157155194316
0.949000000000000732,-0.189396866428848593
0.950000000000000733,-0.187140542861452402
0.951000000000000734,-0.184907010784334719
0.952000000000000735,-0.182696095393043573
0.953000000000000735,-0.180507622747715535
0.954000000000000736,-0.178341419773403731
0.955000000000000737,-0.176197314260317400
0.956000000000000738,-0.174075134864011494
0.957000000000000739,-0.171974711105496642
0.958000000000000740,-0.169895873371294887
0.959000000000000741,-0.167838452913428110
0.960000000000000742,-0.165802281849354693
0.961000000000000743,-0.163787193161818972
0.962000000000000743,-0.161793020698666495
0.963000000000000744,-0.159819599172585508
0.964000000000000745,-0.157866764160796313
0.965000000000000746,-0.155934352104671381
0.966000000000000747,-0.154022200309299806
0.967000000000000748,-0.152130146943009109
0.968000000000000749,-0.150258031036812373
0.969000000000000750,-0.148405692483806501
0.970000000000000751,-0.146572972038520433
0.971000000000000751,-0.144759711316200246
0.972000000000000752,-0.142965752792040074
0.973000000000000753,-0.141190939800381221
0.974000000000000754,-0.139435116533826259
0.975000000000000755,-0.137698128042327894
0.976000000000000756,-0.135979820232216414
0.977000000000000757,-0.134280039865179668
0.978000000000000758,-0.132598634557186706
0.979000000000000759,-0.130935452777383943
0.980000000000000759,-0.129290343846914679
0.981000000000000760,-0.127663157937712851
0.982000000000000761,-0.126053746071248918
0.983000000000000762,-0.124461960117216552
0.984000000000000763,-0.122887652792187094
0.985000000000000764,-0.121330677658220656
0.986000000000000765,-0.119790889121423910
0.987000000000000766,-0.118268142430470569
0.988000000000000766,-0.116762293675080286
0.989000000000000767,-0.115273199784465305
0.990000000000000768,-0.113800718525710984
0.991000000000000769,-0.112344708502145660
0.992000000000000770,-0.110905029151647946
0.993000000000000771,-0.109481540744935851
0.994000000000000772,-0.108074104383795833
0.995000000000000773,-0.106682581999299655
0.996000000000000774,-0.105306836349957217
0.997000000000000774,-0.103946731019856936
0.998000000000000775,-0.102602130416755102
0.999000000000000776,-0.101272899770141797
1.000000000000000666,-0.099958905129260353
1.001000000000000778,-0.098660013361109661
1.002000000000000668,-0.097376092148396112
1.003000000000000780,-0.096107009987458927
1.004000000000000670,-0.094852636186181297
1.005000000000000782,-0.093612840861837590
1.006000000000000671,-0.092387494938945366
1.007000000000000783,-0.091176470147052616
1.008000000000000673,-0.089979639018525695
1.009000000000000785,-0.088796874886295035
1.010000000000000675,-0.087628051881570468
1.011000000000000787,-0.086473044931533738
1.012000000000000677,-0.085331729757007313
1.013000000000000789,-0.084203982870085778
1.014000000000000679,-0.083089681571756765
1.015000000000000790,-0.081988703949478797
1.016000000000000680,-0.080900928874759317
1.017000000000000792,-0.079826236000669390
1.018000000000000682,-0.078764505759385942
1.019000000000000794,-0.077715619359663313
1.020000000000000684,-0.076679458784315827
1.021000000000000796,-0.075655906787658808
1.022000000000000686,-0.074644846892934241
1.023000000000000798,-0.073646163389722075
1.024000000000000687,-0.072659741331318362
1.025000000000000799,-0.071685466532107125
1.026000000000000689,-0.070723225564898878
1.027000000000000801,-0.069772905758264891
1.028000000000000691,-0.068834395193838799
1.029000000000000803,-0.067907582703612593
1.030000000000000693,-0.066992357867205782
1.031000000000000805,-0.066088611009122389
1.032000000000000695,-0.065196233195989994
1.033000000000000806,-0.064315116233786593
1.034000000000000696,-0.063445152665047591
1.035000000000000808,-0.062586235766052337
1.036000000000000698,-0.061738259544006677
1.037000000000000810,-0.060901118734214867
1.038000000000000700,-0.060074708797214563
1.039000000000000812,-0.059258925915923723
1.040000000000000702,-0.058453666992762242
1.041000000000000814,-0.057658829646766344
1.042000000000000703,-0.056874312210676493
1.043000000000000815,-0.056100013728038876
1.044000000000000705,-0.055335833950275512
1.045000000000000817,-0.054581673333748582
1.046000000000000707,-0.053837433036817227
1.047000000000000819,-0.053103014916889776
1.048000000000000709,-0.052378321527435864
1.049000000000000821,-0.051663256115046005
1.050000000000000711,-0.050957722616417823
1.051000000000000822,-0.050261625655387679
1.052000000000000712,-0.049574870539918089
1.053000000000000824,-0.048897363259090471
1.054000000000000714,-0.048229010480100185
1.055000000000000826,-0.047569719545222565
1.056000000000000716,-0.046919398468798210
1.057000000000000828,-0.046277955934184267
1.058000000000000718,-0.045645301290718976
1.059000000000000830,-0.045021344550680673
1.060000000000000719,-0.044405996386229593
1.061000000000000831,-0.043799168126347085
1.062000000000000721,-0.043200771753785457
1.063000000000000833,-0.042610719901995678
1.064000000000000723,-0.042028925852055470
1.065000000000000835,-0.041455303529593077
1.066000000000000725,-0.040889767501724662
1.067000000000000837,-0.040332232973951762
1.068000000000000727,-0.039782615787101051
1.069000000000000838,-0.039240832414219946
1.070000000000000728,-0.038706799957496665
1.071000000000000840,-0.038180436145172483
1.072000000000000730,-0.037661659328443821
1.073000000000000842,-0.037150388478376713
1.074000000000000732,-0.036646543182801521
1.075000000000000844,-0.036150043643231197
1.076000000000000734,-0.035660810671755597
1.077000000000000846,-0.035178765687947144
1.078000000000000735,-0.034703830715768824
1.079000000000000847,-0.034235928380473644
1.080000000000000737,-0.033774981905515714
1.081000000000000849,-0.033320915109442600
1.082000000000000739,-0.032873652402815437
1.083000000000000851,-0.032433118785106137
1.084000000000000741,-0.031999239841614853
1.085000000000000853,-0.031571941740369508
1.086000000000000743,-0.031151151229046777
1.087000000000000854,-0.030736795631881107
1.088000000000000744,-0.030328802846585921
1.089000000000000856,-0.029927101341262585
1.090000000000000746,-0.029531620151333642
1.091000000000000858,-0.029142288876463612
1.092000000000000748,-0.028759037677480809
1.093000000000000860,-0.028381797273313358
1.094000000000000750,-0.028010498937927369
1.095000000000000862,-0.027645074497254524
1.096000000000000751,-0.027285456326144479
1.097000000000000863,-0.026931577345303943
1.098000000000000753,-0.026583371018253744
1.099000000000000865,-0.026240771348279419
1.100000000000000755,-0.025903712875386675
1.101000000000000867,-0.025572130673274275
1.102000000000000757,-0.025245960346302755
1.103000000000000869,-0.024925138026463171
1.104000000000000759,-0.024609600370356595
1.105000000000000870,-0.024299284556188110
1.106000000000000760,-0.023994128280750256
1.107000000000000872,-0.023694069756420591
1.108000000000000762,-0.023399047708169796
1.109000000000000874,-0.023109001370565561
1.110000000000000764,-0.022823870484788282
1.111000000000000876,-0.022543595295657234
1.112000000000000766,-0.022268116548647080
1.113000000000000878,-0.021997375486937441
1.114000000000000767,-0.021731313848449500
1.115000000000000879,-0.021469873862888990
1.116000000000000769,-0.021212998248806014
1.117000000000000881,-0.020960630210659196
1.118000000000000771,-0.020712713435886262
1.119000000000000883,-0.020469192091978922
1.120000000000000773,-0.020230010823572037
1.121000000000000885,-0.019995114749531799
1.122000000000000774,-0.019764449460058529
1.123000000000000886,-0.019537961013800561
1.124000000000000776,-0.019315595934964840
1.125000000000000888,-0.019097301210443372
1.126000000000000778,-0.018883024286947665
1.127000000000000890,-0.018672713068152436
1.128000000000000780,-0.018466315911839507
1.129000000000000892,-0.018263781627064182
1.130000000000000782,-0.018065059471314114
1.131000000000000894,-0.017870099147697181
1.132000000000000783,-0.017678850802112463
1.133000000000000895,-0.017491265020459799
1.134000000000000785,-0.017307292825822728
1.135000000000000897,-0.017126885675702794
1.136000000000000787,-0.016949995459224668
1.137000000000000899,-0.016776574494372139
1.138000000000000789,-0.016606575525227395
1.139000000000000901,-0.016439951719225448
1.140000000000000790,-0.016276656664406249
1.141000000000000902,-0.016116644366679055
1.142000000000000792,-0.015959869247112759
1.143000000000000904,-0.015806286139218726
1.144000000000000794,-0.015655850286244253
1.145000000000000906,-0.015508517338479397
1.146000000000000796,-0.015364243350583484
1.147000000000000908,-0.015222984778902141
1.148000000000000798,-0.015084698478811085
1.149000000000000909,-0.014949341702060462
1.150000000000000799,-0.014816872094132039
1.151000000000000689,-0.014687247691606259
1.152000000000000801,-0.014560426919547681
1.153000000000000913,-0.014436368588881971
1.154000000000000803,-0.014315031893799013
1.155000000000000693,-0.014196376409165021
1.156000000000000805,-0.014080362087939554
1.157000000000000917,-0.013966949258601685
1.158000000000000806,-0.013856098622599469
1.159000000000000696,-0.013747771251789664
1.160000000000000808,-0.013641928585907303
1.161000000000000920,-0.013538532430033775
1.162000000000000810,-0.013437544952085457
1.163000000000000700,-0.013338928680295259
1.164000000000000812,-0.013242646500734034
1.165000000000000924,-0.013148661654807206
1.166000000000000814,-0.013056937736795005
1.167000000000000703,-0.012967438691380079
1.168000000000000815,-0.012880128811203345
1.169000000000000927,-0.012794972734411039
1.170000000000000817,-0.012711935442239053
1.171000000000000707,-0.012630982256574714
1.172000000000000819,-0.012552078837564457
1.173000000000000931,-0.012475191181207806
1.174000000000000821,-0.012400285616970892
1.175000000000000711,-0.012327328805413498
1.176000000000000822,-0.012256287735821953
1.177000000000000934,-0.012187129723854356
1.178000000000000824,-0.012119822409198466
1.179000000000000714,-0.012054333753242257
1.180000000000000826,-0.011990632036753445
1.181000000000000938,-0.011928685857564087
1.182000000000000828,-0.011868464128279266
1.183000000000000718,-0.011809936073986293
1.184000000000000830,-0.011753071229975844
1.185000000000000941,-0.011697839439483132
1.186000000000000831,-0.011644210851429290
1.187000000000000721,-0.011592155918178360
1.188000000000000833,-0.011541645393309829
1.189000000000000945,-0.011492650329393769
1.190000000000000835,-0.011445142075783163
1.191000000000000725,-0.011399092276409556
1.192000000000000837,-0.011354472867611973
1.193000000000000949,-0.011311256075939437
1.194000000000000838,-0.011269414416003442
1.195000000000000728,-0.011228920688313365
1.196000000000000840,-0.011189747977139900
1.197000000000000952,-0.011151869648382041
1.198000000000000842,-0.011115259347440707
1.199000000000000732,-0.011079890997123277
1.200000000000000844,-0.011045738795524215
1.201000000000000956,-0.011012777213962918
1.202000000000000846,-0.010980980994881326
1.203000000000000735,-0.010950325149805259
1.204000000000000847,-0.010920784957265964
1.205000000000000959,-0.010892335960776683
1.206000000000000849,-0.010864953966786162
1.207000000000000739,-0.010838615042666599
1.208000000000000851,-0.010813295514698612
1.209000000000000963,-0.010788971966078604
1.210000000000000853,-0.010765621234925063
1.211000000000000743,-0.010743220412298698
1.212000000000000854,-0.010721746840247844
1.213000000000000966,-0.010701178109838481
1.214000000000000856,-0.010681492059224884
1.215000000000000746,-0.010662666771700807
1.216000000000000858,-0.010644680573795650
1.217000000000000970,-0.010627512033342038
1.218000000000000860,-0.010611139957588663
1.219000000000000750,-0.010595543391309406
1.220000000000000862,-0.010580701614916152
1.221000000000000973,-0.010566594142598621
1.222000000000000863,-0.010553200720462142
1.223000000000000753,-0.010540501324679591
1.224000000000000865,-0.010528476159662417
1.225000000000000977,-0.010517105656223357
1.226000000000000867,-0.010506370469771356
1.227000000000000757,-0.010496251478504503
1.228000000000000869,-0.010486729781606172
1.229000000000000981,-0.010477786697482200
1.230000000000000870,-0.010469403761968074
1.231000000000000760,-0.010461562726579393
1.232000000000000872,-0.010454245556753344
1.233000000000000984,-0.010447434430106156
1.234000000000000874,-0.010441111734714986
1.235000000000000764,-0.010435260067376620
1.236000000000000876,-0.010429862231917905
1.237000000000000988,-0.010424901237478768
1.238000000000000878,-0.010420360296838484
1.239000000000000767,-0.010416222824722862
1.240000000000000879,-0.010412472436144840
1.241000000000000991,-0.010409092944736895
1.242000000000000881,-0.010406068361111336
1.243000000000000771,-0.010403382891220087
1.244000000000000883,-0.010401020934715710
1.245000000000000995,-0.010398967083349203
1.246000000000000885,-0.010397206119352007
1.247000000000000774,-0.010395723013840955
1.248000000000000886,-0.010394502925227056
1.249000000000000998,-0.010393531197639670
1.250000000000000888,-0.010392793359362815
1.251000000000000778,-0.010392275121265759
1.252000000000000890,-0.010391962375266638
1.253000000000001002,-0.010391841192780332
1.254000000000000892,-0.010391897823202444
1.255000000000000782,-0.010392118692385774
1.256000000000000894,-0.010392490401123560
1.257000000000001005,-0.010392999723662416
1.258000000000000895,-0.010393633606204855
1.259000000000000785,-0.010394379165421880
1.260000000000000897,-0.010395223687001642
1.261000000000001009,-0.010396154624164794
1.262000000000000899,-0.010397159596230606
1.263000000000000789,-0.010398226387162595
1.264000000000000901,-0.010399342944146331
1.265000000000001013,-0.010400497376154755
1.266000000000000902,-0.010401677952539611
1.267000000000000792,-0.010402873101627894
1.268000000000000904,-0.010404071409321151
1.269000000000001016,-0.010405261617714545
1.270000000000000906,-0.010406432623713264
1.271000000000000796,-0.010407573477670776
1.272000000000000908,-0.010408673382024392
1.273000000000001020,-0.010409721689950127
1.274000000000000909,-0.010410707904014906
1.275000000000000799,-0.010411621674851440
1.276000000000000911,-0.010412452799836529
1.277000000000001023,-0.010413191221765756
1.278000000000000913,-0.010413827027563114
1.279000000000000803,-0.010414350446969662
1.280000000000000915,-0.010414751851274670
1.281000000000001027,-0.010415021752015271
1.282000000000000917,-0.010415150799723447
1.283000000000000806,-0.010415129782655963
1.284000000000000918,-0.010414949625546907
1.285000000000001030,-0.010414601388356995
1.286000000000000920,-0.010414076265049522
1.287000000000000810,-0.010413365582347289
1.288000000000000922,-0.010412460798530965
1.289000000000001034,-0.010411353502216595
1.290000000000000924,-0.010410035411158296
1.291000000000000814,-0.010408498371062017
1.292000000000000925,-0.010406734354384528
1.293000000000001037,-0.010404735459175220
1.294000000000000927,-0.010402493907893291
1.295000000000000817,-0.010400002046261656
1.296000000000000929,-0.010397252342096281
1.297000000000001041,-0.010394237384178859
1.298000000000000931,-0.010390949881117722
1.299000000000000821,-0.010387382660215421
1.300000000000000933,-0.010383528666351258
1.301000000000001044,-0.010379380960873616
1.302000000000000934,-0.010374932720488745
1.303000000000000824,-0.010370177236172465
1.304000000000000936,-0.010365107912075197
1.305000000000001048,-0.010359718264450580
1.306000000000000938,-0.010354001920579359
1.307000000000000828,-0.010347952617697376
1.308000000000000940,-0.010341564201948133
1.309000000000001052,-0.010334830627334193
1.310000000000000941,-0.010327745954670665
1.311000000000000831,-0.010320304350549411
1.312000000000000943,-0.010312500086314283
1.313000000000001055,-0.010304327537052332
1.314000000000000945,-0.010295781180568711
1.315000000000000835,-0.010286855596387751
1.316000000000000947,-0.010277545464752860
1.317000000000001059,-0.010267845565648599
1.318000000000000949,-0.010257750777803309
1.319000000000000838,-0.010247256077726054
1.320000000000000950,-0.010236356538733565
1.321000000000001062,-0.010225047329988076
1.322000000000000952,-0.010213323715550051
1.323000000000000842,-0.010201181053429112
1.324000000000000954,-0.010188614794645825
1.325000000000001066,-0.010175620482293386
1.326000000000000956,-0.010162193750625576
1.327000000000000846,-0.010148330324126657
1.328000000000000957,-0.010134026016605277
1.329000000000001069,-0.010119276730287827
1.330000000000000959,-0.010104078454929749
1.331000000000000849,-0.010088427266910990
1.332000000000000961,-0.010072319328361515
1.333000000000001073,-0.010055750886281290
1.334000000000000963,-0.010038718271673094
1.335000000000000853,-0.010021217898671084
1.336000000000000965,-0.010003246263692298
1.337000000000001076,-0.009984799944580852
1.338000000000000966,-0.009965875599762253
1.339000000000000856,-0.009946469967417659
1.340000000000000968,-0.009926579864631404
1.341000000000001080,-0.009906202186586988
1.342000000000000970,-0.009885333905737138
1.343000000000000860,-0.009863972070994539
1.344000000000000972,-0.009842113806924379
1.345000000000001084,-0.009819756312955268
1.346000000000000973,-0.009796896862568492
1.347000000000000863,-0.009773532802524696
1.348000000000000975,-0.009749661552074934
1.349000000000001087,-0.009725280602194375
1.350000000000000977,-0.009700387514802986
1.351000000000000867,-0.009674979922015750
1.352000000000000979,-0.009649055525371033
1.353000000000001091,-0.009622612095090965
1.354000000000000981,-0.009595647469338090
1.355000000000000870,-0.009568159553463346
1.356000000000000982,-0.009540146319288279
1.357000000000001094,-0.009511605804370840
1.358000000000000984,-0.009482536111279662
1.359000000000000874,-0.009452935406890873
1.360000000000000986,-0.009422801921665152
1.361000000000001098,-0.009392133948955722
1.362000000000000988,-0.009360929844293611
1.363000000000000878,-0.009329188024711726
1.364000000000000989,-0.009296906968054696
1.365000000000001101,-0.009264085212281257
1.366000000000000991,-0.009230721354809828
1.367000000000000881,-0.009196814051832574
1.368000000000000993,-0.009162362017658710
1.369000000000001105,-0.009127364024048349
1.370000000000000995,-0.009091818899559798
1.371000000000000885,-0.009055725528905564
1.372000000000000997,-0.009019082852300691
1.373000000000001108,-0.008981889864835405
1.374000000000000998,-0.008944145615818255
1.375000000000000888,-0.008905849208181521
1.376000000000001000,-0.008866999797828212
1.377000000000001112,-0.008827596593035239
1.378000000000001002,-0.008787638853825519
1.379000000000000892,-0.008747125891372831
1.380000000000001004,-0.008706057067385179
1.381000000000001116,-0.008664431793527046
1.382000000000001005,-0.008622249530804741
1.383000000000000895,-0.008579509788991999
1.384000000000001007,-0.008536212126047233
1.385000000000001119,-0.008492356147531271
1.386000000000001009,-0.008447941506035988
1.387000000000000899,-0.008402967900609942
1.388000000000001011,-0.008357435076215660
1.389000000000001123,-0.008311342823139509
1.390000000000001013,-0.008264690976465632
1.391000000000000902,-0.008217479415508697
1.392000000000001014,-0.008169708063281492
1.393000000000001126,-0.008121376885946233
1.394000000000001016,-0.008072485892283912
1.395000000000000906,-0.008023035133162599
1.396000000000001018,-0.007973024701006831
1.397000000000001130,-0.007922454729283667
1.398000000000001020,-0.007871325391981900
1.399000000000000909,-0.007819636903094245
1.400000000000001021,-0.007767389516116841
1.401000000000001133,-0.007714583523539945
1.402000000000001023,-0.007661219256352150
1.403000000000000913,-0.007607297083540776
1.404000000000001025,-0.007552817411599214
1.405000000000001137,-0.007497780684052076
1.406000000000001027,-0.007442187380954401
1.407000000000000917,-0.007386038018434035
1.408000000000001029,-0.007329333148194114
1.409000000000001140,-0.007272073357065573
1.410000000000001030,-0.007214259266525790
1.411000000000000920,-0.007155891532242642
1.412000000000001032,-0.007096970843615252
1.413000000000001144,-0.007037497923322289
1.414000000000001034,-0.006977473526873087
1.415000000000000924,-0.006916898442151242
1.416000000000001036,-0.006855773488991068
1.417000000000001148,-0.006794099518725486
1.418000000000001037,-0.006731877413754850
1.419000000000000927,-0.006669108087122830
1.420000000000001039,-0.006605792482078779
1.421000000000001151,-0.006541931571671131
1.422000000000001041,-0.006477526358312906
1.423000000000000931,-0.006412577873376510
1.424000000000001043,-0.006347087176777887
1.425000000000001155,-0.006281055356573218
1.426000000000001044,-0.006214483528548725
1.427000000000000934,-0.006147372835833314
1.428000000000001046,-0.006079724448485043
1.429000000000001158,-0.006011539563109037
1.430000000000001048,-0.005942819402463708
1.431000000000000938,-0.005873565215081930
1.432000000000001050,-0.005803778274881351
1.433000000000001162,-0.005733459880786307
1.434000000000001052,-0.005662611356356063
1.435000000000000941,-0.005591234049411314
1.436000000000001053,-0.005519329331667676
1.437000000000001165,-0.005446898598360797
1.438000000000001055,-0.005373943267904847
1.439000000000000945,-0.005300464781514727
1.440000000000001057,-0.005226464602860928
1.441000000000001169,-0.005151944217709771
1.442000000000001059,-0.005076905133588260
1.443000000000000949,-0.005001348879429824
1.444000000000001060,-0.004925277005231070
1.445000000000001172,-0.004848691081719115
1.446000000000001062,-0.004771592700013254
1.447000000000000952,-0.004693983471289397
1.448000000000001064,-0.004615865026455870
1.449000000000001176,-0.004537239015831442
1.450000000000001066,-0.004458107108804176
1.451000000000000956,-0.004378470993532778
1.452000000000001068,-0.004298332376619125
1.453000000000001180,-0.004217692982795182
1.454000000000001069,-0.004136554554612772
1.455000000000000959,-0.004054918852136071
1.456000000000001071,-0.003972787652633404
1.457000000000001183,-0.003890162750285774
1.458000000000001073,-0.003807045955875253
1.459000000000000963,-0.003723439096493018
1.460000000000001075,-0.003639344015248415
1.461000000000001187,-0.003554762570976415
1.462000000000001076,-0.003469696637953869
1.463000000000000966,-0.003384148105606999
1.464000000000001078,-0.003298118878231026
1.465000000000001190,-0.003211610874726882
1.466000000000001080,-0.003124626028291094
1.467000000000000970,-0.003037166286178021
1.468000000000001082,-0.002949233609407713
1.469000000000001194,-0.002860829972499693
1.470000000000001084,-0.002771957363212694
1.471000000000000973,-0.002682617782275152
1.472000000000001085,-0.002592813243132760
1.473000000000001197,-0.002502545771683290
1.474000000000001087,-0.002411817406024046
1.475000000000000977,-0.002320630196195384
1.476000000000001089,-0.002228986203938290
1.477000000000001201,-0.002136887502441050
1.478000000000001091,-0.002044336176090387
1.479000000000000981,-0.001951334320239704
1.480000000000001092,-0.001857884040953709
1.481000000000001204,-0.001763987454785583
1.482000000000001094,-0.001669646688530359
1.483000000000000984,-0.001574863878999077
1.484000000000001096,-0.001479641172784573
1.485000000000001208,-0.001383980726029124
1.486000000000001098,-0.001287884704208173
1.487000000000000988,-0.001191355281898507
1.488000000000001100,-0.001094394642559188
1.489000000000001211,-0.000997004978311697
1.490000000000001101,-0.000899188489729457
1.491000000000000991,-0.000800947385610174
1.492000000000001103,-0.000702283882777668
1.493000000000001215,-0.000603200205862992
1.494000000000001105,-0.000503698587097743
1.495000000000000995,-0.000403781266108636
1.496000000000001107,-0.000303450489717966
1.497000000000001219,-0.000202708511734830
1.498000000000001108,-0.000101557592765263
1.499000000000000998,0.000000000000000000
